-0.18082913838704076
0.016320121432870077
-0.2408409573268523
-0.1886226501718542
-0.3230620828454165
-0.3309847017965915
0.9216200323099119
-0.08952764244089614
0.051197357705947626
0.21158359955609257
0.013167753164949338
-0.4081433144947062
-0.7290833124771082
-0.47415902929920534
0.3239649994073301
0.2627453718010833
0.7832909679276581
0.3748825358872049
0.6313505965579088
0.8294294809165614
0.5438815752273337
0.5861650274670209
0.9960939426648874
1.3790846646159771
1.1816429784424929
1.272306460629852
0.48021849296095737
1.024063355092383
0.8384718669637656
1.0046725941233068
1.0929425753042592
0.5699417376124037
0.986447333608979
1.3078739826540409
1.4167418087205732
1.1475223233795406
0.7884328247533804
0.4427271359571999
0.7260998395298028
0.4565965956531119
0.6391993168884967
0.1647090754267943
0.7892901450552484
-0.12725774585377853
0.1519321118092664
0.6269982157812938
0.8255237014131016
0.5579164754336144
1.569824356944773
0.46068157609235433
-0.0082047855989117
0.18715502468753453
0.6406164406744768
0.42365079599286404
0.2999275470574274
0.6660311370459189
0.25015215669961827
0.8725119710606902
-0.05832629662860816
-0.13309012174186882
0.5800350566151344
0.9756433533046845
1.0324655780640204
1.0633700344223944
0.35346165277227487
1.1582169188062907
0.7100088235433281
1.2609498085936512
0.862842671528753
0.9403682403004385
0.9905386397844647
1.1369906484214205
0.7935372015016253
0.48183479477024793
0.02238288471895423
0.880012185253
0.4679573950796712
0.4454664116165678
0.28161823101634115
0.5359652749657839
0.3232986715711407
0.5920008836899658
-0.41168214993173086
0.12462407671232772
0.07896543527645547
0.5666100060799492
0.7758052998493139
1.168994554770989
1.1002411455599252
1.2035174338395793
0.8204530406718991
1.2649877432120835
0.8853476440886652
0.4031053098111831
0.6943650175853865
0.6831181464065739
0.48345591636540625
-0.1938106332518392
-0.4005085075552036
-0.12234874510216427
0.28302547110200965
-0.33977525053021107
0.16503914658972021
-0.10145245980949184
-0.05910120015098634
-0.05794486478821871
-0.33751883721999126
0.13644536658552697
-0.17508020858059742
0.16062097497157074
0.5725934569220642
0.5458245398717573
0.9129557923885807
0.410318761993063
1.19402828099939
0.9671147284122487
0.4941798985609996
0.21459637383267027
0.5288995125984449
0.20086700881852987
0.6721832125500875
1.2422680069764476
0.29970088471895634
0.4707985689863728
0.6204354850416516
1.0172474695653144
0.8236553263780221
1.3855991903147251
1.188872693277992
0.7782823129914397
0.7443049558133968
0.851869374980286
1.0527066514271108
1.4580307658849463
1.1283530562411146
1.558398976838765
0.8186387617737941
0.9892141397655293
0.8170131450775829
0.47791750944328004
1.0305163967250015
0.6361297004918571
0.29280119244037944
0.8418495014393934
1.3998203116493118
1.356763597596212
1.4106913440732058
0.7385181254297344
0.858036715790013
1.3078352703904692
1.4719004607098138
1.5188137249135614
1.1426286766924054
1.3019195220302413
1.4803559901880021
0.1540380317099089
-0.5098568655000507
0.36105384396735696
-0.561956682887907
0.1402042323674657
-0.10269680200177259
-0.39741840311877863
0.2219185856200631
0.2936173031795727
0.0722741517625608
-0.48406569835856483
0.10815008870205942
-0.027476914111010838
0.07800683256022703
0.32365358047459486
-0.23660087340299849
-0.31293614653793295
-0.03851894959845607
-0.3649941616962885
-0.09147180164322007
0.5685067663540987
0.33883301522005593
0.5754308685667016
0.10906541211994462
-0.377662982302709
0.29505896436051593
-0.24703579425874297
-0.2601747285114295
0.22780894786082972
0.426744359465654
0.21065837514047947
0.008187945519683841
0.04027737737344827
0.3055728600255155
0.1522435233330249
-0.4629097567246014
-0.15701930342247514
0.7071392712798208
0.924073754221625
0.35553514547816134
0.4214838169525843
1.0320591936603047
0.6695146846169628
0.8357716443365127
0.7452315120461267
0.7257750994023261
0.9270300148621068
1.5078096671022572
0.5301080409074045
0.5169663021363915
0.658479510940488
0.907814049260562
1.0099933692143435
0.8814291932200438
0.8004741914398894
0.7537511037918825
1.2858116404444326
1.0752126190137272
0.9625935687800444
1.6850012421817109
1.293257544587657
1.2735206397465249
1.1744219687645736
0.7705090467161141
0.8709028119761748
1.3315351904959036
1.1765436714197084
0.6850092213442863
1.2623079033499869
0.8073946201767824
0.9066750759987905
0.8997096238508029
0.7163750793682387
-0.30113571441999926
0.6958476415325063
0.7698961954540927
0.22265475386311767
0.3637552803558328
0.4654105258775914
0.4373947135201719
0.5222893337705403
0.0012554636581098302
0.029226238515353622
0.25971396658749546
0.2608403433129072
1.1241226207586794
0.8974062737090225
0.8742295134157222
1.4323725651427512
1.3106980427126669
0.6497976161043187
1.2056199015470535
0.8584318300340498
0.9521473672639625
0.721134183047733
0.6445339045560274
0.5916104308362874
0.3674971686679585
0.2233943440834991
0.45426020687806534
-0.34387840483970716
-0.39961389736503644
-0.24826880102788698
-0.06428347119703154
-0.15042978718346486
0.3542854773014745
0.4212514727710353
0.42071038002136196
-0.033243220030981256
0.743282049094294
0.16725007583042883
0.16678681973917972
0.5087662927875707
-0.34380471353816394
-0.2177213177478813
0.046487663781676444
0.9252039159515142
0.1952664068999981
0.553110698687585
0.5420207835602737
-0.061362961892850405
1.4366676043146889
1.2520919833561779
0.24221759020293282
0.1979994285167048
0.04486293937126084
0.4763961081859388
0.3136898055338246
0.7280935117040792
0.5783976924862152
-0.14876577963501247
-0.47101053062396003
0.2789011528370577
-0.25470746286211615
-0.194374863085261
0.9034434086142553
0.8472031956957365
0.5091831019435233
0.6003932699953854
0.3922656112193153
1.0055715788788133
0.9022472265282888
1.0850921598190362
0.9930431678515137
0.5742213435144448
-0.4209195153340786
-0.45763990058774356
0.18089599018269223
0.2942002592444548
-0.1471093004823131
0.15719374246300358
0.20959246729694486
0.3640855885266994
0.1764033504319798
0.027828071305586007
0.7662699183812699
0.47575354016152976
-0.058931515762750304
0.9189100050979414
0.6662933742671947
1.0345840721574096
1.1377614597629466
1.1001717755660683
0.9740209932903168
0.9711335740744118
1.0936227707165715
1.006820232100174
1.0241339259063778
0.7668479388364884
1.172081157022655
1.0989821840254557
0.9431118987214441
0.6106191031345496
1.2901354253492008
1.2706603608166864
1.4754974000744279
0.9156799181538542
0.37139263401912437
0.9736771643525496
0.6982617315813039
0.5889160662513935
0.9498176584205772
0.8197838717681959
0.5299194647441416
1.3126816538096138
1.1064487042233275
1.470112987869745
0.6384244749276339
0.7511695709600695
0.6227799839599568
1.2898396349819974
0.6524095085012117
0.7708007937452366
1.1563906462432492
0.17452445085494553
0.35700527269387633
-0.30928684812855184
-0.13675411418198175
0.20249026673944023
-0.0029655442648280402
-0.3670867866623702
-0.49171340251501644
-0.5272803620332939
0.29789487899619593
-0.4406728430964157
-0.0693392528722217
-0.2707655632024768
-0.41149467642074355
0.3565512430668858
-0.08741518697985601
-0.34215407887490024
-0.1608112011845288
-0.43133011100963164
0.055183079794359505
-0.27859195835977385
-0.1643869326781672
-0.6273689440987991
-0.6600615534797191
-0.19524244670261642
0.9821674239878045
1.0309217601519212
0.49135076133927463
0.8228183275015162
0.9712827080741826
0.6719076530060881
1.0630940301673573
1.3366082669934267
0.8596585456374496
0.802216359833807
1.1596861554720441
1.1845943831469992
0.900061956788973
0.7236570870720475
0.9149910723431711
1.3751599100502065
1.5097440824805386
1.3537484527803103
1.5199446415262547
0.878972981660921
0.8823223570049179
0.687169267644806
1.0274564133872366
0.842898832745974
1.1711475367644875
0.9879737992643558
0.9455970573192872
1.0450518746651936
1.1540230190438392
1.087912827818472
1.4754706364398746
0.5393560912106692
0.6261646714946856
0.4705438909941284
0.755471647264256
1.1222656742150108
0.44977035687944505
-0.2500211573947734
0.19352926106640045
0.19640889686187538
-0.2866870001805414
-0.3005232023477451
-0.14926561747383726
-0.44989312343601334
-0.5386802356344083
-0.3148326391596117
-0.08407494501511768
-0.4192574608640728
0.47652218983023803
0.03958503521331792
0.46955516296577043
0.23055245276957745
-0.01273350991789378
0.21329025968440438
0.6666904229318554
0.2992820885538247
0.8033266015522537
0.2599536490075048
0.8432462978388147
1.3451676038881566
1.3185166236385875
0.6600344547999514
1.0611944050418414
0.280740515510878
0.5091480596563469
0.5839723741366262
1.1152123889303083
1.1725389813946634
1.1499011494596876
0.8247287517750015
0.4366351038311014
0.2857459506780525
0.33039555291563316
-0.0439539232825381
0.1997593173653909
0.355106354218578
-0.13905543693768913
0.044947868502840604
-0.267572031651274
-0.08139470381532161
-0.19131333433006356
0.6300198674418155
0.6956252374474265
1.3624050116208413
1.5156940741053264
1.4011616827240125
0.8054028333063723
1.3768408599189044
1.6368866150568193
1.5878181997966185
0.8266617860278196
1.2074454168867708
0.7872931181083697
1.1015676753965928
1.2411257421724935
0.5253947232600942
0.20353109322150958
0.6108006453332349
0.34713337828259627
-0.3419867674285781
-0.20301379373639813
-0.49919616154940916
-0.042750508542237206
-0.3116423653759998
-0.3269840354149111
-0.04913205447844631
-0.2135261027117278
1.0143121172856981
0.7454987035285754
0.21950362572854595
0.5422005342041284
0.6539928430115511
0.21386894136659776
0.5728723030975226
0.21788654168228233
0.7321266621483871
0.7521076985838789
0.7804887203914499
1.3923666306923526
0.9540182554012245
0.12689040442050523
-0.02397464916038991
0.643644787068131
-0.21927859161141486
0.8083647437389435
1.154116760535835
0.7090804190102569
0.9810051252824071
0.9304678856748426
0.6380163364249355
0.830526834933434
0.2926868714395868
0.3809857321203604
0.2977647504992531
0.6302031686698706
0.20593702175277032
0.07913442997044551
0.5486815153324893
-0.037773059528774654
-0.3675837098909921
-0.009021780848153475
0.8589117851533427
1.6104714401889608
1.0815425266565348
1.390439016530148
0.6644218298119761
1.0550770713069046
1.5655006881529396
0.5980180626520586
0.8733691061183886
1.1018351152040515
0.7608635522860233
0.10081446484290606
0.7254934236193727
-0.13991140415565131
-0.4629533913879827
0.8332986197397797
1.4225345457315097
0.4991120415629135
0.4585671090490322
0.5509099009096307
0.20645726341824094
0.06766105524911827
0.006721120859297643
-0.162822154117484
0.3495985809403347
-0.009022828375805715
-0.3858914802093379
-0.6144138243522724
-0.11067325015980778
-0.3738151320621697
0.18989789223157913
0.5206540160046218
-0.22798286444299212
0.323660754841542
0.07178246084274302
-0.37622356177744704
-0.49774972245009164
-0.5714835783207449
-0.21757334014041374
0.8040349520339034
-0.009721989830195666
0.4223146622363498
0.8059231181883535
1.080429110477279
0.9755135141080035
0.31557458401059163
0.6821902385021795
0.123496145396371
0.5361197741213918
0.520816573236654
0.29222387548665124
0.5124489954224126
0.4150186228443013
0.0016376353318179673
0.5100441201453082
0.7693100256335116
0.8460735669416536
0.6252364424978447
1.0219546665912658
0.7781863078584461
1.1253269446129324
1.1921968235645122
0.8300220245076877
0.7972684322808773
1.5683906666360468
1.292960600308962
0.8819376060389361
1.1858461729423462
1.513121878276653
1.1918067929185312
0.9151764475576208
1.5388301015353794
1.5378399395125302
0.9710281556140578
1.4515752518740221
1.0456569735079755
0.4055927888037958
0.3180337466323374
0.21278584813441662
0.4616237111568839
0.6236710852925048
0.2997495097224406
0.38531983835160183
0.36105789768095314
0.8672562184535539
0.4945334958717087
-0.22480620963696765
0.3005255292271224
0.027248781287478166
-0.11792651870731782
-0.40010808508827467
-0.15045009227383646
-0.04534433598605882
0.4838725429088994
0.06821648144783748
0.4067691281341599
0.20189387555572874
0.566442041266589
0.379655143975105
0.031899810335483995
0.3281975480902432
0.7313554895676688
0.3703915690321043
1.0776630279097468
1.1005132913139182
0.7831682102541639
0.6770737217650641
1.379298791211821
1.430021217128222
1.2784856522011385
1.4546249683921488
1.2230075875636053
1.6452156256757196
1.1909426491137365
1.1732945933751768
1.4597315918498404
1.134600329577217
1.2948502194821914
1.1198378957439263
0.8269952442849888
0.9995541412046272
0.7861841350264187
0.8758697138001199
0.7733478440735062
1.1828238498010128
1.0156859413148454
0.5932181939633204
1.1935690106329375
0.4801044192984823
0.457242032949921
0.6265597677644816
0.9709457241305672
0.030229299218129037
-0.28830054903027624
0.38599531184096664
0.7016414914053343
0.07094871529326126
-0.16006920719324944
0.24722435376668972
-0.1526446236775403
-0.16245092654556217
0.34147906639386866
-0.21898020309724248
0.10108025300338955
0.2010322640322674
0.13443614967194584
0.1527589886217263
-0.4509842400427924
0.30799786481512437
0.16211846459748525
-0.154468339207511
-0.300599005857862
-0.5134096409148656
-0.366550540162641
-0.37356541979004726
-0.4694593087635818
0.08616525306250322
-0.12840517417653816
0.4573309818239404
0.9921646397649976
0.9656164763193799
1.1831087931621755
1.3881560658149057
1.3722435109740545
1.2771603498337623
1.448643043375593
1.3918954291100365
1.0337733971711058
1.4159187749072761
1.4386453556466012
1.280129899519705
1.573111330861839
0.9358849214560307
0.7353627541306169
1.8039450796205672
1.270103388872097
1.2116599536971435
1.3050827735988624
1.100520162555544
1.6664987740187154
0.5886109956931781
1.3503376928185609
0.666432744993943
0.48668939299468916
1.1226641376166213
0.45878582689417047
0.7761850506489408
1.0567813918672784
0.6742186627536954
0.7541569448035985
-0.0769557312783547
0.8329345116466111
0.5666034088037443
0.5320280288151681
0.6184290845966514
-0.3431715197389138
-0.21377539561082276
0.0745151857626916
0.10673500956622581
-0.18606926377549324
-0.31239356069431157
-0.4835586092095805
-0.03828579467166369
0.2803682334252484
-0.21158635286387428
0.9937153126171809
1.5130110435720503
1.0091407763684592
1.3248782957857523
0.9206514315300062
1.23851885832995
1.385012429380408
0.5730643634654214
1.1698338327673328
0.842446328338831
0.9333723390360431
1.1850181956778003
1.148384925402576
-0.1885282432916753
-0.38895943108763265
0.2817623828088218
0.3889389193520805
-0.42256553178790773
0.16323962500456912
0.034083583114747
0.15584954557087097
-0.05223488933766823
0.02642825642764027
0.19888323241879666
0.0798714111323313
0.3980235553730469
0.3321838607784077
0.5254060608199311
0.5139578553319644
-0.45561037490743883
0.44283063373309234
0.9211680718152597
-0.06096704231914265
0.21985074870275453
-0.2586461907984558
0.18408279029395294
-0.3525651439875975
0.0022882864576022717
0.03387793391095596
-0.13097632674463988
0.33988789890445914
-0.11962284127763634
0.26792719661157044
-0.3293083613801037
0.10450683117312216
0.09821832611984656
0.18687556843771472
-0.5235217621011008
0.0221244392225552
1.281544255169585
1.247273647526952
1.2120538277285478
1.3172257160653593
0.670703190839041
0.9496749434513585
1.19655108160381
1.185619744439003
1.4359818162346416
0.8235268422077386
1.0874295663856894
0.4413505177630333
0.31311128719219106
0.7184449740160751
0.49040705943649593
0.032828984551739195
0.24359048795631358
0.37464891545668155
0.22716942203772164
-0.06717160749983865
0.36730062588887213
0.4131855710389849
0.13811234732717956
0.8036656837037501
1.0493796623824108
1.1462957977880974
1.2379151933099188
0.793136554941348
1.4353459641663486
0.958646607214431
0.7657881856234658
0.6777516988215475
0.37808530451317435
1.294008469693134
1.3890136177331225
1.456222466594916
0.822629439142366
1.218890365306949
0.8923277963910091
0.8159188929667642
1.1710660938966317
1.1216592844315314
1.18368671574157
1.2778321059924582
1.1423618198077528
1.0645692700329206
0.48374336710733334
1.534961476762296
0.5998374757724256
1.247542698563197
0.7304517032063217
0.8033501633402464
1.1283489676201106
0.5240215108482088
0.1742054510147718
0.5678070537274745
0.7538839900453226
0.36646673737437896
0.6233750415737144
0.24803079767942082
-0.40194523529855425
-0.4072267290038382
-0.348309268296249
-0.5389966502494563
0.2366704572040344
-0.7229321424138654
-0.10549803367813812
-0.5546306580437887
-0.7075062895302447
-0.03893908468755924
-0.4150139702892731
0.7060523036209534
0.8691104517654997
-0.013767744620775738
0.3125000222305715
0.5879866144387095
0.47395930643788414
0.48183046038499
0.9620744657279524
0.6900085456046171
0.5101940286960412
0.6558570527188516
0.26093665541391536
-0.4914684570153324
0.062112642241269826
0.8857738842167141
0.7481355395243973
1.1257742836513485
1.6409187926020128
1.1861679572334147
0.747404808760498
0.7306228999233637
0.7038594124574798
0.36830838835129454
0.9237143394345277
1.5598600169633567
1.1985461238389743
1.5416414213044538
1.2374207919806661
1.2018756141405647
1.3414551979448812
1.5046880669884444
0.8785174553265805
1.226046479878282
1.116212526322698
0.7627227174078566
1.051487206751303
1.1002472800012522
1.0781803829033771
0.6780695993833658
-0.07562292598967238
0.43246367230919525
0.06974721077072628
0.4196478237997909
-0.37949988698890197
-0.23862973716753016
-0.14229074302731043
0.05592507864821373
0.06697098518850553
-0.041299434733998025
0.326799720796955
-0.25056277665967036
-0.2802459841645731
-0.23125815151290877
0.28201449385721145
0.14639294853097848
-0.33474490263851997
0.23700922999930427
-0.1281646570349102
0.4207454855940736
0.06853968773878254
0.6525995358173763
1.4071617196396151
0.9205732344935482
1.3237857432891313
0.8147879993145519
0.8840682894788885
0.9273322337520907
0.789016906445907
0.4728568525964274
0.9248783007285599
1.2606859259050456
0.6255176408967109
1.23833917497461
0.6009158930912862
0.07540384269381546
1.1504673994911148
0.30697818557659956
0.44374229757777706
0.1959004380097412
0.03379853302597415
0.17877494357546136
-0.10677330798452363
0.48178874391816107
0.6575830109283095
0.3971530414918835
0.30476540214029224
0.1546717350224563
-0.14145507163155435
-0.0023570305501156227
0.38174252076678983
0.6974027601021553
1.234023976492007
0.5815577812809116
-0.18987842906687355
0.4530489966933091
0.005568366336975415
-0.3910236057056561
-0.17298791136838124
-0.40814078704612494
0.5789498640251793
-0.026539899213920123
0.37833221426040226
0.24775355075612915
-0.230320567356542
0.15537744628416572
0.2541634197140434
0.2628282186021141
0.14465916457782063
0.05538756913948626
-0.22086736183258152
0.42945629737059965
0.6228202109409368
0.9068361527442699
1.1998967513276555
0.7586165583026134
0.7610521903944609
1.228493202691417
0.3631155054205375
0.9494966318207987
0.9169499741241018
1.5255850291606292
0.8175384781496433
1.3536105574814556
0.4717616598747517
1.1053250908554457
1.1311878831040327
0.732865973437624
1.355985259279905
0.6112666944710572
0.970558001706917
0.6971802469798707
0.6642070033734723
0.40472460155680856
0.6925115422022498
0.6177170618254474
1.1492643268560014
0.8178438485806486
0.8340957875236851
0.8628530315490034
0.5186184389769224
1.0492949383812877
1.2246187854888186
0.8377026913978923
0.8335525157059092
0.8813842301597751
0.8309519320923784
1.3107562886731776
0.9878389196383284
0.7880262684760088
1.3159161504370762
0.8708992426024328
0.9181708915456552
1.3294188405975516
1.074591170953004
1.2364885190173425
0.813511960951033
-0.18208240325911773
-0.1257833753535417
0.13296556703344592
-0.4263850009546906
0.28491995595634806
-0.16413344400133364
0.21749588750568857
0.10365744788435484
-0.10410565845841983
-0.42654808872112954
-0.5580563411215683
-0.7407512982645914
-0.3358024168687956
-0.4487720959423301
0.41214993839588876
-0.1626351503686131
0.13613565379837267
0.7074822819128639
0.0866744097649041
0.530558877188753
0.5762253787646465
0.41287869245223296
0.23042798744038057
0.42112925338956775
1.3717740866655879
0.5704233925547111
0.46150558026125077
0.8550391233149532
0.45899492492199556
0.393780675258501
1.0682229461897925
1.5505453896427557
0.5747806448053108
0.7539881736855887
0.7403347865320887
1.2977669505283724
0.8978794115823786
0.431133955242083
0.994761058709945
0.8578632357777142
0.573203094338404
1.288144470197426
1.345487266809229
0.9215258001248181
1.0208008807366715
0.6621765800326458
1.3056436370644617
1.2301561435334623
0.7008090418536626
1.1971829224082315
0.7508565091269035
1.2813974698528152
1.117075114653287
1.1485656198803007
0.8961514674629703
0.9562465608359115
1.1522651968798507
1.3750092758654526
1.0650514979763028
1.0009004598389575
0.626412045322328
0.36435322704451506
0.5422845224330721
-0.3435226383987474
0.10953752348254565
-0.17969887469133528
-0.15286243359370094
0.027801741248689112
-0.7069945010268157
-0.6540004186297923
-0.3359468817930006
0.23311375418536798
0.15925461190578313
0.2721739812878136
0.10514155619862911
0.3651198204495691
-0.47486426961154116
-0.11922336456791977
0.4525414516327238
-0.050286424702305856
0.012775887726738898
0.5095960386248943
0.39832473532305124
0.5274787608921772
-0.10439115060624002
0.2947415572055884
0.10758868778037566
-0.26026364066758284
0.1647909475424378
-0.569271249393221
-0.04224787487880102
-0.4693760388085012
-0.563189016133742
-0.3726700394752945
-0.3055076369966898
0.14193113605162916
-0.7345068024372273
0.3711917141941786
0.6020687821188491
0.2344051118287081
0.7529045671572286
1.069082408027833
0.7326047453426057
0.8641660821760078
1.2308070907792699
1.5180494730185163
1.2952686452980178
1.72442698746552
1.5223662794823785
1.1134471197239841
1.0735179136608417
1.6411444733540566
1.3045300620661866
1.4338754638720894
1.4008258294095752
1.5068072173369202
0.837473161118752
1.6819703373026993
1.2865441596475207
1.4649935179782592
1.4027755739642291
0.8189768815458871
1.031886007011027
1.4039003919017106
1.262877854822349
1.1232034547151069
1.1247422737525903
0.6141412473595589
1.0659574936402523
1.1648495545047368
0.8386491560947985
0.9591075893252156
0.9831084620406597
0.3587772485840356
-0.3932052905407941
0.14439232713127156
0.13779101277740138
0.23076162488944527
-0.550895669244175
-0.09446933681481355
-0.4254266972290727
-0.1936219603393385
-0.2234944719870534
-0.4728647980435924
0.45353546853475724
0.47328926858651377
-0.07410886552308407
0.30383653208434314
0.36422427328131207
0.9736042569971097
0.8428652770292209
1.0247390690654692
0.9104544260396765
1.1414626027887018
0.9802248002010967
0.8691265404394264
1.1078412234801684
1.0914256372226514
0.8532516714659131
1.3061826225473494
1.0422200851027383
0.8242808823539839
-0.25348122167731224
0.49736438942226835
0.1812510086645622
-0.059869500786448794
-0.1404721008182452
0.01551700581957064
-0.3799034163919242
-0.5255563233742427
-0.20469001547243112
0.25732287286109634
0.9343190941644808
0.9824119195437458
0.33870556201245
-0.13975168036029675
0.3518038950303144
1.145407507342468
0.4802538871524445
0.21282849693643424
-0.8040118844868629
0.06209233264971597
-0.07212285321263402
-0.12906882021651994
0.5030072481933221
0.034425516063519145
0.9631504180719024
-0.05900578706139746
0.14560258104905283
-0.22778106764661282
0.3496348719217337
0.08938558835535286
0.7638732738625011
1.1104976361274421
1.0329094035732547
0.7376314832411768
0.9908837328433582
0.3170003363684167
0.9727534487029257
1.1977515487382788
0.5613053822566832
0.7511602361023118
0.40524423762326567
0.6399501141496305
-0.399941233507802
-0.1580306392493105
0.22779892452949035
-0.24536004880961976
0.30910265910674695
0.1226932095846378
-0.20623060669139703
0.35906114616747364
0.5650028731830697
0.6953632077012337
-0.1649008966767658
0.7383240908835812
0.9843038636619893
1.3132671313240387
0.7055230636351436
0.6761239749173208
0.8488239455623999
0.3107299162838945
0.6662014335410961
0.8061104376052483
0.7770366060135662
0.8141398792936664
1.134317910481658
0.30852302410020077
0.21062174013623441
0.5534071680333007
-0.0320624253080656
0.5962217182308087
0.8439847848812174
0.33397267365975414
0.4209039357757458
0.16611897417389587
-0.15627004994097426
-0.18491775655746778
-0.35265002126413686
-0.27919327227635443
-0.17310436087390363
0.7211831226836047
1.473287350576669
0.640480491009024
1.4142817751749381
0.9134852251072754
1.0235910116015916
1.0959103240397587
1.7372234705415563
1.7622160206191222
1.4425932932881307
1.730952268853899
1.4971254677737027
1.216522749661455
0.5540726091412771
0.10338381172756274
0.22736757884577077
0.4866524456725284
0.4487454231108936
-0.2780563841543684
0.5981602502402429
0.1520147035289776
0.29188510090679737
0.6052308490243732
0.07855616857067912
0.27027145131402547
0.3287427223828703
0.2077885910723544
0.39483273241209677
0.20795571012197434
-0.10549693155853512
0.03334876817260469
0.4878898520009045
0.18666946721574013
0.18340137459802033
0.6122512630596407
0.7802007372136112
0.19865788058516448
-0.0986548525830294
0.16537690513383238
0.2719574520401992
0.36753363757752705
0.16975473183954246
0.26451027944020944
-0.33618794225534393
-0.4089506105579858
-0.11837230594378943
0.49614730719834194
-0.082611316324461
-0.3086246291115227
-0.05469299893490295
-0.33080181218079785
0.1863737372608362
0.14479899294152265
-0.3240434537687876
-0.71875821086872
0.24723163066141413
0.11480607619252535
0.8088889092545243
0.6809927939767882
1.0254454001638702
0.5032345121954187
0.8298254046988489
0.6730198603584417
0.9062552760892268
1.2732715457006833
0.9062350608899432
0.7193744767073205
1.099985560110474
1.5269660866959314
1.2623258888228965
0.8600962718528292
0.8434607592116595
1.6138629913735543
0.6511224503120142
1.0616476236780492
0.8485476797804116
1.1330869388762963
0.9749721072187147
0.5585650508680744
1.2502756800327024
0.6963998218060707
0.21888835359653264
0.7147819328450644
-0.38296748739336994
-0.226048501302197
0.2224180347398915
-0.4151319703143801
0.38516762746641875
0.3226783019302308
-0.12320773149916435
-0.2035534144706671
0.08987015868490027
-0.32819540051702095
0.055929497396048855
-0.19937502977565524
-0.42448765544930184
-0.08694919797225056
1.000072257790705
0.2103841628905515
0.565402278491577
0.9431433933755087
0.28984316919115866
0.12698378708170788
0.1818098363575443
0.1060034474583274
0.38937938675060363
0.6370186971268469
0.5741532990568651
0.5754199084841386
0.7887942747339277
0.07479398623346403
1.2442213321988005
0.8482012770330228
1.0061475978094363
0.011192312110968591
0.8980238179914598
1.2856734604390274
0.5553147353141741
0.5889407907847296
0.2887708971687808
0.8700955145020278
1.061638562684232
1.47457710323509
0.6525559362516075
1.530126103550531
0.5901369897872029
1.894590481084179
0.8031637349354203
1.6019358114274347
1.0487954013085299
1.2412897813679544
1.47022496445465
0.3585272335779348
0.07995708551134936
0.2048371982340323
0.05097930523261093
0.04109591397819548
0.378007014743859
-0.048647316342373105
-0.21815110998565415
0.43918004534578475
0.7685486578232843
0.40505234902601056
-0.1581603589386253
-0.1054955344325487
0.3721336362970438
0.23391223930188668
-0.12301005947711036
0.5678355078329199
-0.2050417736145523
0.10397791774814771
0.25968489596498684
-0.2043750558657061
0.01422147010761657
0.39517888342302027
0.27376083521786815
0.298606979486968
0.8710693710822209
0.33084844146626907
-0.13441871318997173
-0.3217901921975919
0.5084706465980418
0.037283615404406105
0.46667929703455774
0.057756614860817894
0.31062827760153044
0.09020970023070028
-0.2887933420124375
-0.192014934471243
0.2872411953943899
0.3396087059233621
-0.08442670476734783
-0.4257582605790102
-0.5323533500597477
0.17134436015404392
0.1966867357047189
0.6587924268580089
0.4786468618847609
0.7831718499079675
0.6047905584858636
0.4950665624728074
1.6674034704572689
1.6558470850417377
0.514681348939148
1.0136400630277609
1.0368535582405185
1.0720819108585506
1.607160418255764
1.5179338850494521
1.5142541430443341
1.6850391916448855
1.0074714080789124
1.2163124108261913
1.0517994115943559
0.8299413622284199
0.4812437625631904
0.6413196918894281
1.1418356035682313
0.896932226356244
1.3032069470296275
1.1449738117539932
0.6032763005492592
0.9272483605762387
0.4016475997203198
0.7446362863016316
0.3721668066113273
0.15420880954778454
0.7262862531956471
0.6829370594960213
0.3845979661248301
0.7793815945730216
0.4493014880009973
0.5559015646410053
1.2318141516060173
1.2812811546169718
1.257929963029698
0.5607607179881822
0.7915092492477804
1.000441108891101
1.1663570438373747
0.8849100321523068
0.948493839564629
1.3574777071236466
1.0981159382587895
1.0181535050915362
0.736979608168911
0.3485673149339496
0.6538181788935155
0.9397854663334907
1.1368327306650066
0.5357916801311039
1.1329125143871839
0.06039746744725801
0.7328736723652901
0.051037780730739814
0.6443824599252073
0.16631642449532164
0.28061455004008556
0.9728004172776127
1.0014714661251747
1.5535225042041956
1.2922906763518842
1.1871542705344096
0.9992948986648119
1.0427586399774118
0.8209485065880069
1.2499821309224415
1.263230342925807
1.0967502956871873
0.171489653073071
0.7649141324641292
0.4850635256046149
-0.45040136187267305
-0.4053169362373503
0.2603458789598016
0.25443296993442804
0.39732785256222203
-0.6420365383043913
0.27862926350672307
-0.49480857898020053
0.09695889935221443
0.075931144692275
0.3786147855330575
-0.21880195341360362
-0.45818987303884146
-0.002671085962892159
0.11624754705293457
0.3804660957472508
-0.3148660999802145
-0.4263319893773835
-0.5436956852241119
0.3424948161781793
-0.004723184471539045
-0.23992141913455817
-0.38187868650887025
-0.6374473933439584
-0.29623284352176316
0.5890735176882903
-0.33140509980405786
0.44873130376491005
0.8802527879426354
0.5594654692147156
1.2309387255398248
1.3776267734994985
0.9946722835993884
1.1476302679122867
0.5037588194113424
1.2616369937689464
1.144851340778978
1.0629118312140655
1.1801465770502946
0.37655903315923955
0.6081220159473834
0.3815562386416503
0.36127926018868
0.6789405697252404
1.2131951077443748
0.8940984088438885
0.8477797538052433
1.3133007079570755
1.3297755709405827
1.442990319410808
1.0001313665134561
0.5462221676704317
1.111218169877555
0.7507904032104689
1.4332316506214737
0.7890149174547227
0.9113064427816047
1.1884114782277855
1.1402304766792177
1.5003619158895836
1.06857365058833
0.2805620337263321
0.47587681787905944
-0.06995575585841694
0.3867581520475672
-0.14272263339575852
0.3808861137850948
-0.39707903253853105
-0.3442236585294401
-0.09137310011197322
-0.09935392197335885
0.9029884334612016
0.436839248656572
0.8877274141863124
0.7680753338956897
1.218441601819989
0.9903080562929447
0.5610494728774995
0.9115861742864693
1.1615304194420977
1.1711445922575658
0.8614250822990335
0.748520185310914
1.4377475183922805
1.0117824644028126
0.070333091086904
0.0025201293661038984
-0.29624831506817945
-0.4617845518739615
-0.4340520331257969
-0.07175038288940513
-0.3178350751665643
-0.1298974334279877
-0.16873929316689704
-0.4481797626912149
-0.2909501489399814
0.09250354092807178
0.04513981512779131
-0.5930705008114893
-0.03928305823565931
0.2084325664795342
-0.20341039139676306
-0.601098299337486
-0.5922534760372565
-0.48341788114751477
-0.16043597241518504
-0.34754974528247157
0.4230259257395138
0.07392382223710652
0.0705554582737481
0.07118528525627382
0.9000640567052478
1.475613998580684
0.42946586890552485
1.0372434529658627
1.271923259175449
1.4817331478862958
1.4637390919074262
0.7474155439666026
0.528913417839431
0.2714801118148575
1.3020350043164972
1.6739354877153745
1.2172474798857968
0.8956556149390631
0.9269491708458396
0.7873806857463828
0.6588192686844538
1.0078993190153136
0.8679328564497105
0.8519229434384187
0.7680418603863808
1.4156293652178573
1.1035149594561042
0.7505915656809442
0.6000121069318525
1.29145018801299
0.8037575695841621
0.539654440871171
0.5209985139055167
1.4814122240808267
1.0459037542073895
0.7516825299474704
1.1609868602395714
0.7391503498826895
0.3596544267023183
0.019870445142091055
-0.48737367126398723
0.48295820753999835
-0.05358326511592701
0.3107175061829156
-0.36132891790846544
-0.08297020452501036
-0.37304833133018384
-0.1487673312134178
-0.3810324971945431
0.14956946473605118
0.007201481144342845
-0.26064952930715407
-0.2349636656775589
0.22915129902685472
-0.10537497638962542
-0.02441633489068064
0.21783514769038279
-0.35226124279575716
0.19083658416509822
0.349980349166388
0.5377462019774644
0.3263995547969568
0.30412779624621633
0.860493999516935
0.9191436472037013
0.8516932969952086
0.7604112431642487
1.0777990047508736
0.5611419082573968
0.2893365366646182
0.4372806873958579
-0.07146204627809255
-0.15468093389934182
0.09403055968340078
0.46931084161769543
0.7977003623523206
1.2596386567064526
0.48588323363148783
0.9275280006979202
0.7688343384329782
0.9179788591443616
0.7960946864356567
0.7195346421166318
0.9577059608693023
1.4480439427107403
0.5266895171533998
0.8274351251220678
0.6972179510543571
0.7737266604019286
0.485410083212962
1.1373355238467249
1.135992422735292
0.8622201542157586
0.7051918937606019
0.7930856658019205
1.0838956118203888
0.8533795023913282
0.6338378934987142
-0.0033152310317948173
-0.16129959952802106
-0.0676816924354218
-0.07669457358389715
-0.2646692843132136
-0.11899775654681587
0.2871551195058309
0.39191804461518537
0.13809738555447892
0.2034714290951109
0.5239248328081536
-0.2878142334842242
-0.4079150326879477
-0.1304771109671111
-0.2813659905234853
-0.5418448930119792
-0.40390690970403337
-0.5262088393476005
0.3398805902909442
0.12642644872677858
-0.5094258960218269
0.03279256157765361
0.4528772284677419
0.8925421247097838
0.4098551685627879
0.609226158830583
0.018592859739487655
-0.5519460212855157
0.07779428435861159
-0.14887158221257013
-0.08087804916119405
0.0723906062091667
0.5704976419288805
0.5260681409435338
0.3095348658860541
1.2820406900642907
1.3690405404114718
0.9168612053438333
1.5401119585256327
1.465523086023394
1.5765307090948395
0.7322592633437873
0.8727140409423773
0.9109180906246773
0.9776677790218811
0.8113971868182831
0.0943126448174352
0.10809990613092453
-0.11280572656883663
-0.2582580519819741
-0.14495012632940066
-0.3343572131924735
0.2896031370665519
-0.37965762467663944
-0.020561513575532386
0.21233752508965595
-0.1282005772222648
-0.40762591123016173
-0.275396837830732
1.2882436064378127
1.1970935258000945
1.1201226637528532
0.7831226363036308
1.344650947517691
0.4751501402273623
0.4915376245547333
0.19425027020794675
0.5670314172782202
0.3708711690518395
0.6766947443287027
0.12535195367732024
0.7690826314176488
-0.09710589594033336
0.8605312256256574
0.9429440996656346
0.8496549960298106
1.1726350897964097
0.9527005889209479
1.2040578800068573
0.9883534706064456
0.7563641307335743
1.0628109281338307
-0.16937185789584303
0.8419368664197947
1.1168311277145362
0.8324189560630032
1.3296388060021889
0.9397256042509671
0.8348561798044227
1.4907412091308045
1.6458884772059856
1.43207060274547
1.4326089245922704
0.8722779115198978
1.1042820541089384
0.943161267927396
0.4216926396030051
0.5929974849668873
0.0891503965183802
0.31562547820017983
0.0029883220389744997
0.4018084672312311
0.5047381734274472
-0.13010140285647245
0.1218807304367398
-0.1975565048667614
1.56480812830651
1.37023943295703
1.5941325151332455
0.8095588309089734
1.0688861258275109
1.1887782761980368
0.583146800348687
0.6418218173242723
0.7580337728469982
1.4927864888657219
0.6991308810605641
1.432165679667682
1.2846557150889915
1.3396115544076392
1.6469752603226104
1.2431804899046213
1.6356550682813857
1.6499837500593935
0.5685938019722071
1.4175604273511737
0.832206562988844
1.3576792784722092
1.3594035526298849
1.634535334222757
1.1857529753832132
1.3397305269212882
0.6573597054696375
1.0758344928667842
1.0235779476422664
1.1718171683305005
0.7347627538373952
0.7705143036240002
0.9782011850883162
0.9112731307510873
0.658435348406647
1.2389266985701908
0.9030671289216806
1.4600268480053287
1.1951153205243128
1.0338422615212468
0.7613054517479874
1.1529447099950734
0.5548948543401269
1.2128741836294479
0.8268455016000522
0.7093452619044693
0.6858075114585728
0.7150196824572838
0.8023344853054655
1.2149880011029637
1.328771945367869
0.8809649570062377
0.6787171554034722
0.8385750535848742
1.0693065795666277
1.054393845461242
1.1617926801781744
0.9053031577052765
0.6981061181930643
1.2233853603299232
0.7431379087140363
1.3999580346538556
0.6945062352454948
1.5631759486464658
1.71605873403235
0.36718571904952757
1.8735976616166974
0.42225354780654795
1.096900783161572
0.44649347601715117
1.714210727183355
0.8686506415055497
1.7864922779706305
0.3646304115676713
0.4166072195464417
1.6392143071242298
1.2014775684084076
0.9805524453204855
1.9193592129633843
0.6110006856336031
0.46455353672702426
1.486975350741798
1.6012523905987672
0.8073248127849464
0.5470259680314882
0.9858684355162695
1.7889691916961965
1.6068350177282338
1.8227573147267249
0.6490822029515444
0.6193962221169828
-0.19176897279112814
0.19441225304562787
1.1512957679462934
0.032043085547546715
0.19550544535969464
1.193193557964658
0.4149220334439474
0.9079054259956398
0.15947031572780146
1.4181092296086797
1.3576915900967839
-0.6662220273560872
0.21729466197365513
0.4271466897218968
-0.5942542250744377
0.03489910364499064
0.6518847796528157
1.6140873891169762
0.3175472157136812
0.21859162712346464
0.3462551072384138
1.2029169613034394
0.7792732823771125
1.009044021989764
1.2449290390403638
-0.6696297253131805
-0.32270787252612615
-0.45944702670296694
0.8931368843389804
0.3354680270891922
1.4474069786531933
1.2285220298491801
0.23612824113277608
1.0270559553703342
-0.10410841853768539
-0.5051269924911981
0.20596327924644608
0.4718320835647532
-0.34592035109587976
0.27281211279593703
0.017461924825447474
1.618045726876199
0.673070050287587
-0.01920143190954374
1.5682268530293144
1.4649319877579379
1.242644274644295
-0.36090394273291415
0.3065202182539409
0.6077722622052399
-0.5885107582300194
-0.16728296652124683
-0.11698996070563947
0.5535075195651464
-0.5260233419322204
1.0976099966769224
0.38704452821892166
0.9404035988481009
-0.3085066562120894
-0.055584929172379303
-0.2758511477732508
-0.7667376949436718
-0.43008685226148596
1.0163728191962837
0.265466569629407
-0.6461881224984992
0.8991806124880108
-0.15876443725323122
0.9044335866729056
-0.3513535024062409
0.11335175020770454
1.0671420288217792
-0.2865601173167115
-0.36090693371900845
1.0396652176183816
-0.5364134365065629
-0.6745985927415264
-0.061163705056765515
1.003806051818221
1.1935145481306235
0.8248001953715045
0.5991823613710827
1.1374600389949665
-0.08103735395183677
-0.47168116893430934
0.8465688948089362
1.3227229627106432
1.0997452882347063
0.4798199254223198
1.6876982997472183
-0.05111658571565697
0.724284549142809
1.538617336438372
0.27978176025052887
1.3841687670314404
1.107370244318706
1.0335445017609082
0.4556904859436037
1.5268690289034414
0.7108761942333558
1.5150592483626977
0.03606774694947933
1.4929259775234611
0.7885157402740857
-0.09691345186791178
0.10352047090547412
0.4662718187704108
1.5188919770649234
0.19316990490459318
1.479446998159387
0.6951680360933752
0.9900885596245461
0.8787301335991514
1.0536207033729206
1.3818343418139891
-0.19935805265205034
-0.0240679802333766
-0.6433586377793241
1.6863316649973017
0.7165956008039571
0.8594053612525695
1.1284659551231961
1.1096747405352712
-0.2621813397210232
0.18087726273414736
1.3092994667038043
1.0069372218237413
0.8466449090860004
0.12927836264166406
0.8248934126609506
0.26578143290085293
-0.36880450572194917
0.2308887803004321
0.6951888920308995
0.005580486128205928
0.825923282733364
1.089154048320718
1.6251306666852512
0.9169389466703587
0.5161834366784086
-0.2604573397944702
0.7039641882618909
0.04998012142746091
0.07932488501702804
-0.2123939968317736
-0.5431105160998292
-0.07191037479270404
-0.5245410802121402
0.30987556540055267
1.122327527274096
-0.3489359709196039
-0.5410155827085094
-0.248673422300362
0.34361529833172344
0.7012973734081951
0.2620859597599421
0.9073520589634042
-0.12155709676058458
0.11834487339915083
0.06859831093705462
0.6725841861271036
0.31007247858737763
0.42463943637987406
-0.4165808699170704
-0.11078885145233835
-0.4853809769026434
-0.2734350834576034
0.4907502931181899
0.08970408904794269
1.2199207279746285
0.5704833980908898
0.04193490223823494
0.7296356361846869
-0.3733553663935404
0.7484205590316667
0.3564000982257102
0.4647614036781478
1.0452542444822435
0.6278558193748459
0.43225621783019763
1.0561710969614029
1.755275219411506
1.4268218711837888
0.3051870219436901
1.2150648356812759
0.8710902635404969
0.5779316243222499
0.369365190980986
0.3193076390974747
0.7641814321114132
1.4935963635912568
0.43692853331616127
0.8300828468715357
0.8968972909391137
0.9433615382906753
1.1100756436873187
1.5197631369526268
0.5671500114332472
1.9178363864742287
0.6724129604580451
0.9388291745893509
1.3248365675542793
-0.12239031066905147
0.6963260690653781
0.05733449446660096
0.8338832367075704
0.49610255425347
0.01575300803268186
1.5655556885567257
0.08898391172581692
1.1637692416956125
0.7439422715170511
0.6413518743895864
1.4193022487273028
0.011560107881651724
-0.28330356968429676
0.0713447298121126
0.43578489921959024
0.29695150611173
0.5993044022216459
-0.17708551084169866
0.6467666046116761
-0.16161971737748956
-0.23100477535623895
1.279650892663502
0.7127088792947938
1.030732251543279
0.3386883270198602
0.7885132565053615
0.12152462440549738
-0.19794687271950115
0.332172203450122
0.48430898109398673
-0.003048194180569834
0.08646794501403211
0.1698752513884524
0.7298846125480276
0.8790830076477995
0.05226459568446196
0.5111655017409964
1.0295492843880385
0.702751668567794
0.4357098732407858
0.26313360920738177
0.8753622771910555
0.40985667055614045
1.4987543834375694
0.9785722240944019
0.16380755825239798
0.04011043360106524
0.5135682465041653
0.5826599040770314
1.2969287966791376
0.9901097737351328
0.4068291787999069
0.9713658499096507
0.8972905438945503
-0.4811539946071438
-0.23803237172959985
0.02678101839487864
0.18420332048480026
-0.2849062385458485
-0.4408848701720951
1.17433111873113
0.6844952680198493
1.074891977427495
0.4663367626666544
0.4800157056685477
0.03671160114895635
0.13856861173904522
0.08414006049652352
0.9315800942551533
1.1469838467861173
-0.2424933717385187
-0.10805742907644761
1.2410793682732744
0.3982982758917043
0.28206932199136814
-0.14425629996091863
1.1151090671003823
0.16386342262528578
-0.20364205252553116
0.6246056610951841
0.5299040577614469
0.19836828879429055
0.2897141583421131
0.9180496968437352
1.6547923321600804
0.48896412676930195
-0.09264040044246533
-0.40361770309711387
1.1363231323850502
0.7917972146056511
1.0067465133584235
-0.021196832093569762
-0.804787828019951
-0.7521453332767116
-0.6500834163874938
0.04482111749713664
1.126178986857666
0.8909272500342498
-0.1152079912190019
0.6016327800742639
0.8361835240782624
0.468162693528206
-0.09986820198370168
0.7140642343902797
0.32721633961119706
0.8726182529166343
-0.07637027182725341
1.1243251643249672
1.0373861691107646
-0.037564817994419096
0.5822761023939644
1.2058033715008984
0.9501567391259348
0.06619978801917117
0.09361368970130503
0.044891562890635194
0.7800700886499616
1.0222771130825425
0.7992142615330228
1.3148573900202547
0.8849068380149138
1.3702145013369686
0.5242587931751383
0.8431916637725605
0.6354054328604937
0.6489105837346392
0.37337346282765704
1.0296230223894334
1.424292577432021
0.41452778539786733
-0.21880000062591612
0.6685608768721735
1.3495525008242681
0.7237545441547498
1.054084820235847
0.2731490055385776
1.3467181636177628
0.12801647668398597
0.7908510737062235
0.2976264690669813
1.1834832910884598
0.9489670819130999
0.9800365749023143
1.5056907843863943
0.6418444217730906
1.3297030694098952
1.2412111473250436
0.904292126684551
0.4195222729842119
0.4057278018554609
0.2631783110197044
0.3621809916045295
0.8919042411797886
0.35855707750063015
0.613971452376976
0.6721663082109185
0.80635226725541
0.5699651318350328
0.33234197818301386
0.3278352475726022
1.267776000288239
0.5841948410120105
0.02321587858730006
0.516292505116771
0.5834997025058244
0.6175368085632831
-0.28354318558278646
0.33485291472577555
1.0217139944237217
0.24660651384258617
0.5367528526500656
0.70882427298275
0.4564400583458859
0.6176950041814919
-0.4818248504363652
0.4955973341896299
0.24118418648262377
0.08611407727186206
0.05870484325224994
-0.05639149223419493
0.9979459186872075
0.3344421504522776
0.5255714198864029
1.070309481654085
1.1978204489491175
-0.18079247004639934
1.199048829040693
1.3621467549150483
0.8255089680531231
1.1202970167799478
-0.24589585469959513
0.7470258466376062
0.7455425350468113
0.6423845952446501
0.644642761431205
0.587239695196296
0.9045553303324003
0.8484904590204105
-0.21714658125088054
0.9924870244061156
0.8683649942147775
0.012728259626845019
0.9930538946945412
1.3506700417942175
1.0986695523283594
1.2521450076124736
0.20662496927553445
0.28537460543813953
0.5270939316374601
0.31781851996942717
0.11576719856619823
0.06759447068560066
0.036216811732857936
0.3876536161880869
-0.36859757007440647
0.7911923702608131
0.19705524828442358
0.06009150400239887
-0.4762692022960553
0.41770635437525055
1.0790276985716212
0.31980612254995844
-0.23639313413860735
1.2210413565757716
0.8206682993110744
0.3867305892431115
-0.15399325896995564
0.41240800302995323
0.9894433272897468
-0.2397199683634909
-0.21516524579717702
0.2984940594565582
-0.3510113949053501
0.3995665511945984
-0.5832888290351024
-0.30931458884231006
0.6500126775176087
0.5347410904506824
-0.09958723306239164
0.15481209163267515
0.06395967575816279
0.770127342605743
1.0040027895810866
0.2795335309109241
1.2611251711902556
0.32574223588352147
1.047587747167397
0.1170807210386424
0.35919219378851885
0.6364418684322533
0.8763791009832848
1.3261115386903333
0.6151911340461744
0.6201099250914376
0.4138752647494564
0.5499761893251046
0.09619500405475882
1.2299968224026836
0.5597902636723084
1.5454772412006825
1.2907676924505407
0.05985932951391354
0.2727623342764588
0.4015270559170188
0.4607235138121887
0.004358454147146509
0.5963841663962903
-0.2090980467296242
0.42825306079283787
0.5091624782959832
0.4684711678509274
0.7571244882991672
-0.3614889764700802
0.05541392991558927
0.6139716436075577
1.1431939127157928
0.386814566530055
0.5303963679112998
-0.41992261082792576
-0.1153332498503314
1.0861140235941729
0.21113200605749896
-0.5410882800368726
1.1046002867009173
0.6505261512114235
-0.26305215632644297
0.08575280755571692
-0.5113926849015132
0.9495259289038824
0.9178582473133301
0.64663428170282
1.1640905932426169
1.0790749043414853
0.5334027640171282
-0.4961006091233501
-0.3756860964535954
0.09498080911255669
0.5528902226272909
0.4653460736005697
-0.29262606178794054
0.8903062661999305
0.4913266936201665
1.4129862415179575
1.4059502636663108
0.9838018207512101
0.10723081605610713
0.3710442027244215
0.8411573153058954
0.09859763011754663
0.58529624743541
0.17806671463243445
0.10855400423147472
0.38133855277767315
0.5729280260855649
0.1423466921040555
-0.16075809405033026
0.6099671922359367
-0.22371845139559074
0.07430604811707847
0.4146580058202344
0.2797753517463956
0.5404710641912108
0.10585144595053836
0.4507220743485217
0.6624491347728391
0.6358830158518346
0.1858736744886096
1.1163460597416501
1.1177294956465327
0.55350384314423
0.9084660588649756
0.33127703263625086
1.1772191913308712
0.3890667420424018
0.8156710876939501
0.19669961461892357
-0.5079371955892094
1.3215487341001402
0.3262361740649078
-0.2793289683538469
0.9491844162486913
0.4922191416893668
-0.7392765223230672
0.18889507943250888
0.7052612109200393
-0.5204477502322657
-0.03347684426322668
-0.653375854201928
1.1611836621099434
0.02892228393114625
0.622725160382837
1.2165773009244534
1.1688159677567664
0.859480451118247
-0.44381311646174093
-0.6994579892300985
-0.15060899877811784
0.27525894370202614
-0.6736136231553086
-0.66482504301619
0.22480503478295
-0.13019762481885805
0.9835921172744276
0.8468039413833933
1.5871111891684595
-0.6739665026378661
0.09628811544669355
0.2679487993331799
-0.5851898383783922
0.45056386908528406
0.3342699226872291
-0.03642736164922619
-0.4079644644204518
0.7006324780400279
0.3689241956355453
0.7022793116992017
-0.3160940975506084
0.29480993257751853
0.4065844073643719
0.007071691881276441
0.3320183169443496
0.6940411472710167
-0.47659801427110954
0.09884918176852663
0.10843598768145403
1.1958059580503178
0.647473016835644
1.112148290882898
0.34966651176435115
0.5383063293353175
0.39095711121528703
0.6718653774396618
1.3325403960852196
0.9476586666074996
1.3664361647080967
-0.03205230653434914
-0.28922741754546166
1.14230849859385
1.007145890133166
-0.05262829448406697
0.038093759270443575
0.811700272822976
-0.09587000081884577
1.3908435409089204
-0.566687880237848
-0.18027046198576355
0.36163212979064596
0.4539092308300117
1.25324762764916
1.2811096778642823
0.8750136008680675
0.6443720754227182
0.29375466388090776
0.5859424501956558
-0.4219051862217193
0.7551501736846862
0.3512779150938772
-0.11762143372587942
-0.4890076485922728
0.08086383539095664
0.05979080926306403
-0.595828932681595
0.5313616443204908
0.9059717552259816
0.23253118524637403
0.8562677836831315
1.1768980236117832
-0.17498629147988026
0.28511371877915337
0.6080766021582497
0.4059751264321094
1.0912282814388599
0.7125822829634929
1.2585510048538047
1.0416974866310835
0.9773216548139942
0.6839074442291152
1.0779843174693708
-0.27089515326376845
1.470845737100724
0.9915551722204656
0.032638175782274376
0.2159760132169297
1.156952713763633
0.44145457799695376
0.0277254350195314
0.8639472125489757
-0.06738506749959926
-0.4287387571221616
-0.6121482440720454
0.27831524156771115
0.9888818124619545
-0.2868802318285675
0.003558652098245906
-0.21221730911925346
0.20791009157460671
-0.2270026452131639
0.9840304911342826
0.5284465360456743
1.1836857175128919
0.3505286126934399
0.4216648944073526
1.3431348580128972
0.15929160107582108
0.860054636833855
-0.028589803917857655
1.1635902621488814
-0.08253307365384345
0.2952150116778571
0.056379209292096895
0.11713523536646818
0.8073443643466592
0.48231938933973073
0.6372975837142401
0.6425975653101839
0.4592693819000147
0.24628811489306907
0.7963059364428708
0.6378678925464476
0.9118840977188587
0.5253452439185977
0.4859004203462845
1.259260046066836
0.5696737662474335
0.7661026742484371
-0.25528155661956575
1.2472432489321474
-0.3317175443226783
-0.05950606001610707
0.10878139961414382
-0.5007811960575433
1.4081004929623915
0.431083464053687
1.693287309824863
0.3356947753349597
1.0118458062120252
0.37052805478187945
0.6987333152185983
-0.44419730936615764
0.9344315774051143
-0.16001331719628994
-0.46746474019168716
-0.30966119506500844
-0.33963678939860226
0.09726066351218544
-0.3796356304713768
1.5281406015243844
-0.3662435821276763
0.8070515908659139
0.5284850323810002
0.6921826781835956
1.5008508600991288
0.3413238097540796
-0.2867595001293556
-0.10736156835999011
1.5506295896846813
1.2612649934982687
0.11956521095179083
-0.42120696123125306
0.4863224095636468
1.099553726558821
0.2820689688143105
-0.48852992492440117
0.4673122650122983
0.35948764146534185
1.0497360550712176
-0.5395160677510626
0.2095817966278831
0.532498481008963
-0.3000797142598087
0.46408885677725376
0.2546000237579705
0.4868461295594011
0.34792401606950685
0.09937399583161129
0.349699083316027
0.10347853386415166
1.444176743067533
0.6258871659997423
1.3185236509655476
-0.30233417152752345
0.7970099768506421
0.9068908076248351
0.6984781703473458
1.03006982111861
0.8497738371253957
0.43534298811414673
0.09893671748545127
0.0925318428834889
-0.20457389757997332
0.8524782280024775
0.3672229478715125
-0.2854162426878825
1.0066562294990904
0.1870612425128455
0.7690747937561536
0.040211977810211935
-0.5490658370979903
1.2828386822117577
-0.5721486739716757
-0.5692862572724867
0.1965822494420785
0.21843377925505258
-0.2631406612423698
0.0251479825953821
0.43486321871644207
1.2233268698835666
0.6695629588508044
0.35616010101764023
1.3165814548521553
0.1504745056391613
0.21583638779513956
1.2081716527910038
0.7586143165006728
0.5126056492956782
1.0294911216793488
0.9147200293484591
0.1348617233008249
0.5336503841852712
-0.19921636525210418
0.2718658364130242
-0.21593030260893245
0.34231824746926265
0.6899989419902317
0.6917094623535662
0.7793574758314304
-0.05876927325415424
-0.507506761748744
0.7925634416308501
0.03706178544533358
-0.06318950240930173
0.08745478359816118
0.7758492962895421
0.22869971972746453
-0.16480224586131859
0.42886860319392134
0.8954133087042764
0.8934805692017527
0.32760924872379193
0.3366104886814132
0.052288228809886476
0.49132332047750493
0.544887976254917
0.4231746393430801
0.5238846626227719
-0.028187135174406068
0.14172874202026636
1.1231294721807732
1.0950105688037093
0.20201114177501878
1.2299229522157584
1.672453935973018
0.08601503580602597
1.2754301972160131
1.18348254580252
0.0547277860781533
0.23315628491476895
1.5995103141914677
0.5695742364272405
1.6688140092780843
1.1494466040309466
0.7449275580796241
1.318381288896739
1.13647898810358
-0.27107444866178887
0.02318694156298824
0.2850958572741694
0.41487335267331105
-0.05182488244460174
0.21930591133088545
1.4828834332479068
0.3213107613616992
0.8145926815479374
0.8947075840160325
0.1094463071121942
0.8680093844027322
0.1663382196236278
0.18675730330441528
0.588429976664143
0.08218263866461527
0.7880978543263818
-0.23693565802435282
-0.4765700065058405
0.6847617825886536
-0.21619566234812435
-0.7131717360987466
-0.32384139101629794
0.03679181056712544
1.216004671964802
-0.1597402528018342
-0.1734389142290487
0.49601044051093934
0.9392114119605043
0.48473172955765703
0.21122924639260288
0.023993090117952587
0.5730021355082836
0.035014010102610925
0.11071759918218875
-0.0490404794360622
0.68378081915335
-0.5538786766626737
1.3220051696912631
0.514463515936116
1.0329638502716068
0.29446827357013255
0.19502010080776408
-0.17939090370041658
-0.14548921471222045
0.5230102700966063
1.0631184906141355
-0.451001838202546
0.43338890781718564
0.027057247349961424
0.7721607574655557
1.0395258344651865
-0.26332136214447205
-0.08250535715717827
0.9224000474197039
-0.1355265591002478
-0.5548124786906231
1.0800947963515093
-0.4302953434688256
-0.4945229140742303
-0.1282655228624988
0.9234211006512486
0.7927585248546568
1.3274015483521453
1.1866454879388209
1.4285392047618264
0.4219909982869643
-0.11108196524090896
1.0581871387711677
1.271048751003338
0.5833926120022125
0.6141303783122904
0.45560872741305136
1.2904466527176883
1.6443597260089355
0.49008144573247003
0.45111300762004725
1.2288679983371773
0.5300360237710149
1.1683863432393637
1.3742892781290423
0.43544565886591424
1.6457400472771768
0.5878437164163981
1.479220720195204
0.35890177781166116
0.9342620133376316
1.484044219073599
1.2824020579734214
0.8777543176688839
0.8990047271400117
1.571040279355991
0.879279275541514
1.3953460885019588
1.0347398440786377
1.1661278379554152
1.4664345490795203
1.7761028671745587
1.4804601237407364
1.4122686762309078
1.1445928830869425
1.8337370549551535
0.23218022325840762
0.5524573171057373
0.8974809990854691
1.7167534156008635
0.9703011748464725
0.9995682351446021
1.64700829850807
0.6801917260475241
0.989228331917374
0.5061828610930861
0.39381657854865304
1.2033970146754662
0.6776675483810422
1.3665843188200302
1.0586239534685042
0.8099922822608722
0.9033143793790273
0.6095998138413505
0.7984115201265121
0.8123783804794253
1.1968003866463575
1.279678063395103
0.5694831108685763
1.4856906643819274
0.6519137800047775
0.6421928443900377
0.7581298626070537
1.0052229852421302
0.823189179176245
0.5844510822293313
1.9258205821413439
1.778481879124772
0.4962620086494862
0.20307875168056858
1.7469513840649562
0.5548283380158034
1.3823295436076246
1.4587074436911738
0.5139516161005437
1.8891234767156881
0.7508806014072154
1.4932392759745061
0.8100205268771075
1.5412773213520308
0.9191210527947893
0.4407648187345653
0.8801374160799343
1.4988445057019877
1.6356986564683158
0.5613112855981623
1.1187642627413172
0.29583245908667816
1.524901870988315
0.2933906884421826
0.6894556053585964
0.49752530483482127
0.504715775302271
0.5353660376270978
1.2995505906585505
0.9348673471351256
1.0726317746104872
-0.21216405160041865
0.09779433897367254
0.3515412431689917
-0.01835968625275166
-0.29525970007861724
0.5406443575660799
-0.4431310824629731
-0.2929906520665994
-0.4014346206180012
-0.19751289203219977
0.10257222203960907
-0.2140253314843937
-0.2410169095612748
-0.0037148320595562826
0.03531268977452153
0.15471257479713513
0.3467650189672358
-0.018432065581272
-0.2258165509926383
-0.14174570373846226
-0.28234086832307065
-0.44060503657688244
-0.00728660771014057
-0.22885226777061604
0.27646242190849823
0.10728387468659122
0.22937154108762545
0.44167740502656855
0.5465723064229242
0.3742534878992801
0.4879065724920356
0.4050885248203845
0.6226315515944454
0.22767760211346713
0.7223268203465404
0.6307566489169214
0.9623540964969006
0.3984624755561548
1.2694407429532168
1.234284395957554
1.273433224491388
1.267827126563272
1.0545789990641048
0.7359164046304247
1.0738720521580003
1.0387832818452878
1.0320540692074232
1.3029798929593472
1.173155641589375
1.1993370211625891
0.3643600542870448
1.3214080118525737
1.5791412732978594
0.8983035496399783
1.403957791504113
1.4550500155198196
0.6806138788065897
1.2785662519912535
1.3941576033797278
0.32868782212319236
0.16749221612554496
0.6168488234756894
1.0261162960403158
0.5963477556411625
0.8903905254609108
0.6146928976771243
1.413132458809744
0.792009044621763
0.9019836614646461
1.5059662615162073
1.565456867771767
1.024479889971609
1.258775518979211
1.5116179845620585
1.1733852047507387
0.8908778791300278
1.4389691445795567
0.5443280860661042
0.776155071852564
0.49528953689662614
0.38745102460188474
0.4576599622010582
0.6218128671017668
0.4415434353307576
0.15019006114642716
0.24123625802929438
0.4886587372100045
0.19498099216297052
0.2191371109880604
-0.1620653541666405
-0.33356587316293856
-0.18584280103165204
-0.013393919068821978
-0.3957215556985201
-0.48555009163242774
-0.548158454030368
-0.06783326531685784
-0.2449897812755576
0.17098207800598916
0.45109513959659486
0.19013632908058764
0.3831548054212681
0.42026423774950944
0.3713191497975036
0.35724350284315726
0.3361676137081059
0.08091202785254209
-0.0967961466900487
0.10804789905217557
0.2602478932110539
-0.044786080786199424
0.7272280285758068
0.4526732453795663
0.36852949692959336
0.5711318368576743
0.2771990068972878
-0.037361125558318865
0.5389885971655376
-0.03867253918887637
-0.054063704067818595
0.11328717476727142
0.13105292246151165
0.4908334726683326
0.28628046606130186
0.06657717349373411
0.7344343021792573
0.4583994208202363
0.7051306674638694
0.186749998335667
0.6543227140237396
0.33751917083714883
0.2878009739479434
0.20077673566910778
0.13147187720604547
0.7812324341468871
0.7961980788532039
0.07206582224534637
0.5235914638369076
0.30327608474419326
-0.21169252548731227
1.0872194539458766
0.6388853316971194
0.18148059685991869
0.7513235387003263
0.16171731249845409
0.48099983599702006
0.5662343971464724
0.2133507265771006
0.7161783730175532
0.5705222558095143
0.38690682635260915
0.06166199420692771
0.7716146767605593
0.7139894162433545
0.8946943625302627
0.8555798734949236
1.245863790597738
1.0087036382855266
0.7262454788663935
1.4608928627335773
0.9513274749826147
1.2851503536891375
1.2686045080786514
0.5074170670091309
1.3480149795647403
0.22209485355069994
0.42709288884912916
1.2733202058429511
0.554417453259494
0.029089047897381766
0.5982295639461509
0.5190598542882565
-0.230898849775594
-0.23747570561302153
0.5128352447141407
0.4049227010870559
0.15424908769778845
-0.10266138132482276
0.5789048427627763
0.6344646720734967
-0.08287323662926456
-0.17777240356116472
0.4620843858965591
-0.4634449809826147
0.13187506220104436
0.5479011510672193
-0.13394655791849178
0.41051812458831194
0.8948073682716003
0.12023424579549245
0.7175699843355314
0.7256574684653541
0.6723211531185626
0.6990994475543938
1.3752118145592627
-0.17715301139577638
0.4716329515578476
1.2814274875561933
0.018346703419296003
-0.05579276232527318
1.1292402693405927
0.7421580493842562
0.36359205483799956
0.8867705924010229
-0.3599237827772867
-0.19804964444307283
0.6559969991265294
-0.13759435251306668
0.100126394546276
0.8299180623575357
0.15779472448891538
-0.27838009924406926
-0.011651692705965886
-0.3808120844603869
0.16909084425408843
-0.5815297811504265
-0.2833575784248739
-0.2166144575423811
-0.2828328666224308
0.049400446349775126
-0.34453044492647406
0.12978183191973025
-0.47541322295234745
-0.6220865793695349
0.09275951601583371
-0.4619685686265809
-0.19026160360159644
1.1493634157234403
-0.5645552747304349
-0.7097231364356344
1.520073092098155
-0.7563542291489765
-0.24185452380555542
1.2794040432472518
-0.6217545470346159
-0.4563255962782026
1.3112617493574206
0.14260671622985174
-0.38995988910782514
0.7152831510098593
-0.4251777281592662
0.12175765101893095
0.5305065667688371
-0.24390257519891045
-0.251868496943494
0.266089174756687
-0.31948725180952997
-0.4037460545911278
0.32455423039975473
-0.07938533407489115
0.2274195850385443
0.5263348903271015
-0.3481928764893326
-0.13206975595037906
0.6835185586174912
-0.23407777891552065
-0.4239907623735614
0.2866904628053165
-0.3052943351244466
-0.14688307977476692
0.6946397778952121
0.14954602402310302
-0.19837215649054696
0.04991120326810764
-0.3514023404104928
0.020401322535048227
0.36701510069289905
-0.2549908404231924
-0.023323627775041447
-0.019668753423923935
-0.2685765737136152
-0.08293061048436523
-0.18423635717913814
-0.16259074367147028
0.41820323985710534
0.6668025904601765
0.20050421372198943
0.19353753732208973
1.2874073368416272
0.9203414002502422
1.0677634274093557
1.3503981575961486
0.8165322721817254
1.0528937829089464
0.8141217362838372
0.41828143584436017
0.505859759009585
1.1953665177415402
1.1631374682662576
0.7484420103987278
0.7933276731910933
0.8414236161921068
1.0604453821629083
1.0030501989103704
0.6765309621443639
0.31657087323657723
1.2599163006498695
0.8629963279801423
1.0602676745002817
-0.03138520828280707
0.07628251278299372
0.7273828144658583
0.3907623959834458
0.11648058016903502
0.797962792228242
0.5183428742352119
0.1396829355635531
0.1594388044230773
0.717945259624491
0.9182302872412768
0.5767444007205832
0.6222027386255596
0.6723063825339527
1.2919510440921955
0.4165754026122457
0.8841924104304432
0.9785998759076218
0.38847980351191214
1.1046408721288903
0.982462374956658
0.4598466163796509
0.8163757098377926
0.8562124951774864
1.324162592278774
0.39632426536985443
0.04865671975381985
1.3784132411144145
0.45643982847031
-0.0364982113491107
0.7801600165758109
0.8766733366105736
0.8466606643739721
1.1380759577072257
0.24365357126649673
0.4898805911650931
1.1783528372100132
0.9624222698966028
0.36578517428832774
0.6691968559728935
0.03557371779553811
1.009411987692922
1.1707152119933657
0.20733080038519935
0.43312389660303574
0.07314107488349754
0.14478471144261446
0.24134875799343672
0.28444510753810903
0.338943064256213
0.19819882055770474
0.6531885443830768
-0.1620087549448236
0.2597018654615864
0.3344997762317678
0.12584781095032552
0.3605892992464136
0.4030410304088491
-0.08289200636637716
-0.15725573288476866
0.36093297526003587
-0.42164167052340107
-0.008557913575328719
1.098527984874868
0.29618597370676636
-0.08198672362548215
1.1931887631605054
-0.3515117953789902
0.1729543274056184
1.060531783901196
-0.3364627189489653
-0.4194675899515825
0.8868061448080997
-0.31043296540750986
-0.30051004530350556
0.9826795773073885
-0.2579059499148931
-0.3378805500261517
1.0123471041145438
-0.24776477611413394
0.14082653783832574
0.794870957993878
0.2696985764422383
0.007265704969992954
0.6203576049606377
-0.24876484047071293
-0.307637311274099
0.10530195464141767
-0.5856466395159238
-0.6279313221620647
-0.41141549725543125
-0.3916330069981108
-0.3500028691491581
-0.24154485997746847
-0.32404515220270996
-0.28286910797061077
0.221571979071568
-0.12833997169475903
0.0465454889783568
0.545499024697186
-0.2774115265199827
0.02191644130895168
0.2219121050567802
0.23351358935932667
-0.06251201044022964
0.5269724044862161
0.7017127695330047
0.7057667517657085
0.48482485024301664
-0.15273943498328438
0.7376756260062362
1.6844193875255915
0.7134951937517109
0.17384774421122753
1.545291543720823
0.5223947192785497
0.2676431724205315
1.1577982242654183
-0.10424703838286162
0.16301007522528013
1.155089977508729
0.10264002576380568
0.4502668177251206
0.6094841635943596
0.29886786554226746
0.8176604933759819
0.6173301353191308
0.9067984214258912
0.995909039099539
0.4848875353497085
0.9627200483254296
0.6633758308147001
0.7319706716970497
0.7708429519823359
0.4055632442300766
0.6646371232462006
0.5463321038877342
0.4080073389770669
0.5998217056944575
0.8551533709993827
0.5717188560241068
0.4642351178132197
0.9126447710291234
0.6751848867212092
-0.0723669781287657
0.9341308240582944
0.29261756630106567
0.10408327084365261
0.40068900734149443
0.2631328239628915
0.12178045984226835
0.5847897557197164
-0.13164775865118244
-0.4226177460711937
0.18757353096890686
0.258008496113487
-0.3693584306640866
0.30948924027810776
0.5250577610655216
0.9814878676687114
0.3132154493954777
0.35353427216398975
1.237470160111541
0.30749869292187054
0.37920692027736747
0.5290658276033063
0.5533099257067011
0.26718774240024706
-0.03809147602663236
0.42160520006577695
0.487841050021009
0.5756969021136497
0.1459372380688199
1.133341617596281
-0.2515950720389498
0.5626013225711305
0.8564013836214954
0.248652967328304
0.7842896878605317
0.18198323425627083
0.7378553066235837
1.1340017636471953
0.9738917318081128
0.538178238783445
1.7165817954830633
1.371801274609576
0.7632539282831821
1.5109382415520483
1.165769499745373
0.6963529119722216
0.934597648985751
0.8518330235384438
0.48524323024695504
0.7017999276041224
1.1498108237031592
0.6692987161818389
0.5006859432965707
0.4553223094571672
0.43919731116247074
0.9312982668107948
0.4088141743106764
0.3815984565993784
0.17021983585341735
0.3563332915886472
0.4482726957569108
0.675395106007645
0.3217861548078248
0.5584257427786259
0.16338382052577033
0.18044868846636802
0.3304346310099933
0.22175357893084116
0.678935334130097
0.7517073168204133
0.518109414193631
-0.1487163046138462
1.0922107452437022
0.06540877955468549
0.048183072911732384
-0.166972967197468
-0.15506442886274288
0.013204652442026895
-0.15021290082381208
0.3264431074257423
-0.1686514986434422
-0.21102993496373834
-0.4548791606976592
0.41840450037852506
-0.032986180012107
0.4105212880683963
-0.17389933159665957
-0.10900640345714123
0.14454522300901382
-0.36258920866042055
1.0617153494939473
0.17868779768468893
-0.0414369758718004
0.4632158367193422
0.055271025536612006
0.12399086527986422
0.5582391431295073
-0.037624276016058195
-0.637501401361953
0.4059502586548669
-0.2351865185780241
0.05978542081117937
0.2344011665989172
0.23626089207257572
0.3336081065701869
0.41786756976850536
0.3150610246947069
0.3388229159103508
0.17066716493596787
0.11781870664369913
0.2006512463992556
-0.28981573358920676
-0.4130801049464759
-0.009146642858639342
0.02888204928835295
-0.3387454461513752
-0.5556064298483996
-0.17476046915894725
-0.13783949890276073
-0.41368665043059066
-0.22118463369318686
0.016399919449978033
0.2944857073147953
-0.08213593606888389
0.2734350222964284
0.26841685263315557
-0.04962762640341453
-0.021427588819790268
0.14833265113427194
0.2283844936275317
-0.04893748301417191
-0.15686576058702917
0.15164822180229257
0.2745123342229401
0.9527666192154304
0.7589569587918931
0.9176303672926499
0.49562837315935526
1.0446887167675125
1.2519360114397728
0.7088116349057891
1.399592109317164
0.8509631221428132
0.8677102800185187
0.49534400455549016
0.7766565823408528
0.4531194260725892
1.4039456015288074
1.2890900815535218
0.6980107930492633
0.3842543378626473
1.2861770593874844
1.0475222603010828
1.1167934990283241
0.8031646117886088
0.5417154878822896
1.0644473173884914
0.9649462479845379
0.8993292034695246
0.41761806768774706
0.43242954684493046
0.605364658481432
0.42001213541911026
0.6266565240766542
0.17392462504750755
0.45610480992429503
0.3933742411850909
0.6708214013770487
0.14525650205691987
0.5240038400368183
0.6636174936349352
0.28142623424157603
0.7092589314871309
1.0246818620146283
0.5375027793965018
0.9443261090528592
1.149893980474315
0.15612022717559307
0.13075909324750637
0.5513312971398244
0.40686291809704844
1.0044982362459478
1.1022110205291324
1.3398936408637998
0.6974072898655036
1.0285735066555024
0.8424356557001116
0.48111458358352027
0.8928206312148803
1.294021828287207
0.18387245854650286
0.679928876029409
1.1701164152088837
0.6782648456210761
1.010115825705665
1.1245187988240446
0.5959604598512179
0.3984235310797768
0.8479550683299655
0.8763866305489858
0.7010039547332039
0.100498193281854
0.26117511468926136
0.03688631264055833
-0.011455045795058124
0.6079662370365767
0.4002701394177917
-0.32729071102289464
0.12165661542436318
0.2816649059304805
-0.32618130839326237
-0.07319495114852785
-0.11223762177689188
-0.03860293307865318
-0.038320172170732185
-0.04255996124432163
0.8110592124242669
-0.3797609854707268
-0.6158559468758802
0.47518327987108677
0.021652548364546702
-0.28951292683398633
0.4617122555971832
0.4283285164763165
-0.05762902954965285
0.5167062367770309
0.2555922107185353
0.1572392051892785
1.0855480572402667
0.24010254348874902
0.1393172154934415
0.1268435184667445
-0.18541030283743443
-0.15612725933763621
0.7139633996514175
0.10393669199242647
0.5036138719387692
0.47524827018282095
-0.1755182757061485
-0.16266147082538848
0.5329781166282811
-0.09593407214111374
0.25710616442282774
-0.056295243403720927
0.12122947491892981
0.1435581618231224
-0.34962831284069645
-0.18494791438589675
-0.48237164681919953
0.3711216880289871
-0.3098380676304468
-0.11874337164428847
0.3354643982265577
-0.27636904842501664
-0.038188162160337
-0.5647926439474966
-0.10194079556550238
0.08788058692410919
0.16000406412317975
-0.0280449507512126
0.8259764600763332
0.9571837570973987
0.45675955188807116
0.3781579864655897
1.303159705533577
0.8456371073069188
0.8771226349338086
1.4120172362852732
0.26103927129649346
0.5312941062775207
1.306788302093304
1.0172360896112542
1.2635548745002405
0.9994478903970513
1.0748659921062862
0.768231859161158
0.5366209326666361
1.0431668576765758
1.2518108920993536
0.6672008965929793
1.536147528955639
0.8482917719091221
0.6036676641835084
1.1972337876566652
1.198192545503917
0.25280921024063224
0.5608270413430764
0.5704483207362675
0.829466954771202
1.1243177245252822
1.217517997651341
0.5187897233198243
0.7212855169140658
0.8246160767398072
0.3358530334568494
0.2810356450029553
0.7371192627559947
0.09843707136391916
0.9378326854894093
0.5885293274202862
0.08882724809299733
0.39217963442824677
0.8196110284708636
0.5951581874741507
0.8079371327975028
0.7602230473745681
0.6006040020975382
0.7395772075541278
0.6019216475346335
0.21290112355886562
0.7278551139101112
0.4689393242789829
0.7068171148252635
0.6006398079279206
0.20625769329366733
0.4067685271960265
0.34382071207540604
0.5116008046132487
0.3064056315037302
0.28255944386497883
0.5604663750603723
-0.24006799729249037
0.5121160252911222
0.19589736327244578
-0.21175864797885324
-0.033849925571317024
0.5858393195047072
-0.17464129372972328
0.10221900073778781
0.1367461577671212
-0.07232313193701773
0.6414428623864031
0.7385404097860707
0.5889188773198876
0.30995289757145783
0.1519121346763628
0.8062782981695594
-0.44109555228648223
0.3165933644563087
0.9676052058422508
-0.5996948471339436
0.09373353531323278
0.5077367659757439
-0.35326419928727043
-0.3917071755294847
0.5857418012200598
-0.5988936043699936
-0.48515681594649224
0.31431324237506814
-0.4825149517264449
-0.49452286450560534
0.36680500488372025
-0.3558209852460573
-0.2882499452211536
0.3763117628304301
-0.10575833231985163
-0.24772060045280786
1.006526984877302
-0.30375331205394657
0.3607704247358107
0.49151930987831544
-0.10919248721540419
0.2575510883706013
-0.4259421336245819
-0.31419557215449667
-0.6154933689132216
0.3570997866053512
-0.2649837492666572
0.29400681061534667
-0.5264883369803036
0.42094915695493845
-0.36008228053265867
-0.21518005625166656
0.35648468206012157
0.040761023465629466
0.6919614238731604
0.4347677088496777
0.12020994862123205
0.45048207167780085
0.3967181803544592
1.00164034342625
0.680912313445703
0.7935079861836227
0.7860295995977022
0.9857410500577628
0.6005537117996347
0.43511864454107774
1.1076379264742773
0.28076456647416204
0.24984780212368832
1.3870304642505769
0.578361242261019
0.5594190567648337
0.7532526687311611
0.33176653158414443
0.825588912162339
0.597609221956829
0.3968621545823364
0.5545636863990293
0.5547015051069479
0.8123914883905391
0.7303281559049719
0.75590070700018
0.8104238910639733
1.0816258031982526
0.3180693320308446
0.9456337788269542
1.3096025002987643
0.5804723977084231
0.7606222103892569
0.7548216656757545
0.5068815437513761
0.6805252392745662
0.7312185419464559
0.38581385608011903
0.8451585645841933
0.41371852071560583
0.8338287059997465
0.7862999316118363
0.5954827479757778
0.6332809124060008
0.4976140015821936
0.24136296360941242
1.3541419813061772
0.47440999006307694
0.6530503435366789
1.2645634855136987
0.46398206887136856
0.27241672027317515
0.9087010743570989
0.5895296926129762
0.4279618233472206
0.7733402551068963
0.43030642429236204
0.6815044730433069
0.3271908512304204
-0.3104671598805288
0.20901035709535642
-0.3569501963610419
0.13485400187453103
-0.09028690999858152
0.07762379210852698
0.25350508914167363
-0.24629781394457387
0.6212131486166248
0.15953966778918832
0.026328881377199416
-0.17559015690365282
0.26277535160824966
0.47256040153877205
0.4979762934539907
-0.05000054095105339
0.1811136394498088
0.9755020283520286
0.5972140016815196
0.6359144317671273
1.132429560633091
0.9239216413375918
1.055708492395593
0.6661472533351734
0.904368480344943
1.084011064310237
0.18743084841841023
0.4525405549064479
1.0244887240100895
0.10056625426041847
1.0597562977370998
1.1569238513139137
0.7507267603532488
0.649188205022559
0.46905475782010214
0.5681275534653022
0.5683603077643763
0.9865034279221828
0.6202601600386254
1.072744504518839
0.9500624316621931
0.9146171723786898
0.5170039963692106
0.8829006451783485
0.7780744650961288
1.01969169951307
1.2171679167441265
0.9637953083734253
0.7337671621184971
0.6593200406777312
0.902711920550822
0.3765669805897581
0.3248722746385992
0.8389511815566157
0.07934590333621942
0.5444051069442889
0.6044080339162171
0.27952026029586635
0.6161337679840269
0.7851191660721407
0.03101243883280444
0.031124666688379654
0.01438985332727059
-0.15145532468743617
-0.18199396808790183
0.23037081273162965
-0.025584722854889424
-0.2947927842900931
-0.02448885433427403
0.2181783234039383
-0.29985341952715117
-0.10986395763248256
-0.06800547521410659
0.5109767058697191
0.08023188747521355
-0.5329866952025721
0.1069686448214045
0.6472956289840341
-0.5494677027808387
0.495248395470052
0.849252377086784
0.985734467944968
0.46624392760741284
1.0078770893249023
0.8043372854714671
1.039522683586955
1.2546926328567116
1.601319822123476
0.43376651744158984
1.1180717797464625
0.7113247493842525
0.9406294238100413
1.0807402617330704
1.0975320939190922
0.8331710538683043
0.07272054972852109
0.7888584737848929
0.4880576285281381
0.7769105984761354
0.18883339107142813
0.5718802120891276
0.9619820081492723
0.782083687081876
0.7233797999349901
0.026429032925382987
-0.10021437587535101
0.42418979623676584
0.6518389433054328
0.2042288217426203
0.49983165853716954
0.36741723704106305
0.9496292824825049
0.36027655768656086
0.9176339725349025
0.6340620725372635
1.029452421358539
0.23396564687593976
0.5029472747983728
0.519071588321279
-0.015029043258296387
0.23633698896929464
0.022731749792455614
0.4265149940068762
0.16664393206247255
-0.28155496766897065
0.16842910111054613
0.06805592869676688
0.30487800911539964
0.06195839287869121
0.05234862275683672
0.1720747996412778
-0.1380843399488803
0.3616430841898211
-0.034217275672147676
0.2995262846316381
0.3948140505390814
0.5190003593679792
0.04424698133576101
0.5432976332547776
0.03583188744279092
0.11448032865123602
0.3586282064833737
0.11999562614484573
0.8004642874713443
-0.05800648874893615
0.3797491298142677
0.6996752381027361
0.058588570618098974
0.26332897931052135
0.7502108831171742
0.36677913507393906
0.13115120093944985
0.8209524729742013
0.0005787899415642944
0.4632985348138469
1.2447552977515508
0.8483692264859272
0.44744132101952594
0.2844874829246809
0.7818008062250082
0.8944923832567735
-0.1400525818822832
0.08438297077771688
0.600622781145093
0.31357858528427546
0.27571710640511315
-0.18667481110543382
0.03329466688177801
0.41454762229177206
0.6351929485859601
0.1208563318241876
0.6062749126378475
0.2500773726087049
0.39454175278130954
0.6634852323827495
0.4018118732471111
-0.3219718599438003
-0.2380445099426612
0.6673841660587567
-0.2112555232811181
0.17448636189581382
0.5928368394424616
-0.3297788046905014
0.026005718437819722
0.17403650100972862
0.13840296436981508
0.06280908683175282
0.8223870052274518
0.9587515837716714
0.9216214125883208
0.9129743638182678
0.09215608062781336
0.8092468003955183
0.9921583536017222
-0.14322852547585951
0.8227510036521167
0.4393868693529575
0.22474375538685928
1.0667463690680463
1.0458146506196102
0.3132352407717089
1.3703275518708196
0.520256139887638
0.24277479966143378
1.570721237236546
0.4691289208042853
0.9877690023641309
1.357595998545021
1.4372984063915857
0.767946833271857
1.3844081129631447
1.5185363118458464
1.041707005088214
1.212237866539832
1.3045649465161262
0.645170594244588
0.7670120212765018
1.4266656436741423
0.6484371682804294
0.9810666242613988
0.8808559552322585
1.2558161553783422
0.5440921929188847
0.7759947289281273
0.9045719042166522
0.6740228435101091
1.0736109505318954
0.20178423325265427
0.49487472802138327
0.1659287887590968
0.011879069197170343
0.3262165868712854
0.39986015262723
-0.41268141919826223
-0.17902519839871875
0.17308717741854854
-0.41157617168436755
-0.0016164151713669262
-0.12781799013931838
-0.1072944863312317
-0.07676099254254247
-0.2862071010660292
0.24402270814580823
0.2838404216627881
-0.08236007884425323
-0.49711913823652004
-0.0017827999366340484
0.43775784996346284
0.5184337174350911
0.5677063629993926
-0.2142220258609943
0.27390830683613426
0.004022416368336866
0.11142773819602882
0.4176361261661767
0.5327475616495145
-0.15418967791165994
0.901724967988082
0.4179202659903646
0.6881733154797645
0.2775806260861928
0.12342837497290746
0.4466010619101132
-0.07765915210522455
0.41677051478654
0.18641886531883164
0.19734963370314587
0.4044025215723902
0.05192510945188232
0.5977863515163203
-0.03330243542150461
-0.016373740270247145
0.5807927124402406
1.142738873067921
-0.2341912938591153
0.48094556261740756
0.8774964992437547
0.13572496810973483
0.3950361770459144
0.11565260252447498
0.6416589973594823
0.312179438504244
0.19540167430548736
0.13160762250645885
0.04911436358961837
0.43975146122343634
0.617590406652388
0.8313712742873713
1.2190900299427232
0.21455670212118017
0.3931372209331601
0.2695428017325755
0.6522734125392687
0.7142714367095626
0.47999164830761526
1.2508388138211193
0.6753232242282808
1.1976287021121372
0.8626694145167171
1.0024644842181423
0.9980283383744482
0.4420141064840827
0.83544317454978
0.3452136224522094
0.7576164303375416
0.35211969040903124
-0.17653791735478297
-0.24544151111171053
0.37396594085610135
0.5085584781696563
-0.013437627492478057
0.7233051586688437
0.1952863800121097
0.5382306625240131
0.2959433342333434
0.5139328371593395
0.4409077291032794
0.538414349846988
0.4843317685049045
0.07339367772947115
0.982668863313148
0.5016524919656531
0.13993417856248008
0.7776682328279447
-0.09328615553575083
0.39524775773131504
0.7050198174956241
0.1725108165394357
0.39714706425227747
1.30985779272535
0.4797666296805334
0.44180121328357674
0.9175388658274383
0.6382704777162619
-0.12965264384480196
0.9280153093978941
0.32203005682523334
-0.25879091507681823
0.8475430272288538
-0.08031861680084491
0.3760852282816025
1.3466780557316054
0.8406360735222063
0.009454123802478873
0.5823262499482411
0.37035589497572885
-0.2545723906675623
-0.196631400179247
-0.445051031128969
0.4540557910057206
-0.4397240501319138
-0.5151969745233964
0.000742662352745811
0.033987613354955405
0.321306958366603
-0.238990187419449
-0.3177450914405301
-0.31508276507158045
0.41620942232201025
0.35290491382358474
0.10156978793282204
0.5306718926909375
0.43410605102804994
-0.24340660958550261
0.10834016288593643
0.3749589682250326
0.5068867047863601
0.26577500179662167
0.7566918443659245
0.01592300060477847
0.3616515113869814
1.0128997863258866
0.4676309181058948
0.33277342153414063
1.0163300965907809
0.11487363587372569
0.33870329885743083
0.5204744535336926
-0.22970260184778668
0.509751189271748
0.15360874614153552
1.2702033472769885
1.3172763846043143
0.6630025130787135
1.1473992200623462
0.9384190928452818
0.6785622674975385
1.258606792115027
0.7473944127813038
0.4399866737901455
0.9196228679136816
0.6303512696596381
0.5966426584546418
0.9411896384104661
1.2728523652585129
0.48692378658044316
0.7350365884227293
0.524428356561105
0.6260740143925172
0.38735534247042286
0.6162196608509205
1.0460576235064867
1.1670040528587018
0.6941874632311424
0.7816209867525211
0.8035101898381345
0.6271539166339357
1.11945922185201
0.07578132738757876
0.3376103202530451
1.2738708569426784
0.3650579855188842
-0.3016340972424914
0.6895855259634059
0.26787587390404377
-0.22577785050663363
0.6058722492285151
-0.31211986417905396
-0.00664078184815719
-0.15499351612494278
-0.5953860132444675
0.3279945861524401
0.31440872064659636
-0.26993224061486937
0.2560326712052133
-0.013508767612623372
-0.25600460044761375
0.19529725578299612
0.15105087356138971
-0.1838807951523985
0.06678798333042779
0.5100665162906959
-0.16146959949737608
-0.48979239826837206
0.8655989458944495
-0.472149080181564
0.03706287172909687
1.1468346149540216
-0.35200292746303863
0.22109075932743005
1.041053513676645
0.8029892496846217
0.3142478895170106
0.7556010625605727
-0.052523088369208104
0.3599091720232963
0.530620672306943
0.22707706967588814
0.8395536841317374
1.1407719991191403
0.2997487620126339
0.45937058272222386
0.22191758442050502
0.6151240991668181
0.7040001449278069
0.9122983441097471
0.38289063211098284
0.8825891156372204
1.0020301845615973
0.6274890912440869
0.7051465164656575
-0.25243688710811446
0.36795042594085314
0.4191201465475601
-0.29022065018669346
0.1764635674881697
0.044047373495394955
0.15071765078197855
0.04938105523989201
0.1528454151135053
0.41327605031582726
0.741398618210056
0.7662706955520091
0.048416806972190446
0.5800546835381808
0.3216539874845856
0.3954262923560724
0.3481863647697378
-0.1958149945433807
-0.40408069584158457
0.3651399351781525
0.20844841173215942
0.46905085121328605
0.9980461210498891
0.4709169285242994
0.5418857934160919
0.9739642682448081
0.8649619873934121
0.10963151111159422
0.9630543014302656
0.8764445541663299
-0.14666998716638457
0.6915716310445236
0.6431981005237611
0.23708453028153265
0.08674692254087622
0.8884989522188516
0.5321974343778422
1.0746824358095812
1.0530199120728225
-0.16981572970169206
0.4333320347359751
0.07911253519440059
-0.08438590058797249
0.8467439248509735
0.47952555040199285
0.6429333275110057
1.368189578349057
0.7118002655110617
0.5117177110099129
0.8233687351433222
0.9823646504777633
0.9410073916108009
0.9486004270006848
1.4864636130960045
1.2057668515395945
1.3088613206072461
1.7918187706545918
0.5087847733135534
0.6948526099673266
0.7708926750887152
1.0332880628231558
0.9653597163470642
0.9153678373049123
1.5353122459052797
1.1743373277757636
0.8300703651673232
1.1144322025666937
0.6139504251224669
0.40369212772060525
0.7375953918963839
0.11918976035236598
0.22845932686112225
0.7234954391415832
0.38144601770258385
0.06298869696002009
0.22419174857260346
0.4567709447293459
0.2719527054031646
0.5603377596295451
0.011758898423078217
0.02596791210450196
0.2917422879965617
0.24751147245816593
0.14080824028204744
0.18466002979077858
-0.46824822649874365
-0.1963312800029004
0.4589340649720473
-0.15531465416764173
0.21075612875137623
0.48216132487405006
-0.48885279903648804
0.12895662878062417
0.3301275955737748
-0.5798521388402571
-0.5398187516869675
0.8120770316396679
-0.3812614493066033
-0.6529366469278917
0.5556828163421748
0.9074531110741809
0.314063512669816
0.6208976561907769
0.5222449112603532
0.48002266008639183
0.8635052521019171
0.600859357871517
0.538989005543781
0.8015595523592054
0.47934410402083305
-0.03388384890327302
0.7248490078998014
0.8328024334600601
-0.04431009669227709
0.4955288891388589
0.44019604382442024
0.15062717441011964
0.7882514134292755
0.8080422110642775
0.4393690211923222
0.25247179721278656
0.7730615831108658
0.15612335690631524
0.38704563535320435
1.0116849802338983
0.22736118056909613
1.221800478192631
1.4295706605609435
0.6723608356051147
1.567136322741804
1.0589052552031215
0.8785971364659692
1.4963062303797607
1.0752992063077287
0.34541643616711576
1.2506478414184683
0.34139327620905896
0.3909229198225305
0.9805455364467546
0.5920311924664343
0.9044587080004104
0.03602379262351183
0.12461544105622224
0.6502287675882149
0.025557792065185866
0.5635756598409264
0.5148653731716144
0.15316820150568358
0.0006265908722841514
0.12147502637223737
0.556258808985179
0.40306458032954556
-0.10944743896959877
0.49007422260569844
0.11761958789320098
-0.21412631598616383
0.11912255428105249
0.3481596660323559
-0.04873524369257951
0.32010044662937015
0.4869857753780527
0.6230856957971629
0.38647643011851024
0.5195327482830727
0.33369409507734255
0.39204696163718133
0.6165285193248797
0.07867452575656596
0.46795825046192724
0.5687547362134947
0.8373222250871474
0.506473668880137
0.3533587070786398
0.9648256522405009
-0.031145376859922105
0.44325142229271614
0.9423352657423999
0.49244601830902507
0.714008315993183
0.5233834334442042
0.11791745633083792
0.44884446971286196
0.552765589961822
0.7764005071157061
0.8085288178297027
0.6150580717453185
0.35861345444741666
0.37309349579111456
0.5302496291401351
0.8033859965454544
1.2449060706665003
0.7761813937971139
0.13771292056016074
0.993914035147173
1.0020425918007412
1.1451785275379236
1.1688092172208153
1.0058657244855562
1.5493149511640245
1.5526117113951008
1.133592264594592
0.8723299241148802
0.912773971902326
1.048506400127792
1.0645661823080055
0.49368037740958254
0.5933219476844829
0.16150051917351113
0.30226915446617153
0.5491717204037279
-0.20173713000674862
0.33632747937149887
-0.21443435051313037
0.6240114698963325
0.6799724207249688
-0.07970940189722533
-0.27790024577261424
0.15678988838091484
-0.21707813990811625
0.7113576412020421
0.9310805753024105
0.449585477490125
0.380167019230668
0.8551468303357359
0.8550884308671174
0.7338449526647728
0.041020354207131106
0.35286965468257386
0.2836021628202983
0.472299294751454
0.447768359568246
0.41754247790075566
0.7132692953692821
0.4319588789644
0.5391949163620443
0.8082465336162608
0.4750257173058362
0.2996368600100246
0.1431870271201474
0.7843225006979143
0.553036993339756
0.6406083904986724
0.3222761471196726
0.9525510931469416
0.8439008366998199
0.9455597063497859
0.5207372788094888
0.9788169172820075
0.5462733043488863
1.3149347873077466
0.3287239970708807
0.7380228523224825
0.8242283098656525
0.49157195385943464
0.32621080541315695
0.8170530818273658
0.6305646536243592
0.4055367734742163
1.298114390292438
1.1654568144197108
0.8807646095633308
0.5323047710627988
0.8218878124199829
0.45354089688654875
1.058395993125979
0.4217055990813357
0.6063117303147689
0.2796959938124411
-0.008505028812848668
0.7643773372717269
0.661237059934481
0.18680307440551386
0.7021709228472821
0.9421847001794368
0.43788676970649554
0.40056657298163684
0.08168075379471754
0.26868800294264916
0.6943245918903064
0.7801357398916333
1.4342553776581894
1.4667385871070535
1.2136069482159975
1.2125060739916864
1.1867122882045769
0.8773937598332452
0.6404615194066916
1.3339422990460206
0.9942432380006635
1.13387848405965
0.8241937848961144
0.9449834968028584
0.6681197814541767
0.616998181112775
0.5345884466385545
0.9665555151491932
0.470708589181848
0.364690294359401
0.7442287858644772
0.12013195051485848
0.48230543293898215
0.32415967602722967
0.7998273803395672
0.39584029808561805
-0.08553775428783092
0.1206941499199921
-0.009956125628824626
0.304836881681616
0.7049502482365232
0.3741386850046076
-0.1867815083527549
0.6932119515631184
0.5790851130886077
0.20020356962312247
0.5626230031372956
0.38775616445119765
0.046548911185601255
-0.10508907542928167
-0.47987835621279396
0.06339748996950945
-0.10657516844348244
-0.30637417477268797
-0.18431035569406204
-0.09113834129161133
0.11845979550568078
0.4579498233492406
-0.216496604932002
-0.18027694727252883
-0.3854860210080249
-0.2967243540321772
-0.234428795242043
0.13742996133012045
0.08753612761194464
0.29834035481605464
0.16391209779914234
0.08483432745372096
0.5302755238336909
-0.3330558428134245
-0.21541562899837546
0.8550135570389548
0.9134944577849984
0.8941935583038353
0.6556420011379744
0.9275579288509567
1.0351077982730053
1.3139351845141003
0.8772059103205582
0.7481487412845184
0.9374966732376329
1.1073269950031899
0.7998866338524424
0.5217052512997284
0.4837290757508469
1.3676435274941272
1.2211318544520733
1.0639922099274335
1.2870938064019637
0.37220558696924033
0.3784614504564252
0.5232004424387642
0.5021956935517802
0.111383788063542
0.7581051169497418
0.866029916512136
0.8721377738996197
0.34772996083770225
0.6500491418602417
-0.02256580295295775
0.6255557706304998
0.889265790519673
-0.13499732157573235
0.1540390925026156
-0.03570229560900589
0.2145897431018189
-0.0630272735387292
0.20016475758816496
0.477828431641376
-0.03980365574721862
0.44047392263478574
-0.2688447306180829
0.6034271748938765
-0.14174896308989515
0.17571734046161927
0.04696705271177763
1.130844547171092
0.5452168141067616
-0.03694233118862454
1.0508741478250279
0.7812837317244812
0.04967743556468462
0.5054107992536124
0.429623346697721
0.17553985283793588
0.38113577119594394
-0.10488074715086072
0.069054091993797
0.18709722247618255
0.7288474687420606
0.4022537053171692
0.528242311805179
0.0887000561296191
0.17897829459487385
0.7331613488818854
0.32485639643889225
-0.2784125800544903
0.6616501926000143
-0.12813328843909166
0.23121210144839788
0.9205803983793156
0.2666785792970813
0.08979986004044425
0.4097434184336605
-0.035350925811872255
-0.3232772051259721
0.28140529746453413
0.3350595372368867
-0.2666147568884708
0.2682507584161884
0.2769852173885227
-0.12869854960579583
-0.03409113335121168
0.4081972205630508
-0.04690827880930634
0.2395763258270236
0.24771696076415017
0.5398385323240478
-0.2152473382146664
1.2833457368730625
0.5185930964520551
0.530223763643542
1.2019596527524
1.0976920947890745
0.8409180293288843
0.9705110261092988
1.2221806781588584
0.8737790361452008
0.6843014571761167
0.8396326072574829
1.144807356461499
1.5667673403007762
0.837531461668087
1.0044472587097533
1.1534742405743417
0.9656037456625569
0.49119036073374317
0.3349523959711979
0.7583535452553243
0.9892543999232039
0.5038101166460904
0.767068241599532
0.5679757442642054
0.49636601925384527
0.5041631442776205
-0.424698281032013
0.30388876832781275
0.35019950929228205
-0.23358867184247392
0.16035304261758918
0.6901881462693042
