15350211967369143e-43
0.35675729655996063
0.008286454898241535
11178406960088335e-62
10320468135455836e-112
1002650292490809e-30
0.2186640174614776
0.41960131306209486
0.3716222795472194
0.6972867899640101
0.9706683335681014
0.6477816620930256
0.10717503234735071
39023817473968054e-59
0.45501731626543795
0.00023952473790406347
526480048190152e-43
0.18949173772159233
21835829794737915e-40
6079812018076628e-23
22590411518506122e-23
0.10466337576418189
0.5017105533481871
0.7204112476631529
12882637912284316e-27
22622512671156725e-26
37077383763888974e-22
3655439593494177e-22
0.8232717203738283
1.0732020516862253
1.242328582046627
1.371005291345474
2.215165819624067
2.7285262380212663
3.129557140574492
2.8812348320154495
2.6261024083703677
1.9942261664014618
0.699311512195017
0.026268218333080767
0.5681362205998794
0.16401627673270827
1949158422805699e-38
0.1849164871478398
0.0909058444384899
0.22859856144022947
0.07111064085771505
0.4231913684750358
0.3702541440726199
0.3891578217673341
0.00430016085035085
0.13584416603165375
2595794187681048e-25
0.007082456462114268
0.016573168985047702
0.30837751483479314
0.13852942897160836
0.4650133806614129
0.14760967455369173
0.08636909821503956
0.9890827162157297
0.7470990893209158
1.4663350975784304
1.5246946014260285
1.3223651193766324
1.7320857012900093
0.5715362758332425
9859663039926447e-22
0.6632588478540393
1.9514567431024976
2.5152700182436267
2.8659970478639156
2.6872758623379136
1.9554960956134018
0.0170315890267187
38329551641065596e-25
9599479093724007e-36
32280122519508445e-31
550791930894679e-31
30106970498270853e-24
0.3226058988155925
0.37230622399244434
2825319231919852e-26
25510334697673347e-62
0.12634180286040306
0.08756716625369705
0.5154717506007541
0.35626077882149587
0.12838184204584457
0.009760944196306673
12223600070905435e-25
43356871592376254e-40
12602446685206781e-61
21216623936959416e-72
32026443593091334e-44
20242280239053638e-53
1532027135634684e-37
5442750284935728e-25
29250615130920126e-69
0.09553281803378326
0.34769034437786944
0.005763768481377635
6947401380047998e-21
21561808146132984e-38
36097822848650224e-34
1074524722467587e-46
19212799830815177e-43
2655805614689901e-72
0.3497072546077972
0.9799982907316244
37718793388378006e-28
0.05313505101626611
0.24532258807815405
0.08232261740744663
0.23218946201706914
0.395352618652282
0.19457102447375904
0.3030232765371334
0.5237686462212237
564849203041888e-26
0.26560482852040057
0.22364022815119594
0.194436490985598
0.341535057534737
0.30034233189905607
0.19546383515551244
0.24122011633046747
0.2389212222952945
3260856825718384e-44
0.07163283366415243
1668781784200106e-95
14910254810544737e-195
0.45114752518784207
2.090763629275833
0.28120937740417434
3399055969163333e-125
26882740509625066e-30
38232479478402116e-47
4643763122685129e-34
40236610678883306e-90
13421801699579192e-59
0.8279367395846398
2.687064379855101
0.26758978706927045
0.16014883990628126
0.3360790889939279
0.572646591867962
1.100259597251188
0.9228033919989443
0.34810218211834637
0.4937935593123764
0.1796433029488
9403911053017897e-49
0.09178457886901224
0.17875679792590196
1.1415005372180662
1.8213352953092086
0.20962744346055448
1.2232546271166256
1.4951401218199454
0.22171354581604133
0.4122617135407766
28142803534239824e-41
3964833493334402e-120
0.713060211442292
0.5084257190318026
1.3123393955473366
1.2486733736623192
2.245571506176056
2.5246443637722993
1.3021189325519507
0.6257019981049176
0.3656437033852629
37793022731220667e-85
13934754888058649e-31
606433969672229e-25
0.0004598218419300855
0.05734416838407257
4628132282627662e-72
11825850434653463e-42
14603064459095571e-25
16083445568954776e-35
0.43432151229780164
0.857760524452615
0.9020612178379332
0.7860739183855063
0.27343626993811304
0.38406769579331695
12432400586412622e-67
0.25436321559525554
3385182579433399e-58
4374983749258475e-39
1.9621698580892328
0.8429327690714689
7853474075508887e-67
19647531397596384e-33
7149322248348112e-22
4889380391875354e-27
36240217669174823e-29
0.004199948698551593
0.15880627600063885
0.1931230656683758
6445980380994217e-57
6834294547539534e-21
32470111233713764e-25
17997894343229262e-40
2764455272436312e-20
8360239910549022e-42
38982183725491735e-38
0.08154851617671358
0.2938593127273318
0.23698325070609064
0.7443730596315963
2.059117222197697
2.624280458690337
1.8304067090375864
1.8625485594495166
7184333345529234e-28
0.11852647783205163
0.2657557694626076
22810193989869722e-30
6474832631920606e-23
3306461778647421e-20
8911978959479526e-36
0.0002217095518487665
0.1933752920797214
6048591548571391e-54
0.798653908943721
15965563121001816e-94
1730520859300651e-50
0.38956016459716164
0.11149020068096727
10397485393381934e-24
23588888658760716e-31
11292622207628773e-21
4261661017311252e-43
11659084161007308e-41
0.3824077208761733
0.4396954240320166
0.004223774000489627
2.174444738052013
2.0328542520024917
1.677537165177174
1.3805849530554242
1.038274059811266
0.28374282256889494
2328540239427484e-28
0.07254379612406618
0.217637046345619
0.5918378753295355
0.4598904879763793
0.5944914975579404
15992237585622185e-21
30685670048673572e-34
0.030525089033272623
1885716696260188e-23
5801494940061724e-46
13700849780063321e-80
0.1192733690411914
0.1297764198543986
0.174646180031774
0.12475335450804678
0.20830039697336616
2430822403480033e-40
0.23681722639043407
0.44613767607807175
0.5973064606276695
0.7245705627366158
0.05405836307182266
3011403650782713e-37
0.22187892607195384
0.4002661295742476
0.4049221110824412
18098921410595818e-25
0.3947304674225047
0.8400741543549602
0.31159937706593294
1.2366147527056157
1.0472987837481968
0.7447195218104099
0.29813643394608463
0.3046063236630695
0.7338641681282068
0.8030615808112469
0.920914943879489
0.5153924922182085
0.37229834802490364
5870742058554428e-34
1143910727653621e-33
42609309884460895e-98
11081283294882454e-43
33261038936918036e-41
1722799951393678e-24
9402395755729711e-26
0.14330485660852227
15648727415625133e-28
0.3964979375117195
0.19626391364310317
0.26442592921399577
0.3396176411676382
0.07654611324316088
0.03372650182657026
0.2935340775848692
0.21955014688540375
2201184779481776e-38
0.17640535912672173
10906309142711222e-68
0.0024095628191530584
0.059004865761430915
12011242267543708e-40
3467115848474859e-85
4751078937644177e-49
0.23750913444326585
1.4387156751250438
2.310874294939941
2.880053866006475
2.552269494681069
2.3343083587314104
2.4170186586439804
1.7868554922976494
1.765801202320361
1.4411085514641335
0.900799426248494
0.957581060853869
0.964838902867437
0.7548055876473675
0.4951507872795122
0.45811656772376325
0.5994240710934048
0.5283990009612057
0.2147787054052141
1293910856149342e-25
31015361741622027e-32
0.013523322609487786
0.17207521759731786
0.07955772460256752
28296470251185018e-117
15172612184449536e-58
10804910920596788e-28
0.011527027002276176
0.12611130469972526
0.23712954526265595
0.1892074815083539
0.003818103985354966
13112217411374998e-30
9546576476753666e-73
3852709605367024e-49
35284103186380914e-27
0.05776503476625835
0.0011550326619575025
0.0875640140306452
0.11010348910849192
0.0012334702369226668
6186838995443972e-40
0.0015074301718551275
13646648395412216e-23
0.0960759540452758
0.12743977220799818
0.02863897764180544
301379436868348e-27
0.05111740022177908
0.18235572959640817
0.07841232608459979
10526325189925516e-65
19424277336253792e-43
4175075497160943e-39
0.06815986226680662
0.09300282025727465
0.40022747509014805
0.416732039093964
0.4940528293919369
0.4877047186023728
7917730521971357e-56
4508770928107649e-23
0.6519510950338698
1.4938533709690676
1.4061285253059341
1.2793657755395496
0.14787754438470518
5232998926353944e-46
146055196994003e-22
0.181750822184436
19998032371705306e-65
0.13252421195283695
0.192927815424216
0.21247597548817893
0.21025694232730854
22975452742927276e-72
0.7469411665882315
1.193563376440105
0.9878827069751543
0.935944746427827
0.8964637449037438
0.9933628962939576
1.2624268763314088
1.2092597695486027
0.9354136577234593
0.7166388517325208
22724744967565978e-24
0.26787328678886974
0.38218508168273374
0.1896954422976503
0.06251690624414996
0.22410849619006049
9231175779835035e-27
0.10439120259723186
14463650089343809e-65
19823802162987846e-40
66207878608571e-18
0.5149966888770788
0.2550820911881484
0.06662208385454538
0.11804318536286774
0.22844997762733413
0.04640224516915104
0.16502606575755202
0.057990962648351393
23413324747776947e-75
24957709342149983e-81
8195073472551218e-50
0.035626906416100564
11288355132768943e-66
11217477514141578e-61
4255482117342145e-90
0.2573683615072459
0.27751072751780664
0.17108076637887037
2429935955232662e-32
21570399883129988e-21
0.33840901859871536
0.6273897695336541
0.5537162848555627
0.2480884193438844
0.49188388073321176
8588332857678776e-23
822183279293522e-28
3953452550673524e-23
9105768475003692e-39
0.27751131071934154
0.5546512590651693
0.44979038177715086
0.2584418503624886
0.22472352035918686
6227856536148684e-38
0.15689879088616904
40391983822714155e-24
10147089226585413e-70
9926883006137155e-82
4316215890881697e-39
23418324177044793e-30
0.15142372883485655
0.5036898174023353
0.5563191914200737
0.5066411704491315
0.2769081237695584
48382906451825833e-45
12953454984700742e-88
0.5753286903643429
2.11007676121419
2.5870188139670196
3.4492464162644128
4.523483499603493
4.557848885768541
3.685459753160873
2.8471137644649187
1.842131717479373
0.87993696943791
0.43617849740608
1049398094381733e-64
0.08759794111921225
10155113683880132e-62
28725553373363584e-59
33994204896122506e-33
0.27719404917500323
0.3001071676827738
14411382125036754e-53
0.11187503132111935
29683061908458375e-30
4728364437423872e-32
301135683566429e-36
14865621526236415e-36
0.033075158207507116
0.10583919917822748
25518663223903523e-21
0.0005217674091301601
0.49792917149402427
0.8859723613547814
0.5034530215213678
0.46945693656578097
0.869488784893163
0.8445056594108769
0.9517830906012471
0.8637625859611509
0.0017908638561758318
5402645888055125e-251
0.17884027007794928
0.12348362038751863
0.23461988027298805
0.7191432329409825
1.3296114613043664
1.1865237466718825
0.5170975727139308
0.8776070941521802
1.1220516807622682
1.313452606286312
1.3714046083892224
1.228151962322993
0.7314142157319691
0.27860760608408464
0.19992311049389686
0.0309271078732636
30467824324643326e-23
9259463006701599e-42
8205435084964617e-22
7321226702224763e-183
8145849066155409e-152
1.715683906122158
2.312321915822122
2.2061743283290505
1.161587404059637
1.0740919267138378
0.7221966048243006
0.24699725069369743
0.07394797921985448
5914446432792214e-45
880985478924671e-92
7898113855980175e-84
0.0011288124760394263
12181751560160942e-54
23176080967570486e-127
0.10358686753765164
0.42631584589678223
0.1607116625680829
0.3811242713197493
3110740406000758e-23
0.17771407395597383
0.01743073833423232
8520324788542726e-70
953279223659917e-95
3255785591213117e-279
0.9561393117761041
1.2246819059506668
0.6935658795223062
0.7961388531004062
1.5106652601250183
0.7783711248285344
2821773312486029e-67
31840755194686954e-102
0.4446004058996097
21668739640985772e-27
0.26558551082393406
10910949179029698e-63
38070241522548845e-27
0.00010382725822320193
1.0080423017552615
1.9239224906246664
1.608983301978508
0.7808577412819163
0.6523979091136122
10318814494284913e-58
17502082921970792e-76
36965158155299216e-44
9754837878194927e-59
11506647023389479e-47
0.4629781357160238
0.2980442077921109
3839730471657283e-46
5706387281362057e-29
216793872856672e-36
26311190427500947e-41
1973655104047082e-39
4591397149468671e-54
0.48872804401015896
5891852824134621e-27
9612400662707578e-65
1.4735093918563693
3.585654023369929
3.350052048752237
1.474279299556806
8609866179837758e-20
0.19959794834620753
0.12236880292601993
0.07909540682303158
0.5138373866966242
1.0917710133575425
0.7233627927627841
0.29114708712764975
0.0010788603221425202
0.213200408162349
0.5117716830736916
0.4495756200529165
0.18542038557874477
0.09238987838028327
0.14009533152849662
0.41302306252181453
0.29895810150231383
0.44856535756034066
0.5008824141199262
0.08918639600856344
0.17482316641557175
0.04291194044706369
0.07257009823853422
0.07606244388683818
0.036202962695713145
0.1095138372158073
0.6104033213449886
0.7957352547339046
0.5369336486246867
961596133682066e-59
0.211418429265454
0.6655947858583307
0.614089208117312
0.15368872078608273
0.2187133415162372
0.4603256103648561
0.48115157632851796
0.5110405741208246
0.7810961916062807
0.5035166599272192
39031595460318887e-128
7988666873513682e-84
8013484893912542e-88
0.25652807080051826
0.678828821852404
0.1904043942176831
0.2322208628959728
0.1790507376685073
0.4353739650019556
1.8607423362105233
1.904004857424567
1.379818562346667
0.9797119360717911
0.7562093544842832
0.8627287636442109
0.7959717196195789
4235561679899522e-20
22111259469046097e-53
3303133624301067e-26
4328525755143708e-23
0.6747221463067925
1.5279474511067697
1.4792166901796504
1.1976292523028602
0.7285925801978714
0.35131584485873657
0.20852415090527837
0.1371953028561996
16121312690516085e-96
17845483625979112e-271
1184429071939972e-25
30303941361710042e-22
22376746369813017e-36
0.0001246353799466605
0.0185937296849781
0.05733212428983334
0.08489412523019535
0.02299846841858295
5735194754221698e-61
4221286392882553e-55
20179573220888124e-46
6406929281051734e-54
61862225920188684e-28
10218367231871856e-23
5150424382972481e-25
4750641113508424e-37
10210779339472507e-31
3993558107537954e-96
10584491737523202e-40
14545745312216005e-38
21876978355692242e-23
1073480035358498e-31
12272348667701625e-23
0.011936414627624166
52965464240412395e-36
3205227515663695e-43
0.0027539365731689357
0.7700239391138999
0.9405701341440655
1.495849208861518
2.7694612982269815
3.0126062500002155
3.3171283290847
3.4083627868277144
2.7510664862332366
2.0719605577590534
2.260877407116146
2.5720196108404565
2.5600964097344923
0.9952152469074921
0.47553878042529074
0.35871701320981914
0.1633849151033523
0.33515603752016326
0.4377349912645756
12453620469176883e-24
26746613616901492e-22
4738960884023972e-37
7980595535247473e-26
0.1648702035161229
0.27274741042546097
0.00018755184042827474
0.051253751922086414
0.023192171078006606
11796933095265094e-25
0.04646165394946133
14364886641025162e-45
4225083312305348e-27
0.0027859995281823017
0.33749909466287203
414221635833096e-22
0.12170668701548895
2020791877007024e-25
7976588838619548e-21
2424169260601338e-35
0.019852643306259566
17293191717770988e-34
0.18799435511623067
8248900789481751e-24
0.02723029151750253
0.08764457371242007
0.06788969815990112
0.12408081994701581
3502556369330457e-22
0.07827768640467171
0.010802776538919253
11045514281807286e-22
25406162036483297e-33
33573411358738103e-28
0.6673981765042816
0.6251202103561129
0.3350832689697696
0.24974027913755326
0.5804945457738511
0.1615474779848767
3164982502636949e-68
8238003485801117e-30
1766308257478605e-26
27928039972095617e-29
6641705101398656e-55
0.03481883730155687
0.00011969543685639043
15817551498351634e-49
2700329940934301e-39
11167244833252539e-57
28676326834404353e-21
595815073887369e-27
0.020501335993978406
2408862579952195e-20
48523237508273516e-53
0.004176782824631657
11730137998467957e-21
0.08128883172353112
13163022212070492e-40
3889440888706203e-46
15852520597144871e-40
7809757706729257e-75
1074667045280691e-65
11516202172703388e-45
22995231828764435e-55
15188525765417487e-39
7013692441791789e-35
33107415382829764e-45
21402798348694245e-35
0.12015113740815876
18974004533165036e-25
58218853284775785e-50
18115309301991702e-60
26553665348059162e-28
23237487511286574e-89
1.2127973541158528
3.909377590155181
3.862700388535226
4.029342000773641
3.9972532167148493
3.8253460488799593
3.7327120892396977
2.996914616413318
2.3793228349147677
2.569686980947406
2.7413745904650457
0.06366215153242077
0.3072230084970577
6697462654089402e-31
0.2915263956916322
0.5708961186300501
0.294369656110743
13268917512848105e-21
0.2408365451459105
0.5396972936573132
0.09965082849602971
0.00013669665957034732
0.3506507312809628
0.10562720632989576
0.7577798610443739
2.664725361333995
0.24821360210047386
1680324723961515e-31
122189153751034e-23
11840925309203671e-23
0.19348675364241508
0.24408828570174262
19180060649155143e-31
1.8334997971585107
2.869772668342194
0.17463881127990752
0.3090720130503682
0.5587593930009529
0.5900983542050731
0.27820748776161636
0.0014158191129663628
0.0036505113315373483
0.08375872280889342
1.3664720067885285
2.451737283246952
0.6250805538801307
9237858108646447e-69
15269713827322353e-170
0.708787618823847
0.6335203392706276
10720942123386181e-26
0.43578504682457525
5178553754925229e-26
6592941944940208e-49
0.08110848544857455
0.14492898134979362
0.9510507831233866
1.3232236397587342
1.1625017286318566
0.8898020622768855
0.1357004040917549
8529948952040687e-65
0.12216660252637757
19667048087228536e-44
0.2020281887914582
6229125186749188e-27
0.4095051663196842
2508801786105449e-25
0.2742076851056079
0.09966836823848273
0.18835115377282755
0.4766425111057665
0.40796282074005946
6981582761098479e-79
0.0023622307193395817
2062083961126001e-24
1856590916961241e-28
0.43956194888662004
0.9311393888326017
0.8505399550108306
0.4812760376619981
0.12341592895314042
0.09916812503002716
0.3937226933505551
0.6104382278284316
0.46734552584729566
2.1902228163323825
1.804395713158935
1.330192383557043
1.045572154733882
1.116243994856199
1.0723248728679065
0.3830030489567918
588371297148671e-20
4269825203512266e-57
27541826926367146e-21
0.008498499101879933
0.028150925861270822
0.09488138499376994
0.1494085926539282
13363715606923042e-27
0.0006258942169414572
22737491134687767e-27
13642329022301697e-33
0.02007238761015638
0.07173039137547586
2472143659799296e-33
1055232252659269e-68
8327457072451693e-49
2.7655003531887803
2.141254787773624
0.13693258716420456
0.008044262513802431
11758528815884947e-76
20061113914433897e-52
7028507311829658e-38
0.13012000601106682
0.37787868642683964
0.4586695648219485
3147652083582864e-23
0.11987163613232343
0.12577461068953855
0.28374601239968583
20568318469383102e-40
0.20449718344190249
17511877332976146e-43
0.1709093107275678
0.09014255481459141
0.3983737969322856
0.23046309316664162
0.3204649552582958
1.9273667421926723
2.0399025058367255
2.137000708431057
2.3348177847851965
2.3278328931068875
1.3820760981239144
0.6494116481536527
1.708220471030301
2.3949374810128865
1.7470531646131082
1.4057915130194105
0.5580913504726026
1.2162459641448695
0.5804590335981795
11827378104317333e-86
214269553282281e-43
1908198222187718e-57
12648101320016771e-40
0.26523371122053135
0.3195812324184062
35289781319456575e-27
9058662956800038e-68
33438821336002874e-83
6352973848819971e-69
18558190417303808e-29
17860739466432776e-45
37263061932194884e-56
14085266412311296e-22
0.13870586584778172
0.0025243912784135808
0.20525205081194675
0.13371763992364458
21469793144148313e-37
3042141852167517e-63
5889688006322605e-51
0.041079201297670405
0.00903136429896509
30982545220026528e-34
0.13318437717720835
49290319979458383e-48
49124024594711395e-53
8003696291095932e-59
0.03459891931640881
0.08222244398570304
27119324542272644e-41
70151470387795415e-50
23356900080216973e-32
0.1827048054609639
5578853934255143e-144
27484230744174365e-63
0.9265425966445716
0.8504807759168096
0.6228164318776876
0.5350255482181174
0.4049601659814374
0.33713301484127894
0.2908188441410436
4112755406735899e-38
3334693368869377e-50
19063775666893484e-104
1.009129559995762
0.9085322292682938
0.8497334186791357
0.8267196434041892
0.690421560485573
0.09784264905851425
3641199412601306e-102
0.19313699566700993
0.6895921235259074
0.4937270786347869
13137267418642823e-33
0.06996886203223006
0.25553452313868186
0.5977458433598941
0.9465582445473855
1.0569845874381065
0.7839727155354794
0.9406449759486337
0.7593691176422334
0.44005292370542864
0.3957249245916735
0.2740729368546281
0.42304748136177583
0.22187809543156856
1569234593659791e-83
6178449553534204e-123
6079456076482625e-83
6965213319331158e-23
0.09908602505047875
0.26771131608585463
0.3662982990671752
0.6439702163034026
0.7447617551802577
0.48414932899833807
0.6733411988075977
0.8933707168445887
3959990745792689e-23
2689235522072246e-268
6911206948830734e-85
0.8006606441186451
0.7035653221925158
0.9169014775755228
1.258945114104428
1.562650542588995
1.820915914758457
1.798466530956358
1.8975650039900274
0.7288998668719946
1e-323
0.6926079457960148
0.40227012935138495
0.2396254082639449
0.307790509239093
0.28886178006934227
0.28747033149974205
0.19368915961045635
0.287073863476252
0.3664703902541599
0.35890852786367705
0.37395869502917684
11413865811710892e-28
0.3066144992128912
0.04809758465859708
0.2030324941737178
0.5187897367299066
0.22407607553292883
0.4155167985939683
0.4297776171296719
0.3451251222534971
0.24558954169942784
0.18718942363317814
0.1744541671974942
63661016517648285e-34
0.16870949948127198
1.1553229213522662
49097297559006665e-137
6769065264350313e-24
8518351542902937e-65
39233837682210334e-36
0.5101237813299452
1.2410623763978637
1.6831527384485687
0.7314476277176439
1.4591206700729522
0.8721605947855608
0.4308239751839395
0.27085538014584254
0.5118817952702869
0.4641962048260401
1.6736648879952327
1.0216300808928511
0.378118431831362
0.3442066494308793
0.46888213951028457
0.2265215411051234
21883333882110754e-32
28638769792733442e-177
4975695655852528e-47
0.12717782050353585
0.14162042299791364
0.16811310823502162
2510631063108246e-34
0.21595354562453445
8875807004485972e-66
11379869384808674e-53
16755323662877632e-45
64479462528433005e-25
0.4490330305343811
0.3692351744816559
0.3767877421521435
0.36409473612216986
0.2790134210619522
0.49813509208664225
0.41559290360608114
0.529238510258455
0.47936309266780247
0.06910005952349373
37189650398491697e-57
9683187108819532e-112
37125328951880763e-29
11276349416334623e-25
0.0003022815246594474
0.03920195723066923
0.07053041376738822
3986540423993127e-23
13744091296140332e-79
24511609310425812e-176
0.1488017500444436
0.3619271077074958
0.060129911400954535
8202806324991104e-51
4918120379302025e-40
33422466252027184e-74
9896324569599015e-43
11307739920426052e-89
0.48679892379399586
0.4925935002374198
0.5608982416358357
0.40174658836578114
0.003588716135722731
0.07417933954548378
0.2736871456015242
0.5203464389664764
0.7166638504468709
1.2460894312621609
1.2041088387495673
1.1600546097525406
1.2449501672342964
1.685337833766995
1.8981809919994683
2.003586391608812
1.9825057829049813
1.940707849174421
1.9089527423551673
1.8410542441300863
1.8195517155977705
1.25921376483325
0.4318361103737715
0.1644310808673193
1.0004559066478553
0.9994282313620418
0.7370041350029931
0.5572273378531276
0.47134469747295804
0.1719928544874883
495039732068327e-20
0.20893849050693833
0.4399628629776113
0.531741001385501
0.8843895881286863
0.2561350411235176
0.04672788051067347
0.225352569630618
368644083304084e-34
0.0715109037994847
0.12291994717843285
12693178898403917e-38
3383516160496304e-129
3455071264668276e-64
0.0066793659371169704
0.43437087227865817
0.5063641632644188
0.49427544613040425
0.4129277560663731
1.012407917496461
1.059815050065725
1.3307684146640908
1.9555722624988374
1.5486677328693454
0.4019923718573273
6642053699202611e-23
0.10172025155286188
0.0002096033494539151
24326424867537994e-64
0.2071148429231723
1241388155972495e-20
0.2029181445400014
13808607211542032e-73
24024805194895492e-48
5227876627751118e-34
0.03136756887668733
7815268366257294e-23
0.06095344442084082
1785156880360227e-89
0.0959956188037207
0.4437531337097173
4798895728869973e-34
0.1919239454483941
3748801161059037e-83
10717516922439885e-82
0.10258803190710498
0.34378796386297145
0.28604480015027983
0.0013327006991143537
23456428534664033e-27
27217923074966054e-41
9965576378134316e-98
0.11771509892632565
1331453620519548e-131
0.1737355061567531
0.25980129093347065
0.1601485959572558
4124043878413806e-57
0.17684231047453175
0.2734065297257593
5306518047824303e-44
0.16820762166237874
0.0437505579370033
31475076248131207e-122
9839552632190157e-49
2331105126497778e-54
0.1912975443542698
0.17629731255402972
0.4832401185147805
0.503851286514391
0.6749475223787198
2.0812396799620587
2.154126948443197
1.9019195657748718
2.4537728726653385
0.23890322357291072
31706196610599994e-40
0.2693300508512772
28328790100009107e-21
4123249078611465e-30
3249840479203222e-39
5257074421728123e-69
0.12692776746335224
25804987957638e-22
0.019947925686705458
0.010858111145701468
0.2576538289741901
0.4457135224630495
1064358694842483e-41
13757761801879004e-46
0.06711255986137507
6998242519103493e-51
47534074915140555e-33
37931879864530336e-46
22645783270129254e-79
0.0002128560877002566
0.16787846402606124
0.1624059656322149
0.20218985151452873
23563031132858247e-32
0.12825718671296105
0.0865320756861897
6160581767822361e-51
0.10854668636181761
0.18437681112222
0.20177598507787126
23980243022662003e-40
19431706888433914e-71
31250322783803626e-29
0.15390206677424495
17897751877495125e-36
0.46357838995830103
1.434697190923565
10367130501270679e-63
431438475670743e-38
2145487341634517e-52
13295631636980996e-21
0.7507417831026979
1.6646775201829729
2.9522645006466157
4.374758958908703
4.310248270599986
4.344550056368833
3.5456870638325726
0.39317700337885664
0.3285578071106713
0.7036117070396722
0.37695785453951947
0.20938788198985323
33705931052422584e-31
9201859955680814e-116
6998369270684646e-32
0.09639421854954935
0.13109407058686415
0.1412775885744139
6477461701351814e-38
0.19161423935054592
0.4900921515463197
0.529906706941587
0.4131586090632017
0.5774234463302724
0.21901879573599378
0.0005159561343730751
0.17780557628817964
0.17693751165201316
0.0324290739124028
3175243772163357e-37
2699188094512311e-31
9239166671098606e-115
13035766774342987e-35
0.32428589401252367
0.4773916271031675
0.9365872569297676
1.026593392270218
0.9337374748139795
0.6495178409555161
0.4092895493864493
0.19745527132879462
0.09117925987657258
0.06005434326227643
19429504395187922e-28
4827240205885917e-52
14538072695651988e-34
2880576012529889e-20
2411614307936182e-22
0.00044682780290213747
1441696186666996e-20
0.4427199498787058
0.7523062124173809
0.8272386832921992
0.9799808519013933
0.29810701573691406
32041192033814254e-40
17926581754360182e-28
0.606235536821144
0.5252431266124602
0.5977823632764457
0.7409048445290607
0.8034682740746635
0.8980446343918788
0.8764832455970842
0.8784943440571835
0.642836251031752
0.49161574728424723
0.6502759371958757
0.8985460894981295
0.7584698407064538
0.7816559369901576
0.7147163240323031
0.6526972046656699
0.6433390001160629
0.6610846080131568
0.5352084008076599
0.7135245774449278
0.5954920791816705
0.6111218532057915
14758063483944308e-28
5952395784461302e-25
367451578690162e-63
11687578091819204e-73
0.5911327711796742
1.9817911105966413
1.369526930729505
0.3489187323210765
0.12194541848377767
0.01958970694761245
23700995937902933e-28
0.08705765828974225
19265859973579533e-37
7190815604531124e-30
0.18797166160200665
19543123412296284e-21
0.09663913665712826
0.16753168775158592
2337153251246331e-31
9124489839581942e-31
0.013800868303187077
0.1253591458613629
0.734934258367542
2.4672165063814324
2.356763775042171
1.8557909947122033
1.801174471933259
2.2514531557907453
2.2859453050470235
2.3962638885771255
2.3635534984990283
1.0770262510216955
0.20532429430825508
0.19267461542034037
0.0003779261782905482
0.00042730875992093455
2649476570226471e-20
4437505732474291e-21
4015179355911689e-20
44432965329587853e-23
0.09152289092883845
23854970524428023e-24
14009685410819648e-23
0.03796972524102324
0.10873191159558716
0.2857795572664506
0.39103512483147546
0.47800388433600155
0.11259951983399863
0.31146526845204736
0.16378907680749746
0.26020224189854546
0.18263529340393272
0.34212284983045776
0.15005299679593304
0.14414722069811373
0.0003251788915166912
10624073535755215e-27
0.001081191960414834
9552848073764145e-36
0.03536314339632183
0.03605969644796697
0.005388108449734688
9345255498426293e-36
0.13654483889801272
5790726455634423e-40
11719537480050608e-60
0.06619151269550964
0.21402547490389354
0.052409744432838384
0.08964948926645631
0.00016319660411450056
6854088847957782e-42
0.5517071063802783
0.03070008670169958
13187471956554796e-52
29875437002364615e-39
20909296047517824e-64
0.05216736102584117
0.0494855665638546
6961409096972901e-24
8107050321005306e-65
13241262641787238e-64
5420231702664909e-36
8336405337332402e-37
15575074840407378e-63
15301889387141908e-57
15787751711546716e-26
9056918467423241e-31
947046164748922e-32
0.044122174603235524
378617592722279e-25
0.2787858776077222
0.26192619439684034
3295888633807769e-35
0.20182657457483374
0.7247134867374394
1.9326626769075699
2.400143845075622
2.215056908227569
2.314219251850217
2.129453624445272
1.5689491598323284
1.120741845688387
0.9007501381309966
1.0904551814405692
1.3547847536133433
1.4034533460776626
1.1724084395174503
0.0592383287252301
0.03547978108084772
0.0007741567305141766
0.031088068384355044
8278253756885638e-21
0.04412422401537856
0.37948950248665114
0.5870607844127891
0.5599982006882012
0.49734304340406327
0.8138472624107932
0.7380054630727625
0.6521207649634956
0.6109898555002929
0.3023767316354266
0.49482783910525774
0.6052886156866222
2288790382259497e-24
9089700622463002e-95
0.6312399693253149
0.9613558757695213
1.0870830418407957
0.9859120792581798
28428928410167456e-53
0.5766734943419007
1.5557494827294036
0.3130026722394077
7638295769436768e-83
0.06398422732973631
0.4209070539302401
0.48706722611675496
0.5492640041725368
0.33335498198816194
0.279188247571156
0.5419539389982001
0.31887282574888903
0.549442853589288
0.2776159670501492
12011044566545613e-21
7431669752943054e-53
0.4255420215838962
1.609440743330678
0.9804602533910632
0.05959315676240504
19619356643839376e-100
0.07169946792109211
0.2350879163656547
0.06892106274656773
2696323717710302e-74
0.1169274207009722
0.000383870203574173
0.2502309308683345
0.243417942665688
0.030928102369445095
0.09792765604350068
0.266176931446322
0.24580284631671828
0.18024663499019397
4035185427204729e-143
0.018245384516074385
0.9123350384239078
0.9428910000935108
0.9854121511496056
0.832164592866875
0.8560669332747937
0.7484092963183849
0.06046391803592118
0.13671734784923523
0.2301829206219901
7038501972113425e-44
0.6118981839754573
0.5940080826425841
0.3978256867096362
0.25428606484187233
0.19213336961472302
0.3010173958035717
0.5581354636709375
0.30867741385221287
16959225247420943e-118
0.11786555713008266
0.2918733238360504
0.3950093632342559
1069323515465208e-45
0.33837333776164863
0.05844569530432565
17653651596056637e-144
6007254840026584e-40
61067467607670485e-78
5571414279967544e-69
54784971067067275e-21
0.035709016373835764
0.5588221928523932
1.217546041606125
1.205669420926907
1.1761241463017416
0.7437283329455677
0.21065592196932517
0.22624540122258502
0.2874946759495096
0.23142343189648473
0.07262041254498482
0.0544320345862337
0.05702170813293043
0.05538915540384386
0.15170578855141004
0.18675160923586268
0.17547577585746804
0.6470520478163717
0.5048479183118337
0.03874882871550464
7504690273710799e-105
18489952299866385e-29
0.0001449019512802138
5433793531507097e-91
20573572236306997e-24
0.13050216606869797
0.40441656078562904
0.5540758318804524
0.6393654754926368
0.5198690755244696
0.15280423151437536
0.12971881687857864
0.1428233663849639
0.11831324179101467
0.07315988480909819
0.008458493304804198
0.05769872560841592
0.04197644020548504
4160471411645627e-43
0.0052641660348478544
9103325587423286e-46
29931943319886972e-46
22208943913143264e-30
0.0348836433282236
3526608532725599e-23
20228304533255277e-25
0.2542018416368367
0.1435547285046339
0.3660391415983102
0.5103525186876252
0.6244106755645673
0.42839156089256325
0.5630066688046643
0.619297959629912
0.1482955085343466
0.11939129293056439
0.02052715603640155
3660600151033251e-48
4673348696699484e-37
0.004710988429665316
24870121055326557e-36
66674534974681995e-25
2803929535453718e-25
10036234329631181e-54
4200074226879858e-55
5277490215476486e-39
0.008557930358111233
6542963461815157e-45
10252535199134066e-81
3970428154218175e-64
6293366249890889e-53
3519119325059743e-23
0.03503752991801226
0.04327118932185876
9787324984392446e-52
0.5898131172374533
0.1141448674785145
5811252529140463e-22
2308650093029329e-59
3297564474578525e-50
0.7378998830681436
1.3261137631790665
1.6229746586037168
1.998384007442557
2.00138322463493
1.5185125354398556
0.7787241956056027
3644292689625994e-46
10439983076050547e-44
0.4869165170541909
0.8759691520910194
0.6673282397737859
0.8029466108908351
0.5783907482676145
0.48722007071915097
0.19805496523257415
8699936216044576e-44
7772066585359308e-76
18485027482537284e-105
137665974015334e-46
0.22460830508899465
0.5022326393356586
0.43123660906072275
0.3039961942766657
0.6164518174883856
0.6264032580756467
0.5242617051270574
0.004255893425515677
7685213025170345e-169
0.4243160295640098
0.5910412947507294
1.2012803267715106
3.2558804931286547
1.17629568282562
0.8851067956625029
18982255852819623e-46
0.8845737129915691
4103376837014298e-29
2887057927461648e-150
4586144181634148e-62
1413060450117287e-29
0.3628575905145405
0.5161987150751172
2444538646103517e-95
29363293996026215e-65
14713424850946e-51
0.13517469405038088
0.19734163136501834
0.1859922991825501
0.5777133280662563
0.6930932184118053
1.24931023924779
0.7584995286070467
0.2912029523336245
5695879527279923e-59
0.5427692289966712
1.1287922817454115
0.1288867383917749
1966320448512129e-36
0.16509364281433886
14943154208084336e-30
1033813635477846e-77
0.21928358345061377
0.3465776665048623
238162158277826e-36
7184921785408462e-27
38710249386380145e-37
10913726954729034e-22
2806168176228918e-27
20099355524491582e-52
6521072361248793e-90
0.997701479110079
1.4078337242492944
1.2641761393566475
1.528456524560024
0.8917988415121122
0.39700853200938035
0.4078163479215549
0.9902919931521946
1.9594237528295682
0.7197837248597103
1.1759793073637175
0.43300976678807407
0.42820767980302743
0.850670897494588
1.011114054885663
2.795131443589077
3.1388821930412565
1.8203537686845224
0.23796205429114317
4861233556377258e-23
0.10316014003616192
0.16105833832576938
2217651088758869e-25
6384112326852189e-44
17646449309423872e-27
14799910414911895e-38
6790669648677106e-43
1441742538593677e-37
8947488000149944e-34
0.0002888291627162097
0.11402453194119927
0.1334524659735535
14620445108350432e-55
0.4471410627512993
0.43721139908641043
0.22251017295886047
0.15133667539460807
5209285536765127e-30
0.14836777762829115
7550291050368336e-28
2029374609704562e-64
6267311576457194e-50
6649626067543252e-54
25678536753980105e-79
6456867556464809e-68
2.0624238076989667
1.8672720691348719
18431526402771138e-42
5454012203848261e-21
0.6116767780813666
0.5554336062885067
13317373791249632e-25
25844284728941934e-35
0.00030221766296420244
12584613532148055e-57
4993524598932947e-89
5348698089007911e-100
13480702445350251e-24
4025608258224027e-48
31762773751132483e-35
0.20787878691294204
0.2657066696149641
0.3656160350124809
0.19773045446846474
0.1153416662515903
0.22439587274707393
0.5154460968650654
5892797722251107e-20
0.3477566976719156
5460511905090183e-42
17559072630106502e-25
2022485717796839e-25
6653833040412957e-33
5249431541182067e-30
1180954516017029e-23
1494625126012493e-25
0.12415846364754611
24874922259975083e-69
19546953047495783e-50
30494054495567694e-71
20292598288777787e-42
24854265934339366e-37
3.103324992364223
3.536982629531423
0.2022081909844659
0.8609381521285813
1.1891708200239546
1.2081418353576812
1.3153286308265717
1.0827726660803143
0.8864039550984092
13447603681991226e-35
0.43998397758557456
0.0017417726116656733
0.00014273651870542304
2717713425466101e-25
6340598994735456e-43
0.0003933927531381763
0.20660946113805617
0.19251024740217107
27557774604660624e-22
27554824956524717e-28
8615458659068309e-25
581617036169438e-19
0.5368407171710956
16248018166750204e-26
1.7248119380391616
2.8161236775479233
0.18004472446275
0.12533173279823562
6009663789468287e-24
8691356153583254e-21
0.0005610822797525313
6593330938379814e-20
11325821336813656e-23
15904751168184182e-47
39890306061353944e-35
0.4208184835435836
0.7753747432777375
0.007362731466621268
0.4029034352423024
0.0004331933555381355
0.24948324399788405
8358060411642871e-30
9397801668937055e-23
0.033172418111322766
2775711774560847e-44
11824439396406546e-64
6956720076063486e-32
2.7970125535454162
0.7797756448071778
1.0028854985080555
0.3574880354990131
1.0582549856105445
2.494521202234408
3.0152886169144475
0.6634744167941277
0.12103689076138574
2.5263023393338626
1.537904104771237
1.8490404398073004
0.3773969740330155
1.8689994473889522
2.184102859020454
0.2851766390263832
1226544397018809e-21
0.7362349710507358
0.4878278661344949
0.3919610526450072
0.322457945813402
2.3956894398358357
3.484049509105942
1.5015827752106559
0.27918748663843346
0.012033367603627934
0.7059824119777713
0.34028979889459404
1.0044777885329856
4.17276663249735
17939635804226795e-22
8.439390799554982
1.481281914821907
0.45533716904050275
1384459118145894e-38
0.6605854806190189
1.358429917720539
3.6158115477088417
2.3886833334690163
2766602957186814e-37
25776843674868593e-31
0.5641851367421634
0.8872378390873406
0.5026891055706478
2317619364020297e-28
5.786505843230382
3335323933293338e-27
5.108024355626408
1.412755523006596
8.994402857922758
1.609209004047482
24882830530813837e-21
0.10203807125188248
7642330667673145e-38
5479145669565631e-26
134750191506225e-23
0.5854989675531328
12.130015350261912
20891010562181772e-40
0.617290593725061
23300493348989635e-33
1.7745739219778984
6354876793884948e-48
0.8533951626707755
1.0399186053843315
0.0033171097823853947
44146957616088416e-23
7830016150898315e-20
1.2577847833765026
0.009306829206693765
1.6622259820460912
1.6250121760004386
4.543646570431913
8889855456239423e-31
0.3319268055149686
1.3488494477430022
3.0479649361843153
9658492481261568e-31
1.6186336341454235
0.6954812475182125
6.313691501051578
0.24814528071831718
12822658580029765e-31
0.6747875840064465
1.8333290882556976
1.2471622923562744
1.3818946890656671
14299042959582836e-25
1.2335197331414494
0.3333567092463582
4.852012407227034
3254746775608352e-29
0.0001623431329704132
1.0499004293319003
4845253093302219e-21
0.020466715724137073
1.6758197260839471
12867.833284221886
1.0433559513580108
124.64678341808218
0.2215345555741422
2.1670820261985644
4870163934429789e-28
7377096426721277e-20
2.964441102224003
5782827842836511e-37
0.00012508737404254888
11335577089229277e-28
4.182585116374612
2946011679408285e-35
0.0011452484827838797
1.3451595088537627
9231024768876914e-24
0.07926567816883212
0.8112448951990796
0.28101821462455684
0.08886588699072226
0.00359004204984061
4553725245603914e-36
6.046797917942572
0.03879258597529469
0.6703690677975497
1.0795908717963631
25001347062451566e-58
0.0022888688689169517
997847756316453e-19
0.0019987409235430044
23.46385083825541
8119771530044635e-31
0.00019400993174482027
5083600835971444e-37
7918082659150472e-27
0.1904924811632604
1.5084589293358321
17160458981068312e-36
1.5037617006894655
2760010499548231e-25
0.0004099514208817658
14821709874880448e-49
8.818472797602485
5102441485779578e-37
3728528400709937e-25
0.013204673462136609
14863850843891033e-36
5.777202795828377
1777764992594477e-35
3606976304339033e-23
3.518333746534546
13862844023409491e-22
1526439579406843e-33
0.7859414623516578
0.4371894385863337
9122642644010834e-30
36128122838900944e-33
26294376269789618e-28
0.004153761523582345
0.002626191812728894
1570166279142362e-28
28853507987116393e-37
0.7543590834850631
24708539634521736e-32
685459564759084e-26
10612730521383603e-27
5922550001530607e-25
1.6358750050473352
1.159454012565375
22220085405716336e-65
5203401032134022e-36
498394620415606e-54
21466531773139319e-23
1417879308340684e-128
16744068294987664e-21
6.048353756498069
14247609040891573e-24
9989934771040807e-41
22249578296677574e-38
16735633544928957e-43
0.15771291503856344
6809049517941739e-20
0.869408725361704
62313372464764685e-22
8180870706962206e-49
17477711897572103e-27
3778741516332614e-34
4436019965109979e-44
2943804272125821e-29
28285206060691465e-30
6049449529508086e-31
31972204528862445e-34
14817373157906933e-42
0.10282980378169501
2.5437443513792277
9411915108757096e-33
3847381160516878e-30
730569749578808e-30
2668376446748112e-20
7334373744193361e-20
0.019031894031600567
4.166221240326809
14638775129402304e-56
0.0005437519859048603
290387047650444e-29
0.6081778516881859
0.0008714831477976823
9153876243622292e-49
0.2944411632437105
28075163372488006e-36
18431995812941315e-55
18639536320972993e-21
7430428237580674e-53
2966971193894277e-23
1668654919058533e-48
12.790023452299794
5831701218403874e-29
0.6992413191966551
10382212261139239e-48
21203088614762402e-51
35045397560604e-42
28279330335198375e-35
0.8549629521435582
16115531262434761e-28
1800132978783818e-27
8787319111338329e-25
970394729990217e-22
6423977891766379e-77
2681266003246441e-27
0.00034833608840208636
3410585544593124e-42
3657526256259403e-26
16335114087406373e-45
0.08927974855387592
20106701745258448e-45
16585327956547102e-22
6800958976736439e-51
4133482277689139e-28
25666310121234117e-21
51555973881907234e-30
6961920304900914e-37
8782232593074298e-27
447907931302982e-34
2.911889667439732
1942158717253154e-30
511330167555953e-24
5365382039099724e-23
5173698792710914e-24
3574786197468885e-30
12360162065130323e-30
1920514718768e-33
6504647117134253e-37
23148439041448082e-30
1.464972151157248
11434122839721043e-22
28305204639259163e-37
32214329279193133e-25
1.6191160620679053
1307999342006693e-24
900601348171683e-21
3316115069291408e-21
8768097604797709e-23
6858355501097675e-42
5.536857407968512
16728953379765254e-25
1.2987159118025544
0.13511600481084168
219112082006964e-21
4763830707976459e-21
8350628153046788e-28
3922210283956247e-28
2870714451475419e-27
30709177387549904e-44
4210999552628678e-43
14732071081597792e-43
4725232095711109e-28
8423288590828353e-44
45708546045379555e-24
9.07144293237547
7052531245646557e-32
348757839438573e-30
6235443875829432e-43
6651639070604867e-38
10265827223305589e-23
1.1796940349139704
4970446338259209e-31
12375861725446222e-30
2.011363225605866
8306755066224072e-33
13425839999986484e-48
30571236103319224e-33
220936194219411e-32
28006368956110662e-40
516860258650228e-52
27855717458894584e-28
2301896054926684e-23
30040041153004474e-37
31601482563130273e-29
9866268056133654e-30
3482046585834149e-39
1396879081837493e-58
17890939931595107e-31
2.168954134988136
34201326358805615e-21
1174760324541057e-42
4174923849083723e-28
1.955379074322857
3.7972537415674674
8014869138281762e-29
7622008449856632e-53
28475105167272696e-38
9955899954733674e-23
3571222636929154e-36
23795800330635455e-28
3462410235197918e-29
15993567847938652e-49
2665156721630577e-21
57604080693624835e-47
8274141006193576e-24
30899094486620195e-30
17.376622125850616
7609752504635938e-21
13212440388860661e-21
0.10411483103245335
21868281411943563e-33
2.4453997687731337
3368980277922264e-31
13697206548644586e-29
10029174072525552e-23
6715186841211387e-34
12257782033230732e-46
0.9628024398299101
18911952866804596e-52
534002881220574e-26
0.34043642664819435
469969249194648e-32
33104641571567354e-61
0.0002770312578287855
0.03040110836797314
25209519192134423e-26
2.3679594841695653
2900962013041214e-32
607599040220936e-22
0.0032554202344081762
0.007360569622788189
9821343132378605e-26
9.400745949843301
1005330988168446e-23
13271472439690163e-27
0.00908181775917789
0.00017313403815540464
5514961058246829e-33
5341947196327902e-23
3175555515864209e-44
1996067115963164e-21
34049910897800786e-22
0.0033065045238516158
24990177272715577e-23
0.14629643027459116
5198411654842074e-25
24208226755166902e-42
42051896197016004e-23
0.0011395250515162424
3.7225440394900557
1796853105383166e-34
1470824655242055e-64
0.00015158938547866265
37326203499752186e-27
4271143448277168e-73
0.3091532804442928
6565284856244115e-50
4270478310702884e-38
8586410602121023e-34
23900768147263284e-28
6264966946444982e-89
25480431840411997e-32
4794197564209641e-81
8184076716460622e-34
1.9682206521032732
1766204602315433e-23
1672580432481807e-46
8392060924757855e-48
17146934300323383e-83
4921478498418398e-31
17052922038758548e-23
4050251027827727e-52
0.0011341972932088793
4544550295599503e-27
11715393734980395e-41
6.316083835468096
12117292106844183e-60
22.019173029023463
21699410675632584e-51
0.4800097986013531
0.6561308544269303
51662480171071735e-21
3839711526973421e-20
15522086131131172e-25
13426679835516825e-25
3702923279547237e-21
15038423522047503e-24
0.0005043529430397046
9881334246309275e-24
13871892679021373e-25
3.5188296842376636
3.070301694787947
0.05464115852152482
0.00010574242436843553
12590425238681609e-31
2281474415291148e-27
26826337246076453e-23
0.048496144079118994
15285912712289534e-24
0.011096027555922186
24830268816805947e-23
1.3422227790778336
1.0150180064070797
1.8702175970426191
0.0727426377496752
849653459877675e-23
0.0036445691263862546
1620495061878399e-39
10074141366219104e-34
0.00043487863219898525
0.07399618637207468
1625785116288284e-20
6751120609016702e-29
16329826570479448e-23
4133168960077429e-23
2.323390450379596
13943606158994714e-21
3036796753968187e-36
50995671752766874e-36
10.59513989970919
3761808086780137e-55
12320034397231327e-28
29717529706554247e-22
20930047267960176e-38
0.0022197596651960774
5572620995710275e-25
16670744105521769e-25
2172403774251327e-27
21518752616392464e-25
3073308993388035e-64
471571806360461e-38
6671927578667943e-20
7988178106480106e-41
1793004284519724e-31
28325766384537717e-45
14340384164876601e-22
6806248456440214e-24
24513620226392968e-25
19257117973301053e-42
9849963529933546e-39
3.0579221866155817
39687383711541195e-31
6215026584448451e-47
4868002151341305e-22
1110831692026115e-34
32397158125326154e-22
0.19546814575349866
5.788450193464143
7426007416536059e-25
2533651731517292e-21
8685211161129088e-33
0.840841706116185
1861605228349151e-38
7084970696909768e-23
0.0015711679587285486
20778926276028166e-37
95074501758937e-19
14899632644337862e-34
3124695371616287e-26
1987315055386878e-55
8423971433678015e-37
659776015963491e-26
9133763093439489e-33
0.6528216048942208
652510025970762e-32
0.21032887984825918
0.09008473986796606
7.3983307088842425
13393515086345288e-42
66.90935372117045
18993075788110738e-29
7236505845223843e-26
2.331158753430481
9068229206670423e-30
2630618178366274e-22
4.022666877718515
6561250717831436e-22
1782708775629036e-21
58539531122759845e-38
3593018517439224e-20
13134778492020189e-33
3869877744979435e-24
31028413388900074e-30
31192016293790775e-25
14719970812176716e-30
11.433095018287727
27252981316212393e-23
113048145193634e-20
5353553926717388e-34
1053868659293826e-43
4472066771429526e-24
6.132458321566842
3388875682586229e-44
2795909657425217e-29
1958612539816966e-78
25338338687903847e-21
446418647894898e-29
8021047364833675e-44
2.0727242902846608
2.58272060214241
0.0035246333817473795
1.8699146793121901
5091785901425892e-28
6856278687405157e-25
7837281295287933e-26
29798379990326486e-26
8826550768724637e-38
0.30041985991026965
2083899538857353e-28
14699216116835563e-31
0.023105084149678615
0.48554287103676896
8571617228359994e-21
47953772291283265e-34
22036042048740676e-36
0.42167781494337886
0.3614203720922711
40824008743870607e-29
21521770691518736e-24
0.7239584881721681
8234791297238945e-34
0.40804156365540795
7106487617699157e-26
0.08637340174990708
0.3864342500816091
2.427286241328319
0.0686931628167616
6708800131404933e-24
1.8014836704474895
0.28910840784309405
0.09086886116408668
5130577176357635e-26
12941790281685716e-21
0.27162497110757766
3.2315949798886106
2.9717454367684697
12264981456074763e-22
34458856654589805e-23
31392313339877585e-29
0.00045027147850018405
1.6588482993632736
0.07300422523112596
0.00014856386138474613
1.1016704261836134
2104341470536391e-24
32980507903679583e-25
0.0002598875757668157
0.002989013649523517
0.15844916401976408
29550252269851685e-41
5261924837329017e-22
7936746081520885e-25
10329999274619213e-21
1.3961682220837164
5351086010289687e-22
10779392738471773e-27
6.336393835875662
9318763214293696e-32
2817378874955733e-20
29768915348004577e-23
2.28259715313592
0.71539173390161
7617404508104452e-24
2.2364673712909995
1.2554465485200537
0.01361465794034172
0.06362931577498118
0.981487258639009
0.040548095276447295
0.08554944198258656
0.8077375278529388
0.17675138302128868
0.023854008597805676
0.00022541589412808006
7.655129792554349
0.00036864934822379623
0.1348744969013289
0.00012048276789304891
0.11394250733315929
254872984172278e-21
1.8890114217302973
0.9003435849180569
0.03513698377076323
0.09255462483498118
509750251611516e-23
0.016679175007861827
1.5969703826508548
0.02619581450836776
0.01807647131657907
6.392894342093933
0.576067500607484
397900162645221e-22
0.00010531699734411727
5455335990311598e-26
4886902175084767e-31
62766917946028755e-35
8.37295094906377
19062135048277437e-40
1.8763425194230567
13003135352594078e-48
20416526266767612e-31
3655439478016567e-22
1.0041622235874295
26519224554912154e-56
0.5249426028774252
8033252044249193e-47
763811509269588e-39
12569857502185173e-41
4208250574784677e-33
16712897423985036e-26
3998091685755873e-33
6966829035214589e-20
48208812962088956e-36
16791947038265636e-35
4.71361786473764
24074385148813503e-57
21.155536917750872
0.45023255763784564
0.3983216874104158
40852483446060944e-67
1088063744927451e-21
9080104786164194e-54
36423600325401486e-100
794781091557948e-31
1279401168677455e-34
3160959021837506e-23
6880085110635942e-48
23004761895149402e-35
1896673020609595e-38
1103969197922018e-34
6419946742433786e-44
5.304481459958262
15418090185136e-33
9522716296630101e-36
3427484415566197e-22
31196911352383597e-31
0.30578054218948153
25885435917583707e-37
1503248509540319e-82
279771350404294e-43
3571227530289484e-48
16598420121492853e-24
3711065903671542e-40
2065998250781826e-32
46845530566235024e-23
7432588577966637e-21
6248658265050307e-82
0.004189141480428168
7122611688538427e-43
17483527593227905e-62
3.5231260881656743
7628365478093786e-25
145169272418775e-40
13481994016844e-48
5916583252197393e-28
11853583659457956e-35
706921057722509e-66
42601628147448705e-34
5103863506246553e-59
2266998495469507e-38
5556541887044776e-30
2.092387118273315
0.22327908806923527
3.4579235639313586
0.004230439129142215
0.6112917041607688
0.0005290082392936715
19286247082329173e-36
2879507822983704e-24
2.9991833384346815
2253679288563433e-33
0.17475403141846477
15138224327701066e-36
20264488608500482e-32
5128114736394927e-31
4474278424607805e-36
57539154397185506e-49
0.03761311762148918
5009837353960195e-29
6784981417268942e-26
7794127190183817e-32
18194716001795252e-57
4644827534944961e-34
40.509783402510756
4306281425355401e-31
2.3209538550876045
58960844416892066e-21
7977501296702912e-35
42442574358244944e-26
13143388694211273e-23
2481659247084747e-24
0.54841866524155
32079607886487225e-34
0.00019542248517109736
25807975357989743e-21
15234046954814136e-23
520159945561145e-24
4240422789202978e-28
1.6180384377433794
63005131965091355e-40
0.000968720676594564
786460973977419e-43
23034057969756705e-42
0.00685034942518653
9281441516453438e-27
7595869327637266e-27
24519114095803514e-41
11025050936562838e-39
8155289586906274e-32
2.0104654128080326
8168545807229778e-25
12457144372475063e-42
23033734745191683e-62
0.8564953010446605
5301491670117562e-33
36603267627302992e-44
20264550140507325e-29
4.134096873462989
0.003361972039147116
0.48646918412574613
0.6378061849761105
3708309467956055e-42
33443103897095017e-42
0.7669265201085504
0.24718216352396552
20344220334515586e-24
3083402561322307e-30
6469394409761895e-39
4534503810210908e-42
8572059987596e-47
2280697592632621e-23
0.0010369075193303904
43617577883318456e-22
1858805881385856e-20
19641771801903614e-21
42466636103598696e-42
4856313888230924e-43
0.8526753865400536
1280053298422701e-52
3.15942399692528
2.9090808659408074
0.07424373016575987
9228438340331845e-54
1.8778241858887983
27970905898171864e-21
2.563404974973938
7.586216815922413
0.8879950026362377
17319094360888358e-24
2706124633291779e-33
0.5650967149658087
0.6655102097957475
14818498001727471e-24
9347424114371657e-21
0.9769840814602966
2848352149376549e-35
2.27015457938489
13657512516891659e-52
21160856752927864e-26
17182994718717797e-86
17293304450330826e-24
0.0015304299223450298
1625810885582485e-24
15645473457260403e-28
1915698449118072e-32
12545557901575579e-26
0.007343083948387493
3.611688263345537
5148819753401331e-33
3622400383053659e-21
29941189980104895e-40
18336929863956596e-40
15698425557758295e-22
9704065996551283e-25
8076099860954532e-25
3938235965737077e-28
3.212382982703947
7281639790414217e-37
5260179180705326e-24
0.032293236260431256
6817444875435429e-49
1232936385521375e-47
21747952122814633e-33
28333760150679853e-23
18579896212494324e-42
442401073506686e-19
16702921946969737e-33
2810567975077437e-37
26542949129435918e-30
0.7795708627082718
5822604013939717e-22
849680806807453e-41
0.0009032387051021131
0.0013517272470255483
27324237442795607e-26
0.24661595302950312
5427118890014829e-34
13323763550318808e-24
6508513702803905e-23
0.44611351033437446
1057534066671638e-32
28270721339688686e-30
7216507894152188e-23
4992539778815487e-22
2805592807454488e-27
10372540370894953e-23
0.0005018864524080771
25607245682675353e-25
0.0004239871956315794
12857003995957484e-21
8247418086805778e-25
0.35659869445734127
3781108118259352e-29
31442062256415296e-21
4007797065361914e-23
0.017467748374561443
4950430381621432e-21
10711758938616587e-21
0.018076522964861244
1.6550555871428716
10.192484260627491
10220621031438587e-24
2.7789671658832202
30937141202811817e-23
12448214582166157e-21
7832696446873037e-21
4349678690590952e-25
10859065513296079e-23
120609351909012e-35
10060190645771536e-28
1.5053991492226824
42218155657079565e-26
30536721853941e-21
18592051489536672e-24
9215553018198162e-37
1695706713503773e-23
0.0003165223890786192
3719385461588367e-32
0.09311963669034139
9883390028550703e-24
29598093965521364e-49
10.028885820755175
9014268105712158e-32
2456917866036744e-25
0.0010612401469225173
9658576945241473e-20
2433239539285203e-28
3498078640112398e-28
0.86477484792791
4.627341616632038
19849670855341948e-26
2081291566553537e-32
4.904506715227644
24927386751729255e-29
13350438819577891e-36
0.3176219603049169
5259879265960491e-23
17760727781990253e-26
1131828735845953e-25
7515248612251805e-38
1.7779307044149506
0.05069823615387164
16157519422112052e-27
18782858767382458e-34
0.38411777463544394
5449046680955162e-27
4626282007000322e-28
10339025352379137e-41
326862468996016e-33
4967940682774341e-30
21426600286969267e-23
2711215838247711e-23
0.26118369093664234
46060650275239085e-46
9134892907111208e-24
1.9562277977473697
8545293513151022e-39
2095394614268227e-24
5.4079004454746995
2.61034913894142
11718758894987666e-23
0.32542247085702425
2337820361345339e-31
0.0043390390915308465
1071595277557231e-24
10.281537213788548
0.0006880080129674461
4813557565823562e-22
3065237749098991e-40
0.0017161549182635176
6.033833369914911
1.7616404191288175
2.623801313202228
4.480521064024396
0.0002692988263351103
0.00024707312318954054
0.24568967029714076
0.00010654438938600144
9666897008838187e-25
0.7884642648073656
0.00018091211651634747
25637883722753955e-22
0.018186642083655852
0.000823239814025455
15.040082006259317
0.002811382488696464
1.480691164468458
0.0036813599194415215
2.3689351868776862
3.8103309045537537
6268386652232862e-20
0.14350255605281084
0.032468570778286895
1.1367771515105016
14891519230478504e-25
1.0359614010419842
0.7513515305257205
0.03641004161898511
11046524551601622e-21
0.6738961283182267
7468255838278749e-31
0.0016515622355398195
6.1080101850649635
16411402582007167e-24
6121409139707939e-23
7033863155917416e-28
66.88915188056238
18329754775384162e-46
43207514936390274e-24
44379105966654645e-51
22785313426183916e-32
1.1803728734491916
15176995423900093e-22
12429320078613196e-26
0.3922656318787187
24426048916248165e-37
0.012267483029318797
6182455621809299e-48
4.915173511858631
11095018675217936e-63
3463815772928483e-26
0.016280473417564518
28544831011663817e-42
9830676545716246e-36
5453024174247136e-54
4933035791661959e-50
1687728849570143e-24
5100693382935956e-20
7092229714766954e-48
7664592539813276e-41
3881576578177271e-48
2118932409328706e-26
3207370901044586e-30
10832950326041153e-29
21835420112411932e-37
18077662934657899e-44
13648814450268198e-44
0.13440541722607288
10.10804972924824
15127042564160936e-32
18016793956464723e-59
14676595068513213e-52
13643876358339906e-33
19825463884187933e-39
7564753222446246e-34
9095850442866882e-46
12208123161681734e-46
14566525499399535e-47
25183633827119665e-76
25793409143914968e-37
11543441196047221e-31
5532889001447578e-45
1.8855156952511416
0.00023919548184438364
6217755973698613e-55
0.9156954744016536
4.088593587396732
0.019763236271859514
0.14896032425746406
8085236304985314e-46
0.1682807258266835
0.8603350885184914
7136616978478285e-20
55535346722305676e-43
1.0002077925882709
22355498690989923e-22
0.09752405155264458
1.0723686763445324
2756338320492155e-24
1.9615073404875512
0.03143408676679567
1.8564744274202374
0.007316982297080207
0.6378753055761652
1.9554698784061144
1.9469383749069809
0.2972444980814411
1.3184659952541908
1.6083211374134956
2288223309099211e-29
0.5495114938431335
0.4737235760574561
0.001310879221649139
1.5686081414548674
2.446739754358577
1.5625346368755963
2.459309892298943
0.10897178825414564
0.27215472721653544
9534895510819022e-45
6062280216021507e-26
0.41053017755688626
5.061195281979226
1.367130606655426
2.29020757873142
4.504507719041948
0.20194895914422
1.1138516880126708
2.682886411041377
4335694304838996e-61
14592608576611578e-32
16080114648498594e-43
7.241656176399464
6676209555008075e-38
14895200878165654e-39
7326263756092192e-35
165661943040089e-43
1.8089267674940162
0.09021189099148338
1.7824108963469005
2.967405121505786
2264827730487474e-38
2.4788998744596324
69990438054048326e-50
5911766327185992e-40
6929209888972749e-31
429388023060057e-27
5632281415149997e-20
0.20978231895658517
4.131706585558363
2.433717510431478
3.995206939781032
33832235436252833e-34
2.4166261729110254
4816703829444128e-81
0.5875758537868794
2.65165555331219
20459680124346455e-33
0.005008074164146543
0.026683263341377526
2.5684938015165013
13171335203888856e-27
0.8454005843885223
1.4939899444173645
7129996076644828e-27
15736060432030243e-21
3.7594168760377134
0.00392315990632176
0.2642339603337826
0.11193048524759401
2099718791577538e-23
3.049158868137237
13819401845329483e-48
4934681648397198e-65
1072703009941055e-50
0.06357145430538935
2795326773261198e-35
2.6930532592940337
6.97122584585906
1.8650354919823082
25e-324
0.2502096594872081
1.093543535664483
7528646123020064e-215
0.18801518586855928
18777923470896967e-33
4917862371070586e-185
0.13312328748138974
4317935102928285e-65
0.16761287207467068
0.36164597241882995
18134441816056576e-99
0.050996344474822916
0.2841107635723662
8225122769338322e-24
7306642718478441e-102
0.192496129779048
14161204940211635e-33
3011577250891125e-24
0.22780936961241183
0.2073510092057565
7595075391586086e-94
0.1187744718403548
0.3888575068468637
18287718607589633e-119
0.13392244010661902
0.09350047174436871
15821223088323765e-43
0.09394444896850047
0.06204277123335534
24295565777597506e-202
0.07282566085928165
0.06937534972168174
1378505237089309e-117
0.08946596439847085
0.6765468189432529
0.5654902740125857
0.6945488049785608
1.4834345014056822
1.312690967589445
1.3381633511369735
1.7098351861020458
1.571793650905242
1.5773609154818609
2.163723249605457
1.951231689960359
1.920794505496151
2.302535412268984
2.0787901250882452
2.0748694265306744
2.3219718291391023
2.1483702520316235
2.131024049984401
2.3235230733838503
2.1719116946274215
2.1270946913689226
2.1873442318063834
2.1019111995034705
2.0644488900034585
5578587301605555e-39
0.026358703977760505
13769418263362458e-24
0.3882655152021952
3264139514515667e-20
0.12109418224659588
0.41876018974012874
2.168806026117534
1.936025709773287
1.6221880187931543
3.8785753109661885
3.094010487545799
0.6122189827981217
2.294901675403192
2.1446912893141588
47780295155334736e-21
0.00010286942365977627
0.003180683624172944
0.37300133780869066
0.0036733523120735124
0.06645047794598984
4418246000387254e-64
33080155464266813e-32
676959081847193e-27
850749029566833e-42
0.03200575687572858
6755261304618102e-43
2356094855769902e-32
0.046666575841011936
5951314136323123e-28
0.11592876888125173
0.018391953484346354
0.005735133906440505
0.356054492841861
0.2626551426672872
0.17926551188265896
14587902301112418e-170
3281464632778726e-179
721586808118057e-157
0.17207687139723088
3609674109639805e-47
5069321465267302e-56
0.3944818890220379
0.2881310200374178
0.2869992033952214
0.34894446701867565
0.16158289212962282
0.10914222737441423
0.24562883467677138
0.02481898698126914
0.046281693595447974
0.0002690423846306541
3126147586659572e-37
1361608954341167e-30
0.00013362195973517512
0.035142056580745026
0.08530033456690679
25982914518857446e-27
0.0007683795621395796
0.001247316597098389
1.2518070177119154
1.3615208616116599
1.1346205943106153
1.0615371805273133
1.255454464051108
1.1562516803365082
0.44246561886340247
0.9192269883732083
0.7565636837010042
0.6041338849954142
0.9302793773161566
0.6077981438820872
3413635525877639e-24
0.15157982853009214
645738300463013e-30
33594977062308727e-38
0.09254926132180663
0.04470459661268808
0.3406122634527776
0.35679550281603245
0.47467011365149464
2.1909995969535534
2.3193503137399274
2.0537030901234097
2.592572559303121
2.4429882072498788
2.2726508810407258
0.450665583601168
16799113795937038e-42
0.020025493704033892
9603033874201756e-36
2631606611796158e-62
0.2549215690644349
0.00038815501533503825
0.18323330451378025
0.24301998127223365
2932532180552261e-91
3911275921001017e-78
4347058742986549e-64
31653828723122388e-59
5525408462019681e-25
0.13523629644241078
0.0810922849283956
13768016764116126e-49
0.21710039389422425
13268723791076986e-56
0.07919844468115464
8976186659093888e-32
0.09591918523217341
0.4535859208095071
0.3259629111957917
0.5749563971918478
0.46277337813407
0.305803992314859
1.0157296620775382
1742434227301668e-128
4266587869672148e-46
0.43364002477868335
5070201421092886e-55
5990381780754272e-50
1247872284915062e-34
26639089458005143e-151
0.32954413367149304
0.19868900105347595
0.07507830466086916
0.5721416298571745
0.072281448476751
998298810928113e-64
0.3526008823434155
0.13480827077315005
2094818500819912e-89
0.24627381022930447
0.49397700856697097
3606299013340189e-58
0.4503840734947876
0.6208191754648109
16534561491490715e-219
0.19874363872677034
1.1182508028987166
0.9441009845084305
0.84700702637785
2.251429915065996
1.2303920263353545
0.9737201827856383
0.7061109221388426
1e-323
0.20444959559358722
0.16808308447194606
0.08464211599035189
0.22575321089723865
0.32566984228445495
6692751306546134e-78
0.14611764203554733
0.2559534866323295
0.18729425790775928
0.23301617275452538
11307285230952823e-96
4712965565700424e-24
0.1349772407769865
0.04046183355179469
3688029119722189e-41
0.15807291243621377
5044806381015274e-101
2107589137865618e-33
0.15635545741584522
0.21072773495559982
0.14783323069696722
0.2708862533882299
1.6708719103379903
3083507452732152e-83
0.2689702123168402
2.893080868037247
3101578623135331e-73
0.3312651964173237
2.9676901643216445
1907e-324
0.3194061456092432
2.4970815386552805
3e-323
0.242928001083334
0.22375070802942545
0.3073022506062394
0.30410564230716824
20323489254242158e-98
22808178217526592e-152
46830322400048184e-160
0.20986783594662017
66569056349747215e-177
8384310243642797e-161
0.9657403916713674
0.0783146922144557
0.07306681372913562
1.1144806565117138
0.07907570125017392
0.01748197303515684
1.1649320760259985
3393367725048682e-24
0.06108541128600025
0.6238102959316645
4545579019557947e-123
3203486349760526e-50
0.5201240120022944
0.37202009783574885
0.27332145063047325
0.9139995912517621
23954378713142804e-261
0.06770597101874765
2.047746886411194
0.6110780006509231
0.41311185019613794
1.8736514390168841
0.331718980877842
0.20571583842051602
1.393111338650812
6338028161623277e-61
3747304466593308e-100
1.2295922221733373
20509674318476696e-44
0.016251594251526946
1.1780304845842815
4709878951503771e-75
0.0011643595199103468
0.905416063998052
8863384287611671e-110
16001646537257617e-53
1.5087527036108266
10431070021430016e-104
0.050669347635548145
0.8343133608413611
16998804951162167e-246
14598101675212153e-173
3363102989364184e-42
8020387657318428e-73
5179771374080664e-133
5900631565450045e-50
11334067432966289e-47
0.039319182457247824
0.3722828032708282
0.19779658739369657
0.2431874306628502
53162195382742705e-22
0.08313147350209055
0.07022218406780208
0.28708572360662604
27522115108710073e-118
1734571737715555e-97
0.9889607046808192
0.48697293350331894
0.5372760068006619
1.0310034822105145
1.238677638876989
1.2658404140231965
1.0032019014033653
1.3407230478801955
1.3656294616871094
1.1363108636989834
1.304730413392211
1.2181604753517634
1.7354772328030692
1.9892997896964582
1.860880811689668
1.223879950966028
0.9354163579369491
1.0881298682035199
0.9591343767616148
0.4544813310480177
0.3160031006011379
0.7178776377928497
0.4592873932967641
0.3394694482047867
1.0572591683297663
5933264312524474e-83
0.10854431939236156
0.6899936638036894
0.19012864477733554
0.19449619937172893
4572045314596824e-141
0.11916592232195233
0.16785126638600842
16945080605247249e-87
0.10214315215541671
0.15237377863496618
11764256230947815e-115
27387949204926642e-40
0.12349038990575469
0.21533322881949854
0.18784019951415912
0.22185391028691956
0.858625412807847
5343732066767712e-112
0.09045493133144537
1.0179332963555463
3165095393830315e-55
0.05272516414549651
0.9732545624144253
10163487346347893e-212
5450216325571215e-72
1.0688815039741335
26292638185212117e-119
0.14606523620208853
0.4444606455348798
3e-323
0.4414262134117612
0.8456056198030991
0.23511323219323585
0.8566161900531204
0.8672410122258037
0.35329678508217127
0.9253161614241198
0.7284137154647644
4232072332563996e-88
0.5373917388282646
0.756711517549909
0.17875698236882487
0.6845824004271784
1.3976976047135004
11426283728377764e-84
0.33224360164353484
1.5474406361440507
5e-324
0.24078081514259925
2.04660272659617
0.946964093362668
0.9451694302769706
2.3502384435915453
1.2215206412854307
1.1502305190445075
0.5263253391264887
1e-323
0.11135061646781452
1425866987390787e-164
16078566622354598e-270
0.16521908582198588
0.31835210006716563
0.08742783527294921
0.2653903684600546
0.5516524272571244
0.3376893754671807
0.37951903171535906
0.6162885340675449
0.31012324599625146
0.5044092833409992
1.117501841480243
0.1715105378065651
0.44867899718714227
0.38994773057073884
0.38809671653320266
0.5158345466330316
0.032047628820785254
0.4203328482470005
0.5455089058675481
1.0504958819137549
2e-323
0.12417352184040414
1.35476321110525
2e-323
0.09242951635067956
1.3954617043659414
15e-324
3237021964648363e-83
0.0002328109912888381
3413608514041419e-21
26654774477092393e-38
9170604726985152e-53
0.24239294542274653
10617242133794235e-35
0.4375070063597205
0.005603294410579429
0.10666561256089503
0.07056608130051117
0.0004732222633332802
8898474970863943e-24
0.2020206804744015
0.860377467601251
0.693806358126192
0.951799191024642
0.16342478519466475
0.3261244863915461
28700724380125795e-51
25579870527129517e-36
0.003086894924637718
2963538898539998e-43
0.6949389916058601
0.7887060812219427
36880791040200515e-24
12841875745167915e-107
4942016135768022e-46
4019757601364346e-30
42503461756465205e-24
0.04306327968380209
0.024823982190189685
7932140622368673e-69
0.25971321864852476
5015559422949973e-42
3139742747865838e-83
0.17023774657235846
0.9236387460378808
1.079162338221049
1.3269378944743242
2.5943155814051644
2.6408774646400244
2.791088401284948
2.27306644954957
2.323462475152476
2.3858761344285315
0.8677116663436291
1.0570498381528801
1.203459895712551
23092878597882343e-37
0.00021383761922745965
6363187356733121e-20
0.003154289511235436
28097174046739163e-25
9071916419635471e-21
0.33341415751879566
0.34860740724816414
0.509825182982554
2528622964792883e-23
1229162363180474e-65
10389355009850669e-66
0.8263946680044735
0.7993081635432143
0.7282339814088856
0.7844308301048049
0.6832755050941391
0.6701204094474422
0.6278122742045904
0.5418957640222769
0.5375325779386019
0.8611264713665447
0.7867559444489338
0.7296524671885157
0.7149320164095434
0.6083554055854983
0.5550082783018236
0.17005657410170588
0.3043602650934906
0.322239134477319
0.029767865672153948
14444540486208508e-38
0.07263459912033006
1733838261481247e-32
15783837778507888e-113
7012426385037517e-100
0.026157329931309623
0.0019197206984212243
0.12916305995074587
2612419136761017e-20
298319347597148e-210
0.06678512544613922
41621838058637295e-31
23779362120459963e-251
4504843578914439e-45
0.11569615788734698
0.013813673192275177
0.06068756303554741
0.8235112019703876
0.313117371792307
0.3400255633523211
1.4572778323841094
0.14396807075731913
0.38345320682909245
1.4273978983191729
747980422799178e-32
0.3044563792259372
1.348826860487277
4021245804295256e-96
0.11147697913909344
2.24757939079471
0.3206777157424841
0.5822269873002434
2.8110860791354826
0.2099917288796675
0.442138022491647
1.5065464869741536
9226017027579009e-209
0.0700972817273029
0.09581062540897674
21292697748448525e-272
1070928019792569e-65
0.07927148157885318
0.3963213189151804
0.018661900077496192
0.5573933080142554
0.8845278168830754
0.3306260220201138
0.7338784506658709
1.1921893242164516
0.5037857954302168
0.21655831563698524
0.5139567606381372
0.2123459603998946
5112759025277556e-69
0.03737912640438008
697156858382377e-171
5314723588255116e-72
0.26108348194765224
0.11539683268207492
0.15925293921406863
0.6032298619567651
0.41542228519830304
7078545870993313e-25
0.031126498601580253
5783518090136745e-55
955351016040942e-20
0.44606892485486993
0.2514292434066672
0.26937236054062635
0.5328540636002921
0.3862842634322512
0.12651469274688845
0.29411827156802633
0.24604394015097575
2526119108623851e-136
0.0958916416590715
47331871652966596e-197
0.12628214516751735
0.3112247979721574
0.10562722199046289
6918748477457756e-81
0.2510699774526097
0.20023653895680507
23539081631932118e-141
0.15308313254444164
0.15437381653892732
5352841020467968e-34
0.14043819582807635
0.22020882842730904
12772261433591493e-28
0.0706551558237226
0.02397797497059919
0.014749925652507082
0.35829290793077323
0.06011383158132114
1.329563278052884
1.396914391955117
0.7487613046176765
1.7607378417786497
1.4374081058452337
0.8751835049960858
0.9004895479313396
0.7670021004610522
0.8876148294135536
0.8998933695794673
0.6998957024312323
0.8713481016724814
0.15148393878889982
0.4996507837223566
0.6531718889366269
0.1555898846079207
0.18916124708641965
0.3409669441524884
0.2263835063949187
0.15119628446931055
0.22012639445119817
1.9542066714346413
1.8289063840058657
1.7195240613821021
2.2662589783464675
2.108711400869293
1.9573332845686902
0.014601708378165655
0.06468857907941564
0.14800530129947959
0.5034871585157553
0.43298952806033186
0.5628650102526817
3.364144232376888
0.971968383179706
1.4530759171597336
2.9691458997084292
8782562703326967e-183
0.3157791813635313
2.0317208549212746
23017011365669157e-76
0.2814817609201486
0.8170330042040101
2406760344384673e-98
0.22034466955728174
27172519735186453e-38
0.09219792365243505
0.27534560954418696
0.20381769689774804
6066749761278292e-116
0.0616822985730035
9141469976759819e-26
4206867174081723e-40
0.23279377630107806
0.016435479325134426
0.20791696580090907
0.47250572394099577
14445252487961577e-98
0.17615808020582394
0.5186465897812809
1.1299941581434372
29665967342042776e-258
0.4023215755096972
0.046596466955235054
0.10712588036038634
0.4816361993061055
14013741190138e-31
1e-323
9749336756273687e-175
1.206732551446477
0.12870512006025345
0.337785549847397
2.047152364933873
0.086289238511465
0.19452566670072635
1.7890411512881417
9910179532049163e-23
4115892604053304e-28
1.732079485299533
7503695797341716e-163
27061882054418613e-84
1.8982043642561572
10084901969878549e-199
18056195282659493e-58
1.8603267531404042
4890346284916267e-120
29890898312940122e-50
1.246059623941962
0.055064448652146304
0.1079583659084548
9052344017866889e-109
0.012995045071525529
0.0019565301229313567
15071866103959804e-63
8975261934998797e-165
3137148444157141e-109
0.10099996157543456
13586034427627622e-161
0.03444322168042667
0.2745462394008076
0.14744288402176214
0.23829780515198415
0.2729723735723311
0.24211771109622432
0.3486119132108627
0.6970276880724133
0.6164532381782664
0.6494708594615547
0.7253445257314091
0.6075460749913847
0.6338189161574107
0.47870169317486844
0.4520256359315074
0.4622752548474665
0.45900167303204004
0.4996892653945964
0.456509253096621
0.5632924669022465
0.5364968788695688
0.4878579842593016
0.491382092026372
0.37901339491190295
0.36353094599736047
0.5356523251102121
0.4589195142480818
0.4186628977230558
1.170058185953481
0.8684656286614231
0.9531829813430538
1.163958237855956
0.7669252019373448
0.8795670138004172
0.6755892228443009
0.5418014903037769
0.7321020831998787
1.01051903395749
0.8569966214081336
0.9130803471901825
0.9255090840587695
0.7568457627723367
0.7644981230599323
0.3398006760723093
0.0008960715516796465
0.026250989460723673
0.5165332029911038
0.13296868629133324
8569244979209498e-25
0.8450553044042349
0.6069190328055624
0.4334397897683914
0.3802602020497831
0.2572462770336177
0.2430442542256717
0.007415106244394594
1.0462228613742197
0.7955026250472239
0.3151910657723291
1.4085311570575338
1.1553719678601262
31547155760244516e-192
0.1894561175026075
0.24552493471648498
0.0034836358562131972
1677873918608535e-41
0.2679975797749702
0.3014935755508211
30371969437832874e-54
0.19557366250103106
0.4327158583449574
0.561797675118053
9984507212258387e-52
0.43323467072949967
0.6136844868482223
26614048830322146e-105
0.09752018970050083
0.5181566435381441
7515618277203706e-86
260243677364281e-77
0.8450336203688013
4627277771498251e-36
4291915563501004e-46
1.7255090928854588
0.4553172914418908
1.2175300378315659
3.021332890104301
1.4992036847287786
2.9315283048693037
0.14954453152860514
0.272554285996531
2.6542902905372014
24777465693815844e-109
49009430794533935e-49
2.7170876452167194
11024032179424338e-82
0.07938937270017293
2.6888701195103444
0.1053516340317965
0.27661981833369004
2.4096229540347442
2318080610977454e-211
6306530693217879e-144
1.6549364748011024
13622024949300667e-27
0.20782430025671567
1.3139375687865593
6381304543128387e-69
0.04057446851527419
0.255440761802779
1813490126028548e-172
4545120347126336e-195
0.00019661840670480725
7787531836160833e-42
31866410483913376e-21
0.3389635026333836
0.23627490963220169
0.22222531346570462
0.45118264870815517
0.4713398174159645
0.22670712560652495
8972750629243809e-32
0.10776255516694848
7267118884385486e-116
4824915759949464e-141
8154208277787588e-52
849196192614462e-87
17084160190931928e-84
0.12037714517919913
776069954533331e-84
0.11965122259817518
0.1529997525858194
5765648235198817e-47
3886414501200381e-26
0.01613311878695156
22330232241979813e-54
0.23935843458716655
0.06546449687176668
0.09934606271659945
0.2604833538499877
0.1456180011078799
0.20459433972842622
3905024414051194e-22
0.25260386919762196
0.22371183142023407
0.18814031093148642
0.21235358841181987
0.3206628264518136
6110469362928688e-58
0.0004947916354943532
0.4076076261796126
12639104564165843e-40
1768517901561155e-42
0.1628161965167095
19392551532602768e-22
0.013360824979092025
0.13419553284659091
0.0348089973195732
18865399544589174e-30
0.1878027050207592
0.5251933871602147
0.15141845916839547
0.49349984248723894
1.007608647606371
0.04786142552449919
0.2970620376189932
10373208638818126e-40
20124929217923554e-36
5164999298689822e-25
38149236013189756e-111
1789867481079207e-20
6865129316548411e-29
0.16759166577894744
0.0002599486098911658
768806579004079e-20
1.1885273570479795
1.090134390969993
1.0638453610949195
1.9175591385253699
1.738138275295916
1.8407951608786506
11678835562347723e-43
2262867158781351e-20
0.5256962006649903
6116787783494047e-116
12454729890228627e-102
0.3546735738113555
5882174168174732e-60
0.10422892925227856
0.5035522264981933
8106707650326554e-35
28336267254931435e-87
0.25308989852567476
0.8371512413013101
0.5168467841198279
0.8537424305904517
0.00012045099353465995
996979322899543e-51
4751200909997128e-25
0.2602951130636496
19846436187485787e-48
0.003236127499809738
2.7575892082116
18123968822027016e-35
0.5848558285402559
2.9697164589090566
1.1333396868097572
1.362070788539809
1.774443933550884
1.4120673102770598
1.5180111033605128
1.8108854219497172
1.4366434606662433
1.5416077565102444
0.8711273276604717
1.1924905842901141
1.2418287576223963
0.8263636384270671
1.0391833557601617
1.049899296186931
0.8110139034786901
0.8816184252152109
0.8628629855468576
1.0676162251360215
0.9868417990834293
1.0513777129363924
0.645092169885863
0.4859276771137137
0.4759777756016437
0.14070482862508935
0.3162805982966778
0.3167202488432035
35242879766879777e-25
0.03749662120760095
0.03487925967475396
19931275899806698e-30
30263746107432727e-28
0.05397829101566554
2227048144124991e-42
7621461470507505e-165
10132894955058548e-60
1.1096829002502058
26205355899675136e-22
0.29763851428522414
1.6444989508368344
34964636273660992e-59
0.41802731437609686
1.2320567004992278
4859800531291531e-64
0.30886718759616794
0.42775555741782323
20919039970349254e-120
0.2536532519378476
0.541988021113391
14672461177116888e-67
0.3659246937437787
0.0988505761855808
7153502816617396e-40
0.2627405832392322
25612572163943087e-92
0.15716059379071678
0.5601470417438075
0.9484693607953785
0.48438445271810415
0.9742498829392511
2.387620779987906
5165320943191915e-136
0.5256614173468381
0.016031472058824728
0.16512496851749436
0.03412786510438176
0.014146366771641977
0.47087206574700596
0.06616199854704823
3.527304699199214
1.553955797090907
1.2690098798896416
3.0333934184813915
1.9460444392042042
1.9797284738636973
3.7647599988390277
3.246664459687084
3.2553546685114005
0.00011936953015699592
0.00011998151025771984
11856571622114692e-23
22060331258640786e-30
19439565312238866e-21
19418051137642937e-23
0.7534623711743137
0.007533471557364801
0.017192558433842067
26958582359278014e-32
22583247897906783e-36
0.008924119303351848
0.002543268015106761
14473827785804951e-43
25010090893994675e-23
0.3933192920341494
10073045836169572e-93
0.00042862228220891306
2141239156729195e-32
13085231079628372e-30
0.0027114213472182163
0.0005440682674041583
11463229512233413e-35
4650411867508714e-29
88735856595861e-21
0.000926365643320465
17715482304258633e-25
5375925245195817e-23
28969695173135778e-53
4381930095288815e-27
0.1053682335532378
0.29672692316672483
0.26607835498198457
4259046586025123e-36
0.036875687384933804
20086429959383094e-26
14023813815705393e-57
27989083123695372e-21
30584233087177705e-38
52961497973551154e-27
10062611574737376e-40
16729594042880698e-26
5527951315105703e-33
1871776069462025e-92
10125032167771199e-79
36415634785425084e-105
0.09204206290246632
0.008111623379607458
1100575722914651e-42
0.5037786250879703
0.5517837615574815
1.0050193299146357
0.3948713194600221
0.4404313263684704
0.43107279684423844
0.003875505078475034
8845244582102302e-20
11400577461532649e-30
7560232858731889e-24
2174050049031996e-34
24618800248545523e-28
0.21499806579279498
0.07297652791950682
9524639099604481e-26
0.5274547241428043
0.44046825395842454
0.15740933547016353
0.3423722108152125
0.38448601630146945
2.3041891647541353
3.3303122686545548
3.4455308632231665
3.4428415056417303
3.0221160098084456
3.1723946966921397
0.803436337301263
0.812443822103217
0.978261514778809
0.2552935120269097
0.14501588648721264
0.0959148235330898
25400853112972543e-111
8876297089762757e-178
11744463170918314e-107
18562381056945574e-23
28128598081939435e-43
10136526006055101e-37
0.7703085812722168
0.3535834416273523
0.2509255696105683
0.19135630402421655
32597467783900003e-23
0.019789203578221684
2778988646069956e-32
8450151790306206e-53
20683413397056647e-30
6691285810431234e-20
3977009114905397e-32
0.07560878784831045
8237939503593139e-27
12110786270307804e-32
0.050234288469813586
0.49970126317059255
0.2641964177249661
0.38775847513563433
0.14157331054131184
0.16009988061038063
0.7819846302945945
1.4416844989194448
0.9939299727323967
1.405308033443151
6515390255303062e-89
10919619804787697e-124
0.3463367847274802
0.4418080504392404
0.20935953771274907
0.46989271524546333
0.5690090205409577
0.29900880770954785
0.39118944301739084
11238864707696596e-25
5067136626431404e-72
0.12914934912499582
0.09172987080217442
0.06298367765082241
0.18273376413889855
5125205632074145e-103
4995416919978567e-137
0.07818691136103749
0.21532034993172502
4487981022646552e-29
0.2560893996568829
0.4650014076812163
0.40527745375210605
0.34322351003466
18917791701902856e-134
7080031005486629e-75
0.05465786440774521
0.4164236029389869
0.17617995666751993
0.6218666433270624
6485789993473754e-32
130947755492818e-33
0.23035129446843713
0.5593174831701203
0.41871339529096113
0.6038519463887387
6541496617492595e-32
978677318725233e-27
0.1693620564922391
0.007987959872953832
0.0007382799472281271
0.044087024429120394
0.9150797697289389
0.011608923452847749
0.2162058720175935
0.4038617551000899
0.22009365690319213
0.5502318613075209
2.5501122467036494
2.5296233021901453
3.0416559119401194
1.2566760764511642
1.755811388016158
2.0514586324560207
17472425165934255e-60
0.3228892202286021
0.007503484275414532
24454581969305406e-34
0.00035098051360160664
0.0065426040099286955
0.2843148226163222
0.00010263303271335253
0.00019940189499956498
0.6585005600235074
0.012030779877541175
0.011246167794448413
0.6150270203310131
0.1429851613830823
0.050929448818970165
0.6200191863749168
0.6239325283361846
0.4702456820438396
36807041901525255e-35
0.2176756572479149
0.1123715151217385
10550223074871952e-78
10375356231016353e-40
22130230798681302e-37
18278818910319388e-28
9740257952015394e-25
5343316168816564e-24
0.36001223806229976
1.0369480434419416
0.8915816294125671
0.029544124128870367
17033885565998876e-25
0.0626932575769131
11302821415749785e-45
24376322202870209e-48
33612709869646215e-28
9632219861065997e-58
1994882229292028e-29
0.04772821644040099
0.2287576407711753
3932627683370737e-25
6476774417730463e-24
26692264141251042e-49
0.05259705311633193
46375669451044876e-22
7150742312968806e-63
0.6479655987504567
0.17690020586141397
3.1142120607731814
3.7930796209712554
3.495821521142795
3.8803201133788146
4.180033473295632
3.631397734706593
0.19996942444662216
2.81199764324186
1.8817259089599436
3060644668623847e-70
1.6945484091350593
1.1032420986088411
0.4907567101761927
0.5563526806220491
0.32816852212709796
23239919123805e-24
0.05639568308689402
13547954659636136e-21
0.24936860094009092
0.20156394098005326
0.19540372858070862
0.001382002882919642
0.0007691527493608426
0.053471063782246066
26370897296324807e-28
0.02440091307196201
46592514856229775e-51
0.05328705509400005
0.23839076810737497
0.18165211827849748
10305436423345361e-59
8774135514612538e-79
4174395596224812e-73
0.0801773007057841
4782184169223359e-68
3719891114279245e-29
0.03351418202493385
0.004019787758029596
489851692375115e-23
2124047518906109e-21
13437091512262536e-42
0.040530344122129865
0.06274906103779036
6651167254191238e-123
0.017183514115051746
0.2535207451248621
0.319281263625394
0.4103365521808971
0.07963219759859337
0.10273626409346494
0.25322535726317463
25465051944146926e-191
16369502848496579e-128
24740456049787253e-93
0.7183375676429327
0.7480052509070848
0.8278880770567077
1.6647703990705023
1.5651476737089527
1.7694455097209076
1.2018228728556484
1.454357214404199
1.462217196056913
1.1773858595767626
1.29347107679922
1.181843891987723
0.13473244134780005
0.12772112050084125
1034016464570098e-45
5723713534053438e-115
5706408974593932e-274
10151670575322404e-268
0.7028734180082067
2.355594358405636
1.8354644381524985
0.5331302177205111
2.1607885539886618
1.6557487267355246
0.2928729344086228
1.719768897330202
1.2769280775717626
0.07608368544797756
1.623661444674005
1.1840100995131626
0.3273376678629551
2.1495903369366016
1.76543533355373
0.24394684020615467
0.6994183219039098
0.6445653423006689
0.08256572476269626
1789198491628143e-244
8782008269952316e-90
0.9623853332892942
1.37641613114604
0.9542994252585004
0.506207785901932
15e-324
0.03583926553697318
56797630026831144e-114
0.11495653467746177
0.186571305326388
0.0026792997278492197
0.4232409278349378
0.15389754777751344
0.23997870649419017
0.2114766683525562
4633619880589246e-226
289119940694562e-47
4962737228746223e-296
26682040430846015e-254
3288903607921418e-39
4430846830616549e-147
3523762697874539e-61
8988764468875445e-123
6687784118362958e-59
10684357127503678e-26
19391449294394802e-46
14563583202194752e-155
12268612932517236e-80
0.007756921947718699
0.031060340249283915
14601772112601455e-23
3640348150165621e-61
0.2953590928684425
0.2057538913447689
0.5478650487102074
58184973463359166e-24
0.12780482724655387
1.3410738844067325
0.2821210222812892
0.6430758799237356
10210666541734248e-45
0.5249567021905486
0.22358455964103166
23785210100204913e-49
0.6165487095287624
0.1911911237901703
1.0002506506062185
1.018394032715974
0.8182061159927979
0.7172738554893509
24576664722292683e-24
0.25978559962737696
1.643151795302178
0.9801999258211379
0.9410526868528115
2.008751615109698
2.681767178609558
2.6041043291939547
2.0779090815260814
2.4244980028608727
2.307023771001394
2.1395766192562036
1.654070885188402
1.675402713967835
0.8951221621147588
0.0037252307613881617
295528317895505e-33
962876259290734e-47
42709932593147866e-29
18627459681608884e-31
0.4220318967515375
0.46344716174578626
0.36077063143613525
0.2322480076796007
0.2488023812157977
0.35321500068306994
922354704423854e-113
1272693587941406e-142
15843357122032957e-112
19677000005052258e-27
3553012119171173e-51
4283820454478377e-48
44828062631535197e-39
6673316502458472e-34
49307805437863464e-40
10289675212204326e-28
1623795648810885e-27
10735497031277085e-32
0.0378173959617098
3509832462524078e-22
15113183580538023e-21
0.12019414703836541
0.014900132558674188
0.049917416615203075
0.09337074088040355
0.1534063919797552
0.05106549269591843
0.1410581785325147
0.12998496509016202
0.04616228978625112
0.5303642432153515
30801402661336794e-69
0.1503301067725449
0.8129996723613933
0.5593028778225198
0.6493760976018765
0.887088143227708
0.9132359975322015
0.9935607019325771
0.9679777765057475
0.9277691556660215
0.951006177047327
1.010130217974461
0.9717752896450166
0.9454304927612672
1.1129126879177331
1.3077291314422683
1.268986835398195
0.7143477617261854
0.39941543707659843
0.5129690716725759
0.626605318953084
4065879701703745e-249
3430860449369177e-236
1.1795339349806515
0.6058143146392011
0.3612649374417296
1.351874010243204
5e-324
6107408855029009e-38
1.1334423591080414
1e-323
0.12776677762288124
0.2739018121252376
0.12363817672404685
0.21613928342657934
0.2298817123212811
0.20514967215312174
0.2301592160410638
4670844709145154e-39
0.2706078098296112
0.23197912659956096
8562494783358988e-244
0.36672844920076825
0.2298275209395117
0.4608605525426312
0.32118864126913343
0.28374462657552524
0.532063839862159
0.07523124581708686
0.047665606984561404
0.12299318653093319
0.0009251125365770585
0.031880461411639485
0.2615858796208504
212458101573739e-259
0.08436376911333789
0.6792827494411965
15e-324
20431857453418124e-38
0.9940054480339773
0.955835010141002
0.9542498793588714
0.9431378999145228
0.8290751098725379
0.8578280287327602
0.11384201837201167
0.5713881848756704
0.5814960396562309
0.38183221809748147
0.5900570098050398
0.48458606686654887
0.041316033307723904
0.11903347850907622
0.06033323974864851
3915544872425527e-21
24927155987782928e-28
35984391724573437e-47
0.43681228892657903
0.309313147159533
0.24903368674251222
1.6960562028834265
1.7507343831280526
1.5829812676646027
1.6222163697999128
1.7277683011045069
1.552003426742074
1.069454870111054
1.9326822590179766
1.5979325300948855
2.0974802018665013
1.6272100436465808
1.783774830787503
1.8218869585082276
0.3046751705390832
0.4345253378306098
1.0022444276670273
1952551107977397e-97
20950397898778584e-58
0.7917941940810553
0.7195678722031845
0.5181047790470057
0.8703606082916948
1.179540665168068
1.0062909784872622
0.0021365807575964195
16939671089784786e-71
40906715735608407e-38
5049060253240512e-65
17413754353254115e-44
0.15584194217302574
0.2538736593654957
0.1491369260981428
2920494194202501e-25
33894072560563106e-60
583076651231688e-101
7758995694024115e-106
0.5001572167989342
15993043284182188e-281
15208265325781064e-174
0.20393514217093195
0.3084539190308449
0.000553027444602068
0.018841465144914367
0.2906589922968666
8413807171633499e-31
0.6073971591679851
0.6415189301794026
0.30986968741092946
0.314160362673565
0.5354065805365166
0.3382502821651522
0.49413724067562115
0.7832221964769339
0.5586775175287442
0.9187201463519143
1.1090029405565494
0.8882284264127901
1.1213973226138636
1.2760233423656244
1.088048290156146
0.9574406348602823
1.0523806134185996
0.8742755532066129
1.1662249102905415
1.1815445349806806
0.9752032777620776
0.9453187144910246
0.966895785745089
0.7893732913708649
0.7714052104035585
2.004852371348354
1.4550923579643125
1.3723541641127686
3.203772407013816
2.64603729092241
2.395798760332853
3.4366759640777325
3.165977256409653
3.037970983138994
2.9768804515026104
3.0747501628172667
1.6245583680301867
1.0645813642664497
1.4505435379668628
0.4021586220618778
7046572661906392e-95
0.25618872956506605
7481297653545298e-77
27749055600945854e-70
0.14788154811589285
0.18748850272638276
0.0796798874601675
0.46512069529193406
0.2878139746944602
3867306042135471e-153
5901932218412717e-56
8358692630233133e-101
9044284565897431e-49
0.24666210510856343
26814764832506286e-22
0.0008595425393114123
0.04080203000560296
5132402245087099e-20
3969479461962983e-23
2778780037924276e-20
0.12094881018717944
0.016979269786542326
0.15227132326636095
0.25525048060123684
0.0018273355899375292
0.09392638840577111
0.585689046616844
0.26492375817339353
0.40021669618929595
1.4940270373772517
1.2906502070296102
1.3288474444425693
0.9467217419745501
1.0731061981115728
1.0807434960660771
12677448670809183e-27
0.02082190421754778
0.002494244378935399
0.3298146425901401
12211048912720042e-26
0.007405993775304453
0.8110513225070685
0.0589601536052511
0.3626094495371795
3100191256388039e-24
8360584755131131e-44
3164993423460045e-22
4594603239229939e-46
0.20304696730747704
0.4861972743100297
798946645367921e-25
4936763468734165e-24
0.8454657138436251
1627866222862897e-25
0.10915672848896277
0.7651353845807503
2.420604967377601
2.7378938449607593
2.831159266333976
5.54260920395067
5.03221988602456
4.823366352684059
3.3129244265857283
1.8036739678457534
1.5502432453630943
0.1955609709510687
26327080994732544e-132
18189762784211947e-152
4868117430698496e-45
0.723616228341373
0.823496517583101
4360319130074888e-70
0.45582077318270936
8159992715301116e-71
2.1530563553296336
1.801175485955673
1.9336297705099155
2.1947491853085364
1.7746901230228853
1.9312432517118037
0.9326078221294358
1.414562641219309
1.4919896521987197
0.9964366480200988
1.2425563443051135
1.2409148928813716
0.7883482893006315
0.8253248706394797
0.8377472263965945
1.399495756935059
1.227273656240183
1.2994780115528017
0.6031442700484207
0.45155434994623167
0.558047206923359
0.0007097679239455363
0.20075545449590904
0.3581801863380736
20479748704318036e-76
9705441168225854e-62
0.09739027121234593
0.22790334891387443
1963901165754355e-57
0.12757281278172242
47927114806732596e-33
14594522315781724e-51
0.12606117301429196
8277252482625634e-43
0.3472342314861081
0.28750027451537746
0.4662636370684107
1.0897347946108205
0.46364778401716356
0.42927859759117015
1.2432602065451084
0.3260597705557409
0.3356254508445795
0.8887429864552318
0.15158686822310968
4939488067194633e-46
0.41601834068320914
0.013821254410653145
7285136082261316e-88
0.33767029340053545
5677301624057201e-38
5787960570111428e-28
0.2640338371066592
11860114413619382e-43
0.3968329163524082
19689117340971959e-35
401273308640057e-57
10022979965165699e-37
3273296807033311e-41
3708622323005803e-109
1.8359338625771096
1.8052459266375849
2.037311982453281
2.1828558478195452
2.2014613894260413
2.4075707418776577
1.568047300697369
0.4903214107874396
0.7431696919273294
0.9437814973545732
4358365210770299e-48
0.27032373044876856
0.8728372919749317
0.2430440013574173
0.30315206543594136
0.5283796723522032
0.18266089578798944
0.2001068677155164
0.4155041332294781
0.3006766401387898
0.31917313848327833
4607339246713907e-95
0.16060736300266057
0.15336771065027782
6698785767516412e-25
0.4735356736353141
0.5400611641714472
0.49785689802752636
0.372743435735955
0.438577797955546
0.07611133396878283
0.037556260794114095
0.13912280172570388
21016708361389842e-143
40517092262371685e-166
13272515882439142e-105
0.1845843392141036
0.18126309838150403
0.17240944326712365
0.13184198889858514
0.17571092743586353
0.1667304469207055
4266169621327558e-103
12903170576503417e-89
1251680801718063e-26
31222219182340407e-22
12191145689903291e-22
0.1018359561061933
0.26897529361095524
0.17305995571306138
0.24201602515779982
1096160001348944e-44
1446528109044248e-29
0.060954462871245285
14382097304149885e-62
0.014175573240455482
0.11822111584824746
0.31026015557071707
0.2987631298428979
0.4015367751452839
0.3166890137124789
0.005424153227726316
9484051676343594e-27
40616140143005365e-67
2146204072929999e-62
9354418798512938e-40
18242643774633472e-23
34734759546198986e-28
0.035354156861977334
0.1440442283078292
0.4303192460979569
0.21641226226008894
7974314952747704e-30
21051535011101093e-47
20933728767230086e-35
23390085702941073e-34
0.203088212157245
0.017588233079580927
0.6524936948481606
0.5337159287784269
0.640959798566357
25614619611018823e-51
0.02834280312928076
0.10697310236010342
5118774236219913e-42
0.6173501709873708
0.5579829661084935
10298035895336542e-36
11758315351519419e-40
0.00017248991683157662
1.1987844076118441
1.2350480213471817
1.18132765070911
4.0913682422673565
3.8016962950285604
3.052015841621248
3.008378812318265
2.575407287158657
1.7498938431616085
0.5656628792896587
0.34587698789399396
0.075143732994559
15441929917398355e-58
11329975762176573e-67
12351126903842754e-30
8166120995870252e-72
50348159817843815e-74
6847272851004535e-41
34151992884207967e-26
19518746525326587e-67
0.16763045042669586
15740245839846077e-40
938347170879686e-20
0.26048814212193855
0.06331365699216253
0.6009617337183809
0.7238270889546553
4227794089662729e-88
0.25822159381782905
0.48357756483690695
