1554509961.402082
1554509962.488545
1554509963.509675
1554509964.529128
1554509965.524024
1554509966.566859
1554509967.563256
1554509968.619835
1554509969.848557
1554509970.901688
1554509971.864278
1554509972.898762
1554509973.880131
1554509974.838555
1554509975.80204
1554509976.709819
1554509977.668506
1554509978.562248
1554509979.496328
1554509980.354539
1554509981.342535
1554509982.323013
1554509983.312914
1554509984.420582
1554509985.45763
1554509986.456856
1554509987.477507
1554509988.330829
1554509989.444714
1554509990.399122
1554509991.384694
1554509992.352329
1554509993.407135
1554509994.372891
1554509995.400879
1554509996.476186
1554509997.518997
1554509998.68172
1554509999.767938
1554510000.880996
1554510001.93353
1554510002.850526
1554510003.931425
1554510004.969605
1554510005.832438
1554510006.656546
1554510007.505489
1554510008.403888
1554510009.485898
1554510010.516469
1554510011.494251
1554510012.409031
1554510013.479866
1554510014.448344
1554510015.433575
1554510016.387507
1554510017.359849
1554510018.312879
1554510019.222292
1554510020.196168
1554510021.300571
1554510022.440484
1554510023.436407
1554510024.402915
1554510025.408904
1554510026.295428
1554510027.390767
1554510028.40647
1554510029.396579
1554510030.394958
1554510031.328386
1554510032.416797
1554510033.417418
1554510034.503067
1554510035.543754
1554510036.552735
1554510037.633825
1554510038.544412
1554510039.43628
1554510040.368322
1554510041.561974
1554510042.647528
1554510043.710943
1554510044.75251
1554510045.829963
1554510046.826522
1554510047.95435
1554510049.010782
1554510049.966666
1554510051.036822
1554510052.117083
1554510053.098484
1554510054.204793
1554510055.389909
1554510056.3324
1554510057.332265
1554510058.286365
1554510059.206194
1554510060.140571
1554510061.265931
1554510062.163283
1554510063.132282
1554510064.004149
1554510064.92778
1554510065.926895
1554510066.940249
1554510068.034147
1554510069.034151
1554510069.899688
1554510070.788826
1554510071.633898
1554510072.611474
1554510073.663328
1554510074.582796
1554510075.510003
1554510076.436255
1554510077.285287
1554510078.186307
1554510079.091
1554510080.300445
1554510081.50327
1554510082.617442
1554510083.612285
1554510084.856277
1554510086.019562
1554510087.189751
1554510088.168102
1554510089.119774
1554510090.106194
1554510091.032618
1554510091.863721
1554510092.793551
1554510093.894064
1554510094.71927
1554510095.709784
1554510096.690315
1554510097.643106
1554510098.661422
1554510099.635332
1554510100.728928
1554510101.613108
1554510102.756953
1554510103.712061
1554510104.748834
1554510105.756631
1554510106.665852
1554510107.496051
1554510108.356279
1554510109.301729
1554510110.200438
1554510111.122475
1554510111.984204
1554510113.065428
1554510114.036649
1554510114.960569
1554510115.859936
1554510116.782482
1554510117.851097
1554510119.110199
1554510120.201933
1554510123.118348
1554510124.130742
1554510127.890168
1554510130.899402
1554510131.844276
1554510134.151256
1554510134.97589
1554510136.824721
1554510137.968626
1554510140.226022
1554510142.819542
1554510143.755658
1554510144.728931
1554510145.760096
1554510148.265821
1554510149.399317
1554510151.932109
1554510152.906496
1554510153.796833
1554510156.257079
1554510157.224225
1554510159.767704
1554510162.060553
1554510164.151737
1554510165.718913
1554510166.603671
1554510168.486265
1554510169.471625
1554510171.721207
1554510172.693411
1554510174.971624
1554510176.479819
1554510178.577348
1554510180.607729
1554510182.685909
1554510183.705507
1554510185.244717
1554510187.19827
1554510189.035851
1554510190.069797
1554510192.276725
1554510198.346925
1554510199.398522
1554510200.412446
1554510201.40002
1554510202.544495
1554510203.549842
1554510204.599116
1554510205.501977
1554510206.407884
1554510207.464616
1554510208.628033
1554510209.652629
1554510210.643567
1554510211.635925
1554510212.716753
1554510213.832481
1554510215.236067
1554510216.2857
1554510217.239686
1554510218.319653
1554510219.390178
1554510220.368627
1554510221.333162
1554510222.376345
1554510223.488058
1554510224.485382
1554510225.518216
1554510226.525764
1554510227.632111
1554510228.626921
1554510229.581906
1554510230.700083
1554510231.815551
1554510232.847238
1554510233.735131
1554510234.689508
1554510235.610051
1554510236.708858
1554510237.964464
1554510238.899183
1554510240.051726
1554510241.096569
1554510242.369972
1554510243.299499
1554510244.334118
1554510245.348329
1554510246.391783
1554510247.406722
1554510248.348826
1554510249.415134
1554510250.341532
1554510251.493943
1554510252.470701
1554510253.555306
1554510254.539897
1554510255.581352
1554510256.78255
1554510257.842732
1554510258.84498
1554510259.892839
1554510260.958554
1554510261.977628
1554510263.016241
1554510264.150012
1554510265.263671
1554510266.366617
1554510267.466802
1554510268.529205
1554510269.503136
1554510270.505647
1554510271.52169
1554510272.492779
1554510273.530905
1554510274.564521
1554510275.554648
1554510276.521752
1554510277.569132
1554510278.667147
1554510279.865647
1554510281.080086
1554510282.136413
1554510283.267823
1554510284.291667
1554510285.304901
1554510286.25204
1554510287.102663
1554510288.111893
1554510289.120727
1554510289.986131
1554510290.86258
1554510291.900074
1554510292.885765
1554510293.834751
1554510294.821571
1554510295.825976
1554510296.987032
1554510297.983791
1554510298.945376
1554510299.905625
1554510300.760454
1554510301.737795
1554510302.713815
1554510303.723384
1554510304.744508
1554510305.68537
1554510306.64839
1554510307.574638
1554510308.456483
1554510309.364273
1554510310.318544
1554510311.190866
1554510312.147413
1554510313.311983
1554510314.414252
1554510315.558664
1554510316.529216
1554510317.533191
1554510318.408373
1554510319.304553
1554510320.295287
1554510321.288424
1554510322.322933
1554510323.551153
1554510324.632758
1554510325.754769
1554510326.735944
1554510327.761933
1554510328.668966
1554510329.674168
1554510330.600584
1554510331.495366
1554510332.530573
1554510333.601087
1554510334.50942
1554510335.48366
1554510336.519064
1554510337.516482
1554510338.588864
1554510339.558096
1554510340.513632
1554510341.628787
1554510342.648683
1554510343.6107
1554510344.596628
1554510345.476003
1554510346.424626
1554510347.483929
1554510348.617657
1554510349.561034
1554510350.544491
1554510351.494142
1554510352.57497
1554510353.671908
1554510354.615349
1554510355.647014
1554510356.776678
1554510357.761475
1554510358.717546
1554510359.718688
1554510360.738892
1554510361.71308
1554510362.621734
1554510363.631475
1554510364.578095
1554510365.445535
1554510366.352107
1554510367.284041
1554510368.269867
1554510369.259369
1554510370.222899
1554510371.200072
1554510372.121321
1554510373.044567
1554510374.018714
1554510375.009514
1554510375.967662
1554510377.04215
1554510378.056492
1554510379.101986
1554510379.994472
1554510380.964794
1554510381.878113
1554510382.953506
1554510384.018541
1554510384.972949
1554510386.05754
1554510387.031274
1554510387.959061
1554510388.915507
1554510389.913728
1554510390.922995
1554510391.899731
1554510392.935036
1554510393.972676
1554510394.96181
1554510395.98345
1554510397.210766
1554510398.22672
1554510399.110394
1554510400.059832
1554510401.124514
1554510402.121899
1554510403.175425
1554510404.005233
1554510404.921862
1554510405.993318
1554510407.02563
1554510408.061653
1554510409.055452
1554510410.049831
1554510411.132437
1554510412.121308
1554510413.119905
1554510414.122659
1554510415.178961
1554510416.304917
1554510417.37401
1554510418.526617
1554510419.621553
1554510420.606728
1554510421.581397
1554510422.559845
1554510423.462426
1554510424.427145
1554510425.395595
1554510426.351274
1554510427.31728
1554510428.32974
1554510429.248519
1554510430.278809
1554510431.272078
1554510432.249679
1554510433.310893
1554510434.322112
1554510435.357577
1554510436.343585
1554510437.304741
1554510438.272385
1554510439.325458
1554510440.442666
1554510441.528842
1554510442.480937
1554510443.538589
1554510444.548297
1554510445.474463
1554510446.523284
1554510447.474797
1554510448.440225
1554510449.448163
1554510450.469582
1554510451.560197
1554510452.502297
1554510453.465383
1554510454.377512
1554510455.487956
1554510456.555835
1554510457.566993
1554510458.648246
1554510459.826827
1554510460.882578
1554510461.846925
1554510462.780987
1554510463.713438
1554510464.65368
1554510465.604281
1554510466.7555
1554510467.737059
1554510468.64852
1554510469.570522
1554510470.508139
1554510471.450091
1554510472.3883
1554510473.285919
1554510474.157488
1554510475.103791
1554510476.064493
1554510477.066672
1554510477.964419
1554510478.791406
1554510479.714641
1554510480.760398
1554510481.708829
1554510482.69738
1554510483.836866
1554510484.936194
1554510486.012007
1554510487.131522
1554510488.448588
1554510489.433094
1554510490.465605
1554510491.469893
1554510492.455842
1554510493.333547
1554510494.326273
1554510495.320698
1554510496.333846
1554510497.379869
1554510498.370702
1554510499.33248
1554510500.228425
1554510501.333389
1554510502.317086
1554510503.198351
1554510504.03639
1554510505.123086
1554510507.666171
1554510508.608056
1554510512.40173
1554510515.497452
1554510516.47099
1554510519.144325
1554510520.254161
1554510522.072022
1554510523.121767
1554510525.769159
1554510527.771933
1554510529.982361
1554510530.925545
1554510532.008137
1554510534.029865
1554510535.027731
1554510536.388996
1554510539.003651
1554510539.96519
1554510540.948217
1554510543.892577
1554510546.442113
1554510547.35549
1554510549.627973
1554510552.151062
1554510553.150102
1554510554.181718
1554510556.293842
1554510557.225869
1554510559.308198
1554510560.386973
1554510562.906187
1554510564.572528
1554510566.620772
1554510568.772149
1554510570.896005
1554510571.926516
1554510573.473363
1554510574.997115
1554510576.614196
1554510577.707795
1554510579.730787
1554510586.204064
1554510587.360721
1554510588.345634
1554510589.391011
1554510590.401724
1554510591.410415
1554510592.390435
1554510593.464381
1554510594.488758
1554510595.495184
1554510596.511535
1554510597.60341
1554510598.800493
1554510599.957316
1554510600.971624
1554510602.088594
1554510603.114501
1554510604.084287
1554510605.043813
1554510606.075874
1554510607.049724
1554510608.100074
1554510609.081509
1554510610.098644
1554510611.046281
1554510611.947803
1554510613.12461
1554510614.206433
1554510615.183673
1554510616.414261
1554510617.952522
1554510619.222528
1554510620.32646
1554510621.461911
1554510622.599906
1554510623.641198
1554510624.706848
1554510625.856667
1554510626.928845
1554510627.959543
1554510629.044566
1554510630.083616
1554510631.058767
1554510631.990145
1554510633.01625
1554510634.016502
1554510634.969758
1554510636.130917
1554510637.246731
1554510638.48907
1554510639.590928
1554510640.652642
1554510641.797142
1554510642.930061
1554510644.150087
1554510645.283116
1554510646.44279
1554510647.508591
1554510648.530251
1554510649.676463
1554510650.719315
1554510651.730783
1554510652.700812
1554510653.666899
1554510654.64627
1554510655.614171
1554510656.782534
1554510657.886667
1554510658.998744
1554510660.054687
1554510661.268007
1554510662.269033
1554510663.261306
1554510664.584089
1554510665.656684
1554510666.632577
1554510667.674524
1554510668.705832
1554510670.10206
1554510671.177096
1554510672.32678
1554510673.406622
1554510674.482712
1554510675.519351
1554510676.543301
1554510677.438759
1554510678.306993
1554510679.298923
1554510680.345967
1554510681.425723
1554510682.506453
1554510683.589556
1554510684.540604
1554510685.466245
1554510686.457057
1554510687.436888
1554510688.392409
1554510689.354348
1554510690.236983
1554510691.142439
1554510692.25649
1554510693.355043
1554510694.459899
1554510695.469384
1554510696.440898
1554510697.332012
1554510698.337754
1554510699.345416
1554510700.444483
1554510701.538734
1554510702.923388
1554510704.063483
1554510705.332429
1554510706.283677
1554510707.46911
1554510708.49585
1554510709.663135
1554510710.640138
1554510711.853773
1554510712.973602
1554510714.161301
1554510715.188252
1554510716.222357
1554510717.261492
1554510718.429644
1554510719.47779
1554510720.382485
1554510721.492879
1554510722.581965
1554510723.600216
1554510724.522935
1554510725.540669
1554510726.574782
1554510727.584866
1554510728.663001
1554510729.728907
1554510730.77427
1554510731.835028
1554510732.891098
1554510733.84529
1554510734.935703
1554510735.884633
1554510736.838781
1554510737.743547
1554510738.590679
1554510739.62512
1554510740.629554
1554510741.705303
1554510742.857824
1554510743.895545
1554510744.898789
1554510745.850035
1554510746.747062
1554510747.738657
1554510748.784791
1554510749.716005
1554510750.684206
1554510751.659215
1554510752.651881
1554510753.672114
1554510754.674436
1554510755.846649
1554510756.872452
1554510757.874877
1554510758.922468
1554510759.769652
1554510760.646248
1554510761.502784
1554510762.397877
1554510763.236816
1554510764.194507
1554510765.287387
1554510766.300922
1554510767.233465
1554510768.25902
1554510769.263326
1554510770.177752
1554510771.120461
1554510772.104751
1554510772.96056
1554510773.902803
1554510774.854478
1554510775.885832
1554510776.88578
1554510777.878048
1554510778.866239
1554510779.711258
1554510780.55337
1554510781.475307
1554510782.448298
1554510783.348662
1554510784.308745
1554510785.188896
1554510786.230357
1554510787.315576
1554510788.355872
1554510789.401134
1554510790.36442
1554510791.210017
1554510792.131277
1554510793.146687
1554510794.278293
1554510795.297291
1554510796.345678
1554510797.392919
1554510798.358263
1554510799.324028
1554510800.352179
1554510801.328798
1554510802.289918
1554510803.268214
1554510804.237609
1554510805.182978
1554510806.137915
1554510807.081288
1554510808.06521
1554510809.162474
1554510810.190926
1554510811.202481
1554510812.177485
1554510813.137931
1554510814.139626
1554510815.061514
1554510816.052452
1554510816.959772
1554510818.121061
1554510819.048381
1554510820.022575
1554510820.962678
1554510821.943002
1554510822.925339
1554510823.972821
1554510824.993658
1554510826.10004
1554510827.229238
1554510828.330527
1554510829.27127
1554510830.187224
1554510831.131314
1554510832.082409
1554510832.9787
1554510833.9784
1554510835.020837
1554510835.925798
1554510836.895667
1554510837.869799
1554510838.841905
1554510839.743466
1554510840.775687
1554510841.887823
1554510842.881973
1554510843.948804
1554510844.99492
1554510845.976346
1554510846.980049
1554510848.052889
1554510848.947512
1554510849.885997
1554510850.730525
1554510851.558766
1554510852.400792
1554510853.320393
1554510854.285081
1554510855.272598
1554510856.212882
1554510857.141177
1554510858.06028
1554510859.018404
1554510859.906154
1554510860.816216
1554510861.737184
1554510862.729049
1554510863.681559
1554510864.682537
1554510865.665769
1554510866.677398
1554510867.711112
1554510868.642248
1554510869.535584
1554510870.479643
1554510871.427947
1554510872.544287
1554510873.561425
1554510874.503809
1554510875.301709
1554510876.143341
1554510877.028192
1554510878.005687
1554510878.966427
1554510879.812628
1554510880.849903
1554510881.696204
1554510882.595358
1554510883.534811
1554510884.479491
1554510885.52833
1554510886.423444
1554510887.231774
1554510888.055272
1554510888.974832
1554510889.878981
1554510890.914066
1554510891.968669
1554510892.943503
1554510895.746054
1554510896.812896
1554510900.312802
1554510902.769282
1554510903.682698
1554510906.611807
1554510907.599717
1554510909.383064
1554510910.365852
1554510912.272234
1554510914.342847
1554510916.93906
1554510918.11906
1554510919.235507
1554510921.974821
1554510923.028103
1554510924.561244
1554510926.645076
1554510927.561474
1554510928.596834
1554510930.991582
1554510933.561082
1554510934.592808
1554510936.826273
1554510939.200566
1554510940.328399
1554510941.344417
1554510943.407764
1554510944.394596
1554510946.127493
1554510947.164505
1554510949.287107
1554510950.798956
1554510952.363216
1554510954.42154
1554510956.543139
1554510958.090175
1554510959.795796
1554510961.201599
1554510962.289352
1554510964.37208
1554510966.054597
1554510967.74686
1554510974.293769
1554510975.288426
1554510976.312432
1554510977.299595
1554510978.285389
1554510979.268797
1554510980.233997
1554510981.150635
1554510982.258241
1554510983.349267
1554510984.365142
1554510985.401367
1554510986.400565
1554510987.385152
1554510988.404549
1554510989.545833
1554510990.559771
1554510991.521923
1554510992.763951
1554510993.810616
1554510994.795601
1554510995.68309
1554510996.622113
1554510997.648511
1554510998.756349
1554510999.993154
1554511001.0889
1554511002.060553
1554511003.093609
1554511004.20281
1554511005.193524
1554511006.221712
1554511007.224729
1554511008.098922
1554511009.102987
1554511010.072474
1554511010.94447
1554511011.897388
1554511012.875315
1554511013.824422
1554511014.767482
1554511015.695118
1554511016.666137
1554511017.816465
1554511018.869774
1554511019.795761
1554511020.715065
1554511021.652019
1554511022.610205
1554511023.681862
1554511024.786221
1554511026.022605
1554511027.145603
1554511028.047936
1554511029.14468
1554511030.036315
1554511030.992974
1554511032.122811
1554511033.319147
1554511034.35948
1554511035.364508
1554511036.262829
1554511037.277962
1554511038.167294
1554511039.157334
1554511040.207495
1554511041.183575
1554511042.273887
1554511043.320771
1554511044.593736
1554511045.667398
1554511046.657231
1554511047.695154
1554511048.772214
1554511049.785877
1554511050.7513
1554511051.713203
1554511052.714394
1554511053.718217
1554511054.675743
1554511055.696171
1554511056.840968
1554511058.075651
1554511059.229125
1554511060.453106
1554511061.488752
1554511062.47608
1554511063.344914
1554511064.240155
1554511065.166199
1554511066.005351
1554511067.056738
1554511068.066412
1554511068.938652
1554511069.987552
1554511070.878163
1554511071.858323
1554511072.925618
1554511073.865088
1554511074.869465
1554511075.802486
1554511076.809837
1554511077.759497
1554511078.960575
1554511080.21751
1554511081.38759
1554511082.519871
1554511083.614724
1554511084.594354
1554511085.66806
1554511086.611048
1554511087.655494
1554511088.596303
1554511089.620654
1554511090.758857
1554511091.7433
1554511092.705541
1554511093.752729
1554511094.840524
1554511095.911163
1554511096.93147
1554511097.877546
1554511098.854307
1554511099.850833
1554511100.785721
1554511101.867202
1554511102.865195
1554511103.884235
1554511104.948426
1554511105.947152
1554511106.922315
1554511107.853458
1554511108.897053
1554511109.88573
1554511110.861677
1554511111.894805
1554511112.887835
1554511113.766156
1554511114.756473
1554511115.814222
1554511116.888327
1554511117.860059
1554511118.820148
1554511119.714325
1554511120.753098
1554511121.883204
1554511122.965238
1554511123.949987
1554511124.878773
1554511125.763713
1554511126.830955
1554511127.760153
1554511128.680042
1554511129.659791
1554511130.555213
1554511131.450987
1554511132.472821
1554511133.521234
1554511134.507117
1554511135.538444
1554511136.563755
1554511137.549242
1554511138.48161
1554511139.400287
1554511140.391291
1554511141.48532
1554511142.6849
1554511143.711576
1554511144.659186
1554511145.52153
1554511146.47034
1554511147.337106
1554511148.307943
1554511149.380441
1554511150.355312
1554511151.488908
1554511152.456407
1554511153.432601
1554511154.373292
1554511155.297433
1554511156.335967
1554511157.391406
1554511158.487079
1554511159.576309
1554511160.567464
1554511161.63735
1554511162.624993
1554511163.650776
1554511164.626306
1554511165.589768
1554511166.607278
1554511167.646765
1554511168.707209
1554511169.682358
1554511170.546786
1554511171.56577
1554511172.626785
1554511173.683162
1554511174.952059
1554511175.996055
1554511177.049563
1554511178.058554
1554511179.054904
1554511179.977435
1554511180.940266
1554511181.896856
1554511182.875308
1554511183.819803
1554511184.867227
1554511185.856621
1554511186.851913
1554511187.782029
1554511188.836342
1554511189.863831
1554511191.062397
1554511192.080992
1554511193.214879
1554511194.2168
1554511195.141867
1554511196.039609
1554511196.950277
1554511197.816056
1554511198.889246
1554511199.903296
1554511200.811611
1554511201.804168
1554511202.729934
1554511203.666315
1554511204.660803
1554511205.569452
1554511206.50619
1554511207.479377
1554511208.401938
1554511209.371928
1554511210.303668
1554511211.316224
1554511212.230159
1554511213.086269
1554511214.111893
1554511215.01193
1554511216.060901
1554511217.142095
1554511218.122701
1554511219.273308
1554511220.160977
1554511221.10891
1554511222.040563
1554511222.968172
1554511223.835642
1554511224.830471
1554511225.831453
1554511226.830711
1554511227.799744
1554511228.652474
1554511229.507374
1554511230.381381
1554511231.323657
1554511232.293117
1554511233.266361
1554511234.266454
1554511235.265047
1554511236.178807
1554511237.227406
1554511238.123956
1554511239.080018
1554511240.046576
1554511241.02996
1554511242.018971
1554511242.978292
1554511243.939337
1554511245.045964
1554511246.02069
1554511247.062995
1554511248.059435
1554511249.174678
1554511250.283853
1554511251.31193
1554511252.249469
1554511253.162452
1554511254.065442
1554511255.069628
1554511256.092326
1554511257.157609
1554511258.070707
1554511259.064319
1554511260.093799
1554511261.165833
1554511262.042105
1554511262.902367
1554511263.754845
1554511264.699562
1554511265.63954
1554511266.571997
1554511267.606887
1554511268.518103
1554511269.547635
1554511270.481868
1554511271.558104
1554511272.542519
1554511273.63694
1554511274.586717
1554511275.524817
1554511276.420293
1554511278.983898
1554511280.008452
1554511283.311355
1554511285.691779
1554511286.725364
1554511289.048642
1554511289.868341
1554511291.740443
1554511292.611842
1554511295.066562
1554511297.788983
1554511299.946856
1554511301.101784
1554511302.368857
1554511304.479667
1554511305.517091
1554511306.865313
1554511309.070947
1554511309.951044
1554511310.864085
1554511313.707311
1554511316.341285
1554511317.412388
1554511319.439439
1554511321.523361
1554511322.553232
1554511323.513809
1554511325.501683
1554511326.473505
1554511328.682467
1554511329.584332
1554511331.735388
1554511332.655058
1554511334.637368
1554511336.459405
1554511338.436058
1554511339.395388
1554511340.731349
1554511342.458842
1554511343.949955
1554511345.076723
1554511346.895677
1554511347.882021
1554511349.486495
1554511355.740653
1554511356.883655
1554511357.987216
1554511359.144166
1554511360.341044
1554511361.232421
1554511362.150959
1554511363.088874
1554511364.153256
1554511365.289772
1554511366.287642
1554511367.217113
1554511368.303395
1554511369.440313
1554511370.513936
1554511371.617155
1554511372.546731
1554511373.534814
1554511374.670591
1554511375.826404
1554511376.878403
1554511377.993291
1554511379.052703
1554511380.205244
1554511381.104352
1554511382.104471
1554511383.035064
1554511384.06301
1554511385.195478
1554511386.181139
1554511387.150346
1554511388.168392
1554511389.232511
1554511390.285045
1554511391.388119
1554511392.414459
1554511393.277869
1554511394.278214
1554511395.174602
1554511396.279255
1554511397.244387
1554511398.212127
1554511399.093291
1554511400.066296
1554511401.019601
1554511402.14254
1554511403.326313
1554511404.393648
1554511405.526609
1554511406.508903
1554511407.603607
1554511408.622764
1554511409.722565
1554511410.65809
1554511411.531485
1554511412.577889
1554511413.621528
1554511414.598593
1554511415.642989
1554511416.663933
1554511417.585285
1554511418.627885
1554511419.635044
1554511420.746397
1554511421.725582
1554511422.747931
1554511423.667828
1554511424.727122
1554511425.786915
1554511426.744435
1554511427.719642
1554511428.765656
1554511429.75595
1554511430.68338
1554511431.608602
1554511432.584447
1554511433.743993
1554511434.783904
1554511435.674338
1554511436.720777
1554511437.77147
1554511438.809284
1554511439.760027
1554511440.754981
1554511441.940976
1554511443.043878
1554511444.10976
1554511445.150228
1554511446.185944
1554511447.139855
1554511448.170366
1554511449.133873
1554511450.158017
1554511451.253071
1554511452.428623
1554511453.541405
1554511454.485061
1554511455.522042
1554511456.587229
1554511457.506549
1554511458.474825
1554511459.377117
1554511460.35196
1554511461.638397
1554511463.147574
1554511464.245206
1554511465.255812
1554511466.206028
1554511467.244971
1554511468.199125
1554511469.270473
1554511470.331581
1554511471.433095
1554511472.406182
1554511473.590149
1554511474.46325
1554511475.403052
1554511476.378627
1554511477.366639
1554511478.237564
1554511479.149001
1554511480.026223
1554511480.880777
1554511481.751292
1554511482.761012
1554511483.764914
1554511484.833365
1554511485.878508
1554511486.762863
1554511487.797406
1554511488.766729
1554511489.726465
1554511490.700222
1554511491.758701
1554511492.772776
1554511493.717179
1554511494.68102
1554511495.804563
1554511496.770656
1554511497.81686
1554511498.851549
1554511499.847978
1554511500.836
1554511501.799903
1554511502.754249
1554511503.687395
1554511504.635026
1554511505.637274
1554511506.864085
1554511507.890293
1554511508.885838
1554511509.859096
1554511510.906112
1554511511.935951
1554511512.793611
1554511513.873237
1554511515.057551
1554511516.071206
1554511517.051631
1554511517.882912
1554511519.009291
1554511519.984816
1554511520.934815
1554511521.897506
1554511522.906141
1554511523.85937
1554511524.738352
1554511525.79385
1554511526.704839
1554511527.616934
1554511528.623906
1554511529.686142
1554511530.762524
1554511531.808064
1554511532.844948
1554511533.963583
1554511534.905741
1554511535.79057
1554511536.827737
1554511537.738431
1554511538.730039
1554511539.823696
1554511540.70133
1554511541.716001
1554511542.763084
1554511543.754875
1554511544.759834
1554511545.723318
1554511546.677703
1554511547.58511
1554511548.556433
1554511549.583388
1554511550.624654
1554511551.49549
1554511552.423052
1554511553.407327
1554511554.255692
1554511555.142947
1554511556.133084
1554511557.076567
1554511558.034825
1554511558.910654
1554511559.819508
1554511560.736478
1554511561.720822
1554511562.594754
1554511563.541845
1554511564.496911
1554511565.443509
1554511566.532704
1554511567.518914
1554511568.516495
1554511569.376446
1554511570.249516
1554511571.163849
1554511572.116714
1554511573.161786
1554511574.15122
1554511575.024075
1554511575.987588
1554511576.998885
1554511577.87757
1554511578.853183
1554511579.796877
1554511580.733512
1554511581.651897
1554511582.591554
1554511583.516543
1554511584.573469
1554511585.632019
1554511586.648202
1554511587.694331
1554511588.641316
1554511589.652191
1554511590.693471
1554511591.718196
1554511592.678993
1554511593.633759
1554511594.642082
1554511595.57649
1554511596.543215
1554511597.553483
1554511598.515967
1554511599.401981
1554511600.231634
1554511601.20774
1554511602.120137
1554511603.064305
1554511604.052934
1554511605.111977
1554511606.134738
1554511607.048109
1554511608.028345
1554511608.989953
1554511610.003976
1554511611.022705
1554511612.106825
1554511613.233078
1554511614.148262
1554511615.138087
1554511616.314426
1554511617.439018
1554511618.541867
1554511619.350519
1554511620.161896
1554511621.005515
1554511621.877119
1554511622.794716
1554511623.647989
1554511624.578296
1554511625.550258
1554511626.503827
1554511627.493132
1554511628.414499
1554511629.359679
1554511630.267509
1554511631.20403
1554511632.189919
1554511633.079726
1554511633.970873
1554511634.820034
1554511635.69542
1554511636.573335
1554511637.54545
1554511638.494784
1554511639.343785
1554511640.314644
1554511641.153765
1554511642.135562
1554511643.016024
1554511643.903457
1554511644.876418
1554511645.946877
1554511647.107617
1554511648.074884
1554511649.005893
1554511649.923609
1554511650.879008
1554511652.019801
1554511652.995899
1554511653.94594
1554511654.861638
1554511657.35479
1554511658.285552
1554511661.734995
1554511664.589826
1554511665.428287
1554511668.073392
1554511669.156315
1554511671.36441
1554511672.373036
1554511675.018293
1554511677.601951
1554511679.784963
1554511680.722539
1554511681.61343
1554511684.122277
1554511684.993614
1554511686.24782
1554511688.481082
1554511689.551612
1554511690.557714
1554511693.001496
1554511695.295162
1554511696.280991
1554511698.839583
1554511701.455447
1554511703.141375
1554511704.157077
1554511706.00011
1554511707.007053
1554511709.147649
1554511711.088717
1554511713.159924
1554511715.373595
1554511716.200499
1554511718.252395
1554511719.839089
1554511721.867312
1554511722.845846
1554511724.537295
1554511726.094181
1554511727.824523
1554511728.864221
1554511730.822905
1554511731.768085
1554511733.28032
1554511739.621822
1554511740.734835
1554511741.876193
1554511743.135868
1554511744.170362
1554511745.235853
1554511746.265908
1554511747.224586
1554511748.331118
1554511749.405024
1554511750.437354
1554511751.324395
1554511752.201222
1554511753.3156
1554511754.306519
1554511755.288646
1554511756.341765
1554511757.375899
1554511758.224843
1554511759.08915
1554511760.140481
1554511761.151686
1554511762.195513
1554511763.159555
1554511764.161337
1554511765.083741
1554511765.996673
1554511766.943001
1554511767.974125
1554511769.013733
1554511770.12316
1554511771.148304
1554511772.151539
1554511773.145722
1554511774.251622
1554511775.232657
1554511776.17017
1554511777.13582
1554511778.198865
1554511779.260756
1554511780.24153
1554511781.235083
1554511782.35081
1554511783.395206
1554511784.359514
1554511785.386146
1554511786.390751
1554511787.460961
1554511788.451959
1554511789.641674
1554511790.721121
1554511791.7974
1554511792.798127
1554511793.77826
1554511794.630339
1554511795.536373
1554511796.489244
1554511797.460462
1554511798.391284
1554511799.302984
1554511800.254626
1554511801.248987
1554511802.211056
1554511803.144732
1554511804.084692
1554511805.068528
1554511806.172194
1554511807.118598
1554511808.116181
1554511809.125839
1554511810.051913
1554511810.900177
1554511811.721073
1554511812.58407
1554511813.510963
1554511814.556977
1554511815.436418
1554511816.423225
1554511817.407497
1554511818.432743
1554511819.3541
1554511820.227536
1554511821.143913
1554511822.25477
1554511823.192062
1554511824.178744
1554511825.068495
1554511825.936378
1554511826.816941
1554511827.772816
1554511828.6639
1554511829.555107
1554511830.503113
1554511831.478317
1554511832.40664
1554511833.451598
1554511834.494523
1554511835.535575
1554511836.475457
1554511837.459032
1554511838.540585
1554511839.386791
1554511840.222486
1554511841.107581
1554511842.099176
1554511843.159064
1554511844.199824
1554511845.206352
1554511846.250775
1554511847.218686
1554511848.194767
1554511849.367202
1554511850.431395
1554511851.527035
1554511852.655681
1554511853.701914
1554511854.696606
1554511855.74707
1554511856.728912
1554511857.600891
1554511858.435932
1554511859.414956
1554511860.471205
1554511861.452687
1554511862.480381
1554511863.356861
1554511864.271403
1554511865.285035
1554511866.320562
1554511867.33793
1554511868.217879
1554511869.069204
1554511870.003716
1554511871.097184
1554511872.080738
1554511873.251304
1554511874.28572
1554511875.300685
1554511876.301549
1554511877.353001
1554511878.411082
1554511879.51098
1554511880.67184
1554511881.577223
1554511882.618494
1554511883.541234
1554511884.383592
1554511885.334809
1554511886.248198
1554511887.095163
1554511888.083313
1554511889.178553
1554511890.20468
1554511891.179126
1554511892.143743
1554511893.263668
1554511894.273647
1554511895.287681
1554511896.478524
1554511897.521658
1554511898.409175
1554511899.306659
1554511900.225205
1554511901.276475
1554511902.264908
1554511903.162783
1554511904.10095
1554511904.965019
1554511906.050767
1554511906.994965
1554511907.922729
1554511908.879232
1554511909.708748
1554511910.608327
1554511911.537542
1554511912.563647
1554511913.635697
1554511914.691302
1554511915.624986
1554511916.51339
1554511917.430137
1554511918.312897
1554511919.231534
1554511920.196551
1554511921.11768
1554511921.960945
1554511922.935986
1554511923.875717
1554511924.839165
1554511925.748491
1554511926.626943
1554511927.51407
1554511928.477303
1554511929.504375
1554511930.509368
1554511931.584813
1554511933.00525
1554511934.278042
1554511935.205877
1554511936.075919
1554511937.017906
1554511937.935329
1554511938.853705
1554511939.897465
1554511940.910396
1554511941.784493
1554511942.681217
1554511943.67593
1554511944.528997
1554511945.436912
1554511946.327691
1554511947.309302
1554511948.381192
1554511949.350768
1554511950.256827
1554511951.205154
1554511952.236905
1554511953.422913
1554511954.562751
1554511955.711718
1554511956.784101
1554511957.646729
1554511958.590907
1554511959.605992
1554511960.664961
1554511961.655364
1554511962.636217
1554511963.576867
1554511964.502767
1554511965.425769
1554511966.397738
1554511967.353896
1554511968.482892
1554511969.587934
1554511970.630861
1554511971.691423
1554511972.810704
1554511973.827213
1554511974.861472
1554511975.87378
1554511976.710326
1554511977.553261
1554511978.404674
1554511979.369397
1554511980.428086
1554511981.26886
1554511982.104682
1554511982.971915
1554511983.840423
1554511984.741296
1554511985.636151
1554511986.496828
1554511987.339779
1554511988.208014
1554511989.04721
1554511989.93359
1554511990.961901
1554511992.086797
1554511993.197825
1554511994.247589
1554511995.232967
1554511996.345754
1554511997.308277
1554511998.26364
1554511999.180306
1554512000.084832
1554512001.03589
1554512001.918861
1554512002.805072
1554512003.717171
1554512004.578412
1554512005.414165
1554512006.35296
1554512007.198261
1554512008.076999
1554512008.915701
1554512009.802285
1554512010.845824
1554512011.867449
1554512012.769067
1554512013.783296
1554512014.792322
1554512015.844982
1554512016.819947
1554512017.746118
1554512018.867267
1554512019.848973
1554512020.732459
1554512021.669646
1554512022.609936
1554512023.52158
1554512024.419732
1554512025.372986
1554512026.535227
1554512027.527366
1554512028.652231
1554512029.744406
1554512030.765227
1554512031.770259
1554512032.756411
1554512033.70376
1554512036.520834
1554512037.41451
1554512041.219742
1554512043.805648
1554512044.908132
1554512047.123887
1554512048.198135
1554512050.356045
1554512051.359765
1554512053.58503
1554512056.153643
1554512058.529198
1554512059.677178
1554512060.71209
1554512062.857658
1554512063.844893
1554512064.941656
1554512067.288425
1554512068.316082
1554512069.366087
1554512071.867785
1554512074.153055
1554512075.089904
1554512077.307848
1554512079.446636
1554512081.081766
1554512082.149838
1554512083.889005
1554512085.050229
1554512086.868022
1554512088.688193
1554512090.880661
1554512093.305533
1554512094.311511
1554512096.303531
1554512098.202656
1554512100.276947
1554512101.783008
1554512102.728329
1554512104.572805
1554512106.284056
1554512107.214421
1554512109.007049
1554512110.631605
1554512112.099785
1554512113.068352
1554512119.702593
1554512120.793045
1554512121.896072
1554512122.938396
1554512124.084072
1554512125.019265
1554512126.036683
1554512127.017554
1554512127.988304
1554512128.997028
1554512130.103902
1554512131.137744
1554512132.142868
1554512133.081679
1554512134.092381
1554512135.258357
1554512136.308458
1554512137.308903
1554512138.219117
1554512139.108707
1554512140.013789
1554512140.915899
1554512141.916622
1554512142.898355
1554512143.913016
1554512144.985035
1554512146.031038
1554512147.078169
1554512148.033603
1554512149.018912
1554512150.003766
1554512151.038453
1554512152.1725
1554512153.244843
1554512154.327612
1554512155.332965
1554512156.347402
1554512157.391472
1554512158.473343
1554512159.525257
1554512160.67774
1554512161.722732
1554512162.85645
1554512163.872175
1554512164.884699
1554512165.843071
1554512166.849656
1554512167.810351
1554512168.759175
1554512169.727642
1554512170.660673
1554512171.576802
1554512172.578492
1554512173.609834
1554512174.484108
1554512175.680175
1554512176.663288
1554512177.618829
1554512178.680201
1554512179.798542
1554512180.737862
1554512181.697434
1554512182.614227
1554512183.555914
