6598.001317425817
6598.001317425817
6567.142353543257
6526.83470316835
6481.575960228634
6433.931687153505
6385.57057846113
6337.601515742085
6290.7686937798835
6245.571952542549
6202.329792572727
6161.214119483095
6122.277780286664
6085.4805563082355
6050.713269304086
6017.819479616287
5986.614929472809
5956.90467349794
5928.49742387284
5901.216632920474
5874.908140470416
5849.444560229536
5824.726831846456
5800.683499553952
5777.268314118159
5754.456721239319
5732.241724140996
5710.629514199311
5689.635168735996
5669.278630857756
5649.581117957204
5630.562054076909
5612.23658452387
5594.613704865056
5577.6950160045435
5561.4740979816615
5545.936474195074
5531.060113796009
5516.816394392776
5503.171423503717
5490.087599683401
5477.525286230664
5465.444472980656
5453.806313859185
5442.5744474020785
5431.716031881804
5421.202453837831
5411.009696627641
5401.118382034844
5391.51352093556
5382.184026780502
5373.1220570546975
5364.322252582848
5355.7809429881945
5347.495379818161
5339.463048202714
5331.6810948927605
5324.145896539631
5316.852778330937
5309.795880562333
5302.968160124621
5296.361505716633
5289.966940133718
5283.774880299091
5277.775425660756
5271.958647838579
5266.314858480462
5260.8348375735995
5255.510010322965
5250.332566563645
5245.295522026083
5240.392725273019
5235.618817570563
5230.969155272714
5226.439705525687
5222.026926349103
5217.727641583003
5213.538919984774
5209.457966104482
5205.482028639845
5201.608329937504
5197.834018310208
5194.156143001607
5190.571650049439
5187.07739604482
5183.670175903366
5180.34676027108
5177.103938072479
5173.938559937134
5170.847578756791
5167.828084357962
5164.877330142342
5161.992750466934
5159.171968429055
5156.412794520265
5153.713217267061
5151.071387451394
5148.485597786702
5145.954260020194
5143.475881357484
5141.0490418930085
5138.672374414929
5136.344547577791
5134.064253037726
5131.83019675915
5129.6410943568235
5127.495670053886
5125.3926586279
5123.330809587943
5121.308892774938
5119.325704596107
5117.380074181804
5115.470868873221
5113.596998597409
5111.75741884602
5109.951132131477
5108.177187937709
5106.434681302609
5104.72275026037
5103.040572431247
5101.38736107359
5099.762360912056
5098.164844029416
5096.59410606494
5095.049462904613
5093.530247984947
5092.0358102682
5090.565512887676
5089.118732411271
5087.694858632498
5086.293294771974
5084.913457959169
5083.55477986327
5082.216707351448
5080.898703070589
5079.600245871832
5078.320831023584
5077.059970185337
5075.817191139548
5074.59203730033
5073.384067034349
5072.192852840752
5071.017980442738
5069.85904784417
5068.715664400888
5067.587449949079
5066.4740340234775
5065.375055187311
5064.290160484689
5063.219005015852
5062.161251626792
5061.1165706977345
5060.084640010298
5059.0651446707425
5058.057777066376
5057.062236833797
5056.078230820644
5055.10547302661
5054.143684513814
5053.192593281542
5052.251934104433
5051.321448336937
5050.400883689951
5049.489993987255
5048.588538910547
5047.696283741998
5046.812999112573
5045.938460763193
5045.072449324104
5044.214750115968
5043.365152974452
5042.523452098009
5041.689445917457
5040.862936984401
5040.043731874994
5039.231641105082
5038.426479052743
5037.628063884509
5036.836217482123
5036.050765367443
5035.271536623764
5034.498363812732
5033.731082886752
5032.969533097444
5032.213556901058
5031.46299986228
5030.717710557908
5029.97754048184
5029.242343952842
5028.511978026174
5027.786302409956
5027.065179386828
5026.348473741055
5025.636052691022
5024.927785826721
5024.223545051712
5023.523204528848
5022.826640629061
5022.133731882447
5021.4443589309785
5020.758404482311
5020.075753264197
5019.396291979241
5018.719909259798
5018.0464956230135
5017.375943426045
5016.708146821632
5016.043001714224
5015.380405716888
5014.720258109237
5014.062459796518
5013.406913270168
5012.753522569763
5012.102193246591
5011.452832328705
5010.8053482875175
5010.159651005808
5009.515651747035
5008.873263125807
5008.232399079378
5007.5929748400185
5006.9549069082095
5006.318113026468
5005.6825121537595
5005.048024440446
5004.414571203766
5003.782074903759
5003.150459119707
5002.519648527131
5001.889568875264
5001.260146965134
5000.6313106282405
5000.002988705838
4999.375111028855
4998.747608398432
4998.120412567128
4997.493456220669
4996.866672960343
4996.239997285927
4995.613364579142
4994.986711087571
4994.35997390908
4993.7330909766315
4993.106001043492
4992.478643668776
4991.850959203384
4991.222888776227
4990.594374280761
4989.9653583618965
4989.335784403134
4988.705596514057
4988.074739518091
4987.443158940575
4986.810800997169
4986.177612582517
4985.543541259258
4984.90853524729
4984.272543413357
4983.63551526092
4982.997400920282
4982.358151139047
4981.717717272757
4981.076051275821
4980.43310569272
4979.788833649392
4979.143188844884
4978.496125543204
4977.847598565397
4977.197563281809
4976.5459756045675
4975.892791980266
4975.23796938286
4974.581465306679
4973.923237759699
4973.263245256975
4972.601446814215
4971.937801941603
4971.272270637707
4970.604813383626
4969.935391137234
4969.263965327637
4968.590497849723
4967.914951058888
4967.237287765945
4966.557471232113
4965.8754651641275
4965.191233709535
4964.504741452096
4963.815953407274
4963.124835017888
4962.431352149852
4961.735471088044
4961.037158532291
4960.336381593454
4959.633107789614
4958.927305042361
4958.218941673213
4957.507986400131
4956.794408334101
4956.078176975844
4955.359262212625
4954.637634315119
4953.91326393445
4953.1861220992205
4952.45618021272
4951.723410050139
4950.98778375594
4950.249273841293
4949.507853181539
4948.763495013839
4948.016172934809
4947.2658608982565
4946.512533213018
4945.756164540856
4944.996729894395
4944.234204635212
4943.468564471905
4942.699785458276
4941.927843991574
4941.152716810801
4940.374380995092
4939.592813962123
4938.807993466618
4938.0198975988915
4937.228504783459
4936.433793777699
4935.635743670577
4934.834333881423
4934.0295441587505
4933.2213545791565
4932.409745546219
4931.594697789482
4930.776192363481
4929.954210646842
4929.1287343413715
4928.299745471232
4927.46722638217
4926.631159740756
4925.791528533677
4924.94831606711
4924.101505966085
4923.2510821738915
4922.397028951574
4921.539330877412
4920.677972846497
4919.812940070265
4918.94421807614
4918.071792707189
4917.195650121804
4916.315776793427
4915.4321595103165
4914.544785375338
4913.653641805767
4912.758716533158
4911.859997603242
4910.957473375843
4910.051132524794
4909.140964037945
4908.226957217148
4907.309101678278
4906.387387351322
4905.461804480418
4904.532343624007
4903.59899565491
4902.661751760536
4901.7206034430355
4900.775542519478
4899.826561122095
4898.873651698522
4897.916807012057
4896.956020141936
4895.991284483604
4895.02259374909
4894.049941967277
4893.073323484281
4892.092732963813
4891.108165387568
4890.119616055576
4889.1270805866425
4888.130554918759
4887.13003530953
4886.12551833663
4885.117000898235
4884.104480213475
4883.087953822916
4882.0674195890715
4881.042875696855
4880.014320654085
4878.981753291961
4877.945172765601
4876.904578554537
4875.859970463227
4874.811348621572
4873.758713485458
4872.7020658372585
4871.641406786341
4870.576737769619
4869.508060552066
4868.435377227223
4867.3586902177285
4866.278002275835
4865.1933164839165
4864.104636254939
4863.01196533304
4861.915307793979
4860.81466804561
4859.710050828382
4858.601461215805
4857.488904614909
4856.372386766713
4855.251913746628
4854.127491964928
4852.999128167119
4851.866829434373
4850.7306031839125
4849.590457169357
4848.446399481108
4847.298438546653
4846.146583130917
4844.990842336554
4843.831225604207
4842.667742712766
4841.500403779632
4840.329219260921
4839.154199951642
4837.975356985874
4836.792701836919
4835.606246317414
4834.416002579415
4833.221983114436
4832.024200753518
4830.822668667192
4829.617400365501
4828.4084096978995
4827.195710853168
4825.97931835932
4824.7592470834115
4823.5355122313495
4822.308129347656
4821.077114315219
4819.842483354984
4818.604253025602
4817.362440223057
4816.11706218024
4814.868136466465
4813.615680986959
4812.359713982366
4811.100254028089
4809.837320033701
4808.570931242199
4807.3011072293575
4806.0278679028515
4804.751233501504
4803.471224594388
4802.18786207988
4800.9011671846865
4799.611161462849
4798.317866794619
4797.021305385363
4795.721499764333
4794.41847278344
4793.112247615961
4791.802847755176
4790.490297012956
4789.174619518264
4787.8558397156685
4786.533982363722
4785.209072533312
4783.881135605952
4782.550197272045
4781.2162835289955
4779.879420679313
4778.539635328691
4777.196954383947
4775.851405050935
4774.503014832401
4773.151811525777
4771.797823220824
4770.441078297334
4769.081605422678
4767.719433549355
4766.354591912373
4764.9871100266555
4763.617017684333
4762.244344951974
4760.869122167728
4759.491379938418
4758.111149136582
4756.728460897407
4755.3433466155875
4753.955837942166
4752.565966781187
4751.173765286438
4749.779265857996
4748.3825011387125
4746.983504010707
4745.582307591689
4744.178945231256
4742.773450507138
4741.365857221311
4739.956199396091
4738.544511270114
4737.13082729428
4735.7151821276
4734.297610632923
4732.878147872727
4731.456829104692
4730.033689777271
4728.608765525209
4727.182092164935
4725.753705689903
4724.3236422658665
4722.891938226089
4721.458630066467
4720.023754440598
4718.587348154764
4717.149448162889
4715.710091561346
4714.269315583785
4712.827157595812
4711.383655089693
4709.938845678911
4708.492767092726
4707.045457170597
4705.596953856595
4704.1472951937485
4702.69651931829
4701.244664453914
4699.791768905915
4698.337871055276
4696.883009352709
4695.42722231267
4693.9705485072545
4692.513026560099
4691.054695140206
4689.5955929557085
4688.135758747591
4686.675231283378
4685.214049350783
4683.752251751264
4682.28987729358
4680.826964787316
4679.363553036298
4677.8996808320735
4676.43538694726
4674.97071012889
4673.505689091745
4672.04036251164
4670.574769018676
4669.108947190502
4667.642935545451
4666.176772535765
4664.71049654073
4663.2441458598705
4661.777758705993
4660.311373198326
4658.8450273555745
4657.378759089061
4655.9126061957495
4654.446606351311
4652.98079710318
4651.51521586362
4650.0498999027795
4648.584886341738
4647.120212145558
4645.655914116358
4644.192028886407
4642.7285929111795
4641.265642462485
4639.803213621579
4638.341342272292
4636.88006409418
4635.4194145557285
4633.959428907569
4632.50014217568
4631.041589154689
4629.583804401165
4628.126822226975
4626.670676692632
4625.215401600739
4623.7610304894615
4622.307596626042
4620.855133000349
4619.403672318497
4617.953246996566
4616.503889154259
4615.055630608716
4613.608502868363
4612.162537126857
4610.717764257057
4609.27421480506
4607.831918984348
4606.390906670012
4604.951207392999
4603.5128503344795
4602.075864320311
4600.640277815564
4599.206118919133
4597.773415358445
4596.342194484265
4594.912483265601
4593.484308284661
4592.057695731985
4590.632671401621
4589.209260686415
4587.787488573413
4586.367379639388
4584.948958046433
4583.532247537713
4582.117271433294
4580.704052626122
4579.292613578049
4577.882976316098
4576.475162428719
4575.069193062273
4573.665088917543
4572.262870246471
4570.862556848928
4569.464168069715
4568.067722795572
4566.673239452392
4565.280736002577
4563.890229942484
4562.501738300058
4561.115277632528
4559.730864024294
4558.348513084937
4556.968239947365
4555.590059266094
4554.213985215672
4552.840031489249
4551.468211297266
4550.098537366289
4548.731021938023
4547.365676768403
4546.002513126856
4544.6415417957305
4543.282773069832
4541.926216756089
4540.571882173406
4539.219778152613
4537.869913036562
4536.522294680404
4535.176930451944
4533.833827232194
4532.492991416003
4531.15442891288
4529.818145147883
4528.484145062729
4527.1524331169985
4525.823013289444
4524.495889079484
4523.1710635087975
4521.848539123047
4520.528317993746
4519.210401720206
4517.8947914317205
4516.581487789745
4515.270490990281
4513.961800766359
4512.655416390588
4511.351336677931
4510.049559988532
4508.7500842306235
4507.452906863651
4506.158024901368
4504.8654349151675
4503.575133037442
4502.287114965097
4501.001375963119
4499.717910868274
4498.43671409291
4497.1577796288075
4495.881101051212
4494.60667152284
4493.334483798097
4492.0645302272715
4490.7968027609
4489.531292954164
4488.267991971389
4487.006890590583
4485.747979208114
4484.491247843402
4483.236686143707
4481.984283388965
4480.7340284967195
4479.485910027103
4478.239916187854
4476.9960348393915
4475.754253500003
4474.514559351018
4473.276939242049
4472.041379696322
4470.807866915967
4469.576386787425
4468.346924886861
4467.11946648564
4465.893996555783
4464.670499775508
4463.448960534774
4462.229362940867
4461.01169082403
4459.795927743028
4458.582056990837
4457.370061600302
4456.159924349797
4454.9516277689345
4453.745154144256
4452.54048552496
4451.337603728588
4450.136490346769
4448.937126750929
4447.739494098027
4446.543573336279
4445.349345210856
4444.156790269585
4442.96588886867
4441.776621178397
4440.588967188775
4439.402906715215
4438.218419404193
4437.035484738856
4435.854082044663
4434.674190494942
4433.495789116483
4432.3188567950765
4431.143372281019
4429.969314194617
4428.796661031646
4427.625391168771
4426.455482868963
4425.286914286849
4424.119663474055
4422.953708384505
4421.789026879644
4420.625596733701
4419.463395638841
4418.302401210337
4417.142590991645
4415.9839424594575
4414.826433028722
4413.670040057623
4412.514740852487
4411.360512672672
4410.207332735386
4409.055178220479
4407.904026275164
4406.753854018686
4405.604638546998
4404.456356937337
4403.308986252741
4402.162503546516
4401.016885866675
4399.872110260333
4398.728153778006
4397.584993477879
4396.442606430045
4395.3009697206535
4394.160060455987
4393.019855766561
4391.880332811089
4390.741468780435
4389.6032409014815
4388.4656264409905
4387.32860270934
4386.192147064282
4385.056236914577
4383.920849723584
4382.7859630128505
4381.6515543655805
4380.51760143007
4379.384081923113
4378.25097363329
4377.118254424286
4375.98590223806
4374.853895098021
4373.72221111214
4372.5908284759735
4371.459725475673
4370.3288804909425
4369.19827199789
4368.067878571862
4366.937678890226
4365.80765173511
4364.677775996052
4363.548030672606
4362.41839487692
4361.288847836235
4360.1593688953335
4359.029937518966
4357.900533294196
4356.771135932717
4355.641725273065
4354.512281282866
4353.38278406095
4352.25321383949
4351.123550986015
4349.993776005443
4348.863869542012
4347.733812381226
4346.603585451676
4345.473169826894
4344.342546727078
4343.21169752085
4342.080603726895
4340.949247015626
4339.81760921075
4338.685672290809
4337.553418390681
4336.420829803046
4335.287888979778
4334.154578533331
4333.020881238055
4331.886780031475
4330.752258015558
4329.61729845789
4328.481884792885
4327.346000622855
4326.209629719117
4325.0727560230525
4323.935363647101
4322.797436875738
4321.658960166402
4320.519918150407
4319.3802956337695
4318.240077598068
4317.099249201186
4315.957795778133
4314.8157028416945
4313.672956083168
4312.529541372973
4311.385444761296
4310.240652478651
4309.095150936463
4307.948926727553
4306.801966626657
4305.654257590839
4304.505786759964
4303.35654145704
4302.20650918862
4301.055677645121
4299.904034701128
4298.751568415657
4297.598267032442
4296.444118980106
4295.289112872367
4294.133237508206
4292.976481871994
4291.818835133589
4290.660286648421
4289.500825957558
4288.340442787708
4287.179127051219
4286.01686884608
4284.853658455867
4283.6894863496345
4282.52434318184
4281.3582197922
4280.191107205583
4279.022996631797
4277.853879465398
4276.6837472854695
4275.512591855366
4274.340405122472
4273.167179217911
4271.992906456196
4270.81757933492
4269.641190534428
4268.4637329173665
4267.285199528344
4266.105583593482
4264.9248785199725
4263.743077895607
4262.560175488314
4261.376165245637
4260.191041294197
4259.004797939177
4257.817429663731
4256.628931128359
4255.439297170408
4254.248522803331
4253.056603216104
4251.8635337725345
4250.6693100105895
4249.473927641717
4248.277382550077
4247.079670791821
4245.880788594345
4244.680732355481
4243.4794986427405
4242.277084192459
4241.073485909007
4239.868700863923
4238.6627262950615
4237.455559605676
4236.247198363544
4235.037640300042
4233.826883309224
4232.614925446842
4231.401764929441
4230.18740013328
4228.9718295934035
4227.755052002597
4226.537066210373
4225.317871221905
4224.097466196966
4222.875850448885
4221.653023443389
4220.428984797549
4219.203734278629
4217.97727180295
4216.749597434761
4215.520711385033
4214.290614010294
4213.059305811446
4211.826787432526
4210.593059659509
4209.358123419087
4208.121979777341
4206.884629938574
4205.646075243997
4204.40631717043
4203.165357329009
4201.923197463879
4200.679839450842
4199.435285296061
4198.189537134714
4196.942597229585
4195.6944679697635
4194.445151869222
4193.194651565428
4191.942969817937
4190.690109507008
4189.436073632181
4188.180865310818
4186.924487776719
4185.66694437863
4184.408238578799
4183.14837395153
4181.887354181707
4180.625183063317
4179.3618644979815
4178.097402493423
4176.83180116203
4175.5650647193215
4174.297197482438
4173.028203868637
4171.758088393783
4170.486855670843
4169.214510408331
4167.941057408791
4166.666501567276
4165.390847869831
4164.114101391927
4162.836267296944
4161.557350834626
4160.277357339553
4158.996292229607
4157.714161004426
4156.430969243908
4155.146722606593
4153.861426828188
4152.575087720068
4151.287711167665
4149.999303129024
4148.709869633217
4147.41941677887
4146.1279507326435
4144.835477727706
4143.542004062265
4142.247536098046
4140.952080258818
4139.655643028931
4138.3582309518015
4137.059850628503
4135.760508716258
4134.460211927019
4133.158967026038
4131.856780830441
4130.553660207796
4129.249612074736
4127.944643395542
4126.638761180758
4125.331972485851
4124.024284409888
4122.715704094126
4121.40623872071
4120.095895511386
4118.784681726197
4117.472604662195
4116.159671652198
4114.845890063518
4113.531267296751
4112.215810784531
4110.899527990408
4109.582426407571
4108.264513557773
4106.945796990157
4105.626284280122
4104.305983028251
4102.984900859207
4101.66304542071
4100.340424382448
4099.0170454350655
4097.692916289197
4096.368044674451
4095.0424383384957
4093.7161050460704
4092.389052578126
4091.0612887309107
4089.7328213151004
4088.403658154966
4087.073807087521
4085.7432759617573
4084.4120726378483
4083.0802049863864
4081.7476808876936
4080.4145082310665
4079.080694914147
4077.7462488422116
4076.4111779275504
4075.0754900888705
4073.7391932507217
4072.402295342883
4071.0648042998546
4069.7267280603373
4068.3880745667493
4067.0488517647327
4065.709067602741
4064.36873003159
4063.027847004082
4061.686426474624
4060.344476398881
4059.0020047334287
4057.6590194354885
4056.315528462618
4054.971539772469
4053.62706132256
4052.282101070044
4050.9366669715487
4049.5907669830017
4048.244409059479
4046.8976011551026
4045.5503512229475
4044.2026672149436
4042.8545570818355
4041.5060287731494
4040.157090237192
4038.8077494210556
4037.45801427065
4036.1078927307613
4034.7573927451185
4033.4065222564914
4032.055289206798
4030.7037015372352
4029.351767188457
4027.999494100724
4026.646890214083
4025.293963468597
4023.9407218045703
4022.587173162798
4021.2333254847927
4019.8791867130976
4018.5247647915667
4017.170067665686
4015.815103282892
4014.459879592905
4013.104404548116
4011.7486861039347
4010.392732219181
4009.0365508564637
4007.6801499826174
4006.3235375691347
4004.9667215925733
4003.609710035037
4002.252510884599
4000.895132135825
3999.537581790195
3998.179867856632
3996.8219983519716
3995.4639813014974
3994.105824739455
3992.747536709553
3991.3891252655076
3990.0305984715787
3988.6719644031214
3987.3132311470995
3985.9544068026657
3984.595499481721
3983.236517309459
3981.8774684249233
3980.5183609815795
3979.1592031478963
3977.8000031078623
3976.440769061588
3975.0815092258777
3973.7222318347694
3972.362945140108
3971.003657412107
3969.644376939913
3968.285112032117
3966.925871017348
3965.5666622447966
3964.207494084756
3962.848374929153
3961.489313192078
3960.1303173102974
3958.77139574374
3957.412556976038
3956.0538095149805
3954.695161893002
3953.3366226676662
3951.9782004220915
3950.619903765422
3949.2617413332487
3947.9037217880377
3946.5458538195144
3945.188146145073
3943.8306075101277
3942.4732466884943
3941.1160724827178
3939.7590937243963
3938.4023192744917
3937.0457580236316
3935.689418892368
3934.3333108314164
3932.977442821921
3931.6218238756232
3930.266463035089
3928.9113693738605
3927.5565519966094
3926.2020200392694
3924.8477826691064
3923.49384908485
3922.1402285167196
3920.78693022646
3919.433963507351
3918.0813376841975
3916.7290621133016
3915.3771461823794
3914.025599310467
3912.6744309478145
3911.3236505757436
3909.9732677064812
3908.623291882956
3907.273732678594
3905.924599697048
3904.575902571945
3903.2276509665535
3901.8798545734944
3900.5325231143465
3899.185666339274
3897.839294026615
3896.4934159824506
3895.1480420401213
3893.8031820597316
3892.4588459276447
3891.1150435559016
3889.771784881654
3888.429079866584
3887.086938496205
3885.7453707792547
3884.4043867469904
3883.0639964524667
3881.7242099697924
3880.3850373933374
3879.0464888369706
3877.708574433218
3876.371304332402
3875.034688701772
3873.698737724593
3872.363461599209
3871.0288705381104
3869.694974766945
3868.3617845234994
3867.0293100566923
3865.697561625486
3864.3665494978145
3863.036283949512
3861.7067752631747
3860.378033726993
3859.0500696336117
3857.7228932789076
3856.396514960801
3855.0709449780256
3853.746193628851
3852.4222712098353
3851.09918801452
3849.7769543321083
3848.4555804461525
3847.1350766332166
3845.8154531614714
3844.496720289358
3843.178888264161
3841.8619673206063
3840.5459676794435
3839.2308995459866
3837.9167731086613
3836.6035985375497
3835.2913859829005
3833.9801455736488
3832.669887415891
3831.3606215913787
3830.05235815602
3828.7451071383066
3827.438878537794
3826.133682323562
3824.829528432627
3823.526426768416
3822.2243871991705
3820.923419556384
3819.623533633221
3818.3247391829464
3817.0270459173094
3815.7304635049954
3814.435001569999
3813.140669690077
3811.8474773951125
3810.55543416554
3809.264549430776
3807.9748325676123
3806.6862928986216
3805.3989396905995
3804.1127821529667
3802.8278294361953
3801.5440906302424
3800.2615747630016
3798.9802907987214
3797.7002476364696
3796.421454108574
3795.1439189791035
3793.8676509423303
3792.5926586212213
3791.3189505659307
3790.0465352523056
3788.7754210803887
3787.50561637296
3786.237129374077
3784.9699682476116
3783.704141075828
3782.4396558579533
3781.1765205087936
3779.914742857315
3778.6543306452963
3777.3952915259583
3776.1376330626317
3774.881362727407
3773.626487899858
3772.373015865738
3771.120953815731
3769.8703088441725
3768.6210879478367
3767.3732980247282
3766.1269458728807
3764.882038189195
3763.6385815682866
3762.396582501369
3761.156047375138
3759.9169824706896
3758.679393962471
3757.443287917233
3756.2086702930205
3754.97554693818
3753.743923590398
3752.5138058757616
3751.285199307831
3750.058109286742
3748.832541098355
3747.6084999133973
3746.385990786646
3745.1650186561333
3743.945588342391
3742.727704547697
3741.5113718553584
3740.296594729026
3739.08337751204
3737.8717244267664
3736.661639573996
3735.4531269323766
3734.2461903578255
3733.040833583014
3731.8370602168648
3730.634873744054
3729.4342775245686
3728.2352747932846
3727.03786865956
3725.842062106857
3724.647857992391
3723.4552590468074
3722.264267873923
3721.074886950405
3719.887118625552
3718.7009651210765
3717.516428530913
3716.3335108210536
3715.1522138293994
3713.972539265644
3712.794488711191
3711.6180636190943
3710.443265314011
3709.270094992178
3708.098553721433
3706.9286424412417
3705.7603619627657
3704.5937129689178
3703.428696014504
3702.265311526319
3701.103559803317
3699.9434410167755
3698.784955210495
3697.6281023010215
3696.472882077878
3695.3192942038268
3694.167338215164
3693.017013522028
3691.8683194087
3690.7212550339664
3689.575819431496
3688.4320115101964
3687.289830054646
3686.1492737255035
3685.0103410599704
3683.873030472231
3682.737340253931
3681.603268574691
3680.4708134826133
3679.3399729048147
3678.2107446479768
3677.0831263988953
3675.9571157250775
3674.832710075345
3673.709906780434
3672.5887030536132
3671.4690959913396
3670.3510825739045
3669.23465966611
3668.119824017952
3667.0065722653003
3665.8949009306293
3664.784806423712
3663.676285042367
3662.569332973206
3661.463946292372
3660.360120966313
3659.2578528525532
3658.1571377004943
3657.057971152204
3655.960348743203
3654.864265903289
3653.769717957369
3652.676700126281
3651.585207527626
3650.4952351766256
3649.4067779869606
3648.319830771633
3647.234388243846
3646.1504450178813
3645.0679956099475
3643.9870344390743
3642.907555828013
3641.8295540041154
3640.753023100242
3639.6779571556544
3638.6043501169274
3637.5321958388654
3636.461488085408
3635.392220530537
3634.324386759205
3633.257980268253
3632.1929944673457
3631.1294226798614
3630.0672581438603
3629.006494012985
3627.9471233573972
3626.8891391647016
3625.832534340894
3624.777301711263
3623.723434021338
3622.6709239378306
3621.6197640495334
3620.5699468682647
3619.521464829798
3618.4743102947964
3617.428475549727
3616.3839528077797
3615.3407342097985
3614.2988118252038
3613.2581776529064
3612.2188236222346
3611.1807415938274
3610.143923360561
3609.1083606484663
3608.0740451176043
3607.0409683630046
3606.0091219155506
3604.9784972428547
3603.949085750191
3602.920878781353
3601.8938676195644
3600.8680434883468
3599.8433975524013
3598.819920918491
3597.797604636301
3596.7764396993175
3595.7564170456885
3594.7375275590866
3593.7197620695392
3592.703111354298
3591.6875661386944
3590.6731170969897
3589.6597548531813
3588.6474699818577
3587.6362530090237
3586.626094412916
3585.616984624839
3584.608914029977
3583.601872968203
3582.595851734903
3581.590840581754
3580.5868297175343
3579.583809308915
3578.581769481261
3577.580700319416
3576.5805918684737
3575.581434134557
3574.5832170856143
3573.585930652159
3572.589564728058
3571.594109171281
3570.599553804675
3569.605888416698
3568.613102762185
3567.6211865630908
3566.630129509229
3565.639921259031
3564.6505514402606
3563.6620096507613
3562.674285459181
3561.6873684057077
3560.7012480027774
3559.7159137358144
3558.731355063944
3557.7475614207115
3556.7645222147908
3555.782226830688
3554.8006646294602
3553.819824949423
3552.8396971068487
3551.8602703966767
3550.881534093191
3549.9034774507536
3548.926089704478
3547.9493600709206
3546.9732777487825
3545.9978319196002
3545.0230117484357
3544.0488063845646
3543.0752049621583
3542.1021966009807
3541.129770407056
3540.157915473371
3539.1866208805536
3538.215875697551
3537.2456689823193
3536.275989782504
3535.3068271361103
3534.338170072203
3533.3700076115765
3532.4023287674486
3531.435122546116
3530.4683779476522
3529.502083966592
3528.536229592613
3527.570803811198
3526.6057956043487
3525.641193951249
3524.6769878289588
3523.7131662130855
3522.749718078481
3521.7866323999174
3520.8238981527825
3519.861504313764
3518.8994398615414
3517.9376937774723
3516.9762550462965
3516.0151126568094
3515.054255602583
3514.0936728826355
3513.133353502142
3512.1732864731257
3511.213460815181
3510.2538655561466
3509.294489732827
3508.335322391704
3507.3763525896293
3506.417569394551
3505.458961886218
3504.5005191568953
3503.542230312088
3502.584084471249
3501.626070768506
3500.668178353391
3499.710396391562
3498.75271406553
3497.7951205753993
3496.8376051395953
3495.880156995611
3494.922765400736
3493.965419632795
3493.008108990904
3492.0508227962223
3491.0935503926976
3490.136281147812
3489.1790044533514
3488.2217097261705
3487.2643864089346
3486.307023970908
3485.3496119087104
3484.392139747097
3483.4345970397308
3482.4769733699645
3481.519258351627
3480.5614416297976
3479.6035128816116
3478.6454618170415
3477.68727817969
3476.728951747612
3475.7704723341044
3474.811829788506
3473.8530139970244
3472.8940148835313
3471.934822410395
3470.9754265793003
3470.015817432075
3469.0559850515056
3468.095919562201
3467.1356111313985
3466.175049969808
3465.2142263324695
3464.2531305195844
3463.2917528773924
3462.3300837990014
3461.3681137252624
3460.405833145615
3459.4432325989824
3458.4803026746113
3457.5170340129675
3456.553417306607
3455.5894433010617
3454.6251027957246
3453.660386644731
3452.6952857578694
3451.7297911014425
3450.763893699214
3449.797584633277
3448.8308550449874
3447.863696135858
3446.8960991684767
3445.928055467422
3444.959556420215
3443.9905934781987
3443.0211581574904
3442.051242039918
3441.080836773958
3440.1099340756523
3439.1385257295756
3438.1666035897715
3437.1941595807025
3436.221185698185
3435.247674010361
3434.273616658653
3433.299005858722
3432.323833901426
3431.3480931537806
3430.3717760599397
3429.394875142154
3428.417383001759
3427.439292320132
3426.4605958596753
3425.4812864647824
3424.501357062817
3423.520800665119
3422.5396103679627
3421.557779353571
3420.575300891044
3419.592168337413
3418.608375138567
3417.6239148302802
3416.638781039185
3415.6529674837634
3414.6664679753267
3413.679276419013
3412.6913868147826
3411.7027932583946
3410.71348994239
3409.723471157101
3408.7327312916054
3407.7412648347263
3406.7490663760145
3405.756130606746
3404.762452320876
3403.7680264160167
3402.7728478944287
3401.776911863967
3400.780213539079
3399.782748241767
3398.7845114025213
3397.785498561312
3396.785705368519
3395.7851275858875
3394.7837610874794
3393.7816018606227
3392.7786460068255
3391.774889742713
3390.7703294009643
3389.764961431202
3388.7587824009397
3387.751788996457
3386.7439780237005
3385.7353464091793
3384.725891200842
3383.7156095689684
3382.704498806986
3381.6925563323866
3380.679779687533
3379.666166540505
3378.6517146859283
3377.636422045794
3376.620286670258
3375.6033067384287
3374.585480559158
3373.5668065718023
3372.5472833469885
3371.526909587361
3370.505684128305
3369.483605938668
3368.460674121463
3367.4368879145563
3366.4122466913527
3365.386749961429
3364.3603973712047
3363.3331887045438
3362.3051238833777
3361.2762029682995
3360.246426159134
3359.215793795499
3358.1843063573447
3357.1519644654577
3356.118768881981
3355.0847205108807
3354.0498203984253
3353.0140697336037
3351.9774698485517
3350.9400222189497
3349.901728464398
3348.8625903487678
3347.8226097805414
3346.78178881309
3345.740129644986
3344.697634620234
3343.6543062285327
3342.6101471054594
3341.5651600326687
3340.519347938037
3339.4727138957846
3338.425261126607
3337.376992997731
3336.327913022962
3335.2780248627137
3334.2273323239965
3333.175839360376
3332.1235500719004
3331.070468705024
3330.016599652461
3328.961947453045
3327.906516791522
3326.850312498353
3325.7933395494388
3324.735603065869
3323.677108313586
3322.6178607030442
3321.557865788822
3320.497129269223
3319.43565698581
3318.373454922957
3317.3105292073064
3316.246886107218
3315.182532032209
3314.117473532319
3313.0517172974673
3311.98527015676
3310.918139077764
3309.8503311657532
3308.781853662911
3307.712713947499
3306.6429195329756
3305.5724780671335
3304.501397331117
3303.429685238464
3302.357349834102
3301.2843992932876
3300.2108419205297
3299.136686148455
3298.0619405366506
3296.9866137704744
3295.910714659808
3294.8342521378186
3293.757235259626
3292.6796732009702
3291.6015752568283
3290.52295083999
3289.4438094796365
3288.3641608198413
3287.284014618025
3286.2033807434145
3285.122269175443
3284.040690002129
3282.9586534184
3281.8761697244054
3280.7932493237704
3279.7099027218396
3278.6261405238606
3277.5419734331876
3276.457412249355
3275.3724678662275
3274.287151270031
3273.2014735374096
3272.1154458334217
3271.029079409525
3269.9423856015155
3268.8553758274215
3267.7680615854183
3266.6804544516685
3265.592566078146
3264.504408190447
3263.4159925855697
3262.3273311296407
3261.2384357556575
3260.1493184611745
3259.0599913059905
3257.9704664097817
3256.8807559497423
3255.7908721581884
3254.7008273201477
3253.6106337709316
3252.520303893666
3251.4298501168473
3250.33928491181
3249.2486207902784
3248.157870301806
3247.0670460312585
3245.9761605962494
3244.8852266445806
3243.7942568517087
3242.703263918117
3241.612260566724
3240.5212595403227
3239.4302735989227
3238.339315517166
3237.248398081699
3236.1575340885365
3235.066736340438
3233.9760176442783
3232.8853908084316
3231.7948686401032
3230.704463942735
3229.614189513345
3228.52405813993
3227.434082598817
3226.344275652061
3225.254650044844
3224.16521850286
3223.0759937297257
3221.9869884044065
3220.8982151786377
3219.8096866743504
3218.721415481167
3217.6334141538327
3216.545695209731
3215.4582711263542
3214.3711543388536
3213.2843572375505
3212.1978921655127
3211.111771416136
3210.026007230755
3208.9406117962576
3207.855597242736
3206.770975641149
3205.686759001058
3204.602959268339
3203.5195883229358
3202.436657976678
3201.3541799710565
3200.2721659751014
3199.1906275832666
3198.1095763133376
3197.029023604386
3195.9489808147673
3194.869459220112
3193.7904700114036
3192.71202429308
3191.6341330811524
3190.556807301391
3189.4800577875358
3188.403895279527
3187.328330421826
3186.2533737617387
3185.1790357478003
3184.1053267281877
3183.032256949183
3181.9598365536835
3180.888075579766
3179.81698395926
3178.746571516422
3177.676847966583
3176.6078229149202
3175.539505855204
3174.4719061686533
3173.4050331227845
3172.3388958703476
3171.2735034483
3170.2088647768023
3169.1449886582873
3168.0818837765714
3167.0195586960244
3165.9580218607703
3164.897281593927
3163.837346096922
3162.778223448838
3161.7199216058025
3160.662448400439
3159.6058115413603
3158.550018612702
3157.4950770737155
3156.44099425838
3155.3877773750983
3154.335433506425
3153.283969608815
3152.233392512454
3151.1837089211135
3150.1349254120396
3149.087048435938
3148.040084316928
3146.9940392526014
3145.9489193140807
3144.9047304461465
3143.8614784673905
3142.8191690704252
3141.777807822118
3140.7374001638627
3139.697951411916
3138.659466757728
3137.621951268351
3136.58540988687
3135.549847432866
3134.515268602902
3133.4816779710663
3132.449079989547
3131.4174789892186
3130.386879180282
3129.3572846529346
3128.328699378042
3127.3011272078675
3126.274571876816
3125.249037002236
3124.22452608519
3123.201042511295
3122.1785895515845
3121.1571703633845
3120.136787991205
3119.1174453676576
3118.099145314414
3117.0818905431574
3116.065683656576
3115.0505271493307
3114.0364234091317
3113.023374717721
3112.011383251951
3111.0004510848325
3109.990580186606
3108.9817724258705
3107.9740295706497
3106.9673532895154
3105.9617451527233
3104.9572066333376
3103.9537391083823
3102.951343859971
3101.950022076485
3100.949774853723
3099.9506031960764
3098.9525080177073
3097.955490143714
3096.9595503113164
3095.964689171022
3094.9709072878304
3093.978205142411
3092.9865831322827
3091.9960415730106
3091.0065806993543
3090.018200666483
3089.030901551144
3088.044683352828
3087.059545994937
3086.0754893259664
3085.092513120649
3084.110617081118
3083.1298008380695
3082.150063951883
3081.171405913773
3080.1938261469068
3079.217324007522
3078.2418987860624
3077.267549708267
3076.2942759362604
3075.322076569644
3074.35095064657
3073.380897144797
3072.411914982777
3071.4440030206556
3070.4771600613503
3069.5113848515475
3068.546676082712
3067.5830323921064
3066.620452363743
3065.6589345293955
3064.6984773695453
3063.7390793143422
3062.7807387445264
3061.823453992372
3060.867223342605
3059.912045033277
3058.95791725667
3058.004838160185
3057.052805847177
3056.101818377832
3055.1518737699816
3054.2029699999434
3053.255105003328
3052.308276675817
3051.3624828739903
3050.417721416062
3049.4739900826567
3048.5312866175577
3047.589608728437
3046.6489540875687
3045.7093203325694
3044.770705067067
3043.8331058613926
3042.8965202532627
3041.9609457484466
3041.0263798214123
3040.092819915958
3039.1602634458395
3038.2287077953947
3037.298150320145
3036.36858834739
3035.44001917679
3034.5124400809555
3033.5858483059774
3032.6602410720043
3031.735615573789
3030.8119689811992
3029.8892984397585
3028.9676010711564
3028.0468739737453
3027.127114223048
3026.208318872229
3025.2904849525735
3024.3736094739747
3023.457689425375
3022.5427217752226
3021.6287034719367
3020.7156314443173
3019.8035026019606
3018.892313835737
3017.98206201815
3017.072744003778
3016.1643566296384
3015.2568967156194
3014.350361064839
3013.4447464640584
3012.540049684027
3011.636267479852
3010.7333965913704
3009.831433743497
3008.930375646603
3008.030218996828
3007.1309604764297
3006.232596754119
3005.3351244854043
3004.438540312892
3003.5428408666326
3002.6480227644292
3001.7540826121385
3000.861017003984
2999.9688225228588
2999.077495740627
2998.1870332184376
2997.297431506984
2996.408687146794
