0.8899707046295017
0.8664094583066533
0.9914512741906545
0.5779446032940667
0.38158847203613405
0.8617887514074445
0.9611192424805001
0.3662128866519318
-0.07832419718358935
0.3930247021141519
0.6397878767351529
0.595253315005442
-0.2770740005121656
-0.8917397412242604
-0.42111618533522055
-0.20045705838624028
-0.20508084573812793
0.13553631870398095
0.19934715558320573
-0.1509228444792663
-0.21145207510498515
0.2660734888839761
0.6588647989894245
1.154416393164462
1.3746697085878705
1.3832315253589373
1.0240392487960448
0.892840654909688
0.6992223227291207
0.5751183072547246
0.39414169938041227
0.7674913781835757
0.6355476081822927
0.06066269085115606
0.53484389414674
0.6521568825645213
0.1417770621375954
0.459361775424412
-1.5119406891912974
-1.0203834260686875
-0.11314253375864068
-0.03707590192440908
0.18428758359462408
0.23691355969376654
0.3765832212835905
0.6624493329243669
0.7204251590411895
0.23210283216049798
0.8697133281161097
0.6582982593087099
0.25199824604346127
0.23127505404215065
0.5294019282402214
0.26215199770999836
0.7509306553233209
0.36336986249172637
1.1088591419336817
0.77614890720359
0.6635441181618302
0.6019337626377997
0.45877625446833653
0.9749127726027035
1.3438975015902053
1.3726459289807607
1.1627863828470815
0.46236393591606223
-0.21807827999048057
0.5599853760312354
1.146304358417344
0.9700342390100725
0.8939444310150063
0.6035010507402953
1.4087054811496527
-0.2080140236692148
0.4089960946384179
-0.012934323796506974
0.5277837294133352
0.4778771547556068
0.616704159062742
0.902057320453256
1.0569120993598855
1.0183354460394474
-0.06446126864074024
0.5912672916570911
0.37268509402012634
0.2925049104912981
0.2963417218137397
0.4543736173951639
0.31925376467679306
1.4548771472977888
1.0966739059307484
1.1607319536995762
0.4944282225623438
0.11380566501494414
-0.10241669967514286
0.5268619835040961
1.284791678251844
0.03830769797306445
-0.6770814890220611
-0.5358504316801256
-0.2528507892909973
-0.7173140393615068
-0.3881404330375617
0.015906828292897468
-0.2834167330060404
-0.043018101302413486
-0.5283351797546986
0.05468117632605239
-0.4418470552690843
-0.1073197570516037
0.9309646013734808
1.5011991730638574
1.7306784358838063
1.437554014089119
1.7427045311463762
0.832546354771497
0.3449054123326216
-0.2840947921553214
0.16594551244823427
0.6740921087799273
-0.437386486937448
0.0015787423086031287
0.21413041058857596
-0.07405328478502095
0.1673706053405946
0.41144721176000343
-0.24645008863444298
-0.14967207066842128
-0.5440278365985334
-0.6402324065843368
-0.5607150581351679
-0.17012786437812397
0.37171688398344727
-0.7311041663294571
-0.7174648315517678
0.12805045531649756
0.4278230148199544
0.6730009932242264
0.9685157412673646
1.309724520571879
1.3463424809168567
1.6522845541379225
1.1682459436729997
0.8006313823011224
1.4103852995100603
1.7195074814230737
1.591477649379559
1.8328286324408336
0.9148133634327823
1.0215598296973722
1.042404975729157
1.1487492455915036
1.3040748250619567
1.1534130405595724
1.7697988260522504
1.5932546492939774
1.6343448048661635
1.2297757305309203
0.7096631599226746
1.176129190302955
0.817992286099194
0.7656497361403853
0.12857791557577
-0.3605485357173406
-0.6342397764023158
-0.948969968998849
-0.5424074948302051
0.18212078608830257
0.982668103247104
0.2606806001276263
0.1169088599318032
0.35407760192432064
0.25615838735976915
0.30683021433686924
0.7320138567905604
0.8672533015011004
1.2414862783317728
0.9987807832882057
1.146699256795052
0.8497466116751966
-0.27840444623516936
-0.5138938615147299
-0.7413740671205783
-0.6179516181146796
-0.465054084751251
-0.689558922967874
-0.6815238442487641
-0.44311797870006026
0.057304117464361634
0.19899809942799146
-0.350976961503004
-0.6230400908615553
0.057579083509549704
0.9503629013433395
0.7353787799901008
0.10835904675708173
0.7337227417238225
0.7920987117927912
0.0789624376336684
-0.02451091826370155
0.2186240316083294
0.2896251512771976
0.866725963932697
0.6386339367012696
0.27634010428566014
0.08937941664645223
0.17873009375642943
0.14002743507781823
1.3907908876159176
1.7285728822609403
1.4370832274903773
1.129658968216055
1.5500589237564164
2.155158520984014
2.6487273445165664
2.0012372986193485
0.723783189370823
0.5673763036257429
1.1927607869039165
1.3642640814637501
1.4129258035577161
1.193119616422886
1.2676588209624844
1.5538984380150234
1.1567632643352639
1.1933034866981973
1.0076411637003253
0.16711308596626961
-1.2209982378091817
0.9480553586668687
0.8398401483154763
0.24512765505518277
0.09905275457137834
0.5126549803686719
0.5163186508601708
0.7836296955749962
0.11836976494107739
0.008730310820476253
0.14898421722228608
0.11672536141928681
1.9769812257269077
1.4790428667796862
1.9032945364170675
2.2278528920291634
2.2264024727350233
0.90947925644443
0.14511055716656782
0.8609559052829913
1.0195050696015497
0.2543694744422188
-0.24627624445279092
-0.2266471974908054
0.8410626580820796
0.9586012776270909
-0.062482851828684426
0.38107393025512337
0.26241401337555814
-0.04924013277346907
0.9890532485997243
0.46054330138214644
0.4490511421398878
0.6321811484784404
0.4351186931502454
-0.7583119595339921
-0.05702137941540228
-0.37179140557467383
-0.32839635546062207
-0.00037508058509659484
-0.2356616689031677
-0.5835784748902152
0.20498335987149793
0.8242119301431389
0.7065937660943461
0.9709946141309386
1.1051091777633586
0.9364389759071335
1.1228422508806153
-0.2528751433726354
0.1384272832171549
0.5295027763366928
-0.3105643841446447
-0.3964782352519718
-0.43275357060573855
-0.4693972276563344
0.19004767455567526
-0.08090562205592224
0.03747953773905519
0.8434658618650731
-0.06178923756129912
-0.0798072191945443
0.8138719163705895
0.478796401359728
0.43421041469743354
0.5043786825020029
0.45612840441069746
0.32278357262263524
0.8895933438393363
1.0215735476221275
1.2351864290186105
1.2833110592526626
-0.49992075688767773
-0.8804773772517439
-0.5904721933996773
-0.8875622709519254
-1.0096978792026303
0.14411372986758988
1.7112583075568424
1.1615229607858963
0.03361897569658603
-0.11277200101929412
0.07312659120748394
-0.07794656798407965
-0.1304194546161799
0.3625356482432453
0.26261070628065586
1.0247601560189776
1.0711947860427304
1.138523770018317
1.1596116930885014
1.400218840027637
1.281422859958143
0.6516668323250527
0.336896345634116
0.22962783156281916
1.1213121499589191
1.1677021543259307
0.9796873472910399
0.7571479091195352
1.6008932142560772
1.5054063517494098
1.8092687193989727
1.7296854415279797
1.2155945333323062
1.0969625800017948
1.6106801927359227
0.9384115353747584
-0.05586670808070179
-0.3130810425719424
0.3657643145139521
0.6392903400903928
0.10898942281237585
0.3373000487455128
0.15211972190712617
0.1780041094910743
0.4424011368111145
0.23285837835961118
-0.07583239740562565
-0.1234356211344259
-0.021860400681253955
0.19354880093368498
0.27367467842695575
0.10004338266598775
-0.13716784617853156
0.14792124446893165
-0.08490821477580066
0.25013288298029
0.09255033728961848
0.14834503757402767
0.0966048442036952
-0.22902712302350925
-0.4570954310076158
-0.9123593836655359
-0.9975486116808329
-0.7531241247574919
-0.9287907587260441
-0.7045136881448604
0.01247033247740471
-0.43881728260124303
-0.5046834701895008
-0.15856972612691086
0.1882276699658913
0.20940202374169076
-0.36263682381523954
-0.8557402784812691
1.4319690880497415
1.5604334144294394
0.6469094688818319
0.6333211807118121
0.5371497057549424
1.4102918574848442
1.5174062702996294
1.009185982609668
-0.3017983572433967
0.2840335455897564
0.7537907405513451
0.6798836346307284
0.8008215050763701
0.6495443532836657
0.4181299354501454
0.6550396875874523
1.2082553678233805
2.0931291401150225
2.027170233455409
1.2980396967438264
0.6041073515419978
0.3570843897552874
0.4208862515156756
0.9221083540649402
0.8786206852693803
1.1307964596714493
1.2337559054113383
1.6037977483523882
2.2269674486093414
1.751115110351759
1.5542467227803345
0.8895961602579778
0.2847456021605874
0.13102714751437164
0.20747940333191675
-0.03257817333496737
-0.06956410243365758
-0.042358248858346
0.23549066792842474
0.41016686608049835
0.20586890973450936
0.08888444285269749
0.15691766442708663
0.0902167677759851
0.2966081291678209
0.3914238917416384
0.16913158120292957
0.12615720692857077
0.1036487299589964
0.28427671628222956
0.696407680352086
0.6944801578186695
0.9553512506770419
0.5823847566457806
-0.02517996017460748
-0.034462974533535154
-0.10579128153865776
-0.4607841648447685
0.2798704855084849
0.9147813505371187
0.9895511337591161
0.37986093686103195
0.6107486664342532
0.23885069888384222
1.143135724510081
1.154993961195569
1.334577101228112
1.5674460764612312
1.3345111216700904
1.0092201566541343
0.4660197317639648
-0.1853660716884991
-0.7146417274944846
-0.5242410851765956
-0.3999162569226394
0.009281682586377049
-0.4052060189982036
-0.42779767792662515
-0.6990485572912684
-0.716473576450403
-0.6975660939523318
-0.5414576931090422
0.4541266291225908
1.2120694990689658
1.5845849530199962
1.587576907863716
1.328475617793259
1.7541700137952085
1.78310659918402
1.0293036343470685
1.1688286774182624
1.141313370391868
0.9823418908651645
0.8018580284735201
0.2364594730187287
0.07822225220542406
0.1529899952746813
0.3733383673698471
0.038907400465047155
0.15933178779109877
0.17921467233711488
-0.16255499183199582
0.27070343856340334
0.22833837968564902
-0.03946900317258869
0.09965118221349842
-0.37695016997001046
-0.23472872143360984
0.17664836136109138
0.06524692399195696
0.08826037818329432
-0.1341460828684306
-0.8371352693272146
-0.578436165184187
0.4836672202449118
0.3492819202580943
0.11322093411340879
-0.29425947815384473
-0.49735814515739735
0.9725232435755652
-0.07559350457270385
0.5343542085338054
0.9570382033125785
1.059410631035668
1.9995488651459807
1.5046479278197025
0.799641866407693
0.8208953052694903
1.1135539180773462
0.9390345453415506
0.8670642498587788
1.1282905678673099
1.2485814803268855
1.0720810937195113
0.9695154808030233
0.1815311039407001
0.31037302351903306
0.17871521787189812
0.023433765878024763
0.02704351351558971
-0.2312084288147346
0.5265064073476585
0.8560088061082781
0.6848406053465936
0.08330086216645267
0.9660855258657549
1.6776249315667326
1.1793872515815678
0.9890495585271454
1.217094380099033
1.523819724986738
1.1785013433575622
1.2229240780584798
1.517858663750326
1.257384662944777
1.067934899869613
1.4331748418321488
1.0407389374995637
1.0531721024030842
0.39688895994104373
0.269354719307363
0.011211043487598247
0.6565321225347088
0.5843691767971321
0.2581600459227526
0.19953709170415757
-0.3889867677506771
-0.06455789149008892
-0.23356576766971462
-0.04233550622496292
0.18498913221832422
0.45826197772839183
0.7083439998426783
0.40623019492757817
-0.2275987327284562
0.19135922649582407
-0.10720199327248679
-0.3150117974093129
-0.34038764599832344
-0.131983238502612
-0.17671686338653214
-0.7606410728088561
-0.4012845453538835
0.44014281704259217
0.14999090751576377
0.04144138433250876
-0.28697285586901417
0.08812698006769053
-0.3290923197725241
0.1474405934856558
0.310736639228636
0.33673077166240695
0.3871702206782738
0.3613623921817177
0.9743295868339799
1.753406964443658
1.6056285955974559
1.3124336765285667
1.390009110775179
1.8713046747620425
1.9514243439013104
2.3591887607287774
2.6416314685300994
1.2463976713041072
0.9125221281327648
1.277349524030008
1.4906748757975268
1.3059239468238897
1.0451378906877724
1.223552393846286
0.7508826537113814
0.7592985190756848
0.9354515548466235
1.3589093966865782
0.6310803750885532
0.5088215660990285
0.7637251260134179
0.5624513564818696
0.5531608557453799
0.1504005824331569
0.19243866164504195
-0.03386214216977898
-0.14824605480896658
0.03326889455568237
0.03831198488901543
0.16312736477663153
0.9908020215036963
0.4484674013959705
0.6200912971484933
0.5599118188319001
0.2463372910722003
-0.03654514303962346
0.06032938197287561
-0.13072677263370258
0.5350363343685167
0.733903778491858
1.145798880095697
0.8285506918386712
1.0165283857793497
1.1056401834999898
-0.7324753645858322
0.029665740590547388
0.20565260477111316
-0.010841593686524143
0.5297672584794091
0.6829132561970193
0.2873785256574562
0.3291624487950235
0.7658270582706296
0.807736694154354
1.9561169972220565
1.807783690799721
1.7199114162319022
1.3074857667459463
1.2785880643534966
0.34272406940596895
0.7037051865720126
1.0040164777097575
1.045643487401699
0.8351782026665008
0.7572248508299378
0.9313750947089688
0.6605656134503144
1.2854399543965227
1.982323468818171
0.617721752322411
1.0148722448823004
0.9558638277934157
0.9271686164889221
0.7088140146475391
0.5953871733308862
0.7721090059532412
0.4794402249530147
0.2645165650487192
0.863102451812319
0.7899983638480361
-0.002018529336832757
-0.18005609274075107
-0.11910343761176363
-0.25872562036565283
-0.36531129675621166
-0.39364978717262117
-0.5520948197087225
-0.8623780484343256
-0.8451416005411766
-0.9643531634585693
-0.4939583740165912
-0.3872418217459413
-0.10367648224000058
-0.0731356458200455
-0.681467824133934
-0.5721134259462854
-1.2274012093890068
-1.2054211897864016
-0.6595375437722764
0.10347584454246654
0.10330205121761789
0.06110445544137
0.2654825802750784
1.0387970059134104
1.1439814146924905
1.1629299625129488
1.2644502250129372
1.3280120123220265
1.2330454569680396
1.9337661890508429
2.0702522406262616
2.423187472301183
2.2416084764109834
1.6020777840543474
1.4288016909120838
1.1874147226092027
1.7440845152807527
1.520145385713662
1.2720351908660394
1.296468681742727
1.1025354047137472
0.6834007927692064
0.8648808693576482
1.2528998131799447
1.148154775459393
1.1168550163937896
0.35012753658976853
-0.7376428462913427
-0.48538484198689924
0.48482356858041614
-0.04004343735140085
0.2101025772287217
0.396048908809324
-0.026913938210684003
-0.1111715690398502
-0.13060230294344047
0.399068640239755
0.655174298101703
0.712936849413623
1.3868129197903996
0.5183682092669323
0.17396985324975517
0.26447949233442747
-0.19814732321461737
-0.019262472416273956
-0.16964546105045367
-0.6768188088705639
-0.5958795454443737
-0.2672270581252135
-0.5406955075393446
0.8305401770234973
1.326069168422628
1.0994194021558519
1.105164777233134
1.1864039246579565
1.4064412768478207
1.4831506098003508
0.8112743430797197
1.4223146947142837
1.3185722372959412
1.6198943118119218
1.500346697599712
1.1680604180299654
0.22566209371795712
0.7469254935042698
0.854263825391083
0.35781079001983346
-0.8881674735516569
-0.625201455159078
-0.04135744232161072
-0.2961311031405916
-0.3517281236784586
0.43508991230404864
0.045780332961675343
0.19417167533816984
0.4651040973144966
1.0260772757877386
0.7064314679314886
0.36785592361439834
-0.42945558324720057
0.5741625240983096
1.6286223793538233
0.5780301172062366
-0.44171130484056226
-1.403680755291428
-0.11693343048762443
0.3425318355625835
0.4396018213524073
0.8288400733841301
0.3148406647138028
0.1258559869470768
0.07988376195127794
-0.2853522878250707
-0.4298296690898574
-0.3993970400147522
-0.25486210602648607
-0.4604973434582659
-0.2826300811884425
0.2677848875820436
0.6349820788325913
1.6127816819753427
1.7898039568835005
1.4012699828866746
1.3081915351370623
1.1479963687477828
1.444922805784453
0.7365219680412705
0.9447930886956598
0.7092419288356819
0.9488239878189526
0.04105227205879039
-0.36840328703450015
0.37157353267991866
-0.18478374593736607
-0.8079376570664328
0.2055428614274418
0.5470322379361455
0.46283079454050663
-0.0730324746822268
0.22186529123547136
0.16371076981550714
0.9876606431222477
1.0170571377673696
1.0889143312000384
0.6268253711606948
1.9594276661239405
1.3859003678582074
1.3940414334330515
0.2733573387295708
0.05372755799563053
0.15650223634235408
-0.42555910583917905
0.3956881004847098
0.27115815377199454
1.1973324245947303
1.4330321556893062
1.52703091626047
0.6342820509953945
0.7960158921019171
0.33392885679624984
0.34923102682149504
0.4522211660808206
0.37197427676312345
1.0864451783615459
1.4337643669601299
0.5707564367502395
1.7584623757875888
1.9230074161668365
1.8579782110496257
1.025644829230292
0.18921082557282806
0.04584351718211887
-0.6154588409825539
-0.7713676331062885
-0.11302851340803557
0.3790425508516135
0.3939467069654916
0.746580083951973
1.0288047851210433
0.43755769624297325
-0.6467472385441825
-0.5069162035101992
-0.97272485624304
-0.35968246795671965
-0.9378192336631223
-0.548223460051728
-0.6080619072386827
-0.40305565168334895
0.0030918746995466694
-0.5978965661612207
0.76069905406055
1.0887864520463537
0.19950936745099673
0.2272602885282903
0.7750595779745897
0.13911481460424777
0.43917276173182707
0.9078225014600323
1.546738759568555
0.5470633300643729
0.45927323975611484
-0.010814578586584897
-0.4978363435504358
-0.10574462270273155
0.8519303558507216
0.9075730725883462
1.327822215638978
1.1269423691326768
1.3426128610439776
0.9088942088337725
0.8493397879109517
1.2810788013753285
1.565460270513823
1.2887269166465694
1.5175256893457563
1.3188664421804517
1.0836047971890195
1.491102765927338
1.564097280244234
1.356355968543379
1.2660649507155053
1.290903342835494
1.5549889607849754
0.8148263350543187
0.49277136856887616
0.9563604472106063
1.4939667177100913
2.1363899767246357
1.373849929371888
0.5926351392216085
0.55070828964957
0.18582185099133217
0.04264969800629725
-0.011832531671404203
-0.49377365866874295
-0.3615271513861558
-0.1266759776028985
0.09278078100507979
0.3235685392070601
-0.13940986295824162
-0.9066767769525942
-0.43913452501654077
-0.45322194759455864
-0.40373312147332574
0.0730880548225681
-0.028049567657583877
0.4698885283012148
0.5387190444644758
0.15306420609615937
0.8188011412007079
1.843401624815683
1.2318333919184776
1.2994923437762753
1.4081302401706999
0.8682527952621666
0.7801858601029622
1.116033233039484
1.3474097555987774
1.366585163362838
1.5104251557014614
1.5110819942194231
1.007811545848626
1.587397184753504
1.6413857291326714
0.18043142893282738
1.661447972542341
1.0099427761488131
0.542978566418966
0.1582029892262391
-0.04929227829611333
0.7039678660304942
0.7264374967687038
0.6021145536156601
0.5789419922687752
0.4076049343960053
0.522215132757642
1.029636956703582
1.3463170698672564
0.9889876453301815
0.9417564260522596
0.9851339989325145
1.0307987294300012
0.3529405793530978
-0.5077846989657254
-0.31301559706021126
0.46629866613475945
-0.2370537083781117
-0.9041861796667846
-0.5680086077649885
0.6316417787196713
-0.5314521526768691
-0.4132532842053143
0.015060176462591413
0.20530359367174586
0.5671938855515836
0.6843149763689849
1.208457823028378
0.6330841914567422
0.34252873793727484
0.46191358314365266
0.656126700579732
0.3479203389390167
0.5278681980846236
0.010964770287138855
-0.07488996435321817
0.009012602596820476
-0.15639725265698928
-0.36323795483484156
-0.18569806742405823
-0.2754934134196888
0.9933181224248534
0.5277420476428978
0.7660371119897792
1.233862735894308
1.2107809336052293
0.6591890844697208
0.24651133797595773
0.7660515879293195
1.4071267537615761
1.1133549210999043
0.5260208093835511
0.1723376057287101
0.1631840462464168
0.8968448209255256
1.2094273366454218
0.7539420562183573
0.39086027005058677
0.8567239702582918
1.1711708041158437
1.1290373297150367
1.0824721264915447
0.38738887639419994
0.4734588899143411
1.7835396994025408
1.495074093507096
1.4579097529140517
1.2089358918870896
0.7768286323097934
0.5743279633819757
0.7612595995210375
0.5485491212240057
0.2643902192673919
0.6896244163813953
1.145942003595138
0.7780078605950808
-0.08747041898235307
-0.8845067635738093
-0.6150997265227923
0.3042435619085651
-0.7920635564705812
0.38494899782959074
0.0644035179724017
0.0594943400024034
0.30409558074078535
0.05418470726528561
-0.4084404225689262
-0.33457619483579565
-0.6620691790572402
-0.872310121051343
-0.3220579356147032
1.470824491758428
0.7998320238528501
0.9822845188906251
1.1411186150782249
0.29656670610863767
1.0782537960303158
0.66834236626815
0.30997899602794887
0.193535108914723
0.283125207511982
-0.2171239882906277
0.1369538199583914
-0.49674802714782645
-0.3393710313316467
-0.08166707350061009
0.36459624524491574
0.8773831556835494
0.7128815639936785
-0.4384906556909116
-0.27217076410589863
-0.28782678358430813
0.6640283635967928
0.8427368220115313
0.8769760386422835
2.02488663035284
1.4817620356476056
1.3244317293336343
1.5737436809856895
1.0463176395167548
1.2406569122556275
1.2481628219084693
1.1788079302720629
1.316355045995338
1.949054486149755
0.7158388900806032
0.6953081142968935
0.5480902607574881
0.5341020082296637
0.5807083923233864
1.005714141512655
0.7790215323523386
0.8426974660246225
1.3731144410562275
2.0571956251889087
1.5392132097011273
0.9258224920406406
0.9336089346833862
0.7764569241282008
1.3038285591630236
0.23629890103848228
-0.21872880839907238
-0.4106443267154729
-0.6553337937208435
-0.23382943820778632
-0.23979499387055617
0.5665874598656845
0.608522081160097
0.7819235294226792
0.3412636117657034
-0.10540634445227615
-0.10404105432541727
0.44416727393397487
0.2091166571619714
0.4144883926321783
0.5299757755213821
0.36541892601294645
-0.02995789451605923
0.6848645364363638
0.40493241082404097
0.4583048380540209
1.0485031744861906
1.2095003795793209
1.1248158549637983
0.7706086038446082
0.696725659976909
0.5094192943289411
0.2881101219616424
0.26522739151157204
-0.19545526676241343
-0.16128082735204197
0.10573283022066662
0.33740663757943873
-0.44243240728268307
-0.05470635477362901
0.40873183353856807
-0.3451027967305263
0.04394098032179079
0.36851787123731566
0.63247614586344
0.07925091236341951
0.3493044036665373
0.8870628851620301
1.8638695481466865
1.2976268481167377
0.89547310359871
1.0036693065292464
1.1013563103049262
1.5628467207572967
1.4901624109894638
1.5664722967776996
1.3039317634327625
0.6333212470252615
0.49173014876196525
0.5370870382434867
0.6753838319513933
0.9895054355719146
1.384953877928218
1.2552096011580298
0.583555922186116
0.9758128312435121
0.8510973310591802
1.018766765381474
1.0855744907257316
1.1886486122271998
1.6362530203487
1.4374125681875876
1.4901915479329597
1.5488724767260853
1.7519409052937196
0.4978131272309897
-0.5263602791300244
-0.6019530560206077
-0.6496809261546505
-0.889353296015472
-0.8472032458150345
-0.9920724084571714
-0.8381752377827841
-0.8013505154157778
-0.7167244008946109
-0.6011242605928042
0.7359474907075902
0.7523334202497504
0.800041692388266
1.062362877682809
1.1652917673433885
1.6825814429326
2.2354056268593934
1.604886970889672
0.7451026323173188
0.6485775388285129
1.2245378089389551
1.3899762764124226
1.0313339922490443
0.7087925646831451
0.009033879843192039
-0.16593136381795745
0.22488638297838293
0.4545440450075592
0.02092322864780158
-0.7608363155332248
-0.3652854924063339
-0.594739447734462
-0.5122889966063569
-0.3977300447306004
-0.5524740176684666
-0.6329118319494048
-0.6074242624168671
-0.15428046068091839
1.459704455870494
1.2375832284233599
0.7417338958739096
-0.07683572461070699
-0.10932374464417943
0.7509513957988758
0.7559000255522592
-0.8831965789333156
-0.3254481923492793
-0.23051561581923302
-0.7547789965896642
0.4848237870651325
1.2240689991901093
0.9934868108646954
0.564924919713617
-0.5972457356273068
-0.6595787288393226
-0.9705692251568092
-0.621146187548114
-0.930484347259863
-0.3078792026453901
1.0475203548411751
0.45386831850664017
0.35083814084776077
0.3702739007081804
0.7424966324594574
0.6164872067955801
1.090787503485666
0.7777198351732771
0.6588410616637145
0.7222662341889656
0.5256820262665417
-0.3658553157468373
-0.48455352785660966
-0.4527949666643372
-0.6160950291097824
-0.4082692751769153
-0.3371655854701142
-0.05072636221848884
0.30970396296434366
0.4721282775037652
0.07470993662305728
-0.10498058339775108
0.5570700266657301
1.1226045940237355
1.1240559728898263
0.7355260164193049
-0.1332894247037421
-0.05154294756554921
-0.12020822088393959
0.02159327243896978
-0.22380086449184736
0.11869249587075348
0.14286738750788663
1.590923762297906
1.3630836436979485
0.7183879369306742
0.9990269612914113
1.01751983021382
1.3041357687623296
1.1167878490245613
0.7261621717116074
0.5909108734908646
0.5233734700453226
0.8018997924832192
0.9821682654724688
0.15592374777899196
-0.48216224852318584
-0.8857851614655258
-0.20763571289335322
1.0984693202356395
1.1456948752700866
1.225567815480533
1.2908123071133206
1.2573461123413006
1.4120929676573226
1.8353653275178616
1.9411350631542443
2.0308620183531207
1.5442087617425049
1.4959631709193422
0.608459248687348
-0.19479927564854368
0.12766715595936612
0.2348044025213549
0.3165680782403584
0.47074246053742896
0.4770574030626273
0.5291478741930749
0.7153981731567025
0.8567974046897707
1.2036979878647658
0.02225751389071059
0.42281243928017104
0.4837452450975895
0.6967054524547845
0.5352894024280909
0.2985724269685738
0.364526665703266
0.2558580853637858
0.24349477549969112
0.04554731427191823
0.06382317060292055
0.21636977218253436
1.4998145883789846
0.6094272266130707
0.15990573080267176
-0.46551925774444464
-0.20038351080926148
-0.11080990935011083
-0.410591709256345
-0.48879752601189325
-0.7635296278891437
-0.6294036409243247
0.47024329946301396
0.3894138344633832
-0.3071726213275098
-0.32133288323919895
-0.5229170506003445
-0.1170103777911683
-0.19655835330977212
-0.2019132617235623
-0.23446185498180866
-0.5363797364427416
-0.44477981112117015
0.12340492353773151
0.41005442321535834
0.5641499258486674
0.40537781677028584
-0.35922538517007085
0.6157341851467865
0.315175848663808
-0.08205481745578633
0.9603016861013102
1.0309912492032751
0.7375416679106792
1.0055843504627744
1.2432979678960216
1.3496061837301354
1.2171312388442324
1.528795844012456
1.3344570757515708
1.6049041290981054
1.6058659302230804
1.564717370759304
1.422954770380466
1.2186681766631815
1.0550318449675944
0.7032144483017444
0.6143219474438792
0.6895860687354816
0.6862610913310522
-0.013828497001510029
0.1571432656108131
0.2591007386083305
0.3441809083730424
0.4716200430468077
0.7598346550736701
0.9710969769156328
1.198491264941833
1.2856829739995872
0.43404063075106786
0.4098237958709812
0.4485303208134993
-1.0871440190529122
0.5498560240604504
2.164980661950473
1.4158120192441055
1.273111265696059
1.0101960025203864
0.07629050572440993
0.24733843100697958
0.18261117772781882
0.28801566854216
-0.38422861407617853
-0.16719101661966926
0.025290855852922244
-0.29390975452958384
-0.7665428937496456
-0.8834725939093871
-0.035346044299000345
0.3865677663040498
0.4523346629488456
0.25672041454890415
0.6376837581031213
1.1203663547018359
1.1704228769839378
1.0765559647726946
-0.06395322204064786
-0.025765918170276493
-0.4971099928020441
-0.050024189413873155
0.09933447923727087
0.7002965696154386
1.1118836936345609
1.3284110159257372
1.1091132791735252
1.6907048024032896
1.456537859024019
1.376825131535389
1.1775380528917798
1.2253339547038427
-0.12720424795356727
-0.1690534201482801
-0.3410975463418682
-0.12943897267813667
-0.25067543795539116
-0.35682771316876677
0.48269222841189635
0.9666617793819465
0.5499693202549206
0.4683444854488806
0.2939844241259665
0.2606440360580325
0.4863001310647402
0.34038029346915144
0.11876277911968297
0.4221554161255077
-0.11712853517540303
0.005146271095853872
0.35719347436839444
0.21731184082812216
-0.19426346619550586
-0.27100123091616435
-0.313271359737663
-0.8430716411927368
-0.02785282845333015
1.3381255631050475
0.9186122832695405
1.007467744340624
1.4134062387501447
0.9544649590560639
0.8924119734869375
-0.18883696166037922
-0.23535432886734686
-0.09129986690640535
0.03520092890444529
0.10295091513008814
0.25913753764596925
-0.042864159194655166
-0.11410754372034752
-0.5382828005235055
-0.5566739321642928
-0.3730082986230745
-0.18566478417325966
0.1911750465860073
0.382339021687842
0.06512527671964252
0.7704174339613727
1.1193352421289544
1.7640120538628443
1.913722837314646
1.1454045986515164
0.7853447720697447
0.44103351841834587
0.4821307064536713
0.8151502475009104
0.8202171200644318
1.0099628185344292
1.0446290532812277
0.47775082815200876
0.5564039963942561
1.191133119622402
1.156004285662672
0.9790820046896866
1.2297760793366235
0.959487522073615
1.3424539971694205
1.3841012387827718
1.4709955563103587
1.5574300604919828
1.2070126007939848
0.35651262815582796
0.6316634293764878
0.37557543725861753
0.4094047709252208
0.7614260193831455
0.6770136585859057
0.2757390917963657
-0.06283727036255682
0.22221964160512395
0.960427484727188
1.476106528441535
1.5919582243343966
1.0898593010609912
1.532529196396948
1.484856130869168
0.8862415631905526
1.074360051840448
0.8852571924250654
0.9338907595587488
1.6184160040752782
1.2028614197056176
1.213139771280031
0.503473677179863
0.12174403926882617
0.006852727094276595
0.12029220585258756
0.4097007883452981
0.3368994314432996
0.2495386973136986
0.31479782928172445
0.31611445666842747
0.18189347597131106
0.3298955032888556
0.42310586344961976
0.23928100867889734
0.4035998043159374
0.7021217459357453
1.444012707512521
1.8348310885049
1.483911067421666
1.7658484134363543
1.6478981973477234
1.6239371077138443
1.4269569296902551
0.8925332075855266
0.10840993608550238
-0.39619621686312473
-0.1991878171296556
0.08017986063849875
0.3883124334366243
-0.28468360175944774
-0.359884035162006
-0.43001622485943386
-0.33697000039737096
-0.3248907024190177
-0.296429270240198
-0.472894855138988
-0.4867945096556366
-0.5118166212524449
-0.619751363145124
0.6291419876437011
0.598697436742997
0.8733798244887057
0.8682428664983651
0.321851295292869
-0.20039863654735168
-1.1648194558872123
-0.6036981012978878
0.38647768221504425
0.2656353283885675
0.1710117464437552
-0.014008137946720654
-0.48018445686711003
-0.9079924997505749
-0.09312286728923592
0.26759398629399356
0.3616094124089181
0.6163118663997256
0.6350354690495239
1.1867828182066162
1.280640341397757
0.5984283240073305
0.5445976140059747
1.0570616656818124
0.9799268570210813
1.060713585456695
0.9675876653996088
0.9184644235576218
0.5430617208507732
0.3297549168871129
0.5545945769591171
0.39860108114469783
1.053638613545888
1.2236232005695988
1.2150763296419782
1.2472696213804402
0.43169311726151427
0.8488915556847002
0.5541246902799954
0.3756477536726387
1.0340947633895103
1.2967416264427838
1.7098452850544916
1.8458393028533713
1.4188489959640704
1.9513707587933993
1.4900538615931613
1.024562736959859
0.6810263805671258
-0.009618705285546406
-0.1525965049520866
-0.18071689521303153
-0.405093818611425
-0.2252801691136946
-0.3128831321679728
-0.3135173873783823
-0.5930877363869561
-0.7197159034285089
-0.7472567896481958
-1.1804132927476712
1.0160045139464746
0.5371385601165973
0.8585887840994103
0.4919017128647865
0.9770461120549148
0.9147027835302581
0.6553281650048604
1.0213771606882556
0.8576670734563089
1.0279853342807712
1.4842892895754736
1.5419593319901885
1.5486775557301407
0.24692226628215394
-0.5609182210776077
0.30013788566922445
-0.3833514665761164
-0.45916698726939886
-0.3476102533073457
-0.7098988721965549
-0.7860006555138738
-0.5654353302161721
-0.0056175700114759275
-1.086471444777233
-0.45838783706826536
-0.278279990846934
-0.13458562462706827
-0.4582250393560067
0.012117790737653827
0.15682928544808006
0.20987961361939922
0.6711374150771439
0.07244793187696995
-0.31813792750786213
0.4984088251170226
-0.5906215211096609
-0.08228922468346493
-0.06921830318209389
-0.7910439967740508
-0.03387469315778351
0.38792160120388847
0.8913479522323787
0.9082129041024555
1.3802609208065495
1.8209328729605005
1.8167331885400295
1.6406326966320595
1.2404560795651347
0.6250961690210962
0.3898248952073756
0.8952092131456946
0.8248134002880124
0.7641392677150938
1.0486781932259506
0.8375070635194745
0.8747826997967137
1.0291846123499306
0.6035231934336316
0.9999843112174623
1.1622447118634414
0.5083867084083992
1.2142100847326016
0.8475405073832102
0.47655912335923756
0.6227126819767622
1.1064400584656344
0.9579194514743979
1.199318031543421
1.0274235642099658
1.1623002053477463
0.5803039690798927
1.1559942889423027
1.1041845699921187
0.6341202092356263
0.8428860027020149
0.7500000522938776
0.1207452265205278
1.022688276477219
0.38405768504599386
0.21733442175403223
-0.185937325453498
-0.4880249398440079
-1.2463324186437161
-0.4693747570116843
-0.9046119333261404
-0.40883549546679404
-0.4922149174430833
-0.6452798099722297
-0.3038025940798219
0.18569312531844712
-0.3645043381729331
-0.21560402476452534
0.1666534413594037
0.01505813345676534
0.22932868797446118
0.09432510811137404
-0.2221810345766803
0.28791511526977015
0.4010530470781436
0.5995228441296506
1.6571321365982081
1.4396591900256985
0.9701012656685649
1.302365170180818
0.4009053431362513
0.10806408978253879
-0.010587127095231297
-0.6780932997508708
-1.5307145930218942
-1.048363367457301
-0.13313032927691226
0.5207335845900042
0.7442204570216081
0.6366145003951631
0.926498530401951
0.7165991927375465
0.9669262427441035
1.673041918236099
1.3867440284060726
1.278493682810278
0.9600074975514803
0.5796032166223155
0.30325624617599045
0.575201859401819
0.46159405809961074
0.6347901578580027
1.3581419779939208
1.3227910814137294
1.4407465005017814
1.7092389523818659
1.6248472054390513
1.5693711726251975
1.378857670391548
1.5918087700965815
0.15158223993515232
-0.8181402091511424
-0.6690923770235749
-0.8246052975979823
-1.196171588204879
0.12772000216903862
0.6171417617972662
1.10862493895452
0.5882500112577786
0.30534762622755895
0.9753494284654091
0.41968762682521277
0.27170213815714195
-0.008721378990931655
-0.9025069330425481
-0.6523481240121802
-0.6284919229411238
-1.0212004269789896
-0.4913754172279051
-0.1465019085741214
-0.2305841750789627
0.07831751423767312
1.610417891297877
2.206104266568856
1.5000639546921324
0.3165983941363525
-0.4854755510960342
-0.7286389655329035
-0.27978823275988607
-0.11206913200884995
0.02591509912100798
-0.19028399031108234
-0.08869338278030839
0.5424169902517001
1.2432673412505773
1.7748779811480753
1.389879500736846
1.2822017143463276
1.4583105633864555
1.4816493345132058
1.0972093231702245
1.1569196939303044
0.9100879440971328
0.8774581644827141
0.9452305798908258
0.8681447379775322
0.17153241961738236
0.026845351265133863
-0.2723561610533387
-0.16698105614107134
0.24086209287554622
-0.37697724121122866
-0.8255128629286526
-1.2248932413214209
-1.142813296726697
-0.8860633789427279
-0.34182675706801996
-0.21963080242256458
0.5065337869867452
1.879781466200337
2.0503819959914815
1.8985785622207427
2.030523780332546
1.3929513301483207
0.23327595408807553
-0.4008713419477661
-0.23184204474126455
0.919823573490199
0.1929407569982732
-0.14504871200544167
-0.29462676228176704
-0.07380103331804114
-0.10973782438492177
0.45249974526039377
0.6016427805893818
0.8777020395161501
1.2682043828478131
1.5518710221850407
1.2326056391238132
0.487972282426504
0.8055923226706976
2.0451512550050217
0.9347634856824055
0.8459587933606877
0.40141047787420736
0.049905712861106025
0.24980914124571602
0.02694276732084628
0.3103426167917432
0.5999631278193303
0.5830687614855335
0.5488455340579769
0.3640282446203911
0.6437182409132385
2.0915820156875293
1.3542249491544398
0.7291133808811882
0.464527480112859
0.6668594362252339
0.33772861716513763
0.5738358610373157
0.49394677719270336
0.4946308521166202
0.07561222294950912
-0.03324019180864154
0.3361452020214036
1.9730928718697982
0.716177173962946
-0.21986295206453657
-0.03442443461630616
1.1436195432755902
2.269411882330743
-0.597058035632156
0.6226041830611904
0.2602369287634808
2.0551049688078185
1.1395860793774701
2.059382342897052
0.8901740938767015
1.1001328333819989
2.080353482557976
1.8880722987545018
1.293583987832879
1.9354582563006149
-0.38741800997390285
0.8531141400854673
1.7452678562666064
1.1535709541363508
1.4931677831282177
2.3779025946232957
1.8452171797042496
1.3574749379814917
0.3609759509185673
0.5387894199453008
1.0723287708179086
1.7591488413264782
-0.648702796436135
1.878778706001228
1.6941373521557799
2.1344177025525135
-0.815299270974147
0.7862086367103562
1.3691273852595858
1.8517784166134144
1.124285936303103
1.6852172655769821
-0.4100717836112275
2.0140911805572723
1.2298845579352713
2.156761756881863
1.3084838126256255
0.80436895348292
1.696706976792031
-0.30073307284864154
1.0469989256828633
0.5341961298761666
2.1599868448071473
1.7692992699430805
2.3544496284715852
-0.14483962781319895
2.198303469656016
2.0998688470900464
1.6900707758050895
1.085028831368595
1.1624991920202576
2.1699841552099253
1.592485618141467
0.9482203876909474
2.139760929439056
1.9947895397871138
2.126739563984033
0.06261163447625842
2.2565784051327853
0.9908718230257959
2.138946619452932
-0.65517124186414
1.968792175372794
-0.06253838725613649
2.0054060816537924
-0.2057654158356903
0.06890885097745283
1.280764062071118
0.889731900404638
1.6434132275230446
2.1747618172750185
2.6011037195620497
-0.21741352874002576
1.8172486637631569
0.8276678173651969
0.3811828372066717
-0.43710475111675867
0.9533109186469261
1.7604060270436381
2.3697353858545456
2.252204880652848
0.16463886921624643
-0.6545888650418813
-0.27414077795497627
0.45575371788822827
0.8987240492460943
-0.10460097784177898
0.5526804302178648
0.46435491717760696
0.3601317852908379
1.007108211250576
-0.3760194378228161
1.1972737321132134
1.570969527557201
-1.196870160170061
-0.4617702701830736
0.022919028035984945
-0.7064801635926848
0.23407894844493327
0.7135518418720046
1.541933108321724
-0.6037229343967142
0.8069661850898411
0.13804785149704535
0.16945783704518885
0.665958041782458
0.13402603776520938
0.7363128032199421
-0.8828000691962515
-0.3087449578772799
-0.08030847199414028
0.9291353668218045
1.6718195814647563
1.6179381087435323
1.3148976020558412
0.3646611394359957
0.8504299791028593
0.6062344721916251
0.5720645132474182
-0.05258025030075361
-0.21722919347451183
-0.013988673672978397
0.5344473436613363
0.31024908677286744
1.8548023177552062
0.7127562605972716
-0.10308482062587013
2.0032151293542633
1.0971591839751156
1.3049663570630703
-0.21912852841879835
1.5604945750118668
1.2520875361031814
-1.064901880642839
-0.5057454733400079
-0.3497465506894897
0.7567332252342405
-0.15988738331057886
0.5311419735398807
0.6743586971935617
-0.23291445158427906
-0.9805276872821951
0.6370709302358205
-0.3909911193862568
-0.8637853143030335
-1.0924754886329897
0.6441002572496527
0.28398593790040133
-1.2824318838168838
1.123199990138218
-1.0462006291699448
1.945631439952966
0.5743769051589213
-0.6100755278627817
1.1585481324882054
-0.032346637327049454
-0.44304000399547694
0.43423629276069436
-0.5920270683806654
-0.8848337323613082
0.6056598697395462
1.4971777529829462
1.2796152001977392
0.8283315125430248
0.5260570567777496
1.066440520703415
-0.16438883607797924
0.4833638672651474
0.7691825652918189
1.4823017085262509
1.6128490632429844
-0.07175263643733908
0.3477441765961992
-0.34985528821176676
-0.7752975034763564
1.7935200934094313
0.4422948453265227
0.18765815301622402
0.7216723707854262
-0.3489270260368651
0.7285510187019143
2.5748435149660214
-0.994573579550307
0.5110580435104547
0.12000666467090622
1.2909318182532923
0.015212780648928493
0.9430368652928195
-0.7826443055497678
0.18960993021481523
0.7407613103731848
0.4285179931818466
0.47637632169132793
0.9101607039856986
1.120542511248089
1.4057355706960353
0.3440778838854342
0.3563739650173198
0.7774547634005566
0.4812127323712016
-0.27655615048102505
1.7386870136376635
-0.4571502402563011
1.0015726075371425
0.7822101079191697
1.0015932281687299
-0.7321429853893455
-0.6646643933519467
1.734193664640059
1.1543976768686677
0.6304860648623304
-0.022309024596472965
1.0945721100658365
0.31160204331800256
0.26086763708091515
-0.880846476582066
1.1094680636772587
0.49285631809605435
0.4596732991136077
0.0992961908303784
1.897765081860553
0.7516788908270026
0.874500294317975
-0.8129372946802942
0.35962690825602744
0.2882173041410433
-0.9523141763904317
-0.2217507668272548
-0.2823776922726604
0.5500182741926632
-0.819933531916007
-0.3733506466246434
1.146570972281745
-0.7425897351898754
-1.3115365809970592
-1.014363868877276
-0.5458561488027578
1.7126687253120043
-0.08762581269027257
1.51627012956261
-0.5575982731733123
0.12952148615742654
0.8678653972854838
1.8147574135710227
0.002183022311078883
0.29606043340840843
-0.7755757539668038
-0.4746360635269892
-0.769619218511833
-0.40323772964494814
0.8479931854832287
-0.3262984927570206
1.889681932796917
-0.5108376285317529
-0.404753821189064
0.053760134070875897
-0.7362924200380058
0.5432923586093844
0.32919902525922945
0.4012196728843229
0.7320576041894941
1.4181945044565551
0.8285841495576078
0.7430971772355449
0.07969187659651177
1.178760305703416
-0.06626021921297152
1.446252043105713
-0.1828700872263806
-0.09120403298773752
0.09119865842229903
-0.685763898246951
0.4438279830282338
1.8785505229632533
0.014288101562321657
-0.3492703321884945
0.7775215996338046
1.0710986621699736
1.7113069143737103
1.8268479955402914
0.561478823759005
2.0574813997904196
-0.16647757117835782
1.3562704305340219
1.895109037952345
-1.2613925241582677
0.6745364454771393
0.008815691251270519
0.777528187194217
0.2276656092446813
-0.3796339127288673
1.2252240613295124
-0.11501937820677616
1.7486422241150956
1.353649538400936
0.4253402529727295
1.4194503145726942
0.7533660951114778
0.11509726299721645
0.490462154948677
0.15126821425045214
0.47325025215653665
1.7521400492808437
-0.475768044108073
0.6180960651416783
-0.8990313801893453
-0.37217770833487396
1.6860490769919996
1.5357231183125755
1.5751081400258709
1.5254213681941475
0.051159159247218526
-0.18695240526489243
-0.907878768806449
0.7835844720293469
-0.30461778310929716
-0.1373684439380003
0.5845656212919615
-0.7304109949886063
0.3110073818281166
1.071158027653779
-0.7290621550820128
1.3430012043162813
1.6447030878231261
0.18278574419036764
1.1977774554537137
1.3761009204686705
0.12319435922912499
1.423121954693941
1.009510137978379
0.15628017227566754
-0.30372115898295393
-0.4072208693035769
0.3490279401689774
1.206590153269287
0.6507126579721831
1.0362833932320554
0.7265846130228164
1.3584414234984143
0.20447702608479673
-1.2398181079251798
0.9248481942883351
0.0007074591968639565
1.4273560537172056
-1.084623385820738
0.0011940498369526335
1.4636165836530346
0.8473502775060989
1.1194465188671447
0.9353408306511354
1.1374910624855026
-0.36348904527215387
-0.823501827977059
0.12932977210186486
1.0598559482551784
0.8217259898847282
0.38482216180179074
0.14382831639074245
1.0766095582084154
0.23953083880926204
0.3060460229694665
0.04898115094134723
0.333618974359522
-0.8780677171245701
0.4226714806554538
0.3517854634251629
-0.3170047749795303
0.8934608506374028
0.868098581497993
1.487089688062994
0.803953496016489
-1.516295556421543
-0.6694655469607574
-0.3162469545180094
1.469579711392686
0.9503926434736837
1.074751354660189
-0.946757645671666
-1.0686336114219968
-1.0865047620562884
-0.7692977154358496
-0.1833718431387799
1.6362333004175382
0.33771442189148965
-0.5136889297364917
0.628007866336107
1.3204200633471634
0.5264011870423675
-0.16550270772917167
1.4980384243553084
0.12277729879178335
0.3498127590098603
-0.30288058299950227
1.6436522903281015
0.6681182322897429
-0.5496130673979762
0.30618839112941176
1.4492792834619936
1.3321914273463842
-0.034194159366589774
0.058486863490448744
-0.415693233295699
1.3168494722588124
0.8720734867627941
-0.6283173104812523
0.23254150827953488
1.0099228977925914
2.4926342268770494
0.42214017549782845
0.677267817074963
0.4287977705542943
-0.17497301313200478
-0.7625188823019795
0.8816250058985385
1.9871433572778145
-0.16335499915964127
-0.9322918916700603
0.6447649335186268
0.47459993913972687
-0.5127024967926849
1.575007667989148
0.47742959116770567
0.6714800656488322
-0.607040145256666
1.1019474834515375
0.0502960294902442
1.6163995517396812
1.6296968332410835
1.0623888090755806
2.073935579035055
-0.16418879213126877
0.982132032506058
2.0557950523580475
0.41590322071708974
0.4647597564828728
0.3534941023392974
-0.8199603971233004
0.6120896175868156
1.1141222928643693
0.06733074226429257
1.1118945664222548
0.0058809471010541
1.3752208306684073
1.16603759083617
1.1250276020288856
1.187608294302469
1.5750677069334091
0.16432561936508824
0.11457424948167748
-0.2640534733877965
0.09625448320310803
-0.41809595680684225
-0.8757276458195424
0.17513400795666234
0.5045429856736096
0.3323416381104579
0.46998908199196404
1.102768667872405
0.4406699470084711
0.04173675557065784
-1.460359317418211
1.0004544769187307
-0.09897177518621218
0.5722965352656181
-0.385163658705122
-0.7030404879991957
2.0108349732797186
0.4951448514231709
0.3120709694277644
1.7464583024858449
1.1834761446908728
-0.6587820583331848
0.4235057315003385
1.4093992188949696
0.2532225814106379
1.2531993260126866
0.027810231560754805
1.3408027069325579
0.13782255773456537
0.22493286492256565
0.7820894687825265
-0.5576126325526435
0.6094203844748968
1.3132127373139217
-0.9654642377555801
1.282706414606114
0.7404369776973411
0.3184839223137722
1.7544592470936093
0.5997527330826755
0.7739788947266273
0.4311160598039105
-0.9214808340651859
-0.18231649441357609
1.1249758776021548
0.6914963246489738
-0.18348999913558994
-0.23508742153798973
-1.1100184957267243
0.3056392872985036
-0.8981548963614224
1.6247623424871727
0.4609601923456128
0.16744856100183084
-0.8516265105238857
-0.5689639040406798
-0.6094560620008184
1.2671123555317325
-0.9677218828090375
1.262693955755336
1.276374709578857
1.385733842830523
-0.10720355073601827
1.2513339902066247
0.41938905275539945
-0.08711518357598085
0.2287932452532571
-0.24045832810262519
-0.36401811207795776
1.3734946376999844
0.025470038053236915
-0.6314369483780418
-0.007286012443050668
0.27921671716334395
-1.1131140804560944
0.0009111940745228133
-0.24434267881348679
1.4409090692188786
0.7137991672937437
-0.9742348517032995
0.5817708375152436
0.41685634825833645
0.5673967923987435
0.4563053592453793
1.2072921624979387
0.7068017381665047
0.5894472970989306
2.09407843526303
0.05693302787524445
0.3067993860034169
0.45590706383811075
0.7472625494772972
0.11002712086588308
1.0857421003141692
0.7427310904625564
0.6216096330908876
1.671609026823295
-0.49926372760505094
0.38932986404924647
0.2694527153720501
-0.21667717765788483
0.3979129979496631
0.6469388107239848
0.3135150540150188
-0.68143958717127
1.7278882495849581
0.6556483713179105
0.25367942345464684
-0.5661474627673495
0.26953658976421013
1.5738521732821036
0.9380144812472299
1.5890311874144216
0.20442936361894903
-0.7647737930365375
0.23885180780736023
0.9144738630093182
0.38964094506903735
0.1556247537299367
1.9275667092423974
0.6456238724935214
0.43045955618229054
-0.2148971821971369
-0.8380852768226982
0.8477845811832209
1.3888818164254109
1.4204324042880339
0.5648800591628029
0.7007995163141394
0.21236935993290385
-1.1480474185879144
-0.03331020021143396
-0.34751201916876645
1.5328508306902275
0.3453479418715488
-0.5252680032876154
1.733048580887841
0.7994120362915601
1.4769263969823676
1.9873944920039726
0.2930707757266528
0.6032474311559535
0.28018311326872497
0.8242782292334706
-0.5158146469073668
0.4193587970474639
-0.6197409756026898
0.09404186138958837
-0.3232577702062962
0.20026392888807643
0.3847384638958145
0.08821539281635217
0.29708901663297405
-1.2062339686103334
0.048389578417469985
0.9792971162913541
0.5864722653442453
1.3190878341216015
0.1439767473555251
0.8270683584911674
0.9372349414189812
1.3276096104267363
-0.9359394903950996
1.29092071585409
1.1563869362265242
0.7968746487977613
1.2865756148606444
-0.3937661246628456
1.9041156927240126
0.7221313075129538
0.6905323178148824
0.020963118882438184
0.25172564508991085
1.2612215950719876
0.5255748873679238
-0.7608053761889559
0.34434238643801185
0.7025664395695905
-1.1804942694628362
-0.2404139337110176
1.0128217729415903
-0.22768333613633301
0.057634033287449586
-0.8484435991578388
1.0221545208723521
0.1457681510538133
1.0437860572374602
0.707544068338931
1.5334732911822486
0.7679551499856494
-0.47124769495130636
-0.1852157901113314
-1.0362593850369917
0.6184549774047087
-1.0213072450612926
-0.7502782848542332
0.1186820884441697
0.33512734847373343
0.5405458470035864
0.0020553683273152375
1.7908034819315541
-1.2493357329667725
-0.4139447159665941
1.029243754503604
0.35953159558484027
0.8750494935027341
-0.43573098519038883
-0.7866105183032345
-0.33568757072815053
0.8460286307668884
-0.4582830348311416
0.4878696993999091
-1.0467965267423556
0.9067702829946024
0.7527541671833077
0.17302225002272592
0.3207303184268468
0.11629296824546999
-0.394235494425454
0.3507323673237848
1.1566193956007924
1.5178580447485457
1.0943840531197697
1.1079402994969376
0.48203549893205205
0.97744531520613
1.3377808201343178
1.0673743635929451
1.366697466136849
0.8770869040851467
1.7369864074200103
0.6000215625126449
-0.7915688955433434
0.7993435927368252
0.270076167873435
0.12292534489187945
0.1910878116766375
0.7451376365953406
0.003310833719913375
1.3094587597388725
-0.10643874199519951
-0.9168985177842252
1.276276510250179
1.9715894618404721
0.296917940666467
1.774134001274711
1.368298951675697
0.7192721890363477
0.5181633060787297
-0.585271213849662
0.12377391078174582
0.8230818946837256
0.23605451084147336
-0.06953203666577014
-0.4823123854426779
0.2679175084483741
0.21089855539889793
-1.1159699984550566
-0.5327420163103055
1.3986472759575301
-0.2732465211186079
1.366984800447368
0.15419710642803405
-0.788079939769618
0.5185565841459923
-0.4159790476275301
1.4113826767583528
1.4659271703919827
0.36943023796659596
1.257100865694696
1.0931788532510305
1.2577854810930273
-0.1689738902382255
0.5095072033225891
-0.2779580146141849
1.5772686174835204
1.6862255373811068
-0.16626110983189415
0.34969625586387704
1.4867899896409218
0.078804896564317
0.4320660037791459
0.5329488191353146
-0.49072520499304584
-0.116600476104895
-1.0074932711490057
0.28396857510782764
1.1439572944802192
-1.102996715941907
-0.4056151594547247
-0.27662352455559885
-0.5096628326229001
-0.36623907089890706
0.8591722303308692
0.41756704532051825
0.5009238085411255
-0.7007432122789394
0.6038093510548488
1.8198556917998734
1.2717973278296881
1.5293856153551513
0.5001834780485329
1.3281003644819251
-0.6420910194382003
0.21196313066230563
0.6355571804260969
0.1746720845199411
0.7587286370188631
-0.559067503266233
0.33954514274394276
1.119016463158934
-0.5576232856310641
0.15326792600998762
0.2417807220961128
0.2563040869489415
0.5635499116999878
0.3792945963632956
0.12453839191251401
1.1792248639783598
0.18169853329713231
1.1629499068916131
-0.2338427689540152
0.01853577645157127
-0.5080594851588986
-0.2782395395481025
-0.38653395060943196
-0.4852468696582653
0.9823037465665315
0.6986430361707207
1.4024758318569672
0.3404120130249771
0.8335859246825079
0.5772606457912802
-0.033602469005177486
-1.115007836925049
0.22298533078616178
-0.4251360470288647
-0.17438047988980057
-0.11187755355619437
0.6195009340275581
-0.32398893364230397
0.03719089873934661
1.4226462647455391
-0.8650911601763551
0.9905033873445468
0.1271628629647823
0.8137737463337121
2.219993616694886
1.50601788427768
0.7851613945274134
-0.9925409708078932
0.5473579311534317
1.3688038389102366
0.7416635593129778
-0.8280978844903426
-0.3271231576103292
0.6711595764057269
0.8024788337292492
-0.902818201443252
1.0002759561049523
-0.20759140688977173
1.3702910806612494
-0.39792039103527754
0.505133457523207
0.35446109503997925
-0.8085129246554343
1.0486791486196376
-1.394046358928688
0.48711165015776015
0.4518771752239492
1.508222624521122
0.6223938050275364
-0.006167923107471497
1.1970599311436008
-0.00021224194694346413
2.1948711546959045
0.26524955031372405
0.6992754707183755
0.7978597585917421
0.7341986183218648
1.4504983167459464
0.7724087756737978
0.4238927318411483
0.47533375282048435
0.8019230575936549
-0.7781530675204599
0.2821540784650048
-0.5637147794617651
-0.3610356425570572
1.0392961830499892
-0.5276557707703587
0.4449996530400719
0.21498223474415948
-0.4273168407995731
1.6299013748190159
-0.15152733644491453
-0.4452359962922275
-0.14852818881857402
0.42175441572282907
-0.7521229142657345
0.019795709810425714
0.30324703620795396
1.290208880951794
0.725739217677325
0.9435551019982502
1.386952050400727
0.1609545029015475
0.44875438787523647
1.3056782884291311
1.1255562434286548
1.079760683491032
1.7864831197530733
1.1629370059611654
0.8818158854587758
0.038350912388382695
-1.4654892296005462
-0.4713982374699856
0.3038905211427295
-0.3380943097287126
1.5098577109729352
0.6106893760972009
1.6306049348457592
-0.16632574373538375
-0.3471601868873697
0.75561872799519
-0.6547097962676455
-0.77001784117642
-0.6950224729924172
0.4195821803409518
-1.0880851911474456
-0.4133458196388758
0.5608180217656431
1.3023470409053146
0.731350715009133
0.8421018777026942
0.013502253227518714
-0.22501672473708606
0.45118034309923816
0.19093359241452607
1.006916617252972
0.27047469227746096
0.3399293550024384
0.8906117275413378
0.9308221155618489
0.6117804619526607
1.0218522997628652
2.278762694121746
1.0890279627776915
0.5213755461860364
0.6766160697393311
0.8352959236446904
0.4357539271214159
-0.5293799624297013
0.6799772234187569
0.1904034996841908
2.019787823605216
1.1286717514334554
1.0762970286052012
1.2204440914886632
0.19805892403915912
-1.2082226209612286
0.946215781688985
0.07121612830411163
1.1919569197802518
0.45483658197078114
0.184628704289188
2.115834944352327
0.36058221767856985
0.682533175275495
1.4963931056567077
-0.3249975891026739
0.8604198880608758
0.2902412495787715
-0.9773328490858748
1.6521318761887311
0.8927999411886325
-0.39140274948082876
-0.4908292900999651
-0.38609737095385904
1.0202194417308121
0.08878872741590621
-0.994814672668866
0.772078985092634
-0.18647807988757534
0.29228798711776155
-0.9709691418266457
-0.6386333455398677
-0.1813403478562608
0.7639865561162823
1.2853245298797642
1.0777544082030515
-0.674968889975277
1.3919621982720007
-0.09809768956801145
0.34407127000691856
0.17637751156165654
1.3401750736324383
-1.3191081004691614
-0.23558670725069564
-0.7568823969086647
0.42711161413983306
-0.3249089529542494
0.05188328803435768
-0.9614602207203479
-0.02415328104998837
0.9599465851930553
0.2336836981198212
-1.3423882296814853
1.6842109366843316
0.03432711611523014
0.21014297779051053
-0.2478326314422368
-0.05926210701901609
0.28712336167074104
0.18058603316280042
-0.03142441734634653
-0.7392414069215479
0.14121241970323956
-0.40765120530702825
-0.24828112714625447
0.19045699227762236
-0.31773589280552106
0.6895767467011434
0.9653507358747773
1.2541206846584705
1.621900188968633
0.8985512414704637
0.47252145896580744
0.853690294369034
0.628239574502049
-1.1405185045513724
0.3698068302822986
0.41341233477337824
1.4261091280871416
2.258129516345206
-0.2768941821504957
0.46372636392152483
0.31236476505423466
0.9689094240946016
0.49579173449412256
1.5296983044683872
1.355757000617511
1.77206031158244
1.4326184836821885
1.758700758216612
-0.535119000004195
0.9176292506529726
1.7144732169355212
1.2206131735545356
1.4383598382417382
0.5464634370644574
2.1183305066678813
0.6339576809430373
1.084005274900613
1.8165120946191242
0.6341896199170375
2.2292249701526035
2.1577840958843932
2.1597089969879786
1.8086315679402718
1.3763327304441804
1.8842536852549854
-0.45704854887664964
-0.3793929727311745
0.4290874766889825
1.9108494198688568
0.987496777483277
2.260251393035956
1.6970685370409155
1.3502939343704512
1.6010550473296383
0.9700343350421279
-0.7242954865467892
1.9376583363364326
-0.31412355677392856
1.9823643609396322
2.264372777170144
-0.035792946510137036
1.6244960827923134
0.86889223803128
2.0974171764072005
1.1042482308448405
1.9774842278256395
2.2692556078129464
0.16821997317330123
2.1420970743121246
0.557417723379862
0.194889537666002
1.0501249724104906
0.7038325824803426
1.8071219821424895
-0.344198520199731
2.1271416018929044
2.1427599679398526
0.8428398054700809
1.8626813376462765
2.0897640066514436
1.6212640559551041
1.6387444536009919
1.7557511429839086
0.656524528291689
2.0074678621490762
1.2982256371987817
1.4973320304902824
1.1267068879423718
1.7258797711969625
0.9847663531422021
1.565950477100698
0.9778082541716481
1.542371050944223
1.12994743619368
0.3378099375833233
2.0109841951303715
-0.11362231158747474
1.5877110126016867
0.6915763697134946
0.23910076447730536
0.9223209140642641
-0.3920565659204528
0.9138266124656537
1.2535971868294087
1.9167336296202533
1.6457358942268965
0.7840211097860162
0.39230762955159587
0.38155273247264526
0.9852094720159414
-0.18786455865140472
0.8863770587802879
-0.4216931829179845
-1.1053377120138745
-0.11229579974523018
-1.2161614145389688
-1.045556021295769
0.6750845483826113
-0.7532190825811003
-1.0839685570123607
0.7283423252719519
1.184187270892909
0.8645304665441068
0.010468728690078647
0.48477949106880813
0.42843651331408006
-0.16804371552858444
0.12470641374494937
0.03168962735306209
0.3793819630852085
0.5813735383172673
0.534434315220597
0.8033826498063312
0.4691074830651562
0.3956847517849977
0.61006964768847
-0.32321281516523176
-0.28323888897291094
0.6382081979638307
0.07253859054408633
-0.3156162412486772
0.8258925008688771
1.1243133101666747
0.37309021832328243
0.5964573753047098
1.0981113811237095
0.4196188885061572
0.5595459553689105
0.8540223474916764
0.5780799096253876
1.2558614825316936
0.9831946049055638
0.5325765750257366
0.5372359588913014
0.6791879003472326
0.7009320580052634
0.4162726428619155
1.3247353582367831
0.9079615525586024
1.5850166803086838
1.5844256139592803
1.263532051918649
0.8019191427803427
1.542704217909804
1.3204977429740887
-0.26274972853941725
-0.021896303553652356
-0.21594348632291877
0.4556225148167494
0.2760114080299215
0.09864397465043176
0.9006769292656692
1.2066500934120832
0.7320487861256753
1.5686778137979407
2.0698462193213762
1.465280319239928
0.9119340801768606
1.2446104681901915
0.8879391800107201
0.997222583867069
1.1508233108377657
0.8695868375461558
1.245280866411418
0.6006054866658933
0.5046893264663674
0.4505567358994604
-0.34799359566649135
-0.13657548114435036
0.6947003445656575
0.23450073540219404
0.06678899022548052
0.464969310038441
-0.08063152081660736
-0.3236895833349621
-0.059511061594084834
-0.7086621381856241
-0.7900434833310083
-0.4058423868987952
-0.9841344116964104
-1.3604541721640504
-0.442923148516234
-0.5143738000197422
-0.6860785767770969
0.7282836269582514
0.6307220508633652
0.5049626325087858
0.7281564724641353
0.3918540293581445
0.40047404579852736
0.7389502259025238
0.2171808867683121
-0.0676348148135017
0.5107432817705682
0.5846880609784655
0.5784767477231756
-0.1103485245589248
0.7588433225186477
0.5135814792746658
-0.27773967061377913
0.4375686130164102
0.3674907577959862
-0.46090332348768875
0.8774549186843444
0.7806033313972535
0.5113949415480291
0.4552652574404248
0.09297795467443536
0.4060384302879221
0.6543227799160982
-0.10057607797753773
0.7832882329551968
0.3204171940661265
0.2664675487725056
0.28444994908367144
0.29425457805443955
0.08028988264959012
0.4416053364518148
0.08580395001586827
-0.18947303806788676
0.91012536373677
0.38622378070375946
0.08419273143386216
0.8478904933582133
0.6097493219045097
0.3755491747981432
1.6633826933866482
1.7234818111819796
1.2735580134786353
1.822415344542936
1.4039822123815042
1.613727979314554
1.1626718316150597
1.1527115036922835
1.5018813629002872
0.09717382526851709
0.8589324953551007
0.8110095701503477
-0.07310479661351639
0.7394555022649469
0.7694076263443721
-0.058584644619651925
1.4899197934501138
1.0154921771352912
0.3162997119295675
1.3235920361816023
0.9802904943794369
1.0672051322045368
1.7377741512658058
0.7338314846739231
0.21567061471054416
0.40974098041517315
-0.33004247309930557
0.37923008923414364
0.6729626457665132
-0.38859026377105654
0.5085894400199
0.6575064330348493
-0.2790011385416644
-0.93465609809249
0.02162322279265497
-1.0271703636244376
-0.8909500901124732
0.3068598717785059
-0.4282163042835732
1.8166573302451712
0.43333396687468667
0.026620141827830058
1.1331731675970795
-0.4883927338373767
-0.5158026363095629
1.0816326387720683
-0.9261545914900178
-0.5767259710479132
1.6841697699623859
0.3400920098911698
0.3515143156150144
1.755206134070171
-0.0938599113229932
-0.21239012414283662
1.2395383101574686
0.09915540219082114
0.2715182929977385
0.9553917829941624
0.7939196918433203
0.3668658776948032
0.21344632296207383
-0.32718953142781676
-0.5203251342364921
-0.5213489455205238
-0.9714991191456782
-0.9254511304340886
1.2917519961775241
0.42319985864130516
0.2211199667176948
2.025338824446848
0.3750366820775988
0.05223941827129164
0.699909899625357
0.08836661777577667
-0.006647690995433572
-0.13035782693682815
-0.08507615603194377
-0.24642327522874205
-0.08004184335120666
-0.04739821344756191
-0.14145496225240048
-0.3717618385837007
-0.3431058431056869
-0.34560190891349407
0.4889934647706853
-0.5202112571719424
-0.40214089969683403
1.6075714164914678
-0.5494374536754525
-0.3077838507827139
0.6653712880517895
-0.18907243058334647
0.25112484208390146
0.3140244938083485
-0.04812862610817384
0.4790130590933465
0.32501953191558564
0.1928163437868598
0.7498218087880014
-0.46355162921697957
-0.6018210471347243
-0.4758930360195496
0.2606832409316942
-0.6141102993184895
-0.49544361492508987
0.5443788238036208
0.12224512468413107
0.11764419384273499
0.4152833457601752
0.5007254692283192
0.6272223135629023
0.5442064549589369
0.44439534541942904
0.5635804886803585
0.6543262531321928
-0.26210516188643723
0.046729969393913585
1.0289310601325987
-0.2789320961846387
-0.15726380881760618
1.5291340678787757
-0.22194234653784237
-0.07481476776517235
-0.44692348450610375
-1.0726806735263272
-0.5992416552607952
-0.2824959685497148
-1.0133685659293326
-0.7098814409954562
0.7602245239774653
-0.13755604287588027
-0.3545866733230917
0.9457413870810306
0.8623834441539042
1.4319608802541208
0.759831389693974
0.81408658650377
1.006921843791121
1.015833938140846
0.819370931154656
0.9015083670288222
0.8851473590843794
0.9408779245361786
0.770128666161657
0.9101663999477954
0.5710217081607958
0.7159435486272808
0.868761455633992
0.20854658716560143
-0.25295579825254233
0.12207856400069109
0.34369234789650893
0.3755904789180687
0.9437289587959465
0.7524413426399723
0.6223026181579198
1.2996279312729904
0.7229722547597676
0.7610656612595639
-0.7817148132740839
0.007503057578307101
-0.10957094541759327
-1.028531456271872
-0.7884785483966872
-0.4899626123967472
-0.2901981857096293
-0.0002480673225956851
0.26125257459228896
0.8004132902893102
1.0796875622739948
1.2424168026424462
1.1676835891314665
1.4450744370238564
1.6316679145511663
1.166117787736286
0.767954581820362
0.6751423237177594
0.7163834597211546
0.9642166231155249
1.0879922238587525
0.7576155878145409
1.0913126223273264
1.7205864333572045
2.1656553440659807
0.907231843874282
0.9735278262515105
1.3034090916362469
0.43072951953912375
0.08869659904908106
1.4570884388289573
0.09263124908299676
0.5118094375742703
1.5646238997975042
-0.46308851446726357
0.2762091412182366
1.270454500909399
0.03896164122916807
-0.23329814760549367
1.2507848773833283
0.6761695826185986
0.2563856595191737
1.404770723029766
0.4260406983584248
0.3237025283039234
0.6424419410304405
0.042247350909353484
0.000702150336688645
-0.3366529453738477
-0.08396195664302714
-0.4665641519215357
0.07728619510095026
-0.3751919953979558
-0.44033748208295337
0.4395379241301507
0.43917770346372265
0.32724404477943264
-0.034991368135296186
-0.20212755107130378
-0.16415339512620647
-0.05336850553961528
-0.5146169056679778
-0.2091420942092725
1.1117288522139934
0.612094153203979
0.5246532063099195
1.1768591475641006
-0.15098185631699818
0.020294055110499577
0.6227083911739957
-1.089122464416355
-0.7209940962764764
0.28003592083637213
-0.6484945642499836
-0.5245675029062377
0.929332846662629
-0.8806194414488494
-0.5052547989802161
0.864362967261266
-0.3358841923688649
-0.12043382512562233
-0.1801533955157154
0.20711117711346483
-0.012153955735284922
0.3496486196691076
1.0150035975726364
0.9650209959252464
0.6046887130082361
0.2148074286293497
0.4344949423866735
-0.17370201134106547
0.09005256693573416
0.1849061392682945
-0.11010377242067668
-0.7465511052457757
-0.07728223267085058
0.34656868055704365
-0.19137978713903106
0.08333713226562131
0.4785726161879439
0.15093284587167527
0.6284791083270818
1.0369536115876647
0.5575868953995248
0.5776637269450376
0.3028406583680686
0.5558387608457832
0.9137232390383758
-0.37676777197123223
0.25802928688774873
0.5249362728855245
1.0150541904666601
0.0253606471616745
-0.21389839576361802
1.7813437770698246
0.5808330705979952
0.4934013596662141
1.260409610001159
-0.25683164264746616
-0.22314861109618345
0.9166233426537075
-0.34123192575686184
-0.6957580858190698
0.04746763488771402
-0.0759948878101921
-0.3431041536145389
0.07764508393371676
0.9144424227939342
0.853996576635354
-0.3899642468529387
0.6394764116153943
0.1941546354121417
-0.32254181279467575
0.622731423956585
0.3376623027882979
-0.322614734380735
0.7899910647229639
0.4998023714004082
-0.49454212865493596
0.7744540094762532
0.792861413436892
0.36307158154970914
1.2488577961501457
1.2315455256235195
0.6769394335180865
0.7144763686784672
0.6481447695176838
-0.10892098087508045
0.6026089566348384
0.4835992173557198
-0.3035253984620973
0.3270873823648456
0.424231312770604
-0.7612023736974436
0.07283183230525364
0.007884141784781811
-0.35947698445026643
-0.2782735896248159
-0.0517519484489555
0.685674511821812
0.8214158350910418
0.8744157958715941
1.4937898977409214
1.5138448463987593
1.7627134426992281
0.8157822957603168
0.737723634901628
0.9997157956340412
0.3848716451417573
-0.25248670440748106
0.18103898754932543
1.0147774404783552
0.17042180133775667
0.6554809860910752
0.4096005152656875
0.32062408245614504
0.9239214602267037
0.9224852650812924
-0.05048388392484512
0.30756909677993266
1.0074688158139162
1.1044390156526749
1.2483963057407708
1.4033245499781661
2.0608761724859255
2.1574196602371987
0.3965353347670419
1.352617744366942
1.5472958620428932
0.5741646123887442
1.3067593677793963
1.043145142793593
0.8299059401779668
1.2430369375028298
1.486966044735935
0.879441888809051
0.7459980542227808
0.8459805990718351
-0.08388023890998068
0.04464662116705328
-0.1409741714242891
-0.6599342249018714
-0.44752014863157685
-0.5227212780506718
0.19359545047197266
0.13653225078971523
0.08147141451233875
0.6029378264945296
-0.8123897705126246
-0.4084386469382958
0.33344172902878616
-0.08955893827321067
0.12915570209575303
0.7775491058521313
0.49679527547874874
0.34165744015900223
1.2167251188465749
1.0136111748877008
0.721271233584424
0.5441394669764935
1.3124006975336922
0.4726364280298285
-0.43045077896247624
0.5196122034936496
-0.3221871354353864
-0.7835964632349367
-0.35326648292246343
-0.6178124584037382
-0.3243091960616661
0.24842809400898272
-0.07026229683301875
-0.185345641833206
0.09836054324231872
0.08981258744143183
1.4232177001202413
0.7634256024126549
0.6820969762227218
0.31743966941463037
0.3660766856673328
0.44411500697929623
1.562731667258534
0.39768334056329996
0.4188338402911113
1.2984308524070696
-0.401061216820775
-0.08041390501190905
-0.19856968300645314
0.1566628003637262
0.3250656695887998
0.5246265397296407
1.3199729923598913
1.4556456754645581
-0.06937046808778662
0.8958571735591704
0.9653815021575346
-1.083705497484443
-1.3595577169589725
-1.077093771645473
-0.7129473997749929
-1.1534651402738698
-0.9461229776867884
0.02727023755618242
0.11901476378653653
-0.12731989479657263
0.45136327240131413
0.22020144587309434
0.13438165518095616
-0.09934329826535696
0.349853576171295
0.29928533343805236
-0.5106348710174698
0.4287917556974963
-0.05860533743485128
-0.3643348557808647
-0.5477993576015049
-0.4249615639842601
-0.10886621221959357
-0.2784857668196062
0.05161861534524728
0.7171782415838617
0.3494297658373348
0.18282393014741016
0.6837522324394375
0.9350680264664702
0.001538634407710411
0.48626360850628236
0.6121998351099758
0.3323865047350691
0.9935111655252777
1.699700385247013
1.0156969152534985
1.167942679609808
1.3367675975450084
0.6970012915744738
0.29984143780300343
1.166608562290653
0.2687135787430226
1.1994319414911683
0.5918801164921299
0.36313258485281763
1.7186753634353205
0.8724104645897857
0.523992669076613
1.2480927697435416
-0.02036094031062979
-0.024711001220263446
1.4797702771586647
0.7727179872433627
0.6342285002333007
1.5460870961976594
0.6045488219135815
0.6710530298509847
1.2315343148725826
0.3756090555288638
0.44196886542853475
0.9467352197819993
0.6418547809390908
0.8265202243605757
0.7118608737988388
0.8281153036582842
0.7015235825295765
-0.06915653500476002
-0.13505422114104168
-0.11423379371686454
-0.17116196503601913
0.39729923603265493
0.5420471396396256
1.4935185831782007
0.7600708979688497
1.1800798557132666
1.3414377853275725
0.3926472088376551
0.5398758443660625
1.2568843688402098
0.38549651561200543
0.6365785813863495
0.5332277120388945
0.01571949922559255
0.4191369690519083
0.2599823593884092
0.08673736027436094
0.165769114123613
1.1479617231006471
0.9134010063794752
0.8812540840116588
0.8295074089097809
0.66775718854214
1.0588943002636275
0.5852111823540598
0.6841328245058369
0.7369692764495239
0.13427827561029185
0.19529145046463292
0.478914970719897
-0.2567312445931839
-0.8223729719090156
-0.4941788863929641
-1.2633989668280687
-1.0874443740543018
-0.8726422547275665
-0.020375160103119495
0.21270604511615243
0.49766110565046684
-0.07803148053484048
-0.07085687934037974
0.13755833205698953
-0.24170492550106334
-0.0325032471067884
-0.14029784839661197
-0.03916158020344919
0.1639709544143013
0.29423538452356734
0.2955692707866359
0.13899581985400244
0.3617363856262382
-0.35552346792724915
0.25707151119223365
0.0994543352337759
0.33502853950908257
1.2387270553360812
1.0315992836763028
0.5154139418332964
0.7573913249843245
0.8455446743356774
-0.19341322858503865
-0.45475015688257214
-0.20212640992548772
-0.08984224514792144
-0.027214770632784557
-0.006973083347882579
0.059585292735521156
-0.4973144559058925
-0.12492255978554333
1.0232634287496805
0.4438571767212368
0.5000841809274398
0.11095767519630553
-0.21479578725363388
0.009236085265150804
-0.43739344006435543
-0.7843466417309275
-0.5182940139590128
-0.36309472611427884
-0.2827726193764046
0.11529090193769963
1.0544258884771034
0.943767378078444
1.036797518126444
2.2558356329639895
1.1887136689855962
1.383823916034844
2.5701092418900893
1.1103558092120678
1.1573818266419553
2.394628832007531
1.0455835467196362
1.095010976071054
1.0649403375856314
0.5975557943657861
0.4452370256556487
1.6153317493872883
1.280554884637302
1.9572948417662512
0.9937070804626358
1.4055204761486424
1.4920030026023565
0.948726690701036
0.5218976884062331
0.8500647517248925
0.5560151669556016
0.09007517456095988
1.0306433324015012
1.4526858467324495
1.7721697391435056
1.8318143915717666
1.0138278720595169
1.0386041761198919
1.1196060941547545
0.7861884700604165
0.8223529949404954
1.4019827764677344
0.5443151830838586
1.2536618090119098
1.0610145102582937
-0.4912110516318099
-0.7496430916092006
-0.4735296802288412
0.28783077972106713
0.4982183595409434
0.35247865951138574
0.6734798486781409
-0.03921689358345597
0.26060402169782165
-0.5740003577745757
-0.11791118396040416
0.11837315316017208
-0.16841425152423123
0.8926517970107986
0.5948373566356672
-0.0818915381256001
0.5500748599103011
-0.04451275411575272
-0.16689980738714735
0.5933832645696863
-0.3260716288444624
0.16362723415288663
0.9723181824423315
0.16890284111503473
0.022996586445789894
-0.11282445095979358
-0.5305614911138815
-0.3201589156083848
-0.46772514311623575
-1.041116833580306
-0.31377399006608275
0.11517758999116136
-0.47222149597883123
0.04169254990380205
0.9283741490850764
0.20694466094159292
0.9963684591700086
-0.6641473451316792
0.24475297267563595
1.2549978484067232
-0.5542151326463479
0.17967453116486434
1.0981264149513594
-0.7214694889498369
-0.2649082546323339
0.8047091969228817
-1.5715308888559445
-0.8072554957197796
0.8527243243611143
-1.5028726192990818
-0.692660752187142
1.026509480541454
-0.8049804585129912
-0.4613187412446681
0.9901247464338715
0.026422956625882378
0.04786958323441649
1.2272461638837528
0.07150526988637208
0.5400522555174361
1.1232447922500666
0.2930856660625524
0.7341137997559912
0.015836306720328697
0.5169371155517046
0.40717329874429964
-0.45228965570564483
0.6934756822487791
0.664013364659576
-0.7667641781666561
0.17115715858610736
0.04192412692040668
-0.32601658998455907
0.522553552979774
0.2896874425026257
0.2577246795746899
0.8193345303739555
0.5653757644726678
0.5443106670886912
0.19121851647291127
0.3716552417950046
-0.27122304374639894
0.37947513927818405
0.19814310227325466
-0.1869783001947508
0.4446889038703983
0.16735238715813266
0.3804724890337174
-0.09015887113459542
-0.05540420599850791
0.17719169193228787
0.1576809945726484
-0.2564652304183601
0.09658922943956363
0.8677947582411889
0.4443051280692316
-0.9509771164900316
-0.43969761100540855
0.23639938238644068
0.06811932157000343
0.37383738349798484
0.3527020365573622
0.11791336620606536
0.7184147194186763
0.6304100417704319
0.19569679404230625
1.0076866039900698
0.9043534213055214
0.29204609291487477
1.0193118338717506
1.05386345541849
0.7110050028533605
0.5729767331829504
0.6123783363703281
0.8602740997243364
0.8378423897352851
1.0474540810108048
1.1058341699995697
1.0963306778430912
0.8487526796176261
1.1549009163066815
0.06571761186610765
0.1816708192700559
2.362451164806214
1.1166425361005634
1.2062040036681285
2.1440974199013474
0.528319810124226
0.17378905942729397
0.8896749327768413
0.24119626266446278
-0.31926396242775695
-0.21144145118926208
-0.48126527127965113
-0.18664163937658074
0.20630525934188745
-0.5843549613708992
-0.12421320601006956
-0.7018803328358333
-0.634164840322547
-0.5647294876427283
-0.1224570556052986
-0.7703663257991515
-0.841304763227845
0.5333048284649922
-0.8087496768120672
-0.6978421888533353
-0.44114218303444047
-0.6182984212952595
-0.4808678176985066
0.8892641767792269
-0.06437853357684321
0.17016912941458498
1.7311480575936469
0.6260088843214398
0.9573982082127779
1.2408684933977898
0.546432358172446
1.0536523917115934
0.941457307320926
0.9936050272249193
1.3412441411456144
-0.12178779119679449
0.1965697930173662
0.481861248202719
-0.30957070975190104
0.12826344747373242
0.5084235402007216
-0.11102265068683002
-0.053096952864081955
0.19748866275608642
0.4148402228246999
1.2956680683808066
1.170744005802873
0.933753811534156
1.7951675263829139
1.86674345208125
0.21378331471161877
0.2120932982041976
0.5867464709980089
0.8704093846823793
1.1923986077400588
1.425749511182682
1.2213593987603828
0.4892516955241677
0.5708661341560001
1.0693986044619768
0.39066266490480966
0.47856836862864577
0.7545981667788473
0.025373321597228493
0.6295410121457473
0.9905097098431357
0.29394961611612086
0.8962727052302689
0.6404724457991321
0.28338542073128536
0.590241411065708
-0.23716685165691445
-0.4895563980839765
0.1294796626721214
-0.29460125273236365
-0.9035952933134833
0.007962904645915899
0.2003241067716212
0.6389181197877011
0.6380834794033623
-0.36768587282683257
0.19805861927528035
1.082579556975194
0.14733010711746217
0.11948898588953366
0.8123758856755138
0.9104249340071976
0.3344313288621099
1.4893997962011123
1.6153991039203752
0.8861999038097337
0.9647019774663749
1.7048550832854525
0.9371665429614964
0.6456641090625996
1.4956624715283906
2.0210341654208213
1.183940520843003
1.2711663884555175
1.6644467471629623
1.5113268151448584
0.6637244208725268
1.1505116543906813
0.7372587839668134
-0.07013170576107507
1.112859092419148
0.5808113643449072
0.6000964999579633
-0.5908606675596947
0.1357748032239506
0.37271406838473753
0.04294589965301966
0.06266385046641522
1.0803345276000667
0.7238782774168352
0.7202896053375454
0.9397667145674398
-0.3351159835968743
-0.12686857656437603
0.4167753308842398
0.25823962783540094
-0.10703868658262343
0.13537300300372052
0.2510380494280922
0.21912222570438927
0.03502964746973317
-0.2018010104930953
-0.382798154233219
-0.800603818382019
-1.2870248538486444
-0.794045152120767
0.414018887088508
-0.5658870378195553
-0.021473523903323626
0.7044554400133249
0.421283233503729
0.6784246831818906
-0.4572352682857188
0.03173480138220958
0.1950229295514728
-0.9348054895887875
-0.026985560436057127
-0.6063954305335664
-0.13406845381756957
0.5125929152958567
0.1582193429433164
0.2787550243768215
0.9767032743056304
0.38902454893297234
-0.1292734527420897
0.15912602055911246
-0.14946322662998476
0.6034037715247106
0.014463868867566815
0.014878735799006074
1.8797286561406141
0.37804482536404027
0.004585931629531255
1.570155410682099
0.12254095312274357
-0.14548785129920705
1.577683952300247
-0.11836995543770966
0.04536048092776438
1.2492145916625572
0.3514894879990499
0.17821875891798333
0.19270409688726733
0.12073573884392463
0.013291767870907628
0.46730375281043257
0.137250691928879
0.22174239510304025
0.21098841556366454
0.7232035172272236
0.29349682697630775
-0.09794131583799584
1.0370320967073958
0.7837853385732297
0.1274376069327327
0.9812917780459885
0.8117274809626928
0.09262148667180556
0.48590793246467257
-0.018749369645302185
-0.06527834076973556
-0.5477647883770718
0.021533902861953527
0.4548203282584668
-0.034452572709623534
-0.14799481213146393
-0.609325239321835
-0.049569008116923115
-0.2546032854844598
0.3153391061651188
0.26585596665362915
0.04346317013016456
0.7680254223214528
1.5899062419482988
0.9434740126276084
0.1196789858890163
1.7105730076197785
1.6785747061030938
-0.3650672514528315
1.2388394837313506
0.6444276295051078
1.0504815104016147
1.5003946492854319
1.2764481700437227
0.40849464215153436
1.9752568339402772
0.9275989837770938
0.38862335425991756
1.507572217373265
0.7394139384659585
0.8264262404251167
1.2555617862427317
0.8413578630840242
0.6395257372623866
0.9400604897747301
0.9925628264270662
0.5446133100765018
1.2118137349197398
1.1396874032778856
0.7567801729139113
0.00591370453569651
0.4975582875552783
0.5941954013685096
0.5859194692983871
0.35008775350636734
1.1919375517819348
1.06473011023555
0.9830243865588428
1.0310082945153352
0.2583564577286275
0.39531825669785814
0.3490231198530871
0.965197513800303
0.5084478087115434
0.7093470551705741
0.6175606533064498
0.44937483756143676
-0.1460561398725552
-0.7240670691590874
-0.26000767197600194
-0.5086865406485626
-0.07140149848295263
-0.41625192744878015
0.21026222308050668
0.44115621072037403
0.2607797483217682
0.5643630016812824
0.14055749120947114
0.17847082993625699
0.32386514019163504
0.06862039419148662
0.28682740828759734
0.46145868132217116
0.29200287806050823
0.04630072466685624
0.35577391976729145
0.38065351028480926
0.18612329889071594
0.9841003255291488
0.8187302456099159
0.09246228468993631
1.8442996358994583
0.9735992293541589
0.8919787310499253
-0.36817351575225765
0.704485873790243
0.2442307699353417
-0.3077374656710161
0.5638270945507677
-0.18735764090216775
0.23638865806378334
1.0472910348169364
0.11791075768788652
0.39192365907933574
0.7169314353354795
0.23987441435539958
0.3367005750666877
1.0356278470233575
0.05433791364268867
0.4988830434600166
1.386401536095481
0.8797070644624642
0.43155381400492704
1.0204660915577999
0.6895245788896301
-0.026490462507104538
-0.22214271027166502
-0.3740990559378822
-1.1670807782129922
-0.7988409025930203
-0.4323947039106842
0.08977960177797116
1.464689858488132
0.5758412077173533
0.3829243426578068
0.5790442635737405
0.056871329560240984
0.8145824625855977
1.2118995307964777
1.0016679615860926
1.3645136615168647
1.4396518473292845
1.440875693516134
1.6498832429067114
1.1291550844988376
0.9487444579435346
1.475953612895677
1.044769247652255
0.872358476332776
0.5989045861483395
-0.2536814801145542
-0.21984548788770014
0.8587065318624454
-0.26818230801624293
-0.2972654607254796
0.9549866283125371
0.7023628296196531
0.46054718258815297
-0.6069624357328256
0.33179234805094415
0.32722153021723516
0.6230739713587913
0.534173574802816
0.5062617340009937
1.4148613387365363
0.13932021645585618
-0.1131215238225132
0.3257153682012444
-0.4788444963389833
-0.4656982162332471
0.513481295523481
-0.38437200679617045
-0.19013388441190698
0.5476025341354185
-0.20031711491150012
-0.13880656246056797
0.45747706598486365
-0.25696933804202227
-0.37287252294359513
0.5983181337462662
-0.41394930485718384
-0.2712642099259
1.3410633029195695
-0.8525668425598915
-0.2340607589421669
2.264471998765791
1.5269276313349216
0.9208192115198504
1.1985091700564885
1.0505703009190017
0.5137934286901501
-0.4951021009776802
-0.35896545400133667
-0.012339201060219213
-0.5905383907472439
-0.2745484234128327
-0.25230264050474843
1.230124988245948
1.0058125141168235
0.38316101751030246
0.8753728500752952
0.6211737473341723
0.7010793487504863
0.766909346524134
0.16446645025044387
0.42391198206015274
0.8700597923275032
0.24980344159059817
0.4754052096456601
0.2256909683166049
0.015440070994603634
0.2627828773603826
-0.005558297714197512
0.34796361093168826
0.8470435260055764
0.2661166689698103
0.33573881846927317
0.7107088458982783
0.3974013512514418
-0.32767276586254496
0.21553264533995384
0.3041729745862977
-0.47448510211182965
0.0874561747220675
0.5075854197228994
1.7699767656966778
1.6293605137191534
0.4000886871842863
1.6579338691832932
1.5892358630610541
0.7127291556233281
0.9246117143925152
0.7978595114902177
0.40960211587125306
0.39813120390691575
0.5033843002164428
0.8534119834140356
1.3942519621287508
1.333487412529063
1.2286291544008383
0.36145654132656563
0.5909501599191875
0.8321932328743288
-0.019658394773009413
0.04610102326246837
1.6516086699042356
1.8082281323075176
1.1535254908170598
0.6920484467536024
-0.22167228784704662
0.26819592474171056
0.27471996768973633
0.14644417048610975
0.1856144800630414
0.32602676664869407
0.4202371627148043
0.1709547152231694
-0.6233912608293571
-0.7204883800376022
-0.4646661174913315
-0.28431181924805565
-0.6135410571837495
-0.23700969650540968
0.15412964364310688
-0.08105068080541178
0.16008406222871416
0.7150329005218746
0.19260016407794386
0.23265018696101425
0.5597993187524557
0.14295853468474612
0.26527667194729243
0.3283566238440375
-0.37003831905016876
-0.28225001758505536
1.380880525762999
-0.4710608152304569
-0.468412162085802
1.0901917367143423
-1.49393913627358
-1.066006679940801
1.3274563986209982
-0.7733549309804637
-0.5068228891492033
0.7464306620799368
-0.5005148071485813
0.10374291081303513
0.10821826453416268
-0.7064189900154708
0.2137634699504873
-0.12469985404997763
-0.44290878717607174
0.3949288033086002
0.7470303372819899
-0.2966458421171254
-0.05737888799467622
0.2629861213736666
-0.07278221633919942
0.1772852867642157
1.0898871192302673
0.3129633762810094
0.7356189508452349
1.336170955746511
0.3953725103987106
0.6020493786606527
-0.11646831226682924
-0.12736135588879044
-0.0009873496570721172
0.15113231210092587
0.8234476636205601
0.6535124445066497
0.02870813519105512
0.48124048298488914
0.5217874201507743
-0.0043815200284589755
1.3181239970254128
1.4675097691955796
0.17267067001194555
1.2077872706342818
1.021873751792335
0.2619096556604405
0.8156671868496386
0.7722427738228701
-0.592446366234738
0.09314817553219376
0.3330582692602486
0.14394956192900352
0.33154578274718405
0.20798155514225572
0.006921325746627535
1.348904503300308
0.9064283907396324
-0.05211176118880411
1.166506393487133
1.4205362656027565
0.8674263388148538
1.1962433473278178
0.7458739577013546
0.48291433001485085
0.8230536302424777
0.8759557558003044
0.40031948233521614
1.7706161222012917
1.113092076598232
-0.0341453122081565
-0.45941544674743473
-0.8260496039085733
-0.04344301938195188
0.4122189636825347
-0.04499426187218146
1.016583008797535
1.6746113821929836
1.4081156106603925
0.4747362463092572
0.9901674936324156
1.0783902009366033
0.35748929253848616
1.0834674916615599
1.2487036320684883
0.7225802031113607
1.7671338918451773
1.9577573683588436
0.8486605680261956
1.447527391735543
1.3932896499058791
0.7965875126786321
0.12190181094269409
0.2494182401164764
1.465756043684797
1.4258404560905664
0.6520202078746999
0.20438282686993398
-0.19635130676526533
-0.11738511292586368
0.08896183365976813
-0.7927259252879967
-0.10142719117218757
-0.5150389934437939
-0.43341834803749313
-0.4664752101445307
-0.6470894232161943
0.12298886986220695
0.11854950807043574
-0.35223521857559587
0.2984263488793408
0.035938435870600166
-0.41061000586557606
0.3555167665595353
0.24139493863472447
0.007688661123237832
0.2593849315347719
0.35871124910756325
1.0016030279834502
0.7091494616961898
0.7938486762534643
1.1092397898514723
0.260341578079616
0.450214969502868
0.22179952313648194
-0.6875993931547429
-1.222112572459637
0.5305352121178957
-1.0465123629000872
-1.009583837279345
0.04263345051337158
0.03450517687053943
-0.318958384501742
0.2563423088937159
-0.231981805387204
-0.3172524129028104
0.8880455263753814
0.3025795843924282
0.11501104853698171
0.9095320461523733
0.2505221002904142
0.006201624181464961
0.7384231691428891
0.42981541354926034
0.27819274188578574
0.5790174195353043
-0.058701444829377204
-0.23485236261937106
0.9667015702287145
0.17204843876599177
0.02113433887207713
0.9618828887012187
0.9671657175212883
0.6824828993681307
1.062448632017855
1.1144510745785006
0.5607337294122575
1.3063194105752334
1.5096613051697467
1.2040801713406115
1.9774495913675998
1.2909025235288751
1.5285641436614976
2.1754688495719385
0.9009212323259456
0.7120654064026198
1.668145436236096
0.33722238462225046
0.3311934429498308
1.5005543828446453
0.7387465824446687
1.0133347923641745
0.509453133510649
-0.07564625467698104
0.357431389832649
-0.2604420071907172
-0.2299218193315108
-0.16782342705831163
-0.32701669259897775
-0.45660264471563783
0.16371106052033801
-0.09876446771186374
-0.0296884915429636
0.12021719658004214
0.8017286901170018
0.46571968644170114
0.5491816889744616
0.787436536026197
0.35631167525058055
0.25123878017079176
0.27341676553662997
0.21653507287814203
0.4684169366633176
0.0005934654026956065
0.6031871958675785
0.6470039393314696
-0.011589380081522974
0.736284964413079
0.7899967152867166
-0.07224174029584125
0.3454712927510937
0.9992061987889271
0.3215983141800424
0.7821997885801826
1.243553950092332
-0.14768969170869484
0.7407033035687133
1.6038006439636336
0.0822366433863735
0.824922830491509
0.8142307930404244
1.1817013913016894
0.7948382877718504
0.7730559874476568
0.9242945870866063
0.7550063810164698
0.7501874914689185
-0.21833805094975348
0.02509708796960006
0.09315784570063829
-0.13089688952554324
1.4196565644886934
0.6955311407752601
0.1266859170174007
1.855647509731183
1.6065810786369605
0.8379632083755467
1.7974371081377296
1.4391753392213662
1.3811008743482072
1.4911864959154297
1.2630783312614526
0.6921746834384758
0.8121797068433249
0.857897048845406
0.6046012458161714
0.6289948671381557
0.9058391826754236
0.6139532587326921
0.11817140883171255
0.7157842471795989
0.6669249828709056
-0.4861745090193997
-0.06335777685788664
1.2043637851156692
-0.03636338951484468
0.1826442949570308
0.18997219331392703
-0.8288032895336234
-0.5007336754488093
0.8137714412197369
1.1567558174583863
1.2338231615536652
0.7578184862858496
0.7322828481430751
1.4639009732733816
-0.35627837063242723
-0.24046064618966864
0.25355090298063837
0.17707626287053432
0.5079277104258679
0.4909145330090543
-0.278580532943327
0.3535614068586141
0.3802286230933962
0.31055405122973995
0.1933496051117006
0.14639165979567936
0.7032637726084755
0.4115140804143249
0.7482488972286278
0.7605325125827173
0.8640281761035411
0.9181055886455255
1.1693025408705593
1.2416590396390466
0.8238142798832788
1.1482397726347484
0.36377979963060214
0.1344130180165082
1.2833703990302114
0.6803661957930075
0.5004018991352348
0.1600131327512509
0.36737750559876253
0.15987023994754992
-0.042159542456038444
0.5695978667087063
0.6462327452468216
0.7631412364163757
1.603120732466959
1.4871492672985522
1.3701093314110089
1.348986588826795
1.4617616423011772
1.6586347317829917
1.5057161362342875
1.5489222383158454
0.047568144193422535
-0.33338872250577095
-0.220652208673438
-0.6466519772124439
-1.0302169468313498
-0.6225206046277876
0.5332271923120909
-0.4780379568574692
0.11997167476581663
-0.24519588188959998
0.3442015301996375
0.560445692776199
1.5122955804223508
1.8990171421267947
1.803667710105858
1.3424421217061402
1.263348079295446
1.6819790805968255
1.0208410509424435
0.5065474264793604
1.376114415008989
1.1967128520813164
1.3243639452402953
1.137153924905387
1.424674393653549
0.7008195759513242
1.0077834476331862
0.7050248853770951
0.2762920831233144
0.41942651582337304
-0.45037538538001637
0.15656544457367208
-0.31323354806109593
0.42767012690384393
0.20035881340176462
0.759249862118919
0.25630756663028215
-0.09628585239122822
-0.12315989910385189
-0.6778525661657977
-0.2111894485790987
-0.06266310291036042
-0.012621443635569957
-0.20521558456440217
0.20784165164155677
0.337073457720388
-0.11756349865711434
0.13296911795173877
0.431878426934838
-0.14984575050247015
-0.6291640108937765
-0.40762917604145715
-0.3609754777243864
-0.5577789068891966
-0.4549400974834189
-0.3887183188823572
-0.2875664702150069
0.04278030099366236
0.360009698001683
-0.21918824868092016
-0.019389895320563028
-0.37376707792436903
-0.5504741989066105
0.20544516265833007
0.052551072754387126
0.23504521676428392
0.3513129321878961
0.2773593038765838
0.5057636415351158
1.0517525692089862
-0.24319073969935276
-0.18165108557597737
-0.032460724719182814
0.7448110452116135
0.8701273844148175
0.24238142960924375
0.9317055274859629
1.374695483071235
-0.06920148202129242
-0.15798042752829666
0.5109626317999885
-0.3379812648788786
-0.1729217580356501
-0.11293867883825162
-0.10743177863550939
0.23091365276787576
0.4783661073817784
0.6316727489739273
0.3345012331677242
0.4428559645375476
-0.8496513618290777
-1.3709533210863618
-1.0861507314743033
-0.4425742938962788
-0.9759163518050684
-0.9473616221852896
1.042802370896623
-0.04384614951954149
-0.1289668410086704
1.7269560857106503
-0.11846055444216393
0.6670761287333713
0.5090059476412031
-0.6282360633875684
0.11863967225319733
-0.13426461567182169
-0.44193825501028144
-0.08955459088756368
1.5999247741882163
0.8569301759025301
0.8548331516605002
2.029258028830051
0.6888937771353341
1.3983900979909814
1.708166841620998
0.2725040733920765
0.9064286356996425
2.5708222256976105
1.1510195610996903
1.3201060801690514
2.5726965540743074
1.1643437202720543
1.3353231759973156
1.1572929005060373
0.7072778621236888
1.1135209448342402
0.10951181929690748
0.05629898431606145
0.4911838474443528
-0.31971970404166666
0.2985244547364618
0.3459212873380791
0.3733926297016905
0.21761470911697783
0.2842675043335629
0.9347069486165468
0.6296611570165934
0.6287614792672944
0.7216558066568881
0.40989914713727255
0.26568354298257685
0.7959072389299796
0.843758180674047
0.37339328254968723
0.6510867371634576
0.5785260126059824
0.48339079051527245
0.5750584781600455
-0.8457423089974585
-1.1329187901123479
0.05557761288678118
-0.7776154264590963
-0.6148369296872163
-1.156368274645668
0.13859433372606234
0.0945116083231518
-0.931805441640907
-0.8300443279162926
-0.7650161985635522
-0.711806205217329
0.44439057950134586
0.04596870500266127
0.4042428190035843
0.9822632542380186
1.0405124331020124
1.2339072863857632
0.7013123492706808
0.6079930509331467
1.3881667551765227
0.7260347324985906
0.7212188057577305
1.5859186440376174
0.9742107567903914
1.113286971207924
1.1516846039702981
0.6539941181984554
1.182093863157561
0.6325420150255162
-0.030743042954561837
0.43325093911068063
0.6234463737160167
0.5103072053039606
0.7125601315841383
0.7427211386939806
0.3471987597916602
0.673462578435929
-0.04238982310986293
0.25204678651174905
0.5946814737489903
0.3029968090489155
-0.0001803671795158775
0.5683820509826083
