6598.001317425817
6532.041848046257
6525.634409555021
6517.492480768773
6509.909775356201
6502.754646170663
6496.005874000221
6489.638943104708
6483.631095857051
6477.960996058159
6472.608645931057
6467.555297973957
6462.783373188563
6458.276384738477
6454.018866727922
6449.9963077493185
6446.195088896674
6442.60242593948
6439.206315382068
6435.995484143902
6432.959342621281
6430.087940890483
6427.3719278549
6424.80251311279
6422.371431378375
6420.070909274856
6417.893634327711
6415.832726028606
6413.88170879857
6412.034486749767
6410.2853200970785
6408.628803122665
6407.059843585948
6405.573643467846
6404.165680973461
6402.831693693285
6401.567662862881
6400.369798621589
6399.2345262268045
6398.158473141994
6397.138456948854
6396.171474025896
6395.254688943032
6394.385424515871
6393.561152497231
6392.779484832899
6392.038165476116
6391.335062697917
6390.668161879207
6390.035558742601
6389.4354529966995
6388.866142372768
6388.326017019935
6387.813554239495
6387.327313538041
6386.865931976316
6386.428119799253
6386.012656320821
6385.61838605646
6385.244215085636
6384.889107624218
6384.552082801454
6384.232211626238
6383.928614123567
6383.640456646094
6383.366949333049
6383.107343721959
6382.860930492263
6382.627037341726
6382.40502698145
6382.194295246333
6381.994269310393
6381.804406007953
6381.624190238629
6381.453133476552
6381.2907723482085
6381.136667299011
6380.99040133168
6380.851578810855
6380.719824336964
6380.594781683886
6380.476112789474
6380.363496804685
6380.256629195961
6380.155220889554
6380.058997472841
6379.967698429013
6379.881076417956
6379.798896592612
6379.720935958624
6379.646982759252
6379.576835900961
6379.510304401138
6379.447206875739
6379.387371042778
6379.330633261846
6379.276838091469
6379.225837870456
6379.177492326205
6379.131668196362
6379.088238873947
6379.047084073754
6379.008089508146
6378.971146587351
6378.936152133889
6378.90300810592
6378.871621341649
6378.841903316377
6378.813769903604
6378.787141163003
6378.76194112448
6378.738097592837
6378.715541958533
6378.69420901971
6378.67403680978
6378.654966440239
6378.636941943513
6378.619910132722
6378.603820458627
6378.58862488214
6378.574277747223
6378.560735666518
6378.547957404032
6378.535903775087
6378.524537538352
6378.513823303288
6378.503727440326
6378.49421798877
6378.485264580175
6378.476838356636
6378.468911896191
6378.461459142679
6378.454455339669
6378.44787696526
6378.441701670082
6378.435908222724
6378.430476451406
6378.425387194532
6378.420622250063
6378.416164325895
6378.411997000598
6378.408104674257
6378.4044725335225
6378.401086509346
6378.397933242358
6378.395000045437
6378.3922748745335
6378.389746294272
6378.387403447837
6378.385236029895
6378.383234258606
6378.381388850378
6378.379690995401
6378.378132331711
6378.376704928834
6378.375401259662
6378.3742141857165
6378.373136935419
6378.372163086466
6378.371286550077
6378.370501551216
6378.369802616824
6378.36918455709
6378.368642455483
6378.368171650356
6378.367767727246
6378.367426504369
6378.367144018861
6378.3669165201
6378.366740456312
6378.366612464944
6378.3665293638005
6378.366488142316
6378.366485952016
6378.3665200987025
6378.366588035888
6378.3666873538405
6378.366815778645
6378.366971158477
6378.367151462828
6378.367354774457
6378.367579281887
6378.367823277656
6378.368085149689
6378.368363377335
6378.368656529365
6378.368963255009
6378.369282282999
6378.369612415393
6378.369952526502
6378.370301556463
6378.370658509025
6378.371022447834
6378.371392493694
6378.371767821957
6378.372147658376
6378.372531277356
6378.372918000509
6378.373307190652
6378.373698253653
6378.374090633499
6378.3744838124
6378.374877304142
6378.375270660018
6378.375663459159
6378.376055312033
6378.376445856246
6378.37683475639
6378.377221701749
6378.377606404107
6378.377988599927
6378.3783680435645
6378.378744512827
6378.37911780047
6378.379487719836
6378.379854099658
6378.380216783251
6378.3805756311085
6378.380930516023
6378.381281324139
6378.381627952506
6378.381970314248
6378.382308326816
6378.382641923831
6378.382971044615
6378.38329563882
6378.383615664973
6378.383931088368
6378.38424188254
6378.384548027822
6378.384849510371
6378.385146322448
6378.385438463273
6378.385725935781
6378.386008748127
6378.386286912194
6378.386560446327
6378.386829370124
6378.387093709435
6378.387353490651
6378.387608744767
6378.387859505856
6378.388105810106
6378.38834769558
6378.388585203119
6378.388818375294
6378.389047257409
6378.3892718941115
6378.389492333669
6378.389708625245
6378.389920817245
6378.390128962684
6378.390333112387
6378.390533319308
6378.3907296365205
6378.390922118501
6378.391110818609
6378.391295792109
6378.391477094474
6378.391654780845
6378.391828905838
6378.391999525875
6378.392166695082
6378.3923304700875
6378.392490906273
6378.392648057836
6378.392801980082
6378.39295272761
6378.39310035439
6378.3932449144595
6378.39338646197
6378.393525050694
6378.393660732324
6378.393793558676
6378.393923582303
6378.394050854816
6378.3941754265015
6378.394297347837
6378.394416667643
6378.39453343663
6378.394647701217
6378.39475951105
6378.394868911926
6378.39497595159
6378.395080675268
6378.395183128569
6378.395283355533
6378.3953814017505
6378.395477308708
6378.3955711204735
6378.39566287851
6378.395752624569
6378.395840398814
6378.395926241649
6378.396010192629
6378.396092290627
6378.396172573334
6378.396251078637
6378.396327842674
6378.396402903394
6378.396476293602
6378.396548050391
6378.396618207098
6378.3966867980025
6378.3967538559555
6378.396819413244
6378.396883502139
6378.396946153394
6378.397007397996
6378.397067265756
6378.397125786729
6378.3971829902475
6378.397238903103
6378.397293554787
6378.397346970751
6378.397399180108
6378.39745020767
6378.397500079408
6378.397548820486
6378.397596456323
6378.397643010104
6378.397688505702
6378.3977329673025
6378.397776416434
6378.397818876871
6378.397860369101
6378.397900915294
6378.397940535433
6378.39797925177
6378.398017082713
6378.398054049391
6378.398090169716
6378.398125463761
6378.398159948259
6378.3981936430455
6378.398226565566
6378.398258732734
6378.398290161121
6378.398320867555
6378.398350868674
6378.398380180239
6378.398408817529
6378.39843679591
6378.398464130005
6378.398490834552
6378.398516923891
6378.39854241234
6378.3985673125635
6378.398591637979
6378.398615402775
6378.398638618793
6378.39866129871
6378.398683453934
6378.398705098502
6378.398726241487
6378.398746896317
6378.39876707231
6378.398786782457
6378.3988060356505
6378.398824843203
6378.398843215853
6378.398861161691
6378.39887869234
6378.398895816195
6378.39891254363
6378.398928883
6378.3989448425655
6378.398960432129
6378.398975659978
6378.398990534702
6378.399005063636
6378.399019255062
6378.399033116569
6378.399046656125
6378.39905988146
6378.399072799088
6378.39908541624
6378.399097740089
6378.399109777079
6378.3991215340675
6378.399133017745
6378.399144233923
6378.399155189372
6378.399165889739
6378.399176340853
6378.399186548834
6378.399196518633
6378.39920625593
6378.399215766933
6378.3992250557785
6378.399234128859
6378.39924298997
6378.399251644867
6378.399260097478
6378.39926835401
6378.399276416378
6378.399284292526
6378.399291983504
6378.399299495525
6378.399306832584
6378.399313998218
6378.399320997042
6378.399327831392
6378.399334507247
6378.399341026803
6378.399347394558
6378.399353613571
6378.399359687133
6378.399365619233
6378.39937141228
6378.399377070417
6378.3993825958
6378.399387992923
6378.3993932630465
6378.399398410739
6378.399403437808
6378.3994083482075
6378.399413142955
6378.399417826117
6378.399422399579
6378.399426865698
6378.399431228162
6378.399435488354
6378.399439649188
6378.399443712296
6378.399447680629
6378.399451556809
6378.399455341285
6378.399459037488
6378.39946264731
6378.3994661729985
6378.399469615654
6378.399472978518
6378.399476262394
6378.399479469499
6378.399482601654
6378.399485660732
6378.399488647791
6378.399491564466
6378.399494413906
6378.399497196229
6378.399499913522
6378.399502567718
6378.399505158767
6378.399507689759
6378.399510161384
6378.399512575244
6378.399514932573
6378.399517234829
6378.399519482667
6378.399521678332
6378.399523823046
6378.399525917138
6378.399527962177
6378.399529959123
6378.399531909624
6378.3995338142595
6378.3995356744035
6378.399537491038
6378.399539265019
6378.399540997498
6378.399542689727
6378.399544341733
6378.399545955408
6378.3995475311085
6378.399549070434
6378.399550573313
6378.399552040877
6378.399553474384
6378.399554874211
6378.399556241041
6378.3995575759845
6378.399558879483
6378.399560152863
6378.399561395678
6378.399562610386
6378.3995637959
6378.399564954256
6378.399566084836
6378.399567189286
6378.39956826779
6378.399569320806
6378.39957034959
6378.399571354484
6378.399572335043
6378.399573293568
6378.399574228961
6378.399575142389
6378.399576034674
6378.399576905689
6378.399577756939
6378.399578587551
6378.399579398828
6378.399580191837
6378.399580965808
6378.399581721586
6378.399582459422
6378.399583179877
6378.399583884022
6378.399584571078
6378.399585242891
6378.399585898593
6378.399586537953
6378.399587163975
6378.399587774519
6378.399588370862
6378.399588953002
6378.399589521159
6378.3995900767
6378.399590619015
6378.399591148495
6378.399591665802
6378.3995921708365
6378.3995926640755
6378.39959314558
6378.399593615919
6378.399594075295
6378.399594524466
6378.399594962719
6378.399595390156
6378.399595807583
6378.3995962161
6378.399596614011
6378.39959700326
6378.3995973831825
6378.399597753952
6378.399598116788
6378.399598470608
6378.3995988162715
6378.399599153692
6378.399599482957
6378.399599805157
6378.399600119201
6378.399600426714
6378.399600726335
6378.399601018531
6378.399601304892
6378.399601583587
6378.399601856268
6378.399602122441
6378.399602382746
6378.399602636702
6378.3996028843185
6378.399603126481
6378.39960336317
6378.399603594029
6378.399603819694
6378.39960403992
6378.399604255139
6378.399604465089
6378.3996046703805
6378.399604869956
6378.399605065864
6378.399605257114
6378.399605443202
6378.399605625589
6378.39960580379
6378.399605977058
6378.399606146984
6378.399606312701
6378.399606474691
6378.399606632747
6378.399606786491
6378.399606937964
6378.3996070846415
6378.399607228264
6378.399607368551
6378.3996075057685
6378.399607639493
6378.39960777026
6378.399607897944
6378.399608022429
6378.399608144484
6378.399608263387
6378.399608379256
6378.399608492695
6378.399608602975
6378.399608710949
6378.399608817024
6378.399608919903
6378.39960902047
6378.399609118773
6378.399609215119
6378.399609308473
6378.399609400599
6378.399609490167
6378.399609577049
6378.399609662388
6378.3996097456065
6378.399609826645
6378.399609906341
6378.399609984055
6378.39961005963
6378.399610133587
6378.399610205831
6378.399610276615
6378.399610344897
6378.399610412706
6378.399610478415
6378.399610542449
6378.399610604679
6378.399610666589
6378.399610725937
6378.399610784371
6378.399610841399
6378.399610897285
6378.39961095115
6378.399611004122
6378.399611056315
6378.39961110723
6378.399611156221
6378.399611204315
6378.399611252114
6378.399611297333
6378.399611342587
6378.399611386539
6378.399611429394
6378.399611471228
6378.399611512074
6378.399611552018
6378.39961159125
6378.399611629019
6378.399611666113
6378.399611702408
6378.399611737262
6378.399611772995
6378.399611806852
6378.399611839337
6378.399611871967
6378.399611903226
6378.399611934104
6378.399611964054
6378.399611993381
6378.3996120223965
6378.3996120501115
6378.399612077253
6378.399612104069
6378.3996121299015
6378.399612155338
6378.399612180183
6378.39961220452
6378.3996122283825
6378.399612251414
6378.399612274158
6378.399612296256
6378.399612317634
6378.3996123386705
6378.399612359302
6378.399612378934
6378.399612398638
6378.39961241795
6378.399612436602
6378.399612454819
6378.3996124726455
6378.399612490553
6378.399612507092
6378.39961252402
6378.399612539835
6378.399612555916
6378.3996125708645
6378.399612586514
6378.3996126008
6378.399612615146
6378.399612629615
6378.399612643342
6378.399612656539
6378.399612669764
6378.399612682624
6378.399612694965
6378.399612707208
6378.399612719089
6378.399612730906
6378.399612742476
6378.3996127531345
6378.399612763955
6378.399612774686
6378.399612784977
6378.399612795046
6378.3996128049
6378.399612814322
6378.39961282375
6378.399612833203
6378.399612841668
6378.399612850923
6378.399612859667
6378.3996128675535
6378.399612876271
6378.399612883787
6378.399612891363
6378.399612898816
6378.399612906349
6378.399612913876
6378.399612920785
6378.399612927939
6378.399612934448
6378.399612941314
6378.399612947687
6378.399612953642
6378.399612960098
6378.39961296579
6378.399612971774
6378.399612977114
6378.399612982962
6378.399612988276
6378.3996129937095
6378.399612999242
6378.399613003393
6378.399613009246
6378.3996130138
6378.399613018223
6378.3996130234245
6378.399613027988
6378.399613032282
6378.3996130365
6378.399613040767
6378.399613044585
6378.39961304859
6378.399613052563
6378.399613056451
6378.399613060114
6378.399613063891
6378.399613067353
6378.399613071103
6378.399613073936
6378.399613077394
6378.399613080597
6378.39961308399
6378.399613087174
6378.399613089457
6378.399613092959
6378.399613095475
6378.3996130982405
6378.399613101454
6378.399613103978
6378.399613106622
6378.399613109317
6378.399613111659
6378.399613114498
6378.399613116451
6378.399613118697
6378.399613120411
6378.3996131232825
6378.399613125258
6378.3996131272625
6378.399613129607
6378.399613131699
6378.399613133477
6378.399613135386
6378.399613137236
6378.399613139284
6378.399613141225
6378.399613142714
6378.3996131448275
6378.3996131459035
6378.399613147919
6378.399613149224
6378.399613150155
6378.399613152378
6378.399613153389
6378.399613155128
6378.399613156402
6378.399613157863
6378.399613159581
6378.399613160616
6378.399613161746
6378.399613162821
6378.399613164452
6378.399613165496
6378.399613166666
6378.399613167779
6378.399613168906
6378.3996131698705
6378.399613170826
6378.399613171898
6378.3996131733
6378.399613174349
6378.399613175005
6378.399613176109
6378.399613176994
6378.399613177677
6378.399613178731
6378.39961317974
6378.399613180339
6378.399613182005
6378.399613182224
6378.399613183091
6378.399613183488
6378.399613184348
6378.399613185691
6378.399613185651
6378.399613186352
6378.399613186845
6378.399613187856
6378.399613188546
6378.399613189569
6378.399613189717
6378.399613190327
6378.399613190814
6378.3996131914255
6378.399613192081
6378.399613192459
6378.399613193481
6378.399613193831
6378.399613193988
6378.399613194734
6378.3996131951035
6378.39961319515
6378.399613196381
6378.3996131966305
6378.399613196941
6378.399613197182
6378.399613197772
6378.399613198132
6378.399613198551
6378.399613198965
6378.399613199258
6378.399613199502
6378.399613200386
6378.399613200749
6378.399613200667
6378.399613200823
6378.3996132016
6378.3996132017965
6378.399613202269
6378.399613202626
6378.399613202619
6378.399613202962
6378.399613203393
6378.399613203641
6378.399613203857
6378.39961320397
6378.399613204158
6378.399613204426
6378.399613204788
6378.399613205248
6378.399613205844
6378.399613205694
6378.399613205898
6378.399613206014
6378.399613206107
6378.399613206239
6378.399613206948
6378.399613206708
6378.399613207027
6378.399613207294
6378.399613207791
6378.399613207579
6378.399613207754
6378.3996132080165
6378.3996132082275
6378.399613208093
6378.399613208588
6378.399613209208
6378.399613209029
6378.399613208751
6378.399613209021
6378.399613208944
6378.399613209294
6378.399613209638
6378.399613209725
6378.399613209268
6378.399613209674
6378.399613209984
6378.399613209993
6378.399613210431
6378.399613210691
6378.399613210598
6378.399613210785
6378.399613210645
6378.399613211048
6378.399613211134
6378.399613211464
6378.399613211112
6378.399613211262
6378.399613211381
6378.399613211397
6378.399613211667
6378.399613211359
6378.399613211777
6378.399613212051
6378.399613211968
6378.399613211648
6378.399613211801
6378.3996132120765
6378.399613212355
6378.399613212403
6378.39961321255
6378.399613212383
6378.399613212279
6378.399613212493
6378.399613212287
6378.399613212998
6378.399613212555
6378.39961321291
6378.399613212808
6378.39961321323
6378.399613213123
6378.399613213349
6378.399613212797
6378.399613213037
6378.399613213385
6378.3996132131615
6378.399613213063
6378.399613213179
6378.39961321363
6378.399613213159
6378.399613213532
6378.399613213097
6378.39961321353
6378.399613213685
6378.399613213436
6378.399613213232
6378.39961321337
6378.3996132141065
6378.399613213876
6378.3996132138245
6378.399613213579
6378.399613214008
6378.399613213836
6378.399613213988
6378.399613213742
6378.399613213804
6378.399613214128
6378.399613214127
6378.399613214178
6378.399613214346
6378.399613214399
6378.399613213945
6378.39961321386
6378.399613213964
6378.399613214117
6378.399613214087
6378.399613214436
6378.399613214493
6378.399613213869
6378.399613214258
6378.399613214259
6378.399613214583
6378.399613213971
6378.3996132143575
6378.399613214334
6378.399613214672
6378.399613214749
6378.39961321437
6378.399613214559
6378.399613214384
6378.399613214643
6378.3996132146385
6378.3996132148895
6378.399613214599
6378.399613214594
6378.39961321439
6378.399613214703
6378.399613214903
6378.399613214648
6378.39961321462
6378.399613214667
6378.399613215065
6378.399613214864
6378.399613214999
6378.399613214827
6378.399613214641
6378.39961321479
6378.399613215023
6378.39961321465
6378.39961321484
6378.399613214904
6378.399613215044
6378.399613215228
6378.399613214894
6378.399613214924
6378.399613215
6378.399613215093
6378.39961321491
6378.399613214785
6378.399613214775
6378.399613215076
6378.3996132147895
6378.399613215094
6378.399613215101
6378.399613214995
6378.399613214984
6378.39961321505
6378.399613215082
6378.399613215263
6378.399613214527
6378.399613214832
6378.399613215004
6378.399613214813
6378.399613214762
6378.399613214962
6378.399613215386
6378.3996132149105
6378.399613215107
6378.399613214891
6378.399613214943
6378.3996132149905
6378.399613214948
6378.399613215019
6378.399613215222
6378.399613215046
6378.39961321529
6378.399613214708
6378.39961321493
6378.3996132150505
6378.399613214974
6378.399613215307
6378.399613215254
6378.39961321519
6378.399613215117
6378.399613215247
6378.399613215254
6378.39961321529
6378.399613214961
6378.399613215054
6378.399613215076
6378.399613214853
6378.399613214965
6378.399613215314
6378.399613215138
6378.399613215114
6378.399613215151
6378.399613215076
6378.399613214791
6378.399613215431
6378.399613214899
6378.399613215296
6378.399613215418
6378.399613215279
6378.399613215543
6378.399613214965
6378.399613215011
6378.399613215301
6378.399613215067
6378.399613214975
6378.399613215287
6378.39961321511
6378.399613215037
6378.399613215332
6378.399613215536
6378.399613214857
6378.399613215022
6378.399613215086
6378.399613215582
6378.3996132153125
6378.399613214906
6378.399613214923
6378.399613215157
6378.399613215499
6378.399613214988
6378.399613215177
6378.399613215173
6378.399613215886
6378.399613215245
6378.399613215115
6378.399613215621
6378.399613215364
6378.399613215306
6378.399613215078
6378.399613215324
6378.399613215231
6378.399613215228
6378.399613215126
6378.3996132152915
6378.3996132151005
6378.399613214984
6378.399613215174
6378.399613215411
6378.399613215607
6378.399613215164
6378.399613215411
6378.399613215036
6378.399613215572
6378.39961321509
6378.399613215673
6378.399613215352
6378.399613215273
6378.399613214996
6378.3996132147195
6378.399613215324
6378.399613215352
6378.39961321479
6378.3996132152415
6378.399613215514
6378.399613215556
6378.39961321532
6378.399613215488
6378.39961321555
6378.399613215139
6378.399613215315
6378.399613215575
6378.399613215298
6378.399613214688
6378.399613215598
6378.399613215343
6378.39961321537
6378.399613215331
6378.399613215142
6378.399613215092
6378.399613215258
6378.39961321514
6378.399613215213
6378.399613215436
6378.399613215102
6378.39961321536
6378.3996132153925
6378.399613215098
6378.39961321527
6378.399613215335
6378.399613215229
6378.399613214957
6378.399613215077
6378.3996132153015
6378.399613215298
6378.39961321503
6378.399613215424
6378.399613215247
6378.399613215368
6378.399613214684
6378.399613215431
6378.399613215247
6378.39961321534
6378.399613215374
6378.3996132155935
6378.399613215261
6378.399613215255
6378.3996132154625
6378.399613215004
6378.399613215094
6378.399613215339
6378.399613214731
6378.399613215198
6378.399613215487
6378.399613215161
6378.399613215458
6378.399613215517
6378.399613215319
6378.399613215017
6378.399613215446
6378.399613215309
6378.399613215298
6378.399613215053
6378.399613215288
6378.399613215122
6378.399613215758
6378.399613215337
6378.399613214772
6378.399613215323
6378.399613215276
6378.39961321529
6378.399613215228
6378.399613215152
6378.399613215523
6378.399613215926
6378.399613215335
6378.399613215258
6378.399613215162
6378.399613215109
6378.399613215523
6378.3996132152
6378.3996132150805
6378.399613215061
6378.399613215367
6378.399613215442
6378.399613215036
6378.399613215309
6378.3996132152015
6378.3996132151315
6378.399613215267
6378.399613215024
6378.399613215446
6378.399613215487
6378.399613215065
6378.399613214829
6378.399613215407
6378.3996132154625
6378.399613215386
6378.399613215508
6378.399613215307
6378.3996132153125
6378.3996132150105
6378.399613215278
6378.399613215254
6378.399613215301
6378.399613215539
6378.399613215391
6378.3996132153425
6378.399613215304
6378.399613215262
6378.399613215514
6378.399613215481
6378.399613215113
6378.399613214961
6378.399613215142
6378.399613215141
6378.399613215464
6378.399613215566
6378.399613214729
6378.399613215591
6378.3996132152715
6378.399613215348
6378.399613215161
6378.399613215396
6378.399613215171
6378.399613214834
6378.399613215427
6378.39961321537
6378.399613214986
6378.399613215498
6378.399613215306
6378.399613215311
6378.399613215051
6378.399613215175
6378.399613214949
6378.399613215029
6378.399613215446
6378.399613215235
6378.399613215491
6378.399613215144
6378.399613215279
6378.399613215361
6378.3996132151715
6378.399613215215
6378.399613214963
6378.3996132149905
6378.399613215415
6378.39961321511
6378.399613215304
6378.39961321513
6378.399613215246
6378.3996132156735
6378.399613215095
6378.399613215405
6378.399613215189
6378.399613215316
6378.399613215642
6378.399613215065
6378.399613215604
6378.39961321511
6378.3996132150705
6378.399613215469
6378.399613215257
6378.399613215113
6378.399613215124
6378.399613215321
6378.399613215303
6378.399613215726
6378.399613214926
6378.399613215757
6378.399613215212
6378.3996132152515
6378.399613215414
6378.399613215636
6378.39961321535
6378.3996132155835
6378.399613214691
6378.399613215545
6378.399613215208
6378.399613215275
6378.399613215268
6378.399613215452
6378.399613215386
6378.399613215539
6378.399613215482
6378.399613215327
6378.39961321511
6378.399613215394
6378.399613215562
6378.39961321543
6378.399613215442
6378.399613215279
6378.399613215382
6378.399613215347
6378.399613215298
6378.399613215093
6378.39961321496
6378.399613215134
6378.399613214862
6378.399613215041
6378.399613215374
6378.399613215479
6378.399613215079
6378.399613215025
6378.399613215271
6378.39961321569
6378.399613215428
6378.399613215228
6378.399613215148
6378.399613215214
6378.3996132153825
6378.399613215232
6378.399613215443
6378.3996132150005
6378.399613215392
6378.399613215381
6378.3996132154225
6378.3996132155125
6378.39961321471
6378.399613215094
6378.399613215388
6378.399613215483
6378.399613215332
6378.399613215419
6378.39961321514
6378.399613215331
6378.399613215
6378.399613215582
6378.3996132151115
6378.399613214879
6378.399613215392
6378.39961321547
6378.399613215159
6378.399613215161
6378.399613215113
6378.399613215485
6378.399613215427
6378.399613215485
6378.399613215265
6378.399613215283
6378.399613215711
6378.399613215263
6378.399613215528
6378.3996132149205
6378.399613215163
6378.399613215521
6378.399613215185
6378.399613215337
6378.399613215069
6378.39961321494
6378.399613215152
6378.399613215171
6378.399613215164
6378.39961321522
6378.399613215298
6378.399613214977
6378.3996132151215
6378.399613215064
6378.39961321519
6378.399613215257
6378.3996132154425
6378.399613215279
6378.399613215652
6378.399613215115
6378.399613215274
6378.399613215475
6378.399613215202
6378.399613215212
6378.399613215288
6378.399613215453
6378.399613215164
6378.399613215336
6378.399613215384
6378.399613215139
6378.399613215388
6378.39961321528
6378.399613215184
6378.399613215793
6378.399613215272
6378.399613215311
6378.399613214927
6378.399613215389
6378.399613215442
6378.399613214978
6378.399613215271
6378.399613215356
6378.399613215364
6378.399613215333
6378.399613215175
6378.399613214929
6378.399613215395
6378.399613215201
6378.399613215234
6378.399613215148
6378.39961321537
6378.399613215361
6378.399613215452
6378.399613215232
6378.399613215489
6378.399613215152
6378.399613214892
6378.399613215275
6378.399613215579
6378.399613215266
6378.399613214706
6378.399613215322
6378.399613215299
6378.399613215321
6378.3996132151115
6378.3996132151115
6378.399613215132
6378.399613215078
6378.399613215395
6378.399613215516
6378.399613214823
6378.3996132153825
6378.399613215439
6378.39961321553
6378.399613215196
6378.399613215491
6378.399613215347
6378.399613215225
6378.399613215278
6378.399613214946
6378.39961321541
6378.399613215205
6378.399613215401
6378.399613215076
6378.3996132148695
6378.39961321526
6378.399613215522
6378.399613215663
6378.3996132152115
6378.399613215062
6378.399613215371
6378.399613215143
6378.39961321535
6378.399613215343
6378.399613215492
6378.399613215276
6378.3996132155
6378.39961321511
6378.3996132151115
6378.39961321486
6378.399613215199
6378.399613215323
6378.399613215294
6378.399613215454
6378.399613215222
6378.399613214938
6378.399613214973
6378.399613215041
6378.399613214965
6378.399613215031
6378.399613215355
6378.399613215169
6378.399613215126
6378.399613215438
6378.3996132150405
6378.399613215454
6378.399613214848
6378.399613215596
6378.39961321567
6378.399613214986
6378.399613215152
6378.3996132152
6378.399613215142
6378.399613215391
6378.399613215212
6378.399613215173
6378.399613215431
6378.399613215295
6378.399613215168
6378.399613215212
6378.399613215681
6378.399613215118
6378.3996132152815
6378.399613214979
6378.399613215577
6378.39961321526
6378.39961321521
6378.399613215023
6378.399613215337
6378.399613215082
6378.3996132155125
6378.399613215002
6378.399613214969
6378.399613215225
6378.399613215496
6378.399613215505
6378.399613215203
6378.399613215413
6378.399613215157
6378.399613215035
6378.399613214727
6378.399613215387
6378.3996132155835
6378.399613215196
6378.399613215314
6378.399613215177
6378.399613215336
6378.399613215623
6378.399613214881
6378.399613215385
6378.39961321498
6378.399613215169
6378.399613215333
6378.399613215501
6378.399613215191
6378.3996132154825
6378.399613215134
6378.399613215233
6378.399613215581
6378.399613215173
6378.399613215403
6378.399613215203
6378.399613215246
6378.399613215529
6378.39961321498
6378.399613215291
6378.39961321552
6378.399613214935
6378.3996132153225
6378.399613215381
6378.39961321511
6378.399613215226
6378.399613215162
6378.3996132150705
6378.3996132153525
6378.399613215479
6378.399613215141
6378.399613215572
6378.399613214802
6378.399613215331
6378.399613215101
6378.3996132155
6378.399613215444
6378.399613214823
6378.399613215417
6378.399613215132
6378.399613215516
6378.399613215189
6378.399613215159
6378.399613215263
6378.39961321561
6378.399613215187
6378.399613214978
6378.399613214982
6378.399613215529
6378.399613215625
6378.399613215259
6378.399613215404
6378.3996132153125
6378.399613215157
6378.399613215173
6378.399613215362
6378.399613214979
6378.399613215758
6378.399613215149
6378.399613215501
6378.399613215609
6378.39961321537
6378.3996132152815
6378.39961321464
6378.399613215521
6378.399613215295
6378.399613215369
6378.399613215151
6378.399613215492
6378.3996132151005
6378.399613215088
6378.399613215487
6378.399613214975
6378.399613215239
6378.399613215359
6378.399613215743
6378.399613214949
6378.399613214918
6378.399613215397
6378.3996132153
6378.399613215288
6378.399613215249
6378.39961321512
6378.399613215558
6378.39961321528
6378.3996132154
6378.399613215283
6378.399613215426
6378.399613215305
6378.39961321537
6378.399613215413
6378.399613215126
6378.399613215349
6378.399613215509
6378.399613215501
6378.39961321516
6378.399613215603
6378.399613215312
6378.399613215032
6378.399613215398
6378.3996132155235
6378.399613215292
6378.399613215304
6378.399613214916
6378.399613214658
6378.399613215291
6378.399613215374
6378.3996132152515
6378.399613215423
6378.399613215159
6378.399613215205
6378.399613215345
6378.39961321493
6378.39961321541
6378.399613215058
6378.399613215813
6378.399613215784
6378.399613215637
6378.399613214943
6378.39961321521
6378.3996132149805
6378.399613215454
6378.399613215612
6378.399613215485
6378.3996132153525
6378.399613215602
6378.399613215306
6378.399613215203
6378.39961321518
6378.399613215355
6378.399613214994
6378.399613215473
6378.399613215446
6378.399613215164
6378.399613215033
6378.399613215065
6378.39961321552
6378.399613214875
6378.399613215048
6378.399613215364
6378.399613215253
6378.399613215432
6378.399613215359
6378.399613215268
6378.399613215423
6378.399613215181
6378.399613215696
6378.39961321508
6378.399613215436
6378.399613215141
6378.399613215563
6378.399613215148
6378.399613215286
6378.399613215184
6378.399613215332
6378.399613215496
6378.3996132156435
6378.3996132148795
6378.39961321552
6378.399613215062
6378.399613215181
6378.39961321558
6378.3996132154025
6378.399613215226
6378.399613215266
6378.399613214753
6378.399613215477
6378.39961321556
6378.3996132150305
6378.399613215434
6378.399613215624
6378.399613215475
6378.3996132149305
6378.399613215194
6378.399613214743
6378.399613215113
6378.399613215362
6378.39961321514
6378.399613215263
6378.399613215271
6378.399613215226
6378.399613215044
6378.399613215732
6378.399613215411
6378.399613215132
6378.399613215414
6378.399613215335
6378.399613215262
6378.399613215411
6378.399613215311
6378.3996132152515
6378.399613215284
6378.399613215369
6378.3996132155635
6378.3996132154725
6378.3996132150005
6378.3996132151915
6378.399613215201
6378.399613215027
6378.399613214986
6378.399613215474
6378.399613215412
6378.399613215489
6378.39961321516
6378.3996132154125
6378.399613215425
6378.399613215009
6378.3996132152515
6378.3996132150605
6378.399613215251
6378.399613215209
6378.399613215043
6378.399613215084
6378.399613215324
6378.399613215235
6378.399613215283
6378.399613215013
6378.399613215164
6378.399613214887
6378.399613215467
6378.3996132154425
6378.399613215405
6378.39961321531
6378.399613215143
6378.399613215464
6378.399613215546
6378.399613215364
6378.399613215469
6378.399613215515
6378.399613215477
6378.399613215573
6378.399613215125
6378.399613215191
6378.399613215275
6378.399613215114
6378.399613215221
6378.399613215259
6378.399613215463
6378.399613215227
6378.399613215524
6378.399613215278
6378.399613215223
6378.399613215004
6378.399613214966
6378.399613215342
6378.399613215413
6378.399613215276
6378.399613215393
6378.399613215035
6378.3996132149
6378.399613215171
6378.399613215362
6378.399613215081
6378.399613215336
6378.399613215415
6378.399613215323
6378.399613215239
6378.399613215468
6378.3996132154725
6378.399613215085
6378.399613215526
6378.399613215092
6378.399613215234
6378.399613215249
6378.399613215408
6378.399613215265
6378.3996132149505
6378.399613215559
6378.399613215042
6378.3996132151515
6378.399613215172
6378.399613215592
6378.399613215146
6378.399613215056
6378.399613215213
6378.399613215442
6378.399613214953
6378.3996132153125
6378.399613215489
6378.399613215366
6378.399613215401
6378.399613215034
6378.399613214865
6378.399613215439
6378.399613215405
6378.399613215125
6378.399613214984
6378.399613215147
6378.399613215379
6378.399613215526
6378.399613215409
6378.39961321516
6378.399613215438
6378.399613215128
6378.399613215796
6378.399613215216
6378.399613214965
6378.399613215263
6378.399613215066
6378.3996132147595
6378.399613215173
6378.39961321567
6378.399613215274
6378.399613214947
6378.399613215204
6378.399613215273
6378.39961321476
6378.399613215024
6378.399613215505
6378.399613215442
6378.399613215167
6378.399613215419
6378.399613215335
6378.399613215069
6378.399613215245
6378.399613215121
6378.399613215159
6378.399613215041
6378.399613215378
6378.399613215132
6378.3996132155935
6378.399613214914
6378.39961321558
6378.399613215238
6378.399613215293
6378.399613215285
6378.399613215358
6378.39961321534
6378.399613215008
6378.39961321558
6378.399613215154
6378.39961321514
6378.399613215385
6378.3996132151915
6378.399613215035
6378.399613214919
6378.399613215455
6378.399613215503
6378.399613214945
6378.399613215239
6378.39961321525
6378.399613215748
6378.399613215379
6378.399613215524
6378.399613215632
6378.399613215205
6378.399613215186
6378.39961321527
6378.399613215144
6378.399613215325
6378.3996132153
6378.399613215456
6378.399613215076
6378.399613215056
6378.399613215082
6378.3996132151
6378.399613215424
6378.399613215312
6378.39961321601
6378.399613215193
6378.399613214939
6378.399613214911
6378.399613215268
6378.399613215302
6378.399613215056
6378.399613215199
6378.3996132154025
6378.399613215355
6378.399613214914
6378.399613215082
6378.399613214828
6378.399613215068
6378.399613215247
6378.3996132156335
6378.399613215386
6378.399613215033
6378.399613215237
6378.399613215149
6378.399613215301
6378.399613215362
6378.399613215132
6378.399613215365
6378.399613215571
6378.399613215582
6378.399613215068
6378.399613215387
6378.39961321547
6378.399613215046
6378.399613215484
6378.3996132155125
6378.399613215128
6378.399613215627
6378.3996132148195
6378.39961321515
6378.3996132152015
6378.39961321511
6378.399613215209
6378.399613215127
6378.39961321548
6378.3996132154725
6378.399613215232
6378.399613215337
6378.399613214815
6378.399613215365
6378.39961321571
6378.399613215438
6378.399613215012
6378.39961321535
6378.399613215558
6378.39961321529
6378.399613214973
6378.399613215149
6378.399613215379
6378.399613215397
6378.399613215068
6378.399613215271
6378.399613215641
6378.399613215331
6378.39961321531
6378.399613215038
6378.399613215623
6378.399613215175
6378.399613215201
6378.399613215489
6378.399613215222
6378.399613215366
6378.39961321555
6378.399613215565
6378.399613215107
6378.399613214679
6378.399613215437
6378.399613215358
6378.399613215543
6378.39961321468
6378.399613215374
6378.3996132152915
6378.399613215489
6378.399613215547
6378.399613215658
6378.399613215381
6378.399613214974
6378.39961321527
6378.399613215072
6378.399613215121
6378.399613215201
6378.399613215344
6378.399613215279
6378.399613215142
6378.399613215299
6378.399613215407
6378.39961321534
6378.39961321509
6378.399613215657
6378.399613215171
6378.399613214862
6378.399613215336
6378.399613215023
6378.399613215175
6378.399613214975
6378.39961321529
6378.39961321523
6378.39961321534
6378.399613215132
6378.3996132153
6378.399613215505
6378.3996132154725
6378.399613215093
6378.399613214787
6378.39961321513
6378.399613214912
6378.399613215284
6378.399613215093
6378.399613215356
6378.399613215147
6378.3996132153
6378.399613215578
6378.3996132150805
6378.399613215119
6378.39961321573
6378.3996132154825
6378.399613215452
6378.39961321529
6378.399613215089
6378.399613215109
6378.399613215417
6378.399613215291
6378.399613215233
6378.399613215315
6378.399613215378
6378.399613215366
6378.399613215323
6378.399613215245
6378.399613215105
6378.399613215058
6378.399613215234
6378.39961321509
6378.399613215171
6378.399613215109
6378.399613215428
6378.399613215386
6378.399613215205
6378.399613215547
6378.399613215107
6378.399613215413
6378.399613215466
6378.39961321516
6378.399613215238
6378.399613215499
6378.399613214984
6378.3996132152815
6378.399613214738
6378.399613215128
6378.3996132154525
6378.399613215329
6378.399613215288
6378.399613215075
6378.399613215319
6378.399613215025
6378.399613214925
6378.399613215715
6378.39961321545
