-1.1492141359546908
-0.7504515266123157
-1.4338124474351415
-1.3772240720293478
-0.8856260047782644
-0.07760119216032642
1.4553915327666211
1.0700072579329691
0.10459109965231747
-0.24852530465467107
0.20282665950196577
0.5838626178056476
-0.8487164745690521
-0.6109873067617374
0.944565728410498
0.25107514886032384
0.2922185826941304
0.23422687979877233
-0.1537862560314686
-0.3879300946948895
-0.06848674135621545
0.31137815058874585
1.0628750394758313
1.5650431425555569
0.1740686211808754
0.15702957246934213
0.16306726275405586
0.2620489014339888
0.7037224553286543
0.9587453503324158
0.7797199183143072
0.716794905823544
1.3559839954887098
1.5805551118217143
0.156850041354191
-0.30438429317507804
0.4540515517146325
0.8117969325065086
0.12586972019056203
-0.1082270908813
0.6594065441026336
0.9482463549709551
0.5521093057297382
0.5183093038620887
0.5336497790267223
-0.06445388729108192
-0.5194012420561157
-0.8127265449707658
0.015154094969550882
0.577306063936873
0.8076262407634542
0.7344893339602317
0.5401627444062697
0.6199955247435363
0.5227196386642768
0.9246474234390468
0.6110066862600314
0.7438009935843063
0.33585229569924807
0.6475775225904907
0.8047906292818487
0.4483176543800724
0.3429790636565795
0.26234518518008304
-0.12565044411060314
0.017389081111521265
1.1327950035306247
1.1957796163791536
0.2750597691254002
-0.0045780699507823675
-0.15042451756365408
-0.2446053207371423
0.6866288251773905
1.0515768129950926
0.32060611415275414
0.45634083765474964
0.1798402288577276
-0.5048682237859435
0.0017193044445669135
0.058925439352370074
-0.041188973970160546
-0.32846495631369327
-0.4027708540092439
0.3062634559057671
1.4423418791704627
1.3697676860728123
0.8320500895777355
0.4902764279878633
0.08138950728059743
0.2518222436922448
0.9937220095486189
1.3248440129482766
0.6980436270354877
0.04711906291170982
0.1227624149713701
1.5723481657472174
1.4897480218914856
0.4122900300389439
-0.7301361356773689
-1.4656263101264324
-0.5444964048866754
0.12214203018270714
0.8610314504041371
1.6505796518533637
1.407653942903141
1.1466047850747123
0.12706988542483336
-0.03031465793894504
0.0702655296076624
-0.35151592299977047
1.06655001751374
0.8848395755790482
1.162490433114863
0.6609225354828422
0.5698334820296636
-0.11474780097809455
0.18173879781998487
0.46507145705917086
0.24462092817310674
0.5027402742800033
0.8155656990804393
0.9204959792477548
0.8493660599969025
0.7211063365716003
0.9128558874183111
0.5445770366247767
0.26718525698944734
0.4134914033311247
0.5798383412004032
1.1924815661411443
1.4791045349122767
1.2069110701134098
1.2483081489332044
1.6196296713280693
0.5862812268297133
-0.42160439127344757
60240617543287576e-21
0.36490539248842874
-0.1730099106184997
0.502311369209104
0.25045589513587235
0.3316560321742122
0.5688471436226066
-0.054840874846288634
0.33081458730149493
0.35039686841793855
0.2969526412072792
0.13956302800692635
0.5464902183860615
0.4875198813918374
-0.1489679605366944
-0.153565910259079
0.10592220417540077
1.1219116279389525
2.8589484774008094
1.2925105950204576
-0.4178528144112582
1.6517270611547226
1.836732307963986
-0.3859539970468245
0.2827604986686408
1.0411792472438548
1.2582147639266483
1.4167036912357547
1.068818351178797
0.7399183546073317
-0.10256560987675205
-0.41775965127631853
-0.6415735472574331
-0.637517867179224
-0.5743848255812158
0.06422777416221558
0.05204679820450581
0.5751570328875477
0.3999425094119029
0.2278265932938999
0.2806364839208025
0.06994385754401335
0.14161658283138848
0.10290956420447836
1.1074914688631552
0.9624324002760659
0.9674785682959424
0.8995718031582072
0.9110130745186007
0.6422027889563681
0.37011582107628016
0.6629362950889084
0.9860966419161584
0.85610193908878
0.665505438476055
0.7707231192621932
0.7092466725905083
0.32685463672294307
0.13694758630105963
0.5319884261899893
-0.07353862391174507
0.15625912907147377
0.41626158751279796
0.11942328587886908
0.0579465102575393
0.014853266910465162
-0.41649738674042885
-0.4735008406235248
-0.35187164217554723
-0.41756722914412087
-0.617514594706908
-0.588905271220018
0.3526986329396715
0.4798992700798076
0.667973821786753
1.311213788406988
1.0724217330597876
0.49588694602371747
0.10252805520917281
-0.6444960597077022
-0.28523258612703906
0.517774907907078
0.9678933104669174
1.5078024970769293
2.248890868665147
2.4895111189262478
2.1597935594437674
1.6813191935397498
1.3436188608962825
1.002877904628297
0.6788539553065023
0.2047341279537432
-0.6399974604561222
-0.25819836165207605
-0.07997910633198388
0.07618339448004113
-0.18594498906292659
0.08842757547029098
0.017373408220016765
0.16983276254556906
0.4061218411488913
0.4819438295446246
0.430902490468561
0.26745937545073895
1.574090461187691
1.356853440228743
0.9791507443150275
0.9763895270781426
1.0617042153610272
0.863371226206313
1.7417990651008544
1.8961933067969585
1.2737369881199994
0.5101214134285492
0.2913204872213982
-0.028463938975731167
0.17430402361415934
-0.07776017930844759
-0.7725410163374686
-0.11209575254370704
-0.4000047027494577
-0.7046034907862115
0.6758100265408931
1.2239814110109462
1.4447830179716117
1.7199851173509102
0.846208399007565
0.9263778637129257
1.862708628984943
1.3882681463269173
0.6447189963976464
0.5582382367290459
-0.32863343381547777
-0.28926473381446133
0.22632678639256512
1.1088104251667175
1.058311914198741
-0.199244362158361
-0.8861281098934816
-0.09040660215766856
0.7210856027571292
1.237553406209025
1.5986186945835534
0.8392237097413401
0.7780123799513214
0.8371291818329053
0.5395912928517343
0.32306870425071327
0.29848081205315047
-0.07459359887050325
-0.35380830609201674
-0.5165847640497997
-1.1682923754210692
-1.097481746285749
-0.4324240010734499
-0.15233762663647638
-0.15888344040144523
-0.09817655675083593
-0.037526558424155886
-0.1846422802331827
0.18694699107133764
0.44096849050101344
-0.001205183910574478
-0.011685151523264615
-0.8779831715715473
-0.9317592662203839
-0.6401615572753672
-0.5684964431494846
-0.3271653167743502
0.15223514714380332
0.500385336993789
-0.12045839179886299
-0.7242615086359593
-0.7769965621825684
-0.5251610644161248
-0.4454294760532978
0.2150302054900153
1.7293282983745917
1.099376306541053
0.9689822465987348
1.2612532992583259
0.7854693628069553
1.213040505558085
1.1468192285354595
1.1354294560035858
1.7070634652485541
2.245431656434719
0.6549612506737051
0.8880885504339641
0.8200351665883834
0.7671530893343416
1.0648288925548632
0.7199779760258853
0.4577852804539263
0.7091844269004423
1.2467199806291147
0.8618486573142365
-0.005480133344311482
-0.8829114230112559
-0.1517740391229392
-0.13807941004129323
-0.8585649046492685
0.9629880935405728
1.883689025910849
1.3510325092808957
1.6053655660721684
1.1463974613322634
0.37142044853752776
0.3445908423942074
0.006324116010283192
0.4601889842686612
0.9198152100759865
1.9557687442751515
1.022493032302481
0.15637434970130934
0.39016380617278207
0.44586694730410126
0.20514345001084341
0.4180691006676809
0.22197132075178963
0.07216465689086557
0.029876346990284963
0.1375252173315549
0.4066576442609765
1.0596493141076901
0.9363881577598214
0.4788448840860725
0.6655403187075876
0.4687179745667801
-0.3644807892068041
-0.41275360073376693
0.4602523991928613
0.8473539142214084
-0.13991684349747724
-0.791287125083837
-1.2471380060194155
-0.45682472272075536
0.9757917522037411
1.2351537925608405
1.0113540555460803
1.2783511310653481
1.388860485220161
1.2652873274601033
0.1947820571037127
0.15184206383878876
-0.0530657006478446
-0.6887820454742448
-0.48315283891279914
-0.08988402520524925
-0.170960072660662
-0.5339103121963724
-0.09131049818165937
1.0532018356164647
1.5697482101523936
1.2988818547035135
0.5923025582230014
0.4718544796789191
0.5521537533126396
1.3073891001683897
1.7674677486773391
0.5303052123012472
0.1490159737019727
0.7466346822628204
0.4770497545749366
0.40707504375659254
0.7111255700922858
1.1629106763748533
1.5482305314318106
1.2939732625954021
0.9023989810906924
0.46875586043824796
-0.06027493248768726
-0.8856577751517971
0.35833741121540247
0.5203534945287189
0.05971722637790738
0.09875750089071744
0.0004440180938868141
0.0531347130540503
-0.2563396318348721
0.004541381499072008
0.1093538040442448
-0.028078366279685515
0.05712085410084441
0.10254526525365681
0.04879885467632162
0.10190128321965963
0.06788430819842334
-0.01797098100976606
-0.15207573089472615
-0.3144457536568663
-0.10216650247022416
0.37182540740879344
0.42228802008045974
0.3260973100951884
0.30386885818129705
0.3738886618369663
0.8082336341704381
0.24335149208393628
-0.1984713296888637
-0.03613623238352519
0.1769561893378227
0.6509489174738375
1.1647586988067473
1.1451399176332693
1.0309111702964795
1.001167433512408
0.9249009501554832
0.8911579644836946
0.7324236947745966
0.5238853852867453
0.4774709701377426
0.3547305694116747
0.37981973248119205
0.278036316763458
-0.01955246193529297
0.16666643805087336
0.35433015290811787
0.502672425767205
0.5753612139802521
0.4342339507210194
1.0062407423003852
1.9471533978032742
2.0914671147335007
2.4534906890855406
2.644353869694635
2.6186186758674244
2.265696108532277
1.9496804664803122
1.8487772183731184
1.6632392142526917
1.4116461469953387
0.7786687879188167
0.6443180504000359
-0.29119467254629217
-0.37776183631357824
-0.3947642477657645
-0.3745359924817441
-0.5658296907126662
-0.5842256894620937
-0.6226688557171595
-0.6416001640333435
-0.6223465762646101
-0.8165561586853293
1.2399841021098994
1.2670646171579696
0.7890404074543179
0.7641168463884185
0.3149657269761645
-0.27052154582258764
-0.2850166874119197
0.48200338728986997
1.3214285608120768
1.0286697908585707
0.32886205146887854
0.3001876180333947
0.9004080066856448
0.5211373001399723
0.1652538366700302
-0.4199767674605901
-0.3892906327754804
0.1368882412331501
1.2578554646017015
1.6245507572994102
1.3125799728340402
0.7923694778521817
0.5591892142056345
1.4603755188461776
1.2117579029417178
0.863992167034969
0.5351495120441293
0.4056149262315941
0.34462275993969216
0.6669429471882945
0.6805804799753267
0.0075614910602445256
0.3430898576272624
0.6653962236335212
0.600251176951549
0.7749690997938573
1.3950146135800583
1.8113015797294023
0.545047446948208
-0.7117370205610694
0.04297526497233971
0.22470626186405102
0.9405963485832075
1.847688532167747
2.0539805808782887
1.586720111090541
0.5845358414307225
-0.6198643215063662
-1.6943960341109547
-0.2273746003213142
0.3709947081303309
0.07382689196225503
-0.13222977472757458
-0.23859702650688247
-0.36946871371782
-0.4905712537073735
-0.5228608110692877
-0.27469906905843117
-0.3901806979478963
-0.34295187367340746
-0.15384162083890943
0.13615511840424813
0.22463352861043234
0.1958412365484877
0.0312034138283594
0.26884565311727043
0.08751604098164079
-0.25638303529884443
-0.2383035528245071
-0.4810220867578498
-0.8058507204387144
-0.8597273503150448
-0.5093837139390628
-0.643353892146468
0.6781820369519859
0.5411687740385939
0.7845774514949855
1.3086070561548968
1.959792499483599
1.368938623205988
0.8653952733305194
0.5705391498956045
0.14321284959251895
0.3832116458182645
0.6065782371385482
0.2224231715305736
-0.25496167523575225
-0.296456605699358
0.19260480212761333
0.3329814308982719
0.49589356058696854
0.6589458686015491
1.0178908999450293
0.9402543258862377
0.5961787854297058
0.802961528171069
1.0758113902858273
1.146330956817982
0.1320449108499747
0.19148412585826727
0.7000781586116558
0.7849559990001773
0.8656536096310111
0.932882522941277
0.8141845778811193
0.5292385578489711
0.3811805237113455
0.46924295665491583
0.5436733806717977
0.4791494029761547
1.0999961321312155
1.2572092778509094
1.1694471727149651
1.0764913374677385
1.2220850504023262
1.0447809559821304
1.186736181329542
1.184309488962181
1.2628299213289935
1.3610633153514688
0.7357092106550398
0.6836732701605513
0.9085891091589082
0.8204087392113223
1.0082785289163416
0.8279864529008762
0.5273655341633537
0.4520757340642987
0.42340511648116325
0.7875201570216195
0.8838621165144961
0.6856142023982499
0.5795566357880729
0.6673258166685492
-0.3177444648085739
-1.5156857963611696
-1.1402809046293672
-0.7455973748884123
-0.2562925223276854
0.13104300755570475
0.2823852860822367
0.5950605813191648
1.1197750968693714
1.35761158677283
1.763767505202953
1.8152739467019274
1.6266991510994522
1.763547775984238
1.680695894400811
1.7332564483474722
1.428634952059037
1.1114792144397656
0.8438546348753627
0.9779812394667042
1.1193786934533745
0.2697167075570527
0.015834879126503235
0.8746954483821625
0.5210374200895602
0.2194201355991438
0.9416284941680857
0.9648902586840582
1.147084224661191
0.8736758985871694
0.8574650390393974
0.5209395124297281
0.4464803591769456
0.56807441228914
1.1676216814037388
0.6860024563912582
0.6568220640129501
0.6085945383583695
0.7596811311647568
0.6976125992197485
0.8298636166427081
0.7248327225282691
0.9391546468234331
0.6258543949456317
0.6100478994004579
0.5813707717422594
0.34091917615785894
0.3306540890708498
0.5991633048284823
0.5373989952942221
0.4014680991355913
0.43806779519539896
0.5908117402553683
0.6946140731221165
0.5292805812022093
0.44159158454412056
0.23819688912230075
0.17869459814610622
0.571264363629762
1.3895671532983256
0.9522882412101366
0.33622594169632414
0.8218862706300154
1.3262005727499682
1.759173150574754
2.100930654192415
1.9844686542218763
2.120704492597293
1.943847306204045
1.8413726407246043
2.215825605709398
2.0314104390951675
1.7417579005457289
1.6286971014787106
1.381548724642872
1.4731844570639798
1.3140483942275052
1.0313939954996758
1.181209143747382
1.5720135231754695
2.0035508865536267
1.3932228329901715
0.36293179343624393
0.7435693265649028
-0.1804423339733447
-1.0991417070627365
-0.795565117867784
-0.6808847500311606
-0.3703785655514575
0.1647469913366808
0.3963597755965571
0.4213901790140947
0.13175340629807739
0.2596255684224585
0.5210447264010503
-0.205475504789435
-0.11178987889025142
0.10502366275380444
0.03238482319052913
-0.006367946366297299
0.08281275328917952
-0.046154515545411556
0.21467427211824314
0.1576165954567722
0.12842306095394734
0.21701281634001246
2.0275597928725912
1.8270576495507111
1.8478666076396937
1.8992594796703985
1.8690692233157136
1.5282398286828929
1.433695666822248
1.4775042303222854
1.4382258579343905
1.3180983248805596
1.4402941655248231
1.1592940692026403
1.0682352890433169
1.0931878761036804
-0.15503314410330454
0.1435187349589317
0.19673556015030885
0.33881622724949373
0.4054538280276912
-0.3302320082121477
-0.2814008955052248
-0.08794325630795176
-0.8244522718311614
-0.9833417641464441
0.13111879171495186
0.07700319233314372
-0.05559732461933854
0.10284300265930386
0.9691304522171709
1.140917787410191
0.9667360284426635
0.9100523283568288
0.09120685380122123
-0.5209085509216302
-0.17890798743371825
-0.4386675477969361
-0.4632760969896301
-0.023752531974749837
0.26010188217959096
0.40453697152212614
0.7278672521793941
0.7369035163068317
0.5665646260489771
0.06742062214775114
-0.33903953050501534
-0.7004653104255852
-0.8139672215058388
-0.3650170216267784
0.20207293255627473
0.3743264644064828
0.6237413440492348
0.5369390423578322
0.5061580292520287
0.41687149834203713
0.5054598449166591
0.36535793713884973
0.3585850912510335
0.06348411016616727
0.08391026458554243
-0.0614137418921993
0.7172586389529324
0.6762082582811996
0.5447626787584127
0.5996246332311336
0.373992170323287
0.09362138933435656
-0.2997667705177954
-0.5726710256527631
-0.08355794188039567
0.8554788430902148
0.9881078884207288
0.7513800621148887
0.7086930797611253
2.59657133886474
1.6467862781606872
0.9291223063205866
0.9678932496089031
1.3484706634543309
0.5877394754613007
0.7690298282750514
0.309548648921125
0.398723988835119
0.8001025304002467
0.5329657375374071
0.18854067187622464
-0.0033084670512521785
0.16547969171634613
-0.0030670797722343658
0.6116692156278459
0.6248788021743092
0.1509803808517104
-0.44284408798788055
-0.27469496391310533
0.6430146402362389
1.6708814328609276
1.4504257419805897
0.8163270571327972
1.2700263049402591
1.6237069854453725
0.46277447261170124
0.5422543660575189
0.6056506066171519
0.6541952933330261
0.6564277616393022
0.42928384268459563
0.1992400871229381
-0.17833570582868283
-0.6321251922651395
-0.6009074469014124
1.1838795457063882
0.45701047746799933
-0.1654679322799025
-0.30240497177338466
-0.21751651004875963
-0.5150912913467115
-0.4520311750592778
-1.0330265558542668
-1.1443846596429497
-1.0907192339852723
-1.5097731599033
0.7768717800538825
0.7418869217000558
0.43834903883429605
0.4238519112637676
0.34346186761718434
0.0472067153761879
-0.39102372653822604
0.2372155359832138
0.5518962257401986
0.46260814519514076
0.35999933883627333
0.16801886454437306
-0.08039794433157886
-1.473506455440464
-1.334111959913515
0.27466964622309836
0.5433314003223276
0.4762129245678615
0.19695869191334994
0.2921674887207053
0.6820867029320361
0.29502379283314617
0.42018952106801244
0.4098559520535546
0.7842886451383265
0.9608513545050504
0.9106950621604714
1.1120212994049263
1.255900171095265
1.0374504694103541
0.8513343350411272
0.32834122368616275
0.08232425632370614
0.3691235277210394
1.3049131428983087
1.1686964260887769
1.5162503471523296
0.8516774628410136
2.110165804122829
2.2711308388589746
0.8717641953201409
0.5223335228248329
0.09678144402592175
-0.47109391639889125
-0.4362034987807957
0.08977271213119609
1.1186126574665063
1.7791396296585624
0.9001668917819289
0.8820635425555639
0.45602881678961216
0.24078828344975647
0.22425734138498876
0.3325605964372018
0.1694986209184698
0.21373196975352454
0.43463564397913035
0.3611441067414121
0.5248035963891269
0.37371154026092057
0.48194454857737595
0.5517716143057262
0.7233276999889997
0.40653151675828486
0.5927444859581658
1.3970916120755699
1.3604550230010002
0.22680942521250957
-0.25445283286365883
0.6020647637803742
1.688705677940537
2.046581816783243
0.7298463307872397
-0.3059580396051952
1.2640392229859236
1.708623068991786
0.89277794522653
0.4657533447343218
0.13762383763342373
0.3192568007547584
0.44002624704231513
0.5745640658957878
1.3386043124216989
1.2719209492635437
0.8195383587390841
1.0512508417004838
1.5307123742210764
1.508830724648373
1.2470403930409197
0.9000537206372111
0.9827764256482201
1.8251967800785467
1.0866605725237497
-0.1115297403147307
-0.6431996124300451
-0.6459228358144902
-0.4244933472501019
-0.30381451775980656
-0.793758801092078
0.6899315896372802
0.8047551674719551
0.60421862074441
0.3150968953796127
-0.440201704096634
-0.44262902050013675
-0.5509617027057526
0.1630294494789307
-0.0042894599157826735
0.65916109493035
0.4495591680593242
-0.1658067051108595
-0.07730540799183715
0.03877449397182226
0.06428091861249227
0.2233528787286346
0.4681238531594281
0.13336291934515945
-0.1295124590021768
0.08591083958515024
0.06229673150727561
-0.23811976243767766
-0.3429628494164621
0.39471715260576407
0.3323297263508899
0.31064095186982427
0.7127818679037626
0.8486052811611052
-0.10266183761840618
-0.20954742624931322
0.585578377269528
0.9724786197022293
0.5284191933631961
0.39203821376530534
0.7990536843566981
1.3386390814656968
0.8873928530375693
0.7505468610163623
0.3049479307891148
0.1538723774481824
0.5250839096392385
0.057170788942643075
-0.5977344435775082
-0.6261869816534504
1.468654567385745
1.1812699066998198
0.8184326227550299
0.42096766113041867
-0.3928889565466299
-0.594352266860461
-0.21940370845742618
0.4040956639526635
1.0648314880062648
1.3202776979281026
1.0611772441335894
-0.217340454927493
0.7267499059451651
0.4233792608946672
-0.24317702478096492
-0.7026521467768274
0.2664875949603115
1.912730667319679
1.4379977805777537
1.665907020700535
1.4423096129584398
0.08349861697205152
0.5190585597562419
0.05415231524041574
0.3468853647519241
0.45372108622616636
0.4308096755441635
1.0001743888560841
0.7131086020079024
1.506758608098356
1.3369490531288333
1.001693790774634
0.6025981277204349
0.01652573759301021
-0.2458557244995302
0.052994283067873335
0.10224180312679639
0.3910179480847429
0.7419598259137287
0.6800965401704957
1.0140261051515016
0.7430624440846197
0.8316231683087874
1.1089310264653196
1.408452209314407
1.5377323399755207
1.2775448362969726
0.7734384804779738
1.2936685197003908
1.1789930521225058
1.2275572753353694
1.5438384211071177
-0.5874945847993865
-0.6101290031757607
0.0767375075606734
0.04728246258290166
0.9910232348915764
1.0345695627770657
0.723844546533543
1.113147224160332
0.7515196891495483
-1.3819737181999885
-1.2459104759206596
-0.5428525519334751
-0.26210901706152545
-0.7157985173760986
-0.5714676985990949
-0.8299676218103851
-1.3489665138045588
-0.34516343283606155
1.1449386907430266
1.791085591201617
1.194838931321868
0.020469161522238932
-0.7968591186973935
0.7159792870101723
1.4558165649665016
0.4919276815471854
0.18860870312724595
0.04719233370168788
0.31000869090166727
0.06022962289608554
0.8548297027763547
1.45193371716982
1.4968672544164567
0.1346436116714753
0.3441751114866915
-0.19736043008314513
-0.2557269768568662
-0.5499430634171543
-0.2930348408833227
-0.7618459494033304
0.02741668780836375
-0.40271276331034495
-0.18942963935478901
-0.08399235275934899
-0.4142424830503656
0.257290754488142
0.23956973706228663
0.2698509610433489
0.2587866287863728
0.18262831334983698
0.1525291291563027
-0.37005065943246723
-0.40749593678796203
-0.13567396291791012
0.3015147187358974
0.5818378721823282
0.8736159555882977
-0.03153239991983866
-0.37880524511534336
0.5199741549770844
1.4839839335743077
1.4091227445305898
1.5593422208086365
1.108668302901703
1.1604233323519408
1.5789650491196812
1.8046176916875227
1.0822020944434458
0.7796676809005767
0.2688596059229316
0.07838087660665258
0.2618887020617557
0.28603251078389713
0.8915878604385826
0.8846416599383118
0.8546478800042443
1.2102693474999766
1.205612488613015
1.221900037599575
1.1876809341727719
0.08609067537874719
-0.48278611025036056
-0.28990444608921856
1.1415075552497793
2.1782943689347203
1.415971723644304
0.9464605853526308
0.09673682635786844
-0.9570826853798127
-1.5172648090805507
-0.8554558000541947
0.08038948697396647
1.3429621989780143
0.9830267402549743
0.5466787455923116
-0.4054123821096555
-0.3250117228931388
-0.4486344174921442
-0.19927398252706613
-0.2966520152369027
0.05030471732982133
-0.13509677646102922
-0.2371376152448787
0.09009121234678757
-0.2156234469300475
-0.41002483043039034
-0.23481879260969624
-0.4250654566785239
-0.26920150900327094
0.1729848610024603
0.6222243989063823
0.887444222410526
0.3963984295020616
0.18632673376284548
0.4217106512773256
0.8112451539285715
1.1803281121748936
0.6512896587761592
1.3084193730801892
1.133691775642106
0.3997032157363627
0.7362461671013224
0.7462569098728061
0.10571847187028906
-0.041303984966023485
-0.15977768119313526
-0.3553580834237162
0.2643371511007562
0.7502097156172538
0.304335068402016
0.16245550213230867
-0.08535068652974064
0.046985867981657235
0.7488310240173605
1.024069356347028
0.4467634906436829
-0.3964314216326931
-0.47588196159379365
0.062263802591139956
0.498393438721707
0.2055455969229242
-0.931039968172256
-1.1068491150742896
-0.0158275676034316
0.8130069553901469
1.665184389083871
1.7094598727135755
1.561194056323338
0.9828671244089707
0.49940774812569644
-0.275362707699452
-0.28949075177882444
-1.0752530267105855
-0.6936953426334161
1.704764019611003
0.5824357926781605
-0.27725722934655
0.05577053082668589
0.08756879149494796
0.019658126563538998
0.2176115857303613
-0.11905314313016394
-0.29128556618776125
-0.2110318348292428
-0.17901113912004238
0.6778316438971529
0.8121244307220739
0.6346639241372185
0.5753792595362263
0.3163140213699347
0.18615036532967408
-0.6690935634145383
-0.40662630312991627
0.16952658768564827
0.19851957382378363
-0.0764203121454634
0.26100135834410515
0.8768697646407264
-0.251567432725082
1.2488005873701875
2.081783283781984
1.4526438084393707
0.8336753880922536
0.7282735519724288
0.5872703216755597
0.481314920959423
-0.31552049203359744
0.34201460286398355
0.7383567898604192
-0.14279505600491885
-0.033069655143995444
0.11885891130905299
0.09923610118681853
-0.14606557445372814
-0.5555279980161959
-0.18665338744798543
0.21581730604824223
0.5120417352649881
0.48752477888540996
-0.1482832520496867
0.5832683558859713
1.6971321357362794
1.1868894277477209
1.9462003480753547
2.0417118275684114
1.0070274997171016
0.5946133073730557
0.4755049344102601
0.40051816921797234
0.3650145909787681
0.9497684393578194
1.6476677965286604
1.669424393968236
0.7305091882514245
0.47502456075214583
0.453107609846012
0.7970355476784831
0.6959311173961183
0.811461826662741
0.670187970049074
0.7767966360125187
0.6819929267140118
1.0657858877262085
1.1703596243729906
1.186710192231271
0.3967448265083226
0.5170792378521738
0.5623302322039267
0.4129075746202012
0.5909896405529778
0.6205528875875712
0.35850397958587865
0.46342664069776573
0.44494798445623096
0.38258866607710384
0.4196366627321
0.43490480761634015
0.22728553646832148
-0.5741341594427607
0.08556220922213811
0.32169739612498227
0.47742487494816377
1.1382702717437383
0.5166050153587095
0.3089701847551579
0.9231922629795506
1.1348904876187311
1.4825830548387355
1.3646443137779105
0.15780399157269961
0.5493162667291345
1.0356920814623214
1.2812935252059048
1.4525723525805951
1.3176871430776864
0.2610915850704679
-0.3987531581506716
0.08753621738227889
0.6988709096752397
1.5324890055139289
0.5478985925846308
0.813816935065016
1.4275061311961545
0.5209615278953432
1.511238026031254
0.8559844670360817
0.02488794454070457
-0.42040393985982116
-0.4406820075631013
0.15440764488863085
1.002180195214782
1.9553047938829615
1.314059437827343
-0.15401324162031563
-0.2961620220717039
-0.5958688200157666
-0.10684744088084999
-0.09505059535761953
0.23857432590280953
0.2527180784552765
0.4776450286722188
0.5230239084351062
0.4559153325738936
0.40489376425696644
0.24578669230904057
0.5399017690388566
0.15451127057591893
-0.021008475256191605
-0.0009279324137106667
0.049385658446687374
0.6253118587005162
1.844690619828931
1.2932323444882192
0.28017394811547136
-0.013468182029218873
0.17846472064772864
-0.022080088635534054
-0.5816825035515835
-0.6861120666095147
-0.6682682298617653
0.6318058675210134
0.2750415327540172
0.35332956752461653
0.9754921922889178
0.3643245333992155
0.3316596779400678
0.32826742269503134
-0.05800127599168144
0.21923593399660857
1.188630881964395
0.9087416359066046
0.4201710636659714
0.40629344588163213
1.1791076458896097
1.154079884119376
1.695730835329528
2.50146009714718
1.861348704076512
0.5617781647589996
-0.7329286317367272
-0.9052878355709495
-0.3688796838408738
-0.09219372134985322
0.8015005179661098
0.88733678382107
0.6956333775241892
0.9014478550483374
0.4889309693311847
0.02390715656749838
0.09023513972595064
0.019696400731445185
-0.002518202246364377
0.3542639185980731
0.7034623565715954
-0.09616463819708704
0.5001789590738418
0.5656073321009174
0.2454069375469863
0.16174387406708654
0.22337140652876245
0.20236808390493116
0.12293669532102075
0.17581870332102117
0.030738347738085415
0.004796373027397465
0.11962566655666318
0.21837267995542536
0.8515383688326758
0.9909343794343494
0.8440840640484049
0.8117527030520593
-0.0036625372384658838
-0.11782894936314203
0.12102503761812396
0.7585398945908243
0.5392004188832012
0.5308178183951253
0.7504289012725941
-0.5828035617696534
-0.3283603287501484
-0.4425555500788349
-0.46445282235790414
-0.32546746213032846
0.24279976437764714
1.288793864919542
0.9663712087919893
0.41042257939495036
0.8187663928788578
0.7496368859336687
-0.05737490807485285
-0.047965781770556805
0.2705562803205574
0.14328530486243157
-1.1713265762311813
-1.5841768291527276
-1.1531485399172945
-0.801898509724268
0.052509026624470094
0.9857960195155412
1.0067693174329078
0.9224656346256381
0.2685018160472501
-0.6776182144765369
-0.25676440536265804
0.30203636307931075
-0.019403544874676337
0.20245835924582695
0.6960237318669498
0.9910135698243344
1.2482443485479422
1.8031108304758996
1.980057505989113
1.947381230158419
1.222381213170852
0.3920872132995765
1.0164913046911959
0.9792438526960396
1.0720443706702825
0.9873495567465922
0.8303581622770261
0.7175692259116527
0.8237163721709341
0.8478946212633173
1.1803153643987683
1.0794439017015915
0.27062311560304886
0.4413856500780085
0.4942726743279416
0.31281635495996646
-0.05552352617436445
-0.028946902241172412
-0.6105472103394456
-0.7937577250368146
-0.673118471565956
-0.4463695695501061
-0.7566356182669346
-0.054712693828575194
0.7185364476692001
0.05763190495070206
0.8755242040426752
1.316613216093841
0.7702246566078974
0.4875358947744927
1.400528838311466
0.9930099228987878
0.5816449740334846
0.3877104755883974
1.414565839335815
1.633371334737722
0.22246696164526664
0.09469868665939035
0.21657175273609497
0.3878137018671544
0.3673333733766431
-0.03938037430022974
0.9647556940397037
2.091110040822335
2.7466559966431285
1.8527333000420527
-1.0748435833452716
-0.28416170681212577
1.89109673580742
0.45672285873822166
0.0016256840639528177
1.348081556044079
1.864836524096207
1.4123287806099607
1.1015802745938412
0.7117933524310427
0.6397323335152644
0.3182410424905593
0.43739792683385204
-0.38290649477705
-0.604248008340378
-0.16436241794933862
-0.7302972268319975
-0.3150288952581605
-0.3770506334530376
-0.4941034104141753
-0.15965206677522728
-0.08896601457390903
-0.25436637433579506
0.3595591147440507
0.4266304189211846
0.678434512095678
0.023731530284246967
0.0051762620063861885
0.36745930415507827
0.5985652006510226
0.21871736306458947
-0.2563605379395287
-1.1153706924272928
-0.7855225174644723
0.10954142086223392
0.06375414569111001
-0.06941238446918625
-0.22128050866583165
0.6712812040908225
1.2148949424935531
0.5544585596931206
0.5237401453115698
0.706552660039377
0.5467708759820428
0.30490333889875554
0.1021152586232978
0.2200502997395167
0.6653911900980337
1.407416749695087
1.0174853207870143
0.5049605555441614
0.5133815359209056
0.887613938964309
1.2097884027511259
1.0920489385359433
0.9743129674004728
1.115716094981699
1.0423181874728977
0.9125258556814007
0.7615797590434576
0.4194519847740028
1.2273109955290853
0.5612413958760832
-1.2241622366916418
-0.12971786771207577
1.5088179540902362
1.0178347526101805
0.6974786355565391
0.6534161043574064
0.220445324599992
-0.006233242615605316
0.3098802341549225
1.1764337697076448
1.650726260639223
1.7278639345203153
2.108477597505384
1.6074503720358602
1.133996369245421
1.3451723491602068
0.8166075601685044
0.8516406002667654
0.829974951840902
-0.020401649089144165
-0.38649182746970995
-0.06999365410162346
-0.2354393956483289
-0.25872777788015083
-0.3782800389526046
-0.5255575697295677
-0.3722078373423642
-0.22982764175856726
0.042559023043248906
0.9080509700655938
1.2274160045206115
1.3335473717638737
0.37423724480956133
-0.09843226437782873
-0.153434986332955
-0.055767564811410694
1.15866938178927
0.5113941330679384
-0.5133509223869157
-0.09965902411230974
0.24975045414231067
0.6291721100467081
0.8463413484248663
0.9497405619449102
0.9550986815778002
0.9505311732346423
0.7653449672970917
1.0280797370257666
0.9470403360653531
0.5046027642809011
0.5248183165363313
0.007666956996146561
0.31729074478478025
0.02232227679263362
-1.2357164036931276
-1.2701606151744933
-0.6559461338351286
0.4245617162716624
1.0355862394218824
0.4527187025899536
0.3948334860259244
0.17268921969425358
0.10417828311091197
-0.12935710087492783
0.07520095390085049
0.46556558965141115
1.4078429003149142
1.9428496456204136
1.8941427056009381
1.7381533740833566
1.306670091004467
1.0224486036297178
1.5000014841269635
1.3321449376884957
0.481280316255569
0.4480800398505279
0.20864731055403182
0.004643286630263615
0.006385151735972428
0.4711351375080164
0.49013041014638614
0.29466549786498636
0.42545708376628405
0.40232956532932473
0.10252361824218792
0.6852921407649032
0.9395897634195189
0.959154362885074
0.5177760034608647
-0.08045539626166909
0.05942862503347512
0.26581704118797383
0.3370551438147058
0.2871913614896361
-0.06832527823001008
0.21697179829050034
-0.16700833482673816
-0.7278036869329504
0.3465388702105649
0.3888503424481333
0.08801241102447324
0.8742847130597315
1.674352479800039
1.7408596351324113
1.697895892722341
-0.008379159181570364
-0.9081571361478701
0.72777551065007
0.9927579525152623
1.484385492549161
1.412588744175627
0.22578308366013847
0.09541482838859228
0.7027051474954294
1.5150764498344615
0.92997793848785
0.20789052022410193
0.3905650180762198
0.624533025591808
0.32378154264593983
-0.27117042481699594
1.7938680100997366
2.1379737895833926
1.0587038016079853
1.0621404560795336
0.7657600208911892
0.028118094064151167
-0.556431969823235
-0.7045083914380744
-0.6982973803546529
1.0036397101346228
1.5214768372669243
-0.29958724587812646
0.17670303080702413
0.20563668705239127
0.04545187547299537
-0.045355799401647474
-0.07744023440542744
-0.08571552750204509
0.027539849644501763
-0.3295691200663189
-0.08739833281735684
-0.3760278558102266
-0.3323865587212309
-0.1760841286830147
-0.38224209269486137
-0.4791387722229864
-0.28231156869372265
0.17759894109613494
0.2674137763884122
0.02099660861166873
0.5610028112336382
0.7711399198433272
0.831643316166193
0.6206120159112517
0.5324623558022943
0.2576693344194959
1.0266891314912532
1.544040906476978
1.2530827912271825
1.0481056888650193
0.023167726626955886
0.395311371157811
0.404566529320897
0.17944425008620246
-0.0539528707438425
-0.3768331496257598
-0.17565403631344567
0.19730641148368275
0.6565983151756081
0.4243110576232951
0.2267925872089968
0.11968618219636318
-0.2416287093129068
-0.23746610158149206
-0.40055088580483456
-0.37790872817035553
0.40096006051518496
0.5039404718685089
0.9132220416010312
1.5697311372213316
1.3685749640238554
0.7273551510535963
-0.42214166573284373
-0.8016593032140885
-0.806763733608977
-0.3336246675296494
0.24382737563423457
0.7091734157143649
1.0309343759355039
0.6864883842662445
0.5579880327741773
0.8965287461816878
0.7609843911110407
1.1086111220860368
1.1308461627283788
1.3850705292136687
1.3414609600381546
1.4984242645281665
1.264398275314094
1.2447587958525723
1.2222150461737797
1.2594146090509961
0.7671428973376785
0.5504768710652024
0.5235093195481015
0.3371513276008613
0.3272147843066761
0.21158666149753813
-0.08000070669152518
-0.17195782455888808
0.09535050807476128
0.5716602826669721
0.8431209928329232
0.9658647241463928
0.5527199786200871
1.1607115507028203
1.0220289032809518
1.300388708927781
0.9497581315392728
0.9286711940664057
-0.5833680216689755
-1.1255524978899856
-1.1509748599122545
-0.7718509213117378
-0.83557381262277
-0.9292828522478381
-0.8256977208772631
-0.8109478446464454
-0.7259751693360053
-0.8839421331625202
0.3857883083209528
0.4833049542635119
0.48234688790559926
0.6351916090139309
0.6298228888619024
0.9140127883132003
1.4573007382818137
1.2288310369332547
0.9364740822179378
1.475204505925479
1.3861379894602412
1.275661480580039
1.3265814974449037
1.3385636905447627
1.2263623346898203
1.296330053689247
1.265024771764482
1.7652808049480904
1.5933794173841502
1.3244333691752386
0.8934030459862994
1.0090592065722068
-0.3489827383590122
-0.43208914854156544
-0.6159256233918791
-0.35503496648579647
-0.5026376029926842
-0.4292998958722281
-0.4748655598956367
-0.3568007855500957
-0.36264645345157964
-0.6029788033552504
2.737838884686284
2.9967698559666127
0.33995366067179933
-0.5797144488512949
0.3379933869915188
-0.13446738714819073
1.7437165199127993
0.4996489280086023
-0.429163608895901
3.879700989019876
4.861447894096482
3.59511837719232
3.277421333294035
0.7382425393043415
2.9799443234508876
1.2512964799549624
-0.9794235036366225
4.601032846862837
2.421703332695662
2.1283077100703633
2.8512426162304068
0.47410554359494583
2.109970560373807
3.571720006839246
0.9130589527016011
0.31767342305974255
1.0637686379646518
0.5995120859766915
2.4086690158132433
1.4802965325885076
1.3566331178247313
-1.6427495418480953
3.9696462300169673
1.89766143880502
-1.385808489826176
4.908359630032332
2.452387687940469
5.199556665924927
4.59350774811218
0.6811549036175799
2.5215615830588045
4.600249956210562
1.738333099817025
4.399294978424849
3.4213689670851686
0.46895917561553974
3.968974712212339
0.8243806570076553
-3.9286946577631663
2.3925833166670336
2.576914222419717
-1.9350822700337553
-1.9021821324421182
1.6474514018080493
3.558121364168975
4.815593774782335
4.18706836846997
1.7786250974454785
-1.137172688240223
4.18443656900912
-1.7951632644166635
1.6474423543683077
-0.9499001148500087
3.937108936227924
4.271189911208191
0.8703464490592117
3.5465616158731783
-2.901035719883722
1.1242780069597538
1.004057485116714
0.5261563039227967
0.5862865640484269
3.972566499098575
0.3529642917700289
-0.07270560979128629
4.344543485616909
-0.1334942376582849
-0.3431445766941057
0.43456432909663484
2.0376649505634963
1.6177460236509926
3.6247985527440405
2.318477829500385
1.8002716710469968
2.4116656544182624
1.3283118865880075
0.5223749689259559
3.6633757660453496
3.121180144876129
1.6906128359591535
-0.6218317649402342
-0.9303944775530086
-0.2275087726711211
-0.9088348503739491
0.7362868975675392
0.3221872338581677
-0.42233321033191024
1.0479952931919114
2.0023728689203777
1.3629445031849403
2.6297105121082716
2.4170565865527003
-1.521002560399335
0.48741213406667644
0.9702236205608877
-0.6842479643540117
1.5410486575384446
1.4869563932653984
0.8271778010023163
0.1643514021526333
0.720413959036488
-0.562036399071727
-0.28085135831370345
-0.45025443864118453
-0.20041296575211912
1.5678815451382149
0.8999141355592342
0.9933445957837279
-0.14939110491895685
1.9878399607405077
0.4937487788188779
1.0582195055545194
1.4529627580073998
1.3095764028968009
1.1316499297371378
-0.0854522265972155
-0.15821987511252775
2.0383694041320286
1.6132138420496156
-0.27497293928442285
-0.38315615036349165
0.3310285120100215
1.550307931516851
-0.1490311847223342
-0.0390840219382212
1.1642438091520668
1.730766320783191
-0.10477279535132888
0.5046537354952846
0.6619152495164995
0.7594572740450438
0.9428020508567609
-0.6258064505081056
1.392226235724843
-0.31968186198268717
0.35402732878316695
0.3038682868196055
-0.02136431748193945
-0.13225965974082593
0.05142200112795962
-0.5216610883408206
1.581434119625247
-1.9811459108671015
0.1288797661547618
-1.0605336455649212
1.3759170021361318
-1.0113061201846472
0.5985472792520269
0.5752055810290169
0.7813914164634953
2.4967940735024543
-2.0246277683731044
0.7813183548865252
-0.35822801987858516
-1.2128368166473171
-0.2604513341788444
1.1388161792416278
0.9906642125587646
0.8311134521914499
0.36781640128479426
1.9360472690943935
1.057648670473041
0.6056446338373509
-0.6921261814010816
-0.9297318541145356
-0.8286122099290715
1.4303278332330849
-0.5661942285618067
-1.2849181908973253
-0.5130503616660087
1.5902906111737627
0.36012064167350855
-0.8208520915295665
1.0867394757949274
0.7824895948419265
-0.003786385180937272
-0.4224693705482244
1.9003585357946349
-0.5022674307716514
0.8753305689791746
-0.4120265431876211
1.4917319255124195
1.1055517497995255
0.13173815392076563
1.0527231780108819
0.3629030487271644
-0.9060016121528446
1.2082448505212842
1.533403535002767
-0.07539770794099421
-0.14506462983326546
0.9981874415065223
-0.43979722575818725
0.8793125864249527
0.2213152150087205
1.4056892285055451
-0.8297804665864255
-0.2993033327676165
-0.05695718018102474
1.2908927882796453
-0.571368956623942
0.4351825875853734
0.21999612432881804
1.620360557890011
0.27393835244387765
-0.7211015517896275
0.7569776549800753
0.7259264645896373
0.27330937098909086
1.177018374842399
-0.08307290684007947
0.9316113692096532
-0.5086403175141162
-0.8324386620628321
0.06499095240783129
0.3935520679817447
0.8587228195776533
-0.14721897819544513
1.2049730572921618
1.7892361611022305
-0.8522877293668089
0.11805009468130846
0.35623672488288605
1.7045072591389954
-0.5926158428276491
1.3715960352526746
-1.0789878400655477
-0.1637987843686466
-0.13725629006591974
1.56098049424128
1.092816536810871
-1.0583586181128597
-1.829102488639189
-0.7466408016314144
0.3430861137915412
0.8554851943397229
1.8480368347776965
0.33973940475102665
-0.5971242383052866
-1.9639649310399787
0.9581741130113293
1.198609116245876
-0.8997138625951488
0.6301302802764683
-0.36404117342382214
-0.3250090737615195
-1.3902615276523413
-1.1354481430828363
0.41493190001650726
0.7544840818979814
0.9531411650536465
0.2462420996864043
0.34343820177570444
1.9305940958289503
-0.14529965848670293
-0.7173836154268027
-0.8692027001885562
-0.21754704821070034
-0.2467737122447729
0.20552006793658717
-0.966168485778751
0.27371842097219884
-0.17849121886476335
0.9177663358208907
-1.1653049425433541
0.7757812127421432
0.7150541559440013
-0.9034449916407179
0.3983871870611454
-0.5280735096897351
-0.48167434933083414
1.606798219250967
-0.31846520649021126
-1.2692687809912304
-0.7621062080242575
1.2072803785882824
-0.7641031006324099
-0.5634015400406637
0.11248085118305821
1.5835566132915644
1.4850326055383618
0.12317844927918238
1.2569104566810712
-0.7471788292566598
-0.5936332425914976
0.09488779150247928
0.08716410562165751
0.020408760669908457
-1.259923693912387
1.2654619015535575
0.8053934059180488
1.4371308123831208
-0.9170095326903868
1.5243256854295943
1.1299978904397394
-0.58357007734633
-0.045015937721665907
0.7201075679337691
-0.17645377971802353
0.5690092821198177
0.6356028828523506
2.10508281389131
1.2334627901268975
0.8102347020908306
1.1006446673319115
0.5894413552165395
1.4474327009219736
-1.7024028762797716
0.9059316649675635
0.7444201990521755
-0.38059282400746336
0.9805049893534291
-0.13046968502132267
1.5732870881405434
-0.4627959232986728
0.7695005674469894
-1.0471573390490228
-0.6574716579003768
0.47553493255564555
0.9695875405322516
0.032080434330376745
0.5789845870206947
-0.7309198876001115
0.059705225569945834
0.18072189158522678
-1.557792685156604
1.8162019066682116
0.3080783007175553
1.0543596233433552
-0.04366417044840727
1.4704466541406787
-0.20648421217695082
-2.2157767572589417
0.8332805781915948
-0.11018435228151889
1.378845717922535
-0.8845083931113447
-0.8920616833092337
-1.7119248323298875
0.11983127837306272
-1.6333280250926625
0.42361702201675416
0.9319774431131994
-0.554757313590586
1.8583287831920352
-0.3066056529176608
-0.4982490970069731
2.1467825998818815
0.8840490446571715
0.4196502036112074
0.7452759820750038
0.6794965644169578
-0.8059422041556803
0.8043120692944361
0.10248432794409307
1.024655529228805
1.759130000668407
-0.9205741152511394
0.8936535247572173
-1.827987212948095
1.795136997649746
0.2781838684986611
-1.0798850473758312
0.9012971855579207
1.370698494106974
2.5537517715611946
0.7923553877471313
-0.9595444901812867
9477501115542518e-20
-1.5696691885618552
-0.9351596879440244
-0.11031715019383657
1.364325475635681
1.081662104816189
0.19839028199588707
-0.37307846337204587
0.7400086757795101
0.09540950107223238
0.9203431360524174
0.32226209963086827
0.07431834674327742
0.6365868799569878
0.8311354613746723
-1.2279281956726058
0.24979593403350828
-2.8309746501408406
0.25370450618823087
1.6449938395957873
-1.3422985590696428
-0.003991894902405063
-0.6740664100912804
1.1797130675578555
0.8039990453789527
-0.23060726105125035
0.5646903241370251
2.2641743724269823
0.911017733113721
-0.8148132251755946
0.2993084048542458
1.1154764692398458
-0.8226504326152932
1.0063968340511247
-0.9107843014832363
0.25273821429654625
1.547828566250431
1.095937277039
0.04726361540424374
0.6465737863907695
-0.876521223478862
-1.0336450402363142
-0.8181982759042562
0.6222642705704321
0.7027618769106525
-0.15241872253315436
-0.622023045741621
1.3105056567403004
0.7476647429536706
-3.0487608583312675
0.9830734886649587
1.349627044773383
0.021698676991673205
-0.028972177708775294
0.4331208756925218
-0.9725481783611358
1.0524924002771787
0.8281549066678663
-0.14490139752536813
1.5732240735760061
0.9050088125630649
0.3246017059767804
-1.2299641464253621
0.7549576823867058
1.137598919229776
0.5635365927727143
0.16589653585925293
0.44208034100904653
0.12675361207097127
-0.17006928303316934
-0.030043314708019173
1.929688845823184
0.4260589705422941
0.20341516006103863
0.9025205718674657
-1.0974332036412635
1.8283693774014513
1.0825556047733695
-0.14295293166992257
0.03147164472042186
-0.008962381068796484
0.3575827548518194
-2.0924409443161727
0.12214925828560538
0.8883468562583362
-0.9629352216662073
-0.12855171202116097
-0.9486992642105897
-0.34878694510357533
-0.03279313720013164
-0.6717773257257217
0.9558822746455529
-1.040082063282755
0.9599890136875221
-0.8627961651963181
-0.3755588035692935
1.735946822223552
0.19585149590642165
-0.17107315610603968
1.7943094269726105
0.05284475578812635
1.2838046323154897
0.7161277735438314
-0.2528660872636298
-0.4851764168160273
1.4905757825795753
-0.4769136810412626
-0.31765272039870107
0.9026538624461469
0.11905752576389687
-0.059592393087709486
0.9943300022244351
0.7368541349673386
1.8029151488203163
-2.0936377440115064
1.1908247866080555
0.45928604948836504
-0.4229694262550234
0.5475069169649488
1.143299968717484
0.5650181440268921
1.3300720288549819
0.7380863873127744
0.37108944853303144
0.30937813828034744
-1.4724677917342954
0.1941592129384353
0.9636990771686569
0.2888510021368779
1.3284089440349027
-0.9252334329329536
-0.48465400091727084
0.12398776676932018
-1.0574828207608415
0.08045907239830921
-0.5459515806678501
1.0834839361521917
-0.934389397751701
1.1269062119130335
-0.18774131783899137
1.2508112115668475
-0.5709627602319398
0.3854943351338376
0.9590831091513762
0.02810930593870106
1.1534932250864245
-1.0406610633968187
0.7876130598601678
-0.778204742672869
-0.4962000864337729
-1.0601889248938003
-0.2646166041028873
-1.6925055367997779
-0.40908482414904324
-0.5115817235853537
1.712293178717791
1.33396551457839
0.22823900093798583
1.6075288924520328
0.6178289060054334
1.0274153890276356
1.6526697071736778
0.5881878614749015
-0.3383610555317796
-0.8347129439814887
0.28643124033999884
1.0879177928402335
2.24005936078577
-0.008926928061093083
-0.9931809055226366
1.1481944727971674
1.34608764875961
0.22332887827900846
0.9211166782037047
0.08114496088616828
2.464643600475858
0.9497908079560377
0.3046561557854537
-1.0444423401815304
0.24499440022982327
0.7993925855508398
0.25215375046188
1.15073540021359
-0.7688933953371294
0.018397497451545883
-0.37464599688733263
0.8044410272929855
-0.12772458545356605
0.25740656434760006
1.7408184757896357
0.23538782268789699
0.18696479839021662
0.9159161525762851
0.3788844988740111
0.2128039372368588
-0.19883076850303516
2.0141531262946937
0.5942936201202502
-0.8304621658570981
0.38675277220174903
0.4434614285469272
0.29310721736713885
-1.0642261741711168
-0.28746441349141494
1.6166818864797705
-0.8328912540608632
0.6831128125298815
0.9266993944714559
-1.5428868559140732
1.8584567831269818
-0.7129819529445699
-0.7880474234977407
1.1055611153473925
1.500349397383596
-0.03611382480015963
-1.1255927512155215
-0.17353455735768322
0.9570976738805366
1.0664288339099859
-0.27098397051746514
-0.8982159266758664
1.010599657772078
-1.5183295608091247
0.9974900549386916
-0.061975768562772864
-2.0976678850063206
0.47115101987692276
0.06844039430399042
0.5596726483551253
0.6649686800858075
-0.22015919468540018
-0.760837819575717
1.8567194957631195
0.8323629992377523
1.4465053198825888
1.3437869964481377
1.7304257686484619
-0.5386848489225322
0.044152153431713255
-0.24961528218336101
0.75885700073182
1.5396457831778676
0.2743509282124742
1.3065122225403314
-0.24726631290586396
1.0131190762906843
2.4224933752071087
1.2253243812501082
2.131949510969822
0.34984047495854237
0.8343988955096259
-0.24823056536594568
-0.06458709821661003
1.2561621861971182
1.0189965878712184
0.2975911532911785
0.8910258732474488
-0.7578949523467341
-1.018994104788913
0.2651246728734176
0.5222491638242964
-1.3881284795535753
-0.3270383516442828
0.9912062965329109
1.3505827418645902
0.7767727816140947
0.8887833268483045
0.749110021787532
0.888644105480197
-0.7450315982774484
1.1256338043312495
-0.7151273295948022
1.5635779457550707
-0.6596271664484886
-1.3914040324232753
-1.4396042030264031
1.3174337055738532
0.20522578798311336
1.7037348670648491
1.734646330639911
1.4278575533910243
-1.8023603602415077
-0.07680152757227132
1.1699510803724265
0.8213982402091976
0.09910076134871362
-1.3167529112815237
-0.2980987002304953
0.621836684708231
0.6834214998220506
-1.412333863053743
-0.30503050205272897
-1.3659695519594157
0.7327785628797198
0.1994290865542282
0.655289984997647
0.013602927148510453
0.1547521859734674
0.7193325493987
0.28802635835636486
2.8617681756134323
0.5336966625652069
-0.8390304945413102
0.6845530137258032
-0.09599398822985092
0.11917765326820892
1.348959758948741
0.9573338476533181
0.109523827572515
0.08621362374434521
1.7240192030746655
-0.5705306995076808
1.028908931440516
1.3907740631310297
-1.570108704575225
1.6023034103478278
-0.5511469997965615
-0.10688292556068581
0.5828089436039113
0.013656180588271446
-0.9714974865818399
-0.25631031631194534
-0.0870179935407933
2.1375982061213357
1.6528594660318854
1.5154578558723995
2.441778939166858
-0.2643827472832427
0.3905429143696537
0.9862127291191666
1.524244137460563
0.6265624386167448
-0.3083157112247639
1.7017356627790803
1.9609117485423533
0.7034685852570396
0.6474977524031702
-0.7006358651490886
-0.6640306497428485
-0.3702847833399364
-1.0759264162612336
-0.3315419690065974
2.820550290365436
0.9145951890183497
0.18141636830918345
0.8129832474144436
0.22298231552713663
0.39969887916407054
-0.40272787473637967
1.2934766904156878
0.852570150255224
-0.48300413491924055
-0.014141056200887623
0.885735890893289
0.6497068649315855
0.9150649888886313
0.2966969533727257
0.6221260986539807
0.2970983219990109
0.1663625056084514
0.35389723869360923
-0.7781559952348701
1.1913483022989988
0.7738281092306613
-0.9661383614074716
0.6144987981847849
-1.1353340362896396
1.7644942543611488
0.06785478660277504
-0.08715799192393357
-0.22832402686478132
-0.6779874071937478
-1.2890745399099752
1.7738465876346392
-0.03674869501090657
0.7660763073121186
-0.5201968343434302
1.5779361579331175
0.41208679835981377
0.6785545646245394
1.3370891331612857
0.5681473508748959
1.0109939031900017
0.9670206287707614
1.0428978917043228
0.2785551263924533
1.3616645188770211
0.09014857211528618
-0.07574038992208473
2.958762852305171
1.6682869233553785
-0.14300023859488378
0.3587680783645025
1.3669998130539627
-0.027662906258537574
0.9917686364572916
-0.026933333218577934
1.4162904655138555
-0.036459870507653654
-1.0159791262440026
0.10069321157207874
-0.3561687268200037
0.5503572788245857
0.17305609980433623
0.992001420707999
1.0903423664881409
0.10226959193483816
2.784444081809441
0.8268033552154057
2.604953443680256
0.9950684469269848
0.13747907130835615
0.9748075110238857
0.5684083527275713
0.3394716602517065
-1.0404208497043135
-0.2842674142690094
0.6582661127413696
-0.019390164628717763
-0.32944461458468405
0.1656222164885066
-0.22527135420653346
0.642551435229114
0.484379626365512
0.3502877978104477
0.2071533634038924
-0.13504976511534134
2.568303682092387
0.9749501722371142
-1.1829360086907668
-0.42565512722284365
0.3257878156699052
0.060690205763723394
0.19022695024807243
-0.5337092632500345
1.4666908604974878
2.5126561923821655
0.16768252768226063
-1.0070774986132358
0.9502648858081488
1.1205598079029937
0.7264081855866493
-0.43467480158221145
0.5362155199649903
0.7454485092133504
-0.4352804893209237
1.4126250023341997
-1.2950655237335509
1.2878641136392186
0.6421234060251875
0.04910414520883592
0.8607413222113304
-1.0214542971024632
0.7126285754702705
1.0421947089434511
1.3617036826971523
-0.20567992063453483
1.2385457647203975
-1.279015346422003
0.7014819133536488
1.835659413916788
1.3295482458323769
-0.17738370421118277
-0.7364088198938943
0.5233199253207741
0.3614340706027484
1.938946054974515
0.7595423795395088
0.14550801954963136
0.9904285602144691
0.5056538010986767
0.29867621709432224
1.5062441341259887
-1.459904852588425
-0.6467941448816801
0.5947543562342406
-1.013281864946811
0.19257423048693195
-0.4408650686439775
-0.8872166744482166
-0.530501606765228
-1.7268601757496238
0.33281131823489474
-1.1330651016978786
-1.8611896368167646
0.38526178497954766
0.27771398566019107
1.920742999167069
2.4554591662551326
0.43173185240062595
0.575941939645207
1.6497411338956243
1.0352016898383236
0.45611789100246164
-0.05882529262242396
-1.3340027581900427
-0.1304999727389991
0.6538308292314635
-0.9388660229289897
-0.16125969235859963
2.080970546525384
1.1268601514828152
0.9426621601343733
-0.608690214338546
0.7164746024658912
-0.47746623309762387
0.014121646521905746
-2.0949895664102707
0.9496632466316648
1.118763759004642
-0.004132702474610034
0.312106038401917
0.4649397426948755
-1.9866839207045914
0.2602738689497005
-0.16417775728412706
-0.7697210964965894
0.9818484197354189
0.05563414085511908
1.8636086711755064
1.95080218309235
1.2472536935911664
-0.10586864887131285
-0.5859046991634047
0.5859341464966701
-1.1967292209591376
0.6786366419496176
-0.8018243392547637
1.4729626573561967
-2.3628502758776966
-0.2881057411589873
-1.1991225573222
0.18839434004801842
2.336947167688487
2.1128996211935855
2.075015102510514
0.17889677646648824
1.2094174163475464
0.013634286267444222
0.6807198417387516
0.32274421024146316
-0.5201462067933479
-0.3324003125317422
0.49831192262432034
0.1559110151188191
0.747808987527417
1.8460385148844325
-0.6731118113429774
0.7245686377991051
-0.17025991229969273
0.03117832569493511
0.7166965047988528
-0.1829655279526138
-0.7901936081063097
0.6889448262592813
0.9999690873064557
-0.31275941108126526
-0.38753929207814275
-0.42164751992428484
1.5236008091908475
-2.0345285107821955
-0.905094646160242
0.04206523366077967
-0.27096101364890773
1.0042299802368921
-0.8896981363039468
-0.5061733093678181
-0.9909165355856504
-0.7622676766779004
0.38573224658846
-1.1934453706320403
0.045138101190958145
0.5366473523518615
1.9596264587127512
1.8384982119650357
1.009027521924461
1.223243991061671
-0.7992093079110636
1.2429629651008276
-0.24722993402499469
1.302525369519542
0.8446116939706446
0.9357951510390174
-1.3527974368838007
-2.2058256612061555
0.14951341419540568
1.382449849368786
-0.6804471535613517
2.3354914709154757
1.6500618511559246
0.30785534668876274
-0.806500634010192
-0.8474738025826661
1.6094992111482789
-0.04446878725380049
0.1995472248351023
-0.9782936789813946
-0.7963088081729901
-0.5768157497956016
-1.377173601975585
-0.2534943993589488
0.6805740391598112
0.9177722379775525
0.4038651656722164
0.01443841526394125
1.200216317522667
-0.5037236484337628
0.4080434480773576
-0.44731465582164465
1.0451314318254357
0.4092794184045143
0.10594953698587452
0.3893348511432283
2.556698928489168
2.3879587851192263
2.246260622986241
-0.628929732494932
1.6839762438642367
1.603229338490931
1.1018725714642479
3.034846645306806
-0.5322491969316087
3.4082873487821073
-2.395726453051368
3.227573129399524
-0.15576276241013962
-1.156753507474053
3.035825145583849
3.001859797892193
0.10512156036720964
0.890739300231054
3.2524955280253973
-0.4580334365181148
1.6741998337261068
0.42400905445408604
3.4960286746369005
4.241431187611393
3.1999091058102636
2.1730154259956174
1.911634209609354
3.7689128298853367
3.5404033879349552
-2.102813379284808
1.6475797496997202
0.9770590798477987
3.3016668566003835
3.2548309891489686
3.389490324494733
3.166188222546633
2.4037193066520937
-1.4164249645343145
4.653657658777059
-3.9894556701651678
3.1070388760561047
-1.9181321385311185
4.078772464867433
1.2545869383742734
3.078400001365014
1.9801030604842418
-4.149760397433167
4.408218109782663
-1.7019015627604683
4.847242113323498
3.1114223917170767
-3.2383398050989083
2.2780065665670923
2.6111618623691255
-2.9476113280131337
4.123343467251868
-1.7052968870912335
2.0705080500699418
-2.144722738546736
4.7102826077963496
1.826183472989081
4.5237495884929215
0.34044622253552226
2.3778223223767587
-1.397385379558106
1.5777281723208951
3.0566390431479715
-3.244490290875445
2.242777811493375
0.3254541010078752
2.4744826234053545
-0.8842244240704832
1.6632444825434667
3.6748355042278833
1.0185396663593829
-1.6654255601056362
3.313280774863264
2.289810305688986
0.7578580500649996
1.6601417667905392
0.20971992137400583
3.353251288566661
-2.2743965047118415
0.43144842084440305
2.6904391575647595
0.320886122907322
-3.958724543244479
0.2818118622018426
0.5323955317774015
0.9210756118306518
0.31255570700820157
0.5234140950424481
0.2507504918280264
0.22237022879940907
0.38980773996875145
-0.8859868726889005
0.3480054675226427
0.4430970836626588
-0.09061343555293135
0.8195969848546405
0.7527909140118112
-0.469328710398615
-0.061741456766826505
-0.07177144059509276
-0.3516256281820902
0.04116167029215343
0.06976355602409016
-0.5388827430124963
-0.2690131480881122
-0.023254645151512637
-0.36955629835520126
-0.24078044487074868
-0.09911873640520084
1.2730634600072142
1.5066495861991906
1.397370797898216
1.2062194572420633
0.6458513070970994
0.7279290435746442
-0.4104294516128635
-0.3059423967349584
-0.10972641252419318
-0.9949350082165932
-0.7815724499530782
-0.4519808625312839
-0.3747297397818328
-0.33128230916373813
-0.07982594576770233
0.22232581286164022
0.17628344934370058
0.3996179269722686
1.260663425778631
0.9353128427819207
1.0165536442026275
1.7318046810147925
1.3834827184473228
1.3459702998131629
1.6733238216075295
1.6195804670434693
1.4919783250924639
1.5223220797523493
1.434083847349206
1.2995034188203516
1.7562823503109413
1.5379929502999008
1.4805167688690337
1.5293064541195314
1.3553162703469466
1.1763187153536716
0.9109023534466473
0.7296966531577265
0.4089401852645348
0.41743524637577284
0.24832757106864728
0.17281394930475233
0.5272343094712393
1.4299616258789172
1.5181392585098052
1.1408182057046656
0.7631790802965407
0.9289056646100275
1.3261629161447073
0.6514748381557032
0.5687545190791973
0.07110631487493677
1.4249592474657475
1.406190767100032
-1.1834332488302375
-0.1714100333083889
0.027190651417891364
-0.8665537158034048
-1.446231538864131
-1.1811257256940022
0.6608805689396258
0.5687040607767516
0.3185923785600765
-0.05642230156389034
0.3941042712249352
0.298927196029287
-0.45352186595727617
1.4465118866291502
0.8091333699159073
0.5355701730883312
1.5333359785094256
1.1222503381228688
-0.5533314576844502
-0.20152727585593083
-0.5533724757363677
-0.3472217413857651
-0.07965715595040163
-0.5413635584497656
0.11368491492448816
0.13494911205569737
-0.11830473796913805
0.3345558354379834
0.23483759665280352
0.15131399831484432
0.13742655681693197
-0.10530252925512261
-0.13304437599634739
0.7098023691433079
0.3107551974351618
0.1660943920984461
0.7457928814473017
1.2181964515600356
0.8101674378564754
-0.43417527025501
-0.8553871025659385
-0.7876085881118501
-0.46439309112921945
0.8613326645437122
0.5933852699122413
0.5163835433221838
1.3356484358939265
1.000542713553857
0.6193806697481913
0.5253316846444677
0.30007707986449234
-0.1405678169059029
-0.28633752450640065
-0.3313144643283275
0.04207025096302494
0.12165447108286198
0.07096391242716626
0.28402456578716145
0.23106171100791065
0.15477865480040134
-0.19420370895385416
0.7707738712732888
0.5346576341703784
-0.3412682243648293
0.29681807988936243
0.4455948466213154
-0.19602808788473083
0.38517431983550404
0.5177943590914519
1.2191902404680903
0.9742231074538434
1.029416861744634
0.8769023500348924
0.21985851789872307
0.4304432564983656
0.9809270622775618
0.6507255606515044
0.7693780892128674
1.684828834695163
1.4742651491298775
1.4518665962808042
2.1760128295385437
1.8258431501545533
1.8519323551115185
1.8028442149806645
1.5427668223074653
1.6823172199270142
0.6107689321406171
0.34658810800570444
0.5807066234934312
0.4934731415103445
0.7553684279156506
0.8687692141330184
0.8991339474338284
1.456037768636028
1.5747826440891206
-0.07387910976773468
0.8370133696307999
0.946418535701328
-0.38283248151214755
0.4072501847606808
0.534170028334302
1.1740787280632539
1.8785182080937202
1.0792218956551904
0.5165920292680578
0.9446621740889276
0.33266377061553243
0.6952501867577838
0.6116394405000168
0.08825755183298097
-0.12632698066801254
-0.07459323055036902
-0.12258772890688377
0.4125046760221387
0.15505564785361717
0.0494407191369193
0.09340725654870681
0.7162009739734867
0.5858402948277186
-0.30580538523714634
1.3171524503363796
0.6770177806778951
0.22341666679984373
0.1893614371049341
0.0695245953706405
-0.6493246191793415
0.05085345913797179
0.28977107414773373
1.5421849083761767
1.6105995538651938
1.6565819514268774
1.4352648071016694
0.11585557559739915
0.35497001701459263
0.2571801501593767
-0.9873524528178712
-1.0232094491845034
0.8924284790814755
-0.3927709049617313
-0.5134082746665899
-0.35322870051702027
-0.9579788217041277
-1.1922627122133171
0.5232880365181127
0.4009962018022486
0.05570510892765884
1.4552286105548455
0.4070762424698423
0.3446506388330644
1.0039491305829888
-0.6551380734779473
-0.6358707566737364
1.1256311415660727
-0.14216244124769842
-0.32355128406770667
0.7877966366789119
-0.4814902658850378
-0.7684407694282391
0.9808123404181797
0.148114726825672
-0.14929367483594674
0.41453078848273267
-0.45775388955828805
0.19348566420213617
1.964456261028517
0.9942967376998599
1.2457372839535776
1.015391423676627
1.185769350936838
1.123800440764432
0.764159001261634
1.8223032944130757
1.5113235133825267
-0.14421605494669873
0.5916622713316919
0.5877374190297718
0.7901722169965055
0.1989555396649159
0.22071571212643165
2.2942430205298088
0.7024813353360339
0.810068592467703
-0.42609723036604746
-0.3252249550455307
-0.33242036867973324
-0.3660632454173232
0.22961603161528737
-0.04322809063927855
0.8632902640848118
-0.6196835722606215
-0.4926486336664778
1.1229072963155937
-0.49791157758940374
-0.253936918286304
0.6350245962456166
0.4700674877117864
0.8249484840629911
0.39286235539113934
0.34445346158314893
0.9740032773771725
0.3882893568434106
0.14603694372069573
0.9084015302937207
0.9100817428900992
0.2942466662069123
1.1445697935125152
0.30978668606691634
-0.4058404922854458
0.22945577771080936
0.3540694377052934
-0.2386598447680501
0.2691329818177329
-0.7140274685177973
-0.6267759080366282
0.07153989678062019
-0.6240344847241307
-1.0355103762875988
-0.06499073939553325
0.5669352006607619
0.10992736837360154
0.6501267819580099
-0.04669914824480485
-0.26002278255966976
0.327957195488953
-0.02122963003078645
-0.03263681664822595
0.5193375833441405
-0.0027436559525758613
0.322481276877788
0.7393900194390989
0.41059070693548017
0.4335246066061341
0.7145509511172232
0.3690840001785892
0.14809920149617528
0.38815845858547704
1.2838622637908998
0.8911197127181739
0.9974964877511486
2.2850111535967947
2.2192813082145
2.1348366771632232
0.8215831239286685
0.6203408953712967
0.8467173076421
0.09434957669893852
-0.03317983506622933
-0.07502123437434777
-0.7832738783181055
-0.24647962003445767
-0.4394699844980632
-0.611267071712949
-0.06405090968833904
-0.20015280971935584
0.36236458398226506
0.2987743764502854
0.3288130989965224
0.38876487428184064
0.4373033262363421
0.6236015380631825
1.9012555641980367
1.5047990193935654
1.6295187892728198
1.077808780263416
0.7259427509168304
0.9708034880723548
0.9135958203848384
0.5451466468439506
0.6930588375684207
1.2558532796418937
0.7725799894044877
0.9707807111123697
0.5509123328858988
-0.05748175561331632
0.28204533830399836
-0.34416053822191195
0.23079097723830447
0.487546123150122
-0.8383514789024668
-0.5374522611494269
-0.2837757007972566
0.3038145875206602
0.353077797045247
-0.032290366428650435
0.7974180607053586
0.05681441392557416
-0.17429368383967328
1.0126022140779825
0.5041697430046282
-0.006122899763481569
0.7437584264523693
0.7857047486672106
0.3284266628420016
-0.20262442418601215
-0.12004169709511528
-0.25445268453380177
-0.36060108486602316
-1.196238862385099
-1.3699786724400296
-0.30439179970508085
-0.7317470387631472
-0.5913618177143549
0.2786772632408216
0.6602354994455628
0.6194006218316382
1.1717840133995014
1.7583761543222407
1.3082920448617266
-0.38612627251454024
0.18545641003278732
0.3231027245546516
-0.42708235359183994
-0.12947774747312826
0.2010562762240824
-0.10030247682525942
-0.8649953924295709
-0.8339601483913558
0.2206556574624011
0.07693392714080377
-0.42367312850985445
0.4267201959347566
0.5748530287293143
0.2847259717266957
0.3052483797474008
0.2505601988493942
0.0487684284176375
0.58776649197503
1.1493218726355308
0.9054748821126869
0.35336905635433924
1.3582660177859156
0.9864381101762841
1.5470532068189118
1.028614469029712
0.44741538060584796
2.3291488490527374
1.0755436715493465
0.134670763638027
1.192488047703991
0.33775227787530837
-0.29921143876496253
1.2444371033552681
0.47492209640830996
0.8155573815504429
0.5942926221205491
0.3071156613330291
0.6561436705308424
0.5955630331905242
0.3392539736162042
0.7322507941082633
1.7257618979697489
1.4889834932710413
1.5365647309150596
1.5931604542436058
1.0749142133649496
1.1974570471730477
0.4193874300259998
0.6342920678617359
0.7888439599790122
0.08034730670000967
0.5026750780111535
0.5956207940332897
1.3182905641455065
1.2882737796191723
1.4483163695983847
0.7355143258054864
0.7252134927381836
0.9435873844767058
-0.4676386107575979
-0.07335100406491245
0.07494987154935293
-2.146280413148192
-1.284782016235851
-0.6562139515835071
-1.4534881187800275
-0.6345686629900705
-0.27436374722556683
0.26728176663142444
0.8526730846029581
0.5525763004541626
0.29836820166588207
0.3951395998356371
0.03672088868507809
-0.02440597666387921
0.22706158452704495
-0.3115572544544282
0.021064370144873928
0.32958620833993457
-0.19279968884085613
0.3310196825501783
0.3730612630776703
0.065704038610556
0.3082406016376631
0.09821760305238418
-0.07009508810741424
0.5096823828066744
0.9921103463520207
0.9619457781646757
-0.032557668132079574
0.9923040671215511
0.6961747461671753
0.7610347540437292
0.9253773354352406
0.7796672103589556
0.946499121892676
0.943195890758345
0.7717110618080204
0.925032070980088
1.0033159108583651
0.9476391677396432
0.7419489461890811
0.5727398459944235
0.6491297909980807
0.5202660834718345
0.4219098483432335
0.4157922218802646
0.3420103186110605
0.6938803091859226
0.6911939429612987
0.6590960442858654
1.3095160253385327
1.1540573535896228
0.83020101209898
1.0183862091373028
0.8951176085516424
1.6814146044820448
1.5334861101365866
1.422828269414066
2.1429109251756464
1.5018466788555638
1.408597338741725
1.5974659625512493
1.0597774704764156
0.8368281627935505
0.49410921603030983
0.2780841917601592
0.31834873796020263
-0.8980345974324139
-0.9475303931829057
-0.5705821767224266
-1.0733659035715026
-0.9747909368024703
-0.6384328379950871
-0.11832967121316226
-0.17309164045635322
0.053530381626802334
0.13683019602751895
0.15313651984218468
0.3371996167317801
0.6279884221909848
0.25920349785396196
0.39866571924289856
0.6451828504328906
0.14008772659213026
0.2543944691302741
0.27362386732880845
-0.32975720007597004
-0.2218735315686486
0.4406983551893426
-0.22055466239986768
-0.11441980481760076
0.15707314638556608
-0.9564123468510205
-0.3454011116699204
1.7292749925908968
0.02235279675850306
0.3340252773830962
1.4088757784582637
0.829352122446439
0.9974164828517584
1.3837883099209913
1.0974512487959263
1.122541785071669
0.3379193856508425
0.3619628000322
0.6016011980767488
-0.89489278271283
-1.187286378506094
-0.8186160207855607
-0.39820378570810755
-0.3179563962049592
-0.16852088094224119
-0.23344222692576733
0.31194480625181903
0.2224513076026267
0.7376820241176869
0.1631462810913284
0.2286378115981392
1.7366220585499916
1.203125853468512
0.9501834420571049
1.9400411438975211
1.3682045502079856
0.9007548013532857
0.5911077394213187
0.605996921955363
0.7356334939641687
-1.5257897750175686
-1.0800138140385036
-0.3820717710538265
0.05142551006852752
0.14807832788484557
0.47910182607428337
0.9840137714261336
0.8000236651793172
1.0746110764449104
1.1140646819660567
0.8020650578594656
1.1098735358547507
1.490047860982738
0.4530896035782211
0.6995087011068024
1.1390572464580184
0.1288948052551043
0.5931575850615216
0.5654462111896015
-0.2524125111222255
0.2889773011921445
0.5276013716177683
-0.34788704689261407
0.05669592011454942
1.5701923858225362
1.0538979099122008
0.9534302628302413
1.5951460676842157
0.8191247835648308
0.6754470128892895
1.0153562051363105
0.6923422328908897
0.5280333113705661
0.9595360680740145
1.3960065232239396
1.091230216418512
0.6763549482629384
1.0409171657522942
0.830348329445522
0.9702518358019318
0.17695159367993604
0.05638955125962455
1.7990810757580966
0.6940477064133481
0.5194431891590285
0.11852395628529994
0.46863776825654946
0.39082170992615584
-0.6335827837988958
-0.45813650766344605
-0.3992685849435364
0.8527308663408923
0.2285012882615582
0.03772351250968469
1.5329539658735427
0.10632007773096379
0.008351460976431612
1.2901171416040467
0.4186105852047457
0.46514882535696217
0.7811003485023911
0.6033312136283803
0.7563481282323273
0.31143314588656656
0.9810873191720605
0.8809332250235887
0.6810914532686605
1.4493046198630501
1.197411570980658
0.25148092489826623
0.7335480153710515
0.5329909047363955
-1.2335132897352887
-0.32506440303944695
-0.5220274713842165
-2.89591247491524
-0.46356624433400007
-0.6736787566662314
-1.6475305574154147
-0.09666032056726169
-0.10082343291515425
-0.6054379155448368
0.5665044935174863
0.3814129214763663
0.8288207660353897
0.7872024410547992
0.5963691428661277
0.22720879223479484
0.3535975833727059
0.22926507688477893
0.780940887692589
0.14111648765243792
0.10546096589868113
0.536524650393736
-0.8155644833143695
-0.47944838628113584
1.3279439569966178
-0.04237530783741669
0.08304247148148172
1.0246688100698045
1.1483362790667593
1.1584386374004263
-0.036787360050253806
0.7834857412182715
0.5965013584688673
-0.3553544947662171
-0.6678074717817044
-0.5243884150488285
-0.7557109154504281
-0.6507821743581071
-0.48009322248423303
0.381572548624213
0.7412579397926087
0.6545907900294031
0.5429390251638407
0.8469948689256052
0.6260380200157014
1.2156932591688563
1.0422737118071592
0.7681168655970803
1.2502653782936475
0.838835946194956
0.5325612393985022
0.27370545962623655
0.026711796005072046
-0.3185436181467941
-0.5533407860077569
-0.3462773950016306
-0.6247056596689949
0.5589688044362453
0.6361220971932747
0.44940888199165735
1.0115415080004875
0.9971869637932905
0.8928831899210445
0.8898404966081142
1.404871377644551
1.165469727582739
1.1944955887160524
2.0644013110588078
1.6532111603273911
1.0553130398049275
1.8261776414907496
1.5210204556351503
-0.2498134160815309
0.31107266527328253
0.4813465699693958
-0.2980428635038351
0.7075461924426433
0.7735204599021999
0.32937515760308494
0.5402115502364385
0.518578863138626
-0.22637964031455785
-0.26221782928774556
0.048393771394090485
0.5077755107898947
0.47646980210832207
0.7031750313107223
1.4156605864865752
0.9757343226967251
1.0049092647832758
0.8864178288349569
0.7282086723694111
0.7526626368735783
1.17281941431025
0.8909892001919847
0.8523104195332052
0.924939704400715
1.19815181703284
1.018720968856508
0.1008546641273261
1.267147559196359
1.1386276464363714
0.2166516641854935
1.0650763294977126
1.1192142984669695
0.2615987267243154
-0.03570860654856611
0.04635561297261272
1.4220055983933515
0.6450910400815001
0.7117865653161267
0.7319574986404481
0.420915332950837
0.40814965994540875
0.15439388807759394
0.5301487533545373
0.3143830568718562
0.9824371139090843
1.063054255522045
0.8000066285865148
0.1346737744128592
0.5540998129675928
0.3395927742079242
-0.8736016505152548
0.009292457812754274
-0.24833046170908785
-0.35358015311407703
0.9455786792975138
0.5206661468066577
2.1396648847299957
1.6241190413354503
1.2254839363848242
2.967672010599633
1.4961569106580268
1.5217977723592901
1.9049017150006935
0.36860995373564637
0.6975299526174237
0.48811041610482747
-1.0266405447859976
-0.3183032790835445
0.5323870489379796
-0.8809243193838081
-0.2516432836260527
1.135215664524367
-0.49895189570659226
-0.2173598189177253
0.17847327164509313
-0.41152187905370613
-0.1723035085506875
-0.19687098058366811
0.16466233928190135
-0.14626615455566785
0.48043265399409885
-0.3767012387664129
-0.2525547790158154
-0.46321382717663706
-0.3578183313990606
0.05058146983462685
0.3697242185255427
0.31428579015838576
0.5006386480392049
-0.7130375407347858
-0.6727104478663587
-0.5040485561620089
-0.5131563061709955
-0.2359816823739213
-0.18034736002356724
0.7971287359738358
0.8493705262569972
0.7245047412066336
0.06021516698332452
0.5870475353114887
0.27717782933978447
0.3851159530416768
1.2821277150612866
0.7972413164631776
0.3112296850606905
0.9072589236627843
0.6139963953677409
1.0228151919612694
0.629972656796714
0.6201471439598425
1.1660684276134563
0.8320039277380438
0.8460520027750876
-0.15362955423113062
0.7283074085528158
0.8320920988819097
-0.571164767975458
0.061424076030234656
0.19436079311425122
0.7142294760346499
1.1874399041591037
0.4889534205253952
0.23156843425369258
0.8784081333433023
0.24302674316819659
1.4193978391646584
0.7293350968658123
0.2405365671340586
0.26186222105471585
-0.8370413463931341
-0.7888653335712499
0.5744894188580683
0.24245095728455665
0.1938660889971211
1.499079229123996
0.8556388618145025
0.751566391697899
-0.05533436095533347
1.6408220524105182
1.2542046992061198
-0.7630948826409356
0.7318633293192081
0.756310949929581
0.27414701980765827
0.23001884975924478
0.25219505355107696
0.9725864271008717
0.7999759255929185
0.7976600445192156
1.5807508736102562
0.6280183444227551
0.6018726634910233
0.438297823243873
-0.8849370614624205
-0.9611794115275847
0.35980291256668057
-0.2953662780838298
-0.41220328479710233
1.0860519249161011
0.6990254700007235
0.6748387568497407
0.08667764035998343
-0.08435568522604854
-0.01340919221744316
0.07848771018911826
0.2845705460422406
0.41328371994275404
0.5214345201623888
1.3153562558583973
1.2539026902158317
1.3970910704095063
1.6692427187085137
1.4107132134756666
0.09260907082694901
0.48114400800665225
-0.11436411608921725
0.19737690609483238
-0.09035896853697047
-0.18588376390710404
0.2714326537653784
0.24716876034516577
0.5962851616448395
0.736294268654858
0.5789758667610109
0.8869940399701971
0.9988482882678309
1.078482358765492
1.2148954049988627
1.1781471410105573
1.0572287584361186
1.150611027925695
1.120127968975937
0.9620173614808215
1.1200690270868963
0.6218064172520098
0.7278393880673316
0.8399885335081853
0.29391119235415347
-0.3451505543638225
-0.028566398515011186
0.8945642492873326
0.3916319500779581
0.2612880796626638
1.7683504655480222
1.5754660345712062
1.3117793205677637
1.2511357160477476
0.7913619766573384
0.9561546267775487
0.5337281336580046
0.9401140869130732
0.9403375492905952
0.7317482894972897
0.9062390785347224
0.9093637165233494
1.3509917759330616
0.8043287366177081
0.842664845378943
0.6066338983590516
-0.36046307067750305
-0.11627152656436807
-0.3512341228694965
-1.3922153393035899
-1.0514732492324552
-0.6165433757080726
-1.2335263708629514
-1.009744136461451
-0.024429791398738434
-0.15250385453272744
0.10910454857901022
0.16785337092681704
-0.1590926810283295
0.25750985147881345
0.026554836801993865
-0.18792720081977787
0.313316553984149
1.3787563617863805
0.39246032844572987
0.8105622431317364
1.6721558868462127
0.7890983716803283
0.9884144486631187
1.47595967697518
0.8006440560529053
0.9521344123147373
0.7332013933951828
0.576131405961082
0.8893945492631654
1.4032838207778544
1.1689528634957533
1.184072319345918
1.0391544952324412
0.6282891251710896
0.6150902517489413
0.01421770658470979
0.18954749602209342
0.26432222072908695
1.0612380235090215
0.8261342454947753
0.8919149839280137
0.7637965649988508
0.8488363930708649
0.9825416653920046
-0.21944956496228535
-0.5472890268655775
-0.33499749490725866
-1.167474811638646
-0.5882137239987616
-0.7420411122391688
-0.0003514089251960723
0.9473472508033016
0.5904943872055716
1.339294244957507
2.023161665515879
1.7836013060752371
-0.5535545003548341
0.012099721750486032
-0.17856046895090064
-0.17348286929241227
-0.10759700766373445
-0.318598872721629
0.8162929548441523
0.7363304766905742
0.5387985052340865
0.19468950101570906
-0.00025731685133231666
-0.1287597217205347
0.1958018188894639
-0.21139614542215177
-0.30915404943853775
0.27854652969039384
0.21189146396294045
0.027131841293409533
0.14933854791310106
0.7467808334696798
0.5295436098636118
-1.0991040121476976
0.22428022244267018
0.041169961831000704
0.9759525271445619
0.12080426519552238
0.5610791295358756
2.4857892375507915
1.702034866907837
1.7700482182306423
2.7708176781113867
1.3051882566883963
1.3581975581058459
0.9040219153253221
-0.327484582835359
0.17265681411552378
0.6913232656812509
0.2227346947857674
0.6443331546530099
0.25880055328396384
0.5367775735180573
0.7625274906304035
1.1038484916809865
1.445440808813682
1.3494469781620244
1.5323579023270943
1.239629624800381
1.2139290533666853
0.5718222813425994
0.20883794457306964
0.24159079806369255
-0.07469078781491376
0.39938758973904653
0.4041439951839989
0.21745852726384424
0.5352551244385119
0.40459946401556235
0.34134111632421704
0.2619548709350825
0.2668157452536678
0.1966947586657908
0.26083750220977076
0.49090279060627456
1.3371743401226595
1.1386602256593061
1.1310229591692325
0.7253035992713182
0.5913037631228459
0.6495392696177075
0.7155577119667387
0.8189610963510342
0.9523091114431129
0.7095031391174254
0.4182466116237369
0.6031454102621632
0.5795695351319581
0.03751977324780738
0.2815065899793782
0.5055256979900312
0.5489600297627597
0.4823310667785733
1.07267007618929
0.6908687019126426
0.6277004441733908
1.0861833749320848
1.7222364449260283
1.5612782496818636
0.5566590722911107
1.4253574855535296
1.3485883133392085
-0.14136959782816919
1.1136839475468119
0.9958657116581248
0.11042973107161248
1.572432154564603
1.3581062131785977
0.245333030740388
1.3335356797595252
1.2211825288759544
0.584145804997919
0.9073434433593812
0.8304693361068135
1.4556028549643765
1.144731870403722
1.1184106309626656
1.370127530964604
0.9948359125509095
0.9364601503433801
0.26240948585979723
0.05424416724007053
0.2468060538985843
0.16410803732517645
-0.34762888596101105
-0.16403826311179057
0.35894772635218253
-0.49476011033863304
-0.28949004784789
0.23084169818772476
-0.17221610096345683
-0.0994949441642392
-0.16977696775211842
-0.4135822515492037
-0.3818711686662809
-0.9512335395919489
-0.892921449812942
-0.7748722796638949
-0.10646950129075156
0.16188632666763295
0.10626378819311073
0.5299968645293283
0.6020154876478894
0.48774039051260576
1.21437799072517
1.0826314909822092
0.9396497626742423
1.0351666871604186
1.2742858619636146
1.0184939187637823
1.1776673747963642
0.7302598135653321
0.6257003194820993
1.2167772785821787
1.4215683018829701
1.1864539637206666
-0.13872672287436083
-0.29783283014293704
-0.09593366591501996
-0.06703186740536313
0.19105214871896029
0.23650556131358072
0.30125121683713274
-0.06266555581465015
0.16982921939733245
-0.144788971298852
-0.5848028879785497
-0.3206758390313237
0.41414747224482196
0.32020362167493877
0.3410306578761712
1.6376508051521126
1.658275979746922
1.7176694102309724
0.8967666643030424
0.9682604143305954
0.8409326148708847
-0.2755897345201115
-0.13674541431418064
-0.016865131867619513
-0.08215261472513256
-0.08630912821175046
0.08720216752778089
0.9959830119254784
0.40424812248778424
0.4201369454492526
-0.05528519531149272
-0.7071103095791939
-0.3778278126339379
0.27155038693263495
0.5706398267304936
1.0558292339689495
0.8793416916018817
1.050188964151859
1.7671582152779917
0.7392660524454323
0.8702833285804252
1.5075694404254643
1.0819615411960806
0.9928712102670018
1.6391491258736286
-0.03561735848021629
0.2742885039239943
0.873325053569097
-0.0796274352838556
0.3366243430756459
0.8341712280182483
0.6360350670385684
0.5354779532024877
1.2034801270715363
0.31908820519654435
-0.29565624355237874
0.6987308261863681
0.989206145699379
-0.6057905698574706
0.25315397998423567
0.39104484998457023
0.0649830263273168
0.22601282225815095
1.5119323187340874
1.9875298879554841
1.5793469235976567
2.5808985837785454
1.5323254051077675
1.001082170720581
0.45063712839513487
-1.223503005713921
-1.0504143369962968
0.23526771184026446
-0.7151052699367046
-0.5234042598728113
1.4246729757654004
0.04006270711661502
0.1861545255521464
1.4878606254287534
0.21893120356817225
0.2796755227013797
0.8643464322866543
0.9815608636653335
0.5482204819233292
-0.05742859199626467
-0.5706202329236918
-0.666127532634491
-0.6519667981838163
-0.2569181486415892
-0.4813752228183619
0.8417535440945765
0.989204317388719
0.3172569137962864
0.13966251017255185
-0.21681917661145073
-0.4682956058927889
-0.9337652077685155
-0.9974318820263712
-0.5992359788112309
0.5396029159097193
0.6126163883692143
0.8073791249316632
0.8689111901919164
0.5710892711900164
0.9030901259462181
1.2071815837292936
1.2582295197681426
1.577792189064054
-0.036464090277393044
0.5103749265115193
0.5406867417908083
-0.47470523980444623
-0.21763238138485944
-0.2802074310152693
0.3286756984943657
-0.32408645372101597
-0.6683538074417668
1.7102927462710174
0.22270790087214934
-0.046002449308107034
-0.6140266241839213
-0.13926645320991995
-0.04439117901616102
1.2086107913600495
1.0497160493429616
0.8833340726996708
0.9359480981849971
0.7115954169541684
0.3806819933302264
0.3397386117944556
0.5479409441054286
0.2740219926355757
-0.13577341160961842
0.6032498225545297
0.5727416738813668
0.9886540765765772
-0.5854943800632586
-0.5775694624634874
0.7641222394710642
-0.4889353873102625
-0.2406352088049853
-1.0257226974954705
0.015714195246722
0.0867201935198206
0.18355710358204258
0.2935057599255173
0.2440077171909003
0.8954970416321593
0.2658842597801501
0.46904684363793675
0.40952863470889633
-0.41894438865512046
0.15731823861839664
-0.2114860345826424
-1.6901497167826816
-1.0333442893402067
0.7718758366159676
-0.4993759483373838
-0.06358607775959128
1.8235124353102687
0.4434437174305674
0.923735346962293
1.4444160906629582
-0.21861968796888465
0.1924573897542335
0.9081666631049067
0.2198806146113211
0.3455703502298778
0.07514828204106258
0.4642706225623099
0.4505686449955391
-0.25885597700547974
-0.11851784034005325
-0.18477451250359703
1.5152699172900395
0.7868547785156745
0.5784664790505895
1.4102299682214356
1.9713008361610307
1.5346009329420398
1.7508941805798184
1.2013927506634245
1.0521925399927987
0.02471350386665272
-0.31834737697001464
-0.0467724868482994
-0.2775079353504927
-0.3291935257576914
-0.008201197300901717
1.168557995328528
1.1189137612167404
1.0477886273909893
1.8879872864414775
1.3032551661263094
1.08606934645115
2.6079346000560673
1.0932258161549153
1.0160404621732346
1.9031615343555552
-0.2858492033419838
0.04237873597672026
1.1581987555609037
0.03389514546991482
-0.0844822314111159
0.7161629054215358
0.13314544311993134
0.20517489719642681
0.37974343409084843
-0.1520371349374468
0.012394741642754881
1.4473347782906678
0.9757071011453562
0.8849882185463406
0.5989019961611634
0.3702552053954031
0.26391330136963764
-0.11951909925585992
-0.42036310913271885
-0.39778038368765345
-1.1826010306493808
-0.8884166831944477
-0.7233446399947039
-0.37219012837000426
-0.13045202219671445
-0.12540375637832518
0.640570420401768
0.5338969841931854
0.3818592710307592
0.9595802397022372
0.6558144225574466
0.4938645837674985
0.9090655744026965
0.6763877707134716
0.44113800974566253
1.556247758553227
0.0034716194409460015
0.13832123244137484
1.6121718800350284
0.6101740267530052
0.8330604905422196
0.005364090363529078
-0.7213337966444164
-0.2929578495640127
-0.44855086376267417
0.08245512669991605
0.3392322828188258
0.2410064026618525
-0.14654949144062349
0.18949417070898728
-0.3127875527242116
-0.9268198777541888
-0.4556690304895794
0.5760523365631317
0.3300238665381258
0.5449556909155258
1.9103386337961448
1.5722657911761622
1.6623234853778883
1.7678957331970717
0.5169544227627244
0.8651359949932761
1.7489345764487776
0.7942239805223886
0.7548874460262783
0.7761884383176831
-0.15526733879160587
-0.14013819492899188
-0.5939445268035543
-0.7284708805632659
-0.6011637115687807
1.113525909024204
0.9501520346917607
0.8821704817466375
1.4916071696341144
1.5355533168393138
1.4885450162346945
0.6364429678845855
0.6054249901274986
0.8104314743187322
0.43233614619723293
0.6360469070917699
0.8429743255358698
0.848250730153851
1.021206657154852
1.2822921978588355
1.2948827667717875
1.1801532154954968
1.407006919161266
0.38751986365975444
0.03515387689347176
0.1990580613824775
0.3579321225248402
-0.18036714308624446
0.03489083731663738
1.2030008322258958
-0.17360368968504414
0.1572756778768386
1.7374134268080623
0.07108074106934192
0.40972290296717845
-0.04478537527069805
0.27892352033413925
0.29202731336929455
0.9399141411690258
1.0916590422441852
0.8710381834687435
1.0431812338985773
0.621328527755303
0.43000542988234774
0.16211292970588412
-0.33633281660485875
-0.2985361720034363
0.008748719326785798
-0.16208639871173713
-0.07139420123828177
0.3984556183922795
-0.24717412301466832
-0.33515675082550006
1.39075174273785
1.2922245337324227
1.0718342222331496
0.8880584881620694
1.2916535954870627
1.2469314337800537
0.3697731108066018
0.6587741154165266
0.5175179081530953
0.6899836644021928
1.2530665215353471
0.9438710749692016
2.334205105192812
1.9001650121475664
1.512213131485962
2.4923434329772416
1.184550475445375
1.0453402731681138
0.5594341258325375
-0.03849470596990092
0.05102249005996299
0.5321615709531029
0.9615177780756029
0.831604887591129
0.17721441525114282
1.1529532745745241
0.9302063149636831
-0.5186697866006813
0.7244501223487527
0.5080262313838668
-0.6080774435394237
0.9587754161894081
0.7329411804091757
-0.8926080824035588
0.8775300782096184
0.6001534609205316
-0.34654019686861737
0.9482865655986101
0.427165273071906
-0.004029360331900769
0.7495337423010517
0.328011879892727
0.7854043439985455
0.8114076317779645
0.6577606522445234
1.01985359083224
0.9115068927882183
0.6844913780734585
1.0499476525764035
0.8762150849987864
0.6349055872827222
0.5017484165688392
0.639680762822121
0.4919873264554533
0.5387092917914917
0.7969166723097784
0.7095959205674304
0.8758852438758771
0.5655927075891436
0.521257622582424
0.814005657312977
0.8604588686461825
0.6347408999054597
-0.27753602269292105
0.5477300545213956
0.4826714907717973
-0.5771729215829533
0.1177175475956872
0.17654524673082833
0.43228784870797066
0.9842310335568932
0.8825991885091486
1.1858753528472732
1.318808482434288
1.2794868129956194
1.7758784768016742
1.7956319197250081
1.7350831908473463
1.7592363822345614
1.7673990572469596
1.6659780138525813
1.1244141611357703
1.3457883890558529
1.2381256359513537
1.0869175158950712
1.2191192468059235
1.2303905672181203
0.23233102516114815
0.3711302603038119
0.45472033213693286
-0.8116862281292007
-0.5603795487719907
-0.46922511523317884
-1.0781589271738272
-0.6430217503636979
-0.5339247134612092
-0.4573830482596586
-0.36485265175851567
-0.2466009239990631
-0.29608147387774736
-0.06160900215540671
-0.035015219853570895
1.659259035377395
1.0208648787155097
0.7088285937288932
0.326380234162755
-0.3248276031069795
-0.41361402516969165
0.13964703224076577
0.20862744421265064
-0.05117132934611083
1.0755901476615772
1.5278306531082178
1.0686347371576606
0.7014502283889257
0.8009151318465654
0.36951044073827227
0.6799612972833063
0.8045495296188243
0.5434874539280642
0.9507479935178521
0.780834328324765
0.6053394324620784
0.8633896492762371
0.8130837125649379
0.5644553678085088
0.8699421099217236
0.722035175661279
0.5198168064940102
0.013025729088132437
0.7435740126144379
0.24233522599544008
-0.18358063495045002
0.8064568695157371
0.2810193679901679
-0.027966165087115726
1.0766125877248223
0.5783891907443048
0.5406979279373624
2.0132492957540986
1.6367735121090183
1.453589024272436
2.5021108349156953
2.2424608345722303
0.2437561449689769
0.9065208714249142
0.808768294065986
0.7928598284194016
0.989140771457499
0.8739943057258349
0.8337922649809629
0.6446801489301945
0.5020199881625148
0.17059594698505065
0.37458411012067105
0.14008196429857595
1.1235703605725582
1.0932654151454972
0.8269258369775111
1.066058195114154
0.5228123359478494
0.537022916738796
1.016375843464415
1.3004324899685304
1.3138470027390774
1.617053919262966
1.7832586286244505
1.6471251456897091
2.3063393341738494
1.6462714596244143
1.3915288070533178
1.418990383720231
0.3648174604452378
0.5071607885175844
1.3867792156211827
0.791724172289572
0.9743434014113089
0.7242710275175963
0.4522092950713103
0.5753302894015251
-0.4283040598964375
0.42703464965355115
0.3123148188942052
-0.6555975870863925
0.09871845886803202
-0.012419748469514482
-0.5433189476387754
-0.4836544825001319
-0.4487936740633915
0.09728526614368913
0.2769325913481306
0.32065075643328694
0.5126801822011045
0.41131739933739514
0.2821707736261147
0.056342144763853616
-0.556489390937204
-0.6257137039181302
0.033864307281240486
-0.27677298084472035
-0.44061490077686305
0.04863002731410752
-0.09905027927440066
-0.3780944651126937
-1.3018125697678546
-1.173424687827587
-1.3442806287943019
-0.30625304435138606
0.09517237006693108
-0.007010432275174703
0.36897208070202747
0.6732470544959204
0.5675464826691378
0.4127859592930987
0.3728777709810275
0.2524867949602087
0.452733432550345
0.3817289566113611
0.04855327867360119
0.7599651691781536
0.24327877477600746
0.0725429524664787
0.7250058461588667
0.567493405124025
0.6058395127229
0.5470592260291535
0.5008047812914271
0.5841884423698978
0.7391495236730701
0.5786377295566414
0.5926915729646995
0.8696123194127136
1.0828455264827994
1.0330234371500828
0.8549869764653986
1.1484421663970776
1.1765934344135338
1.0746422655155081
0.8304249006226725
0.8417101078167347
0.45483260833926287
0.11282813020000405
0.10725460393139646
0.7240258534931657
0.46422595088074087
0.34288562146907553
1.2388998819441694
0.9832334227460027
0.8959519309979408
1.6996521380903253
0.8158894492947054
0.959531251771792
-0.07707767408231403
-0.7118715975454579
-0.22512525342346607
-1.062961178839259
-0.787715646520051
-0.4638808575786883
1.0851673741994827
0.9797356669751902
1.136619811808081
0.45221679120111435
0.019595089918545253
0.20529473341980706
0.420840864935104
0.16506965050137662
0.03498299864864731
1.2174010674319518
1.053413577080976
0.8277670305678809
2.0287830589735596
1.7099535074370378
1.5893913681519904
1.1617355147087456
0.7843577170245972
0.7482822825286799
-0.5310995121512688
-0.1503135688383807
-0.07002023004129594
0.5719945618715843
1.1399482718817404
0.8635147309045873
1.0240231332665235
1.4015635267015705
0.9897858938655109
1.1703038067313056
1.127439681577068
0.8186028951869303
0.42623595357057914
0.5146820987291236
0.29578198839548225
0.6331251340553814
0.9125853061758756
0.535421022984284
0.23572082189698113
0.44064931905249066
0.1939749904248684
-0.8304940527813393
-0.6744359881244648
-0.7976043849537534
-0.44608683084663486
0.3104532864626199
0.049832530246812994
-0.3749739591901991
0.22855090857730795
0.21760828475915123
-0.8010173168413366
-0.6889785955325725
-0.5726170226685183
-0.18177955772060814
-0.1768765098099599
-0.23540690629071095
1.1613170079672568
0.34639921959334785
0.260074709695588
2.072637665455097
0.7059918348681041
0.6642598937717679
1.2945692668769986
0.04512227797098153
0.03210609040228961
1.7783575144791406
0.6466540122818639
0.7012206793503928
0.9903952707445487
0.6448545775576541
0.8405038746385611
1.0709512606603773
0.15805131053709479
0.49904171935320707
1.9387960049942152
0.851005614487217
1.1357886656818676
1.3510064208878099
1.164361640303912
1.3796604805988821
0.19797796939622062
0.8373357944279078
0.9972108407491029
-1.1312365094252033
-0.5732632058510884
-0.08670146764248596
