1554505530.766289
1554505531.702468
1554505532.680956
1554505533.567717
1554505534.685661
1554505535.636639
1554505536.442021
1554505537.33977
1554505538.238866
1554505539.199151
1554505542.055438
1554505543.036142
1554505547.062303
1554505549.66148
1554505550.714759
1554505552.98823
1554505554.044384
1554505556.278294
1554505558.652075
1554505560.672161
1554505562.764971
1554505564.951932
1554505565.923919
1554505568.150958
1554505569.126005
1554505570.166826
1554505571.183346
1554505572.996129
1554505575.336796
1554505577.471941
1554505579.690988
1554505581.11283
1554505583.038256
1554505584.735912
1554505587.200455
1554505589.421333
1554505591.349981
1554505593.297901
1554505595.102794
1554505597.102105
1554505604.069265
1554505605.064414
1554505606.20607
1554505607.258731
1554505608.360581
1554505609.472851
1554505610.523688
1554505611.566646
1554505612.638133
1554505613.670473
1554505614.703902
1554505615.699557
1554505616.738167
1554505617.68629
1554505618.730769
1554505619.891195
1554505621.173308
1554505622.493921
1554505623.531124
1554505624.594525
1554505625.642084
1554505626.628544
1554505627.61423
1554505628.58863
1554505629.624635
1554505630.578766
1554505631.512093
1554505632.512554
1554505633.565778
1554505634.556069
1554505635.518617
1554505636.572831
1554505637.583486
1554505638.563145
1554505639.474021
1554505640.476479
1554505641.715597
1554505642.627619
1554505643.662827
1554505644.723908
1554505645.88919
1554505646.929473
1554505647.80397
1554505648.712444
1554505649.5887
1554505650.647016
1554505651.64845
1554505652.753397
1554505653.64336
1554505654.632501
1554505655.667041
1554505656.721926
1554505658.083983
1554505659.126237
1554505660.172517
1554505661.205594
1554505662.252454
1554505663.398205
1554505664.585342
1554505665.55109
1554505666.506225
1554505667.517435
1554505668.48557
1554505669.386661
1554505670.358652
1554505671.396716
1554505672.328381
1554505673.416425
1554505674.340516
1554505675.403109
1554505676.402771
1554505677.359692
1554505678.332414
1554505679.289776
1554505680.200387
1554505681.299615
1554505682.240851
1554505683.244863
1554505684.256828
1554505685.21204
1554505686.201503
1554505687.160978
1554505688.220519
1554505689.294443
1554505690.151957
1554505691.278762
1554505692.354293
1554505693.504012
1554505694.74088
1554505695.743508
1554505696.71657
1554505697.692743
1554505698.550296
1554505699.658411
1554505700.768111
1554505701.643777
1554505702.807931
1554505703.876824
1554505704.861529
1554505705.953775
1554505707.060723
1554505708.096459
1554505709.11846
1554505710.090904
1554505710.984892
1554505711.949977
1554505713.026849
1554505714.044176
1554505715.044568
1554505716.089109
1554505717.169767
1554505718.326761
1554505719.389123
1554505720.42228
1554505721.5189
1554505722.458013
1554505723.406332
1554505724.579774
1554505725.631231
1554505726.701183
1554505727.646021
1554505728.644449
1554505729.572469
1554505730.715402
1554505731.90897
1554505733.016715
1554505734.061569
1554505734.943886
1554505735.892284
1554505736.935502
1554505737.96428
1554505738.96353
1554505739.968435
1554505740.831188
1554505741.828064
1554505742.83817
1554505743.808995
1554505745.062709
1554505746.122451
1554505747.043265
1554505748.038973
1554505749.073504
1554505750.015347
1554505750.998178
1554505752.036355
1554505753.150361
1554505754.361849
1554505755.591721
1554505756.622762
1554505757.622098
1554505758.742969
1554505759.840799
1554505760.693256
1554505761.709934
1554505762.806487
1554505763.819375
1554505764.914105
1554505765.937638
1554505766.822653
1554505767.972515
1554505769.036746
1554505770.119473
1554505771.152037
1554505772.158191
1554505773.177976
1554505774.120446
1554505775.20887
1554505776.266939
1554505777.326728
1554505778.269643
1554505779.24352
1554505780.217327
1554505781.191306
1554505782.090006
1554505783.063782
1554505784.130892
1554505785.131208
1554505786.152042
1554505787.162506
1554505788.329984
1554505789.478947
1554505790.497706
1554505791.4654
1554505792.506084
1554505793.517174
1554505794.4844
1554505795.563789
1554505796.490266
1554505797.53242
1554505798.589062
1554505799.452637
1554505800.502747
1554505801.472477
1554505802.468247
1554505803.317526
1554505804.402392
1554505805.553756
1554505806.674442
1554505807.773422
1554505808.756825
1554505809.927907
1554505810.952143
1554505811.942725
1554505812.793272
1554505813.8118
1554505814.643942
1554505815.67805
1554505816.621409
1554505817.637766
1554505818.554734
1554505819.626436
1554505820.728634
1554505821.837172
1554505822.858861
1554505824.05048
1554505825.220264
1554505826.306451
1554505827.284435
1554505828.2659
1554505829.129245
1554505830.139797
1554505831.032644
1554505832.02186
1554505833.033035
1554505834.116935
1554505835.12406
1554505836.114079
1554505837.166771
1554505838.189423
1554505839.136095
1554505840.081763
1554505841.173666
1554505842.395035
1554505843.384292
1554505844.346643
1554505845.354204
1554505846.401552
1554505847.302433
1554505848.186326
1554505849.057235
1554505849.992651
1554505850.857659
1554505851.915479
1554505853.187031
1554505854.369304
1554505855.442343
1554505856.467092
1554505857.476658
1554505858.551263
1554505859.700809
1554505860.892711
1554505861.891971
1554505862.917442
1554505863.897185
1554505864.858853
1554505865.970761
1554505866.947647
1554505867.978178
1554505868.966647
1554505869.918225
1554505870.936587
1554505872.082431
1554505873.138616
1554505874.040448
1554505875.096551
1554505876.077956
1554505877.01477
1554505878.011995
1554505879.117006
1554505880.209318
1554505881.031413
1554505881.988287
1554505882.975032
1554505883.805162
1554505884.725514
1554505885.674052
1554505886.705616
1554505887.546922
1554505888.608512
1554505889.571408
1554505890.458652
1554505891.411434
1554505892.394397
1554505893.257712
1554505894.151013
1554505895.119716
1554505896.125819
1554505897.163798
1554505898.141198
1554505899.119674
1554505900.245257
1554505901.207963
1554505902.14713
1554505903.060623
1554505904.033483
1554505905.072951
1554505906.084082
1554505907.162023
1554505908.246157
1554505909.25095
1554505910.329155
1554505911.445272
1554505912.551601
1554505913.665303
1554505914.707386
1554505915.695964
1554505916.624131
1554505917.588936
1554505918.625698
1554505919.584938
1554505920.575321
1554505921.420852
1554505922.360124
1554505923.304701
1554505924.231611
1554505925.196712
1554505927.757766
1554505928.6353
1554505932.2983
1554505934.791456
1554505935.600657
1554505937.92213
1554505938.832563
1554505940.526703
1554505942.911073
1554505945.196364
1554505947.323023
1554505949.414764
1554505950.506581
1554505952.718337
1554505953.632329
1554505954.585806
1554505955.477938
1554505956.886695
1554505959.119308
1554505961.087939
1554505963.659585
1554505964.564105
1554505965.958241
1554505967.91081
1554505970.187839
1554505972.271391
1554505974.175436
1554505975.628253
1554505977.694813
1554505979.533118
1554505986.081752
1554505987.016223
1554505987.967305
1554505989.111174
1554505990.022318
1554505991.008556
1554505991.980953
1554505992.891664
1554505993.902164
1554505994.888481
1554505995.839324
1554505996.999835
1554505998.114314
1554505999.169136
1554506000.352749
1554506001.42866
1554506002.553752
1554506003.589585
1554506004.642213
1554506005.784789
1554506006.911933
1554506008.004723
1554506008.903865
1554506009.909961
1554506011.021856
1554506012.034893
1554506013.231195
1554506014.206866
1554506015.347054
1554506016.281039
1554506017.292012
1554506018.691083
1554506019.737169
1554506020.704084
1554506021.797908
1554506022.841645
1554506023.815519
1554506025.051802
1554506026.135188
1554506027.092185
1554506028.107459
1554506029.012372
1554506030.057869
1554506031.016453
1554506032.100033
1554506033.233115
1554506034.220782
1554506035.210831
1554506036.202098
1554506037.076856
1554506038.013208
1554506038.972055
1554506039.920188
1554506040.991522
1554506042.019265
1554506043.158714
1554506044.21068
1554506045.355495
1554506046.550127
1554506047.562081
1554506048.573689
1554506049.660944
1554506050.666079
1554506051.668387
1554506052.581037
1554506053.600607
1554506054.598962
1554506055.477402
1554506056.369967
1554506057.303565
1554506058.463532
1554506059.524864
1554506060.478237
1554506061.361136
1554506062.420211
1554506063.573093
1554506064.547933
1554506065.623578
1554506066.683379
1554506067.735976
1554506068.857749
1554506069.967407
1554506071.00472
1554506072.084576
1554506073.094361
1554506074.219712
1554506075.243438
1554506076.254676
1554506077.237743
1554506078.137626
1554506079.205836
1554506080.232206
1554506081.299974
1554506082.421625
1554506083.616668
1554506084.670264
1554506085.74024
1554506086.695214
1554506087.672696
1554506088.510691
1554506089.699068
1554506090.849904
1554506091.960041
1554506092.983092
1554506094.074194
1554506095.138149
1554506096.208838
1554506097.272164
1554506098.144001
1554506099.231351
1554506100.328977
1554506101.208942
1554506102.20001
1554506103.069107
1554506104.065713
1554506105.141807
1554506106.139219
1554506107.044018
1554506107.998238
1554506108.937593
1554506109.860992
1554506110.88791
1554506111.991283
1554506112.922859
1554506113.993478
1554506114.987771
1554506115.874392
1554506116.799488
1554506117.856356
1554506118.966738
1554506119.955606
1554506120.997099
1554506121.881901
1554506122.831765
1554506123.909212
1554506125.029942
1554506126.214987
1554506127.414918
1554506128.451028
1554506129.567308
1554506130.489257
1554506131.472881
1554506132.559062
1554506133.932154
1554506135.006654
1554506135.871966
1554506136.862015
1554506137.997013
1554506139.031904
1554506140.423542
1554506141.517887
1554506142.534629
1554506143.61741
1554506144.667896
1554506145.678575
1554506146.644376
1554506147.644967
1554506148.75381
1554506149.808861
1554506150.768499
1554506151.76499
1554506152.727367
1554506153.56566
1554506154.59503
1554506155.506625
1554506156.527011
1554506157.462293
1554506158.414187
1554506159.386223
1554506160.276017
1554506161.343453
1554506162.471
1554506163.53755
1554506164.641432
1554506165.493888
1554506166.565572
1554506167.514757
1554506168.564046
1554506169.592335
1554506170.604636
1554506171.476512
1554506172.499124
1554506173.419482
1554506174.430892
1554506175.562616
1554506176.595759
1554506177.770748
1554506178.799406
1554506179.781621
1554506180.632274
1554506181.54449
1554506182.45681
1554506183.418511
1554506184.440623
1554506185.559299
1554506186.654593
1554506187.610526
1554506188.773139
1554506189.745885
1554506190.684996
1554506191.641731
1554506192.525893
1554506193.569793
1554506194.406696
1554506195.267292
1554506196.116729
1554506197.038392
1554506198.041582
1554506199.041258
1554506200.031957
1554506201.022838
1554506202.184012
1554506203.306426
1554506204.533358
1554506205.537218
1554506206.647077
1554506207.692051
1554506208.62917
1554506209.625033
1554506210.639042
1554506211.741195
1554506212.7422
1554506213.623627
1554506214.498005
1554506215.477766
1554506216.569911
1554506217.537234
1554506218.731472
1554506219.811055
1554506220.914981
1554506221.883007
1554506222.841178
1554506223.839716
1554506224.839298
1554506225.814489
1554506226.95588
1554506227.845332
1554506228.835736
1554506229.807045
1554506230.677655
1554506231.675004
1554506232.711802
1554506233.687235
1554506234.590703
1554506235.691844
1554506236.727291
1554506237.696258
1554506238.641044
1554506239.511288
1554506240.416703
1554506241.390241
1554506242.366019
1554506243.34656
1554506244.390059
1554506245.48522
1554506246.563972
1554506247.576314
1554506248.540487
1554506249.498845
1554506250.536748
1554506251.778409
1554506252.774815
1554506253.785971
1554506254.825232
1554506255.753335
1554506256.735289
1554506257.650075
1554506258.59591
1554506259.655665
1554506260.745712
1554506261.821234
1554506262.676669
1554506263.611565
1554506264.576128
1554506265.58866
1554506266.501729
1554506267.40053
1554506268.292291
1554506269.172096
1554506270.105777
1554506270.985423
1554506271.932306
1554506272.941078
1554506273.909987
1554506274.977065
1554506275.904689
1554506276.810349
1554506277.820042
1554506278.783348
1554506279.855049
1554506280.872696
1554506281.919939
1554506283.072061
1554506284.127085
1554506285.116028
1554506286.036718
1554506287.030114
1554506288.045091
1554506288.96232
1554506289.875576
1554506290.757998
1554506291.676901
1554506292.592905
1554506293.660263
1554506294.586254
1554506295.515916
1554506296.441406
1554506297.309595
1554506298.261435
1554506299.297515
1554506300.134522
1554506301.18329
1554506302.241001
1554506303.224509
1554506304.529958
1554506305.501701
1554506307.917967
1554506308.752336
1554506312.350398
1554506315.157151
1554506316.052273
1554506318.31
1554506319.229139
1554506321.28988
1554506323.62444
1554506325.610519
1554506328.232776
1554506330.380985
1554506331.240043
1554506333.47029
1554506334.485087
1554506335.416767
1554506336.394037
1554506337.964213
1554506340.278923
1554506341.245614
1554506343.6522
1554506345.215059
1554506346.103631
1554506347.989896
1554506350.004521
1554506352.163614
1554506353.977822
1554506354.965079
1554506357.31876
1554506358.920935
1554506360.843598
1554506367.197377
1554506368.196626
1554506369.096254
1554506370.154051
1554506371.162453
1554506372.452056
1554506373.478778
1554506374.473171
1554506375.41263
1554506376.572143
1554506377.487146
1554506378.442486
1554506379.412462
1554506380.53786
1554506381.654306
1554506382.542216
1554506383.725056
1554506384.803014
1554506385.919724
1554506386.877458
1554506387.87017
1554506388.933828
1554506389.808814
1554506390.771425
1554506391.742088
1554506392.883054
1554506393.831091
1554506394.898697
1554506395.900312
1554506396.896216
1554506398.045426
1554506399.039339
1554506400.019828
1554506401.051905
1554506402.304609
1554506403.480565
1554506404.380933
1554506405.379746
1554506406.294157
1554506407.334824
1554506408.33778
1554506409.350914
1554506410.552086
1554506411.569299
1554506412.622037
1554506413.950125
1554506415.132439
1554506415.987252
1554506416.894362
1554506418.001065
1554506419.072644
1554506420.277659
1554506421.402147
1554506422.572795
1554506423.651446
1554506424.948579
1554506426.19392
1554506427.17432
1554506428.044203
1554506429.036799
1554506430.136572
1554506431.235425
1554506432.328091
1554506433.39006
1554506434.328883
1554506435.328801
1554506436.347757
1554506437.350778
1554506438.460871
1554506439.846141
1554506440.881846
1554506441.835855
1554506442.922172
1554506444.24394
1554506445.332104
1554506446.361418
1554506447.353964
1554506448.427945
1554506449.558812
1554506450.704512
1554506451.741792
1554506452.734066
1554506453.845553
1554506455.193137
1554506456.088632
1554506457.278734
1554506458.325915
1554506459.444872
1554506460.573497
1554506461.716083
1554506462.655368
1554506463.6823
1554506464.849847
1554506465.850626
1554506466.924003
1554506467.979124
1554506469.043045
1554506470.095897
1554506470.949049
1554506471.923142
1554506472.995479
1554506474.230925
1554506475.414934
1554506476.491955
1554506477.488087
1554506478.529425
1554506479.562901
1554506480.568994
1554506481.563804
1554506482.518613
1554506483.482777
1554506484.519678
1554506485.580118
1554506486.541866
1554506487.538087
1554506488.591007
1554506489.60816
1554506490.736617
1554506491.788329
1554506492.928162
1554506493.958534
1554506495.036479
1554506496.21244
1554506497.216874
1554506498.205868
1554506499.216478
1554506500.325357
1554506501.531714
1554506502.599364
1554506503.704314
1554506504.618618
1554506505.53566
1554506506.712076
1554506507.720016
1554506508.641976
1554506509.644973
1554506510.597258
1554506511.799265
1554506512.8761
1554506513.847687
1554506514.997118
1554506516.035184
1554506517.269702
1554506518.14803
1554506519.106204
1554506520.237088
1554506521.3273
1554506522.582552
1554506523.638472
1554506524.823181
1554506526.25977
1554506527.11222
1554506527.97523
1554506528.837452
1554506529.901645
1554506531.016358
1554506532.058081
1554506533.010121
1554506534.074734
1554506535.148251
1554506536.240088
1554506537.266511
1554506538.31378
1554506539.244094
1554506540.212122
1554506541.374476
1554506542.66867
1554506543.892061
1554506544.951783
1554506545.966466
1554506547.063931
1554506548.026842
1554506549.07169
1554506549.983825
1554506550.83607
1554506551.785107
1554506552.698781
1554506553.742882
1554506554.839758
1554506555.860484
1554506556.80042
1554506557.860348
1554506558.847167
1554506559.732971
1554506560.645388
1554506561.752466
1554506562.819142
1554506563.779419
1554506564.80093
1554506565.765474
1554506566.714458
1554506567.619043
1554506568.538842
1554506569.415024
1554506570.418545
1554506571.550395
1554506572.603543
1554506573.6059
1554506574.763863
1554506575.676938
1554506576.790462
1554506577.752691
1554506578.631554
1554506579.505199
1554506580.39453
1554506581.304698
1554506582.268538
1554506583.156286
1554506584.27725
1554506585.171812
1554506586.225642
1554506587.296304
1554506588.393036
1554506589.506633
1554506590.515772
1554506591.472614
1554506592.406534
1554506593.267918
1554506594.145503
1554506595.270969
1554506596.305929
1554506597.330239
1554506598.525588
1554506599.547817
1554506600.508339
1554506601.572803
1554506602.670011
1554506603.508651
1554506604.520001
1554506605.503761
1554506606.488048
1554506607.522599
1554506608.554446
1554506609.449849
1554506610.351916
1554506611.30283
1554506612.236059
1554506613.151752
1554506614.072739
1554506614.963598
1554506615.953651
1554506616.997405
1554506617.962003
1554506619.126782
1554506620.12932
1554506621.055364
1554506622.007019
1554506622.993167
1554506624.038311
1554506624.892507
1554506625.820898
1554506626.746162
1554506627.591261
1554506628.586503
1554506629.551113
1554506630.417876
1554506631.284863
1554506632.228674
1554506633.139403
1554506634.093171
1554506635.044602
1554506635.884372
1554506636.851882
1554506637.830468
1554506638.896088
1554506639.896985
1554506640.865221
1554506641.945515
1554506642.895868
1554506643.836169
1554506644.866831
1554506645.947642
1554506646.963012
1554506647.886131
1554506648.793375
1554506649.750413
1554506650.694291
1554506651.605612
1554506652.511655
1554506653.575747
1554506654.613322
1554506655.674
1554506656.636847
1554506657.600487
1554506658.504414
1554506659.445929
1554506660.439678
1554506661.442003
1554506662.422181
1554506663.348794
1554506664.441428
1554506665.414828
1554506666.375171
1554506667.380572
1554506668.351241
1554506669.174204
1554506670.063157
1554506670.963602
1554506671.861557
1554506672.776039
1554506673.673318
1554506674.598302
1554506675.485405
1554506676.364145
1554506677.27608
1554506678.163069
1554506679.093068
1554506679.967862
1554506681.007465
1554506682.06735
1554506682.99157
1554506683.921132
1554506684.82662
1554506685.784868
1554506686.794376
1554506689.664514
1554506690.691788
1554506694.334169
1554506697.027036
1554506698.055895
1554506700.599994
1554506701.746934
1554506703.697754
1554506706.227868
1554506708.676812
1554506711.230695
1554506713.316306
1554506714.30199
1554506716.89381
1554506717.94832
1554506719.019318
1554506720.050264
1554506721.764454
1554506723.975362
1554506724.90869
1554506727.468165
1554506729.932077
1554506731.401986
1554506732.333689
1554506734.048013
1554506736.715474
1554506738.878813
1554506739.99171
1554506742.277196
1554506744.103091
1554506745.789971
1554506747.647428
1554506754.191326
1554506755.20864
1554506756.197388
1554506757.207696
1554506758.271792
1554506759.258374
1554506760.203236
1554506761.233548
1554506762.365521
1554506763.420074
1554506764.465608
1554506765.524593
1554506766.509443
1554506767.510675
1554506768.43099
1554506769.467341
1554506770.545842
1554506771.576619
1554506772.525046
1554506773.430396
1554506774.430452
1554506775.43067
1554506776.38532
1554506777.313669
1554506778.379009
1554506779.391915
1554506780.426869
1554506781.403474
1554506782.380341
1554506783.368874
1554506784.341497
1554506785.320863
1554506786.273609
1554506787.44042
1554506788.644247
1554506789.750331
1554506790.846265
1554506791.896636
1554506792.852736
1554506793.799103
1554506794.736856
1554506795.804036
1554506796.814
1554506797.866356
1554506798.808002
1554506799.731422
1554506800.565326
1554506801.659159
1554506802.643558
1554506803.632464
1554506804.534575
1554506805.507602
1554506806.475012
1554506807.497906
1554506808.632005
1554506809.65574
1554506810.573983
1554506811.650496
1554506812.686793
1554506813.798649
1554506814.743809
1554506815.695857
1554506816.766597
1554506817.716626
1554506818.73257
1554506819.801838
1554506820.976379
1554506822.015152
1554506822.960324
1554506823.977146
1554506825.02918
1554506826.105101
1554506827.207419
1554506828.23496
1554506829.101812
1554506830.052038
1554506831.003014
1554506831.94574
1554506832.867039
1554506833.857083
1554506834.980182
1554506835.971021
1554506836.942458
1554506837.899289
1554506838.907511
1554506839.973424
1554506840.912023
1554506841.859679
1554506842.824858
1554506843.798041
1554506844.836332
1554506845.858819
1554506846.832044
1554506847.709303
1554506848.792235
1554506849.789315
1554506850.949772
1554506851.902665
1554506852.943488
1554506853.978775
1554506855.097015
1554506855.932422
1554506856.937805
1554506857.932793
1554506858.887694
1554506859.785539
1554506860.694353
1554506861.654869
1554506862.621775
1554506863.565766
1554506864.42449
1554506865.378893
1554506866.424704
1554506867.413964
1554506868.38403
1554506869.337455
1554506870.33049
1554506871.207404
1554506872.052509
1554506872.964715
1554506873.876399
1554506874.884204
1554506875.920552
1554506876.867556
1554506877.834994
1554506878.752714
1554506879.686183
1554506880.622188
1554506881.524097
1554506882.630787
1554506883.766355
1554506884.885216
1554506886.00408
1554506887.06883
1554506888.172405
1554506889.167934
1554506890.139289
1554506891.143807
1554506892.671574
1554506893.608074
1554506894.539859
1554506895.620372
1554506896.593794
1554506897.809769
1554506898.907256
1554506899.864643
1554506900.794831
1554506901.650777
1554506902.574753
1554506903.607833
1554506904.595146
1554506905.610067
1554506906.579858
1554506907.401683
1554506908.418906
1554506909.460094
1554506910.61014
1554506911.718169
1554506912.689641
1554506913.761701
1554506914.78506
1554506915.858468
1554506916.739495
1554506917.812209
1554506918.955338
1554506920.036624
1554506921.063177
1554506922.050806
1554506923.008298
1554506923.963116
1554506925.005568
1554506925.996726
1554506927.002521
1554506927.933087
1554506928.965442
1554506929.997693
1554506930.949616
1554506931.865687
1554506932.766119
1554506933.831583
1554506934.916031
1554506935.965315
1554506937.024002
1554506938.056455
1554506939.025525
1554506940.141141
1554506941.141471
1554506942.066852
1554506942.922357
1554506943.777688
1554506944.739188
1554506945.679605
1554506946.649369
1554506947.565454
1554506948.555515
1554506949.512256
1554506950.445431
1554506951.437559
1554506952.372629
1554506953.329848
1554506954.324896
1554506955.332025
1554506956.263266
1554506957.156576
1554506958.081302
1554506958.992817
1554506959.964049
1554506960.985695
1554506961.915839
1554506962.844447
1554506963.790993
1554506964.837206
1554506965.774188
1554506966.700437
1554506967.690682
1554506968.627065
1554506969.540101
1554506970.413718
1554506971.360429
1554506972.319418
1554506973.459258
1554506974.480982
1554506975.442946
1554506976.422675
1554506977.404965
1554506978.475336
1554506979.636941
1554506980.764296
1554506981.795648
1554506982.725753
1554506983.62421
1554506984.68536
1554506985.749133
1554506986.730038
1554506987.674695
1554506988.671963
1554506989.624502
1554506990.580351
1554506991.531052
1554506992.427283
1554506993.392519
1554506994.389173
1554506995.375332
1554506996.385937
1554506997.348828
1554506998.267936
1554506999.351885
1554507000.422853
1554507001.525353
1554507002.456484
1554507003.579773
1554507004.502034
1554507005.439172
1554507006.346239
1554507007.370447
1554507008.400971
1554507009.355475
1554507010.401322
1554507011.443412
1554507012.510252
1554507013.618949
1554507014.653691
1554507015.788879
1554507016.766749
1554507017.728516
1554507018.781275
1554507019.792653
1554507020.927264
1554507021.966775
1554507023.095389
1554507024.21854
1554507025.2513
1554507026.272421
1554507027.334035
1554507028.255399
1554507029.230256
1554507030.191562
1554507031.151473
1554507032.053381
1554507032.896336
1554507033.904984
1554507034.781111
1554507035.855074
1554507036.928877
1554507037.986749
1554507038.995264
1554507040.065634
1554507041.065056
1554507042.015419
1554507042.9468
1554507043.878022
1554507044.860929
1554507045.831648
1554507046.78205
1554507047.749649
1554507048.768867
1554507049.705817
1554507050.625008
1554507051.478287
1554507052.403902
1554507053.410456
1554507054.456438
1554507055.484051
1554507056.478686
1554507057.424833
1554507058.401643
1554507059.368312
1554507060.346861
1554507061.256169
1554507062.156659
1554507063.121386
1554507064.110456
1554507065.020354
1554507065.951977
1554507068.317085
1554507069.276207
1554507073.091437
1554507075.502858
1554507076.419251
1554507078.863079
1554507079.752488
1554507081.579361
1554507083.71952
1554507085.829162
1554507087.979903
1554507090.14404
1554507090.978599
1554507093.527544
1554507094.666904
1554507095.749365
1554507096.687391
1554507097.997629
1554507100.510654
1554507101.489238
1554507103.994853
1554507106.345531
1554507108.270314
1554507109.768918
1554507111.561641
1554507113.8818
1554507116.045279
1554507117.038708
1554507118.879434
1554507119.875489
1554507121.68463
1554507123.291189
1554507125.009961
1554507131.344782
1554507132.376513
1554507133.406861
1554507134.386921
1554507135.394241
1554507136.363153
1554507137.353825
1554507138.236803
1554507139.423819
1554507140.509907
1554507141.617143
1554507142.683575
1554507143.75517
1554507144.771759
1554507145.765183
1554507146.859954
1554507147.878578
1554507148.96482
1554507150.05715
1554507151.231786
1554507152.295297
1554507153.449385
1554507154.476072
1554507155.482743
1554507156.610922
1554507157.567739
1554507158.592853
1554507159.532464
1554507160.478537
1554507161.363747
1554507162.42824
1554507163.40941
1554507164.470861
1554507165.499322
1554507166.531944
1554507167.563528
1554507168.85011
1554507169.705014
1554507170.663855
1554507171.770867
1554507172.784203
1554507173.787404
1554507174.740113
1554507175.760137
1554507176.945512
1554507177.860597
1554507179.029911
1554507180.11817
1554507180.990658
1554507182.042471
1554507183.020238
1554507184.094191
1554507185.098095
1554507185.971358
1554507186.956232
1554507187.999386
1554507188.987383
1554507190.012892
1554507190.878592
1554507191.729014
1554507192.660604
1554507193.716532
1554507194.678107
1554507195.778355
1554507196.764519
1554507197.649214
1554507198.511206
1554507199.417043
1554507200.40972
1554507201.43369
1554507202.332209
1554507203.296174
1554507204.267241
1554507205.347882
1554507206.522449
1554507207.564622
1554507208.546392
1554507209.592461
1554507210.507296
1554507211.498131
1554507212.432828
1554507213.300968
1554507214.258904
1554507215.19529
1554507216.100235
1554507217.046209
1554507218.003111
1554507218.918681
1554507219.868889
1554507220.810651
1554507221.787846
1554507222.878897
1554507223.8072
1554507224.816717
1554507225.746676
1554507226.64934
1554507227.615903
1554507228.665962
1554507229.611231
1554507230.684747
1554507231.700661
1554507232.594079
1554507233.459524
1554507234.419784
1554507235.430222
1554507236.39847
1554507237.271472
1554507238.187868
1554507239.045941
1554507239.93143
1554507240.943727
1554507241.834066
1554507242.851573
1554507243.945855
1554507245.084601
1554507246.071093
1554507247.174852
1554507248.200136
1554507249.180348
1554507250.183153
1554507251.194314
1554507252.377063
1554507253.327324
1554507254.285887
1554507255.259432
1554507256.195953
1554507257.139681
1554507258.096452
1554507259.193622
1554507260.19464
1554507261.239514
1554507262.391268
1554507263.542568
1554507264.557584
1554507265.587001
1554507266.617151
1554507267.686628
1554507268.678116
1554507269.676196
1554507270.664275
1554507271.731297
1554507272.746319
1554507273.823794
1554507274.804357
1554507275.726776
1554507276.758302
1554507277.791331
1554507278.853482
1554507279.901706
1554507280.927809
1554507281.897702
1554507282.966834
1554507284.102051
1554507285.168821
1554507286.297631
1554507287.172969
1554507288.078009
1554507289.180238
1554507290.289677
1554507291.459889
1554507292.529769
1554507293.488525
1554507294.423657
1554507295.304956
1554507296.279269
1554507297.205542
1554507298.156082
1554507299.134105
1554507300.161338
1554507301.150569
1554507302.113021
1554507303.022362
1554507303.937624
1554507304.832877
1554507305.892702
1554507306.826215
1554507307.787271
1554507308.68514
1554507309.6029
1554507310.506716
1554507311.487594
1554507312.552712
1554507313.650677
1554507314.573818
1554507315.468516
1554507316.480312
1554507317.408598
1554507318.395396
1554507319.268222
1554507320.20032
1554507321.191241
1554507322.206138
1554507323.221042
1554507324.197708
1554507325.133284
1554507326.016593
1554507326.848251
1554507327.844259
1554507328.74536
1554507329.646645
1554507330.585977
1554507331.540275
1554507332.54889
1554507333.480336
1554507334.571447
1554507335.519143
1554507336.48566
1554507337.487433
1554507338.553931
1554507339.584518
1554507340.511479
1554507341.598194
1554507342.72801
1554507343.713336
1554507344.698686
1554507345.606688
1554507346.559878
1554507347.654618
1554507348.636471
1554507349.779954
1554507350.77862
1554507351.978864
1554507352.879201
1554507353.971676
1554507354.921744
1554507355.948621
1554507356.900854
1554507357.884446
1554507358.860968
1554507359.92637
1554507360.968736
1554507362.151338
1554507363.205568
1554507364.318247
1554507365.354792
1554507366.300807
1554507367.225591
1554507368.186254
1554507369.050968
1554507370.067456
1554507370.974676
1554507371.962185
1554507373.015019
1554507374.053246
1554507374.882817
1554507375.72749
1554507376.652759
1554507377.680306
1554507378.630812
1554507379.599281
1554507380.584967
1554507381.564491
1554507382.657349
1554507383.597022
1554507384.534805
1554507385.623196
1554507386.759078
1554507387.682733
1554507388.73839
1554507389.703004
1554507390.789133
1554507391.797054
1554507392.744189
1554507393.707829
1554507394.7275
1554507395.724778
1554507396.775989
1554507397.745848
1554507398.761411
1554507399.749606
1554507400.761185
1554507401.721158
1554507402.687463
1554507403.60363
1554507404.499433
1554507405.396121
1554507406.442206
1554507407.464514
1554507408.49496
1554507409.573747
1554507410.533603
1554507411.432546
1554507412.580797
1554507413.639274
1554507414.616273
1554507415.513262
1554507416.400085
1554507417.356323
1554507418.323709
1554507419.339752
1554507420.358821
1554507421.505663
1554507422.592315
1554507423.561154
1554507424.494896
1554507425.455159
1554507426.500705
1554507427.525071
1554507428.421271
1554507429.376967
1554507430.239861
1554507431.227947
1554507432.253642
1554507433.067644
1554507434.018295
1554507434.862565
1554507435.691317
1554507436.526273
1554507437.446131
1554507438.407432
1554507439.329447
1554507440.333292
1554507441.298839
1554507443.789566
1554507444.779139
1554507448.274628
1554507450.855029
1554507451.853626
1554507454.454647
1554507455.379134
1554507457.007233
1554507459.869921
1554507462.362976
1554507464.544414
1554507466.979402
1554507467.980232
1554507470.501617
1554507472.243538
1554507473.272634
1554507474.18132
1554507475.068456
1554507477.529346
1554507478.616335
1554507481.110299
1554507483.253992
1554507484.340961
1554507486.18079
1554507487.611989
1554507489.501883
1554507491.514078
1554507493.872272
1554507495.139347
1554507496.937186
1554507498.955074
1554507500.687269
1554507502.619825
1554507504.113043
1554507511.160036
1554507512.139512
1554507513.238929
1554507514.382145
1554507515.5393
1554507516.676764
1554507517.758305
1554507518.669302
1554507519.749703
1554507520.873425
1554507521.921695
1554507522.923129
1554507523.88046
1554507524.882964
1554507525.998974
1554507527.035002
1554507528.067115
1554507529.147062
1554507530.178861
1554507531.152086
1554507532.331923
1554507533.499684
1554507534.588128
1554507535.620008
1554507536.783485
1554507537.839048
1554507538.838287
1554507539.847772
1554507540.801507
1554507541.971716
1554507543.068239
1554507544.135447
1554507545.080027
1554507546.288001
1554507547.372992
1554507548.458189
1554507549.543958
1554507550.519156
1554507551.505682
1554507552.499443
1554507553.362255
1554507554.462837
1554507555.49307
1554507556.55938
1554507557.531579
1554507558.502738
1554507559.665744
1554507560.878371
1554507562.00589
1554507562.907844
1554507563.815699
1554507564.817084
1554507565.898864
1554507566.88094
1554507567.77503
1554507568.758574
1554507569.778964
1554507570.673281
1554507571.558187
1554507572.582323
1554507573.623517
1554507574.525289
1554507575.476863
1554507576.35485
1554507577.263717
1554507578.142087
1554507579.112591
1554507580.116652
1554507581.1796
1554507582.223374
1554507583.212449
1554507584.35201
1554507585.321307
1554507586.397971
1554507587.396517
1554507588.649843
1554507589.617789
1554507590.494793
1554507591.424942
1554507592.43712
1554507593.505379
1554507594.670106
1554507595.833185
1554507596.909435
1554507598.000685
1554507598.996574
1554507599.942725
1554507601.15908
1554507602.313755
1554507603.38061
1554507604.409472
1554507605.38394
1554507606.40821
1554507607.442056
1554507608.3828
1554507609.484906
1554507610.478698
1554507611.344563
1554507612.298243
1554507613.288837
1554507614.428574
1554507615.431781
1554507616.409655
1554507617.307089
1554507618.303099
1554507619.353202
1554507620.386318
1554507621.495165
1554507622.418592
1554507623.269639
1554507624.213557
1554507625.440677
1554507626.611991
1554507627.735238
1554507628.749303
1554507629.613841
1554507630.647648
1554507631.784645
1554507632.952382
1554507634.036134
1554507634.990871
1554507635.907312
1554507636.953501
1554507637.889437
1554507638.857917
1554507639.875961
1554507640.886104
1554507641.902136
1554507643.181931
1554507644.036211
1554507644.887776
1554507645.797285
1554507646.987313
1554507647.936819
1554507648.960631
1554507650.045193
1554507651.166409
1554507652.226121
1554507653.265943
1554507654.458695
1554507655.522515
1554507656.633985
1554507657.707596
1554507658.698923
1554507659.767491
1554507660.898003
1554507661.946858
1554507662.980022
1554507663.944205
1554507664.959809
1554507665.923016
1554507666.905221
1554507667.877867
1554507669.063951
1554507670.048944
1554507671.002253
1554507671.985152
1554507673.104435
1554507674.10302
1554507675.291453
1554507676.46091
1554507677.587425
1554507678.763379
1554507679.744568
1554507680.750626
1554507681.698178
1554507682.639679
1554507683.526601
1554507684.412604
1554507685.447421
1554507686.464906
1554507687.449717
1554507688.444564
1554507689.439474
1554507690.490093
1554507691.484416
1554507692.484717
1554507693.520495
1554507694.604029
1554507695.651371
1554507696.648993
1554507697.563036
1554507698.538604
1554507699.503637
1554507700.414521
1554507701.506395
1554507702.497262
1554507703.406866
1554507704.361474
1554507705.286246
1554507706.229141
1554507707.307369
1554507708.26622
1554507709.249395
1554507710.273811
1554507711.23147
1554507712.089892
1554507713.056223
1554507714.160372
1554507715.285876
1554507716.376065
1554507717.517054
1554507718.472597
1554507719.514594
1554507720.504103
1554507721.501358
1554507722.585676
1554507723.639396
1554507724.644396
1554507725.750046
1554507726.758452
1554507727.751954
1554507728.811869
1554507729.782473
1554507730.846172
1554507731.84418
1554507732.892644
1554507733.938323
1554507734.847257
1554507735.735583
1554507736.758776
1554507737.765462
1554507738.676314
1554507739.848275
1554507740.917816
1554507741.80012
