1554507743.914537
1554507744.937443
1554507746.06792
1554507747.138429
1554507748.148524
1554507749.303021
1554507750.440148
1554507751.578103
1554507752.596025
1554507753.589224
1554507754.6095
1554507755.557757
1554507756.505064
1554507757.499979
1554507758.474658
1554507759.475969
1554507760.419802
1554507761.367763
1554507762.63452
1554507764.000316
1554507765.128301
1554507766.187662
1554507767.230286
1554507768.351384
1554507769.47003
1554507770.466151
1554507771.440439
1554507772.364654
1554507773.320915
1554507774.280063
1554507775.29444
1554507776.27789
1554507777.453775
1554507778.459067
1554507779.414086
1554507780.371625
1554507781.576575
1554507782.578556
1554507783.648028
1554507784.646367
1554507785.637832
1554507786.620869
1554507787.674141
1554507788.65965
1554507789.520157
1554507790.561525
1554507791.509132
1554507792.426827
1554507793.410906
1554507794.335133
1554507795.15362
1554507795.99327
1554507796.923703
1554507797.949986
1554507799.00353
1554507800.056601
1554507801.02715
1554507802.021091
1554507802.998023
1554507803.978308
1554507805.020551
1554507805.971447
1554507806.879396
1554507807.739732
1554507808.584779
1554507809.490715
1554507810.55707
1554507811.595382
1554507812.690064
1554507813.710198
1554507814.81283
1554507815.783221
1554507816.784543
1554507817.855677
1554507818.814913
1554507819.785239
1554507820.788236
1554507821.782812
1554507822.756173
1554507823.873017
1554507824.73917
1554507825.74716
1554507826.829779
1554507827.931835
1554507828.949369
1554507831.617435
1554507832.658541
1554507836.156655
1554507839.140079
1554507840.19398
1554507842.971612
1554507844.121484
1554507846.246824
1554507848.836698
1554507851.534069
1554507853.946923
1554507856.12521
1554507857.22023
1554507859.487547
1554507860.919812
1554507862.10596
1554507863.110878
1554507864.099564
1554507866.793683
1554507867.748089
1554507870.550474
1554507872.519059
1554507873.628464
1554507874.660493
1554507876.545091
1554507878.490064
1554507880.351227
1554507882.669469
1554507884.930304
1554507886.143192
1554507888.166871
1554507889.157609
1554507890.792868
1554507892.883552
1554507894.534335
1554507901.594976
1554507902.628539
1554507903.907572
1554507905.013195
1554507906.188515
1554507907.284297
1554507908.396227
1554507909.490252
1554507910.474809
1554507911.552244
1554507912.61316
1554507913.899621
1554507915.470631
1554507916.778551
1554507917.842685
1554507918.91823
1554507920.007709
1554507921.060126
1554507922.113527
1554507923.116875
1554507924.160851
1554507925.271662
1554507926.334852
1554507927.328332
1554507928.407732
1554507929.486296
1554507930.455117
1554507931.429023
1554507932.548654
1554507933.609017
1554507934.662741
1554507935.778586
1554507936.893976
1554507938.069524
1554507939.229332
1554507940.316474
1554507941.277189
1554507942.28778
1554507943.295737
1554507944.320565
1554507945.477029
1554507946.492778
1554507947.386001
1554507948.399607
1554507949.347878
1554507950.534513
1554507951.630766
1554507952.668532
1554507953.619196
1554507954.535365
1554507955.645794
1554507956.628208
1554507957.624635
1554507958.732951
1554507959.958633
1554507961.01506
1554507962.199307
1554507963.362579
1554507964.238471
1554507965.146922
1554507966.257067
1554507967.234082
1554507968.239009
1554507969.231974
1554507970.261703
1554507971.278751
1554507972.220581
1554507973.20669
1554507974.195787
1554507975.202848
1554507976.237235
1554507977.17046
1554507978.162141
1554507979.114543
1554507980.067298
1554507981.047576
1554507982.008633
1554507982.972533
1554507983.962614
1554507984.958438
1554507986.034646
1554507987.154132
1554507988.601589
1554507989.765619
1554507990.690766
1554507991.726465
1554507992.866405
1554507994.017946
1554507995.043473
1554507995.98806
1554507996.933376
1554507997.845191
1554507998.723402
1554507999.874436
1554508000.978413
1554508002.120044
1554508003.238183
1554508004.154547
1554508005.152729
1554508006.141881
1554508007.257567
1554508008.291208
1554508009.223004
1554508010.203617
1554508011.168243
1554508012.088229
1554508013.039418
1554508014.038394
1554508014.972408
1554508015.984011
1554508016.980134
1554508018.078784
1554508019.199561
1554508020.224846
1554508021.399858
1554508022.52004
1554508023.692045
1554508024.800478
1554508025.788128
1554508026.914012
1554508028.059054
1554508029.131482
1554508030.195487
1554508031.183605
1554508032.249344
1554508033.460713
1554508034.581512
1554508035.731481
1554508036.811483
1554508037.967126
1554508039.085306
1554508040.3174
1554508041.445156
1554508042.53692
1554508043.635087
1554508045.005686
1554508046.496197
1554508047.591386
1554508048.686147
1554508049.837992
1554508050.868415
1554508051.888091
1554508052.97205
1554508054.05456
1554508055.044872
1554508056.123803
1554508057.184637
1554508058.333606
1554508059.399808
1554508060.445742
1554508061.384363
1554508062.438611
1554508063.398079
1554508064.390246
1554508065.499236
1554508066.632161
1554508067.703605
1554508068.684385
1554508069.66116
1554508070.643134
1554508071.581877
1554508072.463324
1554508073.653424
1554508074.736852
1554508075.727866
1554508076.755867
1554508077.778156
1554508078.802449
1554508079.806189
1554508080.917883
1554508082.079112
1554508083.166497
1554508084.185967
1554508085.172435
1554508086.327371
1554508087.326946
1554508088.454337
1554508089.586581
1554508090.548791
1554508091.573275
1554508092.599484
1554508093.506681
1554508094.552195
1554508095.54585
1554508096.586429
1554508097.62987
1554508098.619845
1554508099.642851
1554508100.60545
1554508101.521841
1554508102.704305
1554508103.81588
1554508104.781213
1554508105.765685
1554508106.634436
1554508107.611477
1554508108.598217
1554508109.633734
1554508110.593844
1554508111.538034
1554508112.457036
1554508113.424658
1554508114.411069
1554508115.547418
1554508116.57925
1554508117.627165
1554508118.720081
1554508119.760404
1554508120.720684
1554508121.67383
1554508122.830201
1554508123.875806
1554508124.962548
1554508126.019328
1554508127.069968
1554508128.214835
1554508129.256974
1554508130.40482
1554508131.391384
1554508132.339383
1554508133.463943
1554508134.522725
1554508135.488426
1554508136.416248
1554508137.493207
1554508138.658219
1554508139.852422
1554508140.830804
1554508141.788529
1554508142.938668
1554508143.905605
1554508144.853814
1554508145.804175
1554508146.747371
1554508147.567285
1554508148.498198
1554508149.486387
1554508150.482727
1554508151.461964
1554508152.535331
1554508153.496604
1554508154.534173
1554508155.496587
1554508156.514561
1554508157.640533
1554508158.789578
1554508159.92439
1554508161.016874
1554508162.156903
1554508163.17877
1554508164.210278
1554508165.131308
1554508166.150227
1554508167.13324
1554508168.08859
1554508168.969604
1554508169.798749
1554508170.722957
1554508171.836569
1554508172.831353
1554508173.906715
1554508174.965686
1554508176.031576
1554508177.04695
1554508177.989595
1554508178.996905
1554508179.886362
1554508180.884297
1554508181.88734
1554508182.893066
1554508183.766082
1554508184.654335
1554508185.623913
1554508186.511467
1554508187.400739
1554508188.379115
1554508189.390085
1554508190.307001
1554508191.197742
1554508192.05416
1554508193.078908
1554508193.919801
1554508194.884715
1554508195.889463
1554508196.937279
1554508197.95693
1554508198.844791
1554508199.706473
1554508200.665134
1554508201.531926
1554508202.506746
1554508203.497692
1554508204.433689
1554508205.406917
1554508206.272949
1554508207.387671
1554508208.3253
1554508209.325173
1554508210.215363
1554508211.113402
1554508211.922687
1554508212.810075
1554508213.746469
1554508214.699788
1554508215.649744
1554508216.536256
1554508217.334057
1554508218.403985
1554508219.357838
1554508220.199195
1554508221.057494
1554508223.491211
1554508224.454467
1554508228.421903
1554508230.865852
1554508231.916941
1554508234.324379
1554508235.270593
1554508237.351644
1554508239.531744
1554508241.869117
1554508244.144297
1554508245.081925
1554508247.237972
1554508249.652249
1554508250.603298
1554508252.025944
1554508252.928662
1554508253.763542
1554508256.053985
1554508257.173662
1554508259.583894
1554508262.050827
1554508263.138315
1554508264.100424
1554508265.049383
1554508267.060616
1554508268.427426
1554508270.777181
1554508273.067182
1554508274.953054
1554508275.979633
1554508277.869724
1554508278.883072
1554508280.725185
1554508282.573386
1554508284.430175
1554508290.853832
1554508291.904885
1554508292.963508
1554508294.023214
1554508295.118675
1554508296.293661
1554508297.315437
1554508298.277746
1554508299.425977
1554508300.492087
1554508301.671785
1554508302.75079
1554508303.772687
1554508304.706044
1554508305.720904
1554508306.842372
1554508307.850922
1554508308.911612
1554508309.846213
1554508310.711308
1554508311.752102
1554508312.700624
1554508313.679315
1554508314.701909
1554508315.892677
1554508317.106089
1554508318.242179
1554508319.192939
1554508320.200735
1554508321.223548
1554508322.29181
1554508323.269237
1554508324.398045
1554508325.506402
1554508326.539166
1554508327.544667
1554508328.554285
1554508329.551011
1554508330.417466
1554508331.398031
1554508332.334548
1554508333.204418
1554508334.218878
1554508335.180397
1554508336.173293
1554508337.090809
1554508338.091852
1554508339.054014
1554508340.050067
1554508341.050766
1554508342.077073
1554508342.929701
1554508343.881474
1554508344.822323
1554508345.815652
1554508346.861101
1554508348.032663
1554508349.11233
1554508350.300162
1554508351.392267
1554508352.542927
1554508353.546032
1554508354.548008
1554508355.50235
1554508356.373536
1554508357.408612
1554508358.351267
1554508359.301674
1554508360.342627
1554508361.405667
1554508362.58842
1554508363.574833
1554508364.608827
1554508365.598474
1554508366.618864
1554508367.586801
1554508368.546448
1554508369.606776
1554508370.64439
1554508371.592338
1554508372.631522
1554508373.699404
1554508374.907737
1554508375.910173
1554508376.850876
1554508377.780242
1554508378.773331
1554508379.880627
1554508380.888131
1554508381.879807
1554508382.903136
1554508383.93349
1554508384.908817
1554508385.851975
1554508386.845179
1554508387.899065
1554508389.090406
1554508390.161977
1554508391.169565
1554508392.187523
1554508393.194617
1554508394.225119
1554508395.28892
1554508396.263401
1554508397.189088
1554508398.27292
1554508399.346012
1554508400.591884
1554508401.562002
1554508402.474745
1554508403.626591
1554508404.603664
1554508405.467935
1554508406.433256
1554508407.423393
1554508408.365847
1554508409.486523
1554508410.524483
1554508411.612568
1554508412.741171
1554508413.663271
1554508414.611109
1554508415.502627
1554508416.541605
1554508417.636723
1554508418.605494
1554508419.462926
1554508420.466822
1554508421.33826
1554508422.227973
1554508423.322919
1554508424.286217
1554508425.266721
1554508426.401353
1554508427.410849
1554508428.410974
1554508429.522634
1554508430.556064
1554508431.539831
1554508432.493187
1554508433.503382
1554508434.72042
1554508435.826005
1554508436.897147
1554508437.899255
1554508438.939552
1554508440.026472
1554508441.224115
1554508442.395802
1554508443.391308
1554508444.51986
1554508445.615323
1554508446.852208
1554508447.929519
1554508448.917121
1554508450.097635
1554508451.079638
1554508452.055916
1554508453.013168
1554508454.004908
1554508454.964112
1554508455.932944
1554508456.851903
1554508457.98123
1554508459.137052
1554508460.349829
1554508461.345472
1554508462.457133
1554508463.406815
1554508464.392744
1554508465.328985
1554508466.239934
1554508467.211117
1554508468.241721
1554508469.212802
1554508470.1725
1554508471.23587
1554508472.257635
1554508473.324506
1554508474.208715
1554508475.093364
1554508476.143561
1554508477.143801
1554508478.236374
1554508479.158836
1554508480.046116
1554508480.975922
1554508482.038948
1554508483.011508
1554508483.924811
1554508484.825828
1554508485.821774
1554508486.903054
1554508487.920744
1554508488.77918
1554508489.736751
1554508490.605669
1554508491.466639
1554508492.433403
1554508493.517137
1554508494.48292
1554508495.462578
1554508496.558113
1554508497.542262
1554508498.595346
1554508499.59366
1554508500.515413
1554508501.482236
1554508502.472504
1554508503.570845
1554508504.587763
1554508505.559762
1554508506.497375
1554508507.439183
1554508508.349923
1554508509.256782
1554508510.176127
1554508511.129434
1554508512.206702
1554508513.201772
1554508514.124818
1554508515.311475
1554508516.338612
1554508517.317962
1554508518.214845
1554508519.259951
1554508520.246866
1554508521.079384
1554508521.986739
1554508523.007399
1554508524.022237
1554508525.063772
1554508526.01651
1554508527.022933
1554508527.976174
1554508528.88029
1554508529.830501
1554508530.794195
1554508531.693007
1554508532.856902
1554508534.004223
1554508535.220198
1554508536.432487
1554508537.51217
1554508538.53798
1554508539.58491
1554508540.643888
1554508541.618657
1554508542.620262
1554508543.656666
1554508544.668223
1554508545.641095
1554508546.728971
1554508547.830339
1554508548.764944
1554508549.662692
1554508550.557887
1554508551.687995
1554508552.587499
1554508553.533787
1554508554.579911
1554508555.677764
1554508556.736968
1554508557.752677
1554508558.681338
1554508559.624536
1554508560.483026
1554508561.387512
1554508562.33538
1554508563.26655
1554508564.185409
1554508565.144837
1554508566.080753
1554508566.879239
1554508567.800346
1554508568.68863
1554508569.718787
1554508570.83717
1554508572.028075
1554508573.249992
1554508574.24688
1554508575.387267
1554508576.466635
1554508577.496628
1554508578.4658
1554508579.519841
1554508580.511642
1554508581.566579
1554508582.539875
1554508583.448643
1554508584.43078
1554508585.345969
1554508586.299478
1554508587.496904
1554508588.480912
1554508589.457758
1554508590.490485
1554508591.388018
1554508592.283502
1554508593.197235
1554508594.102524
1554508595.095861
1554508596.081312
1554508597.01611
1554508597.965204
1554508598.881441
1554508599.749755
1554508600.651452
1554508601.728417
1554508602.693544
1554508605.660965
1554508606.651937
1554508609.858271
1554508612.282922
1554508613.14746
1554508615.768486
1554508616.730655
1554508618.326461
1554508621.064916
1554508623.283468
1554508625.829951
1554508627.005462
1554508628.09708
1554508630.23691
1554508631.144482
1554508632.144637
1554508633.599182
1554508634.54508
1554508636.776902
1554508637.874991
1554508640.42037
1554508643.025208
1554508644.820834
1554508645.899966
1554508646.862348
1554508648.742172
1554508650.409931
1554508652.781575
1554508654.741647
1554508656.640136
1554508658.348033
1554508660.569122
1554508662.52563
1554508663.404695
1554508664.928419
1554508666.739479
1554508668.80578
1554508675.292323
1554508676.524805
1554508677.593171
1554508678.602625
1554508679.750315
1554508680.766244
1554508681.760186
1554508682.729567
1554508683.612956
1554508684.718005
1554508685.636312
1554508686.792647
1554508687.754562
1554508688.740773
1554508689.928687
1554508690.956585
1554508691.849316
1554508692.7989
1554508693.854928
1554508694.734777
1554508695.610871
1554508696.610136
1554508697.714126
1554508698.905367
1554508699.881007
1554508700.802815
1554508701.841385
1554508702.875994
1554508703.830063
1554508704.809299
1554508705.736342
1554508706.768311
1554508707.908808
1554508708.950358
1554508710.117235
1554508711.228822
1554508712.292925
1554508713.410176
1554508714.483727
1554508715.565212
1554508716.571897
1554508717.599971
1554508718.648224
1554508719.652216
1554508720.655606
1554508721.68476
1554508722.591717
1554508723.661031
1554508724.630029
1554508725.56894
1554508726.756043
1554508727.915682
1554508728.890873
1554508729.793841
1554508730.830164
1554508731.903728
1554508732.944996
1554508733.963431
1554508734.816772
1554508735.876805
1554508736.925606
1554508737.986803
1554508739.180497
1554508740.403724
1554508741.564632
1554508742.552586
1554508743.520071
1554508744.552429
1554508745.717467
1554508746.763438
1554508747.777933
1554508748.899283
1554508750.0392
1554508751.131992
1554508752.241605
1554508753.380554
1554508754.460952
1554508755.501253
1554508756.526769
1554508757.486985
1554508758.382743
1554508759.364574
1554508760.529866
1554508761.526601
1554508762.537048
1554508763.587326
1554508764.803799
1554508765.933106
1554508766.990735
1554508767.907105
1554508768.829676
1554508769.775817
1554508770.772448
1554508771.812826
1554508772.785408
1554508773.777599
1554508774.832307
1554508775.951964
1554508776.91698
1554508778.07693
1554508778.987587
1554508779.992738
1554508781.023797
1554508781.923409
1554508782.971453
1554508783.954363
1554508784.944789
1554508785.965778
1554508786.936456
1554508787.77761
1554508788.789549
1554508789.790809
1554508790.865842
1554508792.004055
1554508793.003805
1554508793.866699
1554508794.885501
1554508795.806484
1554508796.923312
1554508797.991161
1554508798.878736
1554508799.969503
1554508801.090032
1554508802.05526
1554508803.038068
1554508803.986822
1554508804.986296
1554508805.94726
1554508806.949009
1554508808.003058
1554508809.036122
1554508810.046374
1554508811.027707
1554508811.985867
1554508812.925749
1554508813.925742
1554508814.885318
1554508815.749107
1554508816.605091
1554508817.587205
1554508818.79496
1554508819.767172
1554508820.816582
1554508821.918549
1554508823.062235
1554508824.23999
1554508825.167812
1554508826.33926
1554508827.407404
1554508828.520369
1554508829.493088
1554508830.582677
1554508831.645128
1554508832.618137
1554508833.577887
1554508834.616614
1554508835.646179
1554508836.660422
1554508837.584323
1554508838.423547
1554508839.360132
1554508840.370641
1554508841.457162
1554508842.469801
1554508843.386412
1554508844.246993
1554508845.095846
1554508846.041594
1554508847.069094
1554508848.060932
1554508849.023934
1554508850.104771
1554508851.187826
1554508852.248421
1554508853.12067
1554508854.020273
1554508855.022068
1554508856.001521
1554508856.914242
1554508857.963882
1554508859.060643
1554508860.109124
1554508861.078136
1554508862.130156
1554508863.186438
1554508864.14268
1554508865.128665
1554508866.09352
1554508867.112039
1554508868.117789
1554508869.045732
1554508869.922738
1554508870.924418
1554508871.921554
1554508872.983237
1554508873.943997
1554508874.857455
1554508875.813149
1554508876.724431
1554508877.767722
1554508879.01473
1554508880.039997
1554508881.125302
1554508882.03275
1554508882.910951
1554508883.748464
1554508884.722416
1554508885.833127
1554508886.796221
1554508887.812974
1554508888.737447
1554508889.685788
1554508890.610418
1554508891.645323
1554508892.809205
1554508893.717923
1554508894.717155
1554508895.677028
1554508896.64956
1554508897.581533
1554508898.440551
1554508899.400459
1554508900.256603
1554508901.118903
1554508902.09036
1554508903.058681
1554508903.926334
1554508904.837574
1554508905.751328
1554508906.675288
1554508907.591031
1554508908.530633
1554508909.452781
1554508910.66034
1554508911.589703
1554508912.588026
1554508913.497097
1554508914.541954
1554508915.538802
1554508916.499235
1554508917.423832
1554508918.437138
1554508919.650962
1554508920.650747
1554508921.727735
1554508922.720743
1554508923.685856
1554508924.661269
1554508925.625125
1554508926.653539
1554508927.667659
1554508928.656233
1554508929.659048
1554508930.759897
1554508931.911708
1554508933.094653
1554508934.143221
1554508935.083529
1554508935.970518
1554508936.928504
1554508937.908291
1554508938.923763
1554508939.961387
1554508941.085631
1554508942.035054
1554508942.931475
1554508943.771852
1554508944.648354
1554508945.578066
1554508946.466595
1554508947.468476
1554508948.394745
1554508949.287996
1554508950.172699
1554508951.087401
1554508951.991911
1554508952.995149
1554508953.91936
1554508954.831205
1554508955.659847
1554508956.476246
1554508957.329887
1554508958.246959
1554508959.26062
1554508960.158444
1554508961.06788
1554508961.964704
1554508962.858764
1554508963.802491
1554508964.764455
1554508965.629332
1554508966.470922
1554508967.283532
1554508968.110324
1554508968.929641
1554508969.856664
1554508970.782884
1554508971.585985
1554508972.450409
1554508973.275567
1554508974.130708
1554508975.138791
1554508976.056335
1554508976.968785
1554508977.892732
1554508978.824655
1554508979.721186
1554508980.669727
1554508981.633342
1554508984.241989
1554508985.070943
1554508988.551506
1554508991.089974
1554508991.962415
1554508994.311167
1554508995.297155
1554508997.008474
1554508999.217283
1554509001.370454
1554509003.631095
1554509004.576554
1554509005.704465
1554509007.854898
1554509010.073451
1554509011.045754
1554509012.348297
1554509013.283712
1554509015.364026
1554509016.986217
1554509019.294947
1554509020.203024
1554509022.622176
1554509024.668535
1554509025.675714
1554509028.055963
1554509029.050932
1554509031.029044
1554509033.189561
1554509035.230022
1554509037.285269
1554509039.197857
1554509041.407767
1554509042.937962
1554509044.116105
1554509045.675069
1554509047.752328
1554509049.303856
1554509055.911819
1554509056.950954
1554509058.089402
1554509059.206381
1554509060.222557
1554509061.342939
1554509062.354029
1554509063.415972
1554509064.460056
1554509065.471295
1554509066.405291
1554509067.393304
1554509068.304772
1554509069.195253
1554509070.205861
1554509071.316265
1554509072.380216
1554509073.328265
1554509074.227885
1554509075.084549
1554509076.073726
1554509076.948512
1554509077.858921
1554509078.939856
1554509079.950226
1554509081.103152
1554509082.129587
1554509083.038913
1554509083.989637
1554509085.028307
1554509086.205935
1554509087.212103
1554509088.219809
1554509089.125248
1554509090.070679
1554509091.000849
1554509091.968903
1554509093.067824
1554509094.204751
1554509095.281901
1554509096.348635
1554509097.364403
1554509098.375788
1554509099.37161
1554509100.371696
1554509101.271685
1554509102.321489
1554509103.319801
1554509104.207929
1554509105.191031
1554509106.203415
1554509107.096689
1554509108.131826
1554509109.162057
1554509110.182241
1554509111.064426
1554509112.004589
1554509112.978484
1554509114.03
1554509115.053514
1554509116.258242
1554509117.441244
1554509118.41942
1554509119.416671
1554509120.442138
1554509121.439383
1554509122.434867
1554509123.489845
1554509124.400718
1554509125.345154
1554509126.305462
1554509127.311008
1554509128.366046
1554509129.337313
1554509130.287685
1554509131.38627
1554509132.494074
1554509133.509657
1554509134.451183
1554509135.356203
1554509136.247445
1554509137.261957
1554509138.253906
1554509139.293011
1554509140.359282
1554509141.443347
1554509142.442916
1554509143.333026
1554509144.322756
1554509145.524209
1554509146.598888
1554509147.468426
1554509148.547434
1554509149.843697
1554509151.057029
1554509152.083247
1554509153.061513
1554509154.057567
1554509154.954538
1554509155.887527
1554509156.875102
1554509157.801846
1554509158.718179
1554509159.627959
1554509160.53909
1554509161.465582
1554509162.43667
1554509163.431395
1554509164.325358
1554509165.38739
1554509166.330789
1554509167.440375
1554509168.395867
1554509169.219832
1554509170.17225
1554509171.151452
1554509172.141309
1554509173.190895
1554509174.134102
1554509175.013767
1554509175.946739
1554509176.935944
1554509177.852492
1554509178.764117
1554509179.870282
1554509180.862841
1554509181.852563
1554509182.900909
1554509183.932832
1554509184.986441
1554509185.948245
1554509186.911114
1554509187.972255
1554509188.869375
1554509189.817337
1554509190.794057
1554509191.709423
1554509192.650603
1554509193.66645
1554509194.67427
1554509195.613424
1554509196.605909
1554509197.665962
1554509198.653568
1554509199.634321
1554509200.651954
1554509201.661587
1554509202.623714
1554509203.734459
1554509204.827829
1554509205.841372
1554509206.907643
1554509207.869303
1554509208.889028
1554509209.904628
1554509210.872563
1554509211.809175
1554509212.737974
1554509213.729188
1554509214.672285
1554509215.69579
1554509216.713437
1554509217.742204
1554509218.800086
1554509219.756962
1554509220.845726
1554509221.883246
1554509222.881532
1554509223.889447
1554509224.74864
1554509225.697394
1554509226.624185
1554509227.483721
1554509228.542249
1554509229.510344
1554509230.614749
1554509231.710721
1554509232.689525
1554509233.597152
1554509234.55594
1554509235.549696
1554509236.561794
1554509237.525076
1554509238.448744
1554509239.433255
1554509240.424954
1554509241.459987
1554509242.434456
1554509243.385388
1554509244.305065
1554509245.368536
1554509246.367005
1554509247.328128
1554509248.410929
1554509249.418675
1554509250.424972
1554509251.350691
1554509252.260433
1554509253.301629
1554509254.295858
1554509255.249084
1554509256.085054
1554509256.99417
1554509258.164513
1554509259.172047
1554509260.13195
1554509261.085252
1554509261.941204
1554509262.910739
1554509263.991106
1554509264.927202
1554509265.92792
1554509266.927506
1554509267.943023
1554509268.861956
1554509269.833394
1554509270.766007
1554509271.716745
1554509272.686094
1554509273.716835
1554509274.784859
1554509275.806034
1554509276.832928
1554509277.878983
1554509278.926895
1554509279.900928
1554509280.833818
1554509281.778996
1554509282.687146
1554509283.619971
1554509284.591048
1554509285.505959
1554509286.527838
1554509287.480864
1554509288.407461
1554509289.407616
1554509290.518561
1554509291.538623
1554509292.422699
1554509293.343976
1554509294.193085
1554509295.031271
1554509296.099143
1554509297.14791
1554509298.217799
1554509299.188685
1554509300.147495
1554509301.117039
1554509302.148588
1554509303.08887
1554509304.025355
1554509305.090816
1554509306.030745
1554509307.078409
1554509308.016755
1554509309.149206
1554509310.223879
1554509311.233802
1554509312.223328
1554509313.177181
1554509314.103831
1554509315.091318
1554509316.035559
1554509316.87772
1554509317.719251
1554509318.639096
1554509319.515875
1554509320.512678
1554509321.555099
1554509322.515839
1554509323.454172
1554509324.468731
1554509325.611847
1554509326.715865
1554509327.670982
1554509328.590038
1554509329.507503
1554509330.464559
1554509331.387184
1554509332.332185
1554509333.400649
1554509334.482756
1554509335.48027
1554509336.583557
1554509337.472781
1554509338.40335
1554509339.426281
1554509340.539893
1554509341.505292
1554509342.517913
1554509343.49212
1554509344.573061
1554509345.567103
1554509346.64138
1554509347.628446
1554509348.725395
1554509349.72193
1554509350.672492
1554509351.582367
1554509352.545367
1554509353.496678
1554509354.520553
1554509355.592347
1554509356.494842
1554509357.322293
1554509358.185563
1554509359.105932
1554509360.00671
1554509362.542933
1554509363.656292
1554509367.010626
1554509369.6718
1554509370.673209
1554509373.232283
1554509374.229541
1554509375.865472
1554509378.490886
1554509380.780731
1554509383.338973
1554509384.229943
1554509385.247692
1554509387.466357
1554509388.388175
1554509390.911809
1554509392.235239
1554509393.256755
1554509395.486105
1554509397.091611
1554509399.415016
1554509400.412386
1554509402.629887
1554509404.37828
1554509405.336591
1554509407.131251
1554509408.302199
1554509410.409174
1554509412.683407
1554509415.178191
1554509416.858975
1554509418.965344
1554509420.814946
1554509422.570608
1554509423.484304
1554509424.983339
1554509426.7919
1554509428.560129
1554509430.108319
1554509436.527296
1554509437.511189
1554509438.482765
1554509439.444888
1554509440.433563
1554509441.457348
1554509442.422374
1554509443.303448
1554509444.261856
1554509445.372799
1554509446.385512
1554509447.648972
1554509448.701773
1554509449.552694
1554509450.487695
1554509451.429652
1554509452.449813
1554509453.400777
1554509454.52275
1554509455.520063
1554509456.536547
1554509457.64526
1554509458.734144
1554509459.810208
1554509460.843067
1554509461.780782
1554509462.805364
1554509463.880724
1554509464.944237
1554509466.009523
1554509467.133834
1554509468.14826
1554509469.20947
1554509470.098405
1554509471.068854
1554509472.006021
1554509473.003322
1554509473.96826
1554509475.083673
1554509475.97678
1554509477.149003
1554509478.14276
1554509479.108333
1554509480.200281
1554509481.102212
1554509482.08631
1554509483.091733
1554509484.055749
1554509485.044771
1554509486.055925
1554509486.936562
1554509487.818429
1554509488.749172
1554509489.65225
1554509490.522205
1554509491.465482
1554509492.384159
1554509493.355606
1554509494.342041
1554509495.377011
1554509496.345025
1554509497.364753
1554509498.285917
1554509499.392935
1554509500.284196
1554509501.188973
1554509502.227761
1554509503.196676
1554509504.124055
1554509505.10724
1554509506.021568
1554509506.953615
1554509507.952003
1554509508.969278
1554509509.93589
1554509510.917376
1554509511.900772
1554509512.989095
1554509513.986661
1554509514.958035
1554509515.923821
1554509516.96905
1554509517.999444
1554509519.037943
1554509519.968237
1554509520.812823
1554509521.857138
1554509522.738069
1554509523.621832
1554509524.580086
1554509525.664957
1554509527.07975
1554509528.149705
1554509529.049515
1554509530.119383
1554509531.05235
1554509532.013462
1554509532.962902
1554509533.862817
1554509534.943145
1554509535.932367
1554509537.064315
1554509538.079389
1554509538.957393
1554509540.013558
1554509541.092261
1554509542.038125
1554509542.935741
1554509543.861818
1554509544.714834
1554509545.661162
1554509546.557879
1554509547.698089
1554509548.636838
1554509549.646908
1554509550.622749
1554509551.540491
1554509552.605265
1554509553.584941
1554509554.530685
1554509555.46948
1554509556.320407
1554509557.281721
1554509558.147634
1554509559.093119
1554509560.064035
1554509561.035914
1554509561.884596
1554509562.918725
1554509563.961813
1554509564.942074
1554509565.900287
1554509566.875818
1554509567.879803
1554509568.840967
1554509569.96786
1554509570.961342
1554509571.982047
1554509572.893127
1554509573.811714
1554509574.71641
1554509575.696871
1554509576.760888
1554509577.805648
1554509578.956424
1554509580.072395
1554509581.031723
1554509582.042188
1554509582.974093
1554509584.029501
1554509584.908822
1554509585.837933
1554509586.905261
1554509587.919847
1554509588.938626
1554509589.932306
1554509590.950285
1554509592.004784
1554509593.103784
1554509594.181487
1554509595.170516
1554509596.119918
1554509597.103888
1554509598.091258
1554509598.987932
1554509600.126517
1554509601.14804
1554509602.115392
1554509603.094325
1554509604.072074
1554509604.941988
1554509605.840451
1554509606.710853
1554509607.621529
1554509608.47635
1554509609.362966
1554509610.223989
1554509611.06159
1554509611.984696
1554509612.875811
1554509613.912174
1554509614.922292
1554509616.032893
1554509617.124602
1554509618.188504
1554509619.232574
1554509620.215855
1554509621.101033
1554509621.996262
1554509622.804005
1554509623.832209
1554509624.994765
1554509626.070273
1554509627.129052
1554509628.290278
1554509629.511143
1554509630.457974
1554509631.416934
1554509632.375257
1554509633.323726
1554509634.321922
1554509635.343331
1554509636.304921
1554509637.301665
1554509638.32457
1554509639.325055
1554509640.240722
1554509641.16799
1554509642.142548
1554509643.070485
1554509643.977991
1554509644.942626
1554509645.905193
1554509646.765464
1554509647.690993
1554509648.584762
1554509649.577324
1554509650.559027
1554509651.527248
1554509652.397982
1554509653.269
1554509654.197606
1554509655.128498
1554509656.033654
1554509656.865233
1554509657.892136
1554509658.918331
1554509659.992186
1554509660.978021
1554509661.902712
1554509662.883074
1554509663.891878
1554509664.763181
1554509665.659044
1554509666.550336
1554509667.468384
1554509668.351548
1554509669.307576
1554509670.30996
1554509671.240722
1554509672.12457
1554509672.999356
1554509673.916421
1554509674.899325
1554509675.897467
1554509676.820869
1554509677.672035
1554509678.716201
1554509679.590343
1554509680.539765
1554509681.496666
1554509682.52405
1554509683.467091
1554509684.402135
1554509685.332775
1554509686.2454
1554509687.167424
1554509688.032413
1554509689.027094
1554509689.956216
1554509690.831926
1554509691.725415
1554509692.772093
1554509693.869826
1554509694.846238
1554509695.818153
1554509696.739488
1554509697.603692
1554509698.546921
1554509699.47388
1554509700.409865
1554509701.417274
1554509702.456843
1554509703.377546
1554509704.259293
1554509705.29998
1554509706.447103
1554509707.431373
1554509708.356521
1554509709.217592
1554509710.123616
1554509711.039644
1554509711.982219
1554509713.061654
1554509714.144173
1554509715.192718
1554509716.12325
1554509717.228424
1554509718.415116
1554509719.431197
1554509720.536507
1554509721.461307
1554509722.397028
1554509723.305872
1554509724.352445
1554509725.452356
1554509726.277359
1554509727.21484
1554509728.124158
1554509728.999171
1554509730.023882
1554509731.097201
1554509732.050082
1554509732.996247
1554509733.901393
1554509734.795546
1554509735.728879
1554509738.639164
1554509739.770322
1554509743.247646
1554509745.906541
1554509747.105018
1554509749.335323
1554509750.337012
1554509752.124152
1554509753.008142
1554509755.633137
1554509757.644263
1554509758.600281
1554509759.434649
1554509760.265848
1554509763.03943
1554509763.993853
1554509766.184509
1554509767.076495
1554509767.970371
1554509770.432576
1554509772.556197
1554509774.918308
1554509775.806126
1554509778.363737
1554509780.352578
1554509781.275336
1554509783.395688
1554509784.454229
1554509786.184202
1554509788.73059
1554509790.329448
1554509792.069115
1554509794.051197
1554509795.986354
1554509797.811798
1554509798.794089
1554509800.16038
1554509801.880283
1554509803.437145
1554509805.259617
1554509811.509265
1554509812.753188
1554509813.993966
1554509815.004349
1554509816.267957
1554509817.436787
1554509818.661652
1554509819.737543
1554509820.765733
1554509821.74865
1554509822.767836
1554509823.792087
1554509824.878792
1554509825.985261
1554509827.150442
1554509828.241043
1554509829.247132
1554509830.271255
1554509831.33942
1554509832.42055
1554509833.463203
1554509834.451809
1554509835.322564
1554509836.352343
1554509837.375836
1554509838.444302
1554509839.486833
1554509840.471222
1554509841.437412
1554509842.533656
1554509843.542319
1554509844.637089
1554509845.604067
1554509846.583974
1554509847.621089
1554509848.775407
1554509849.866549
1554509850.892818
1554509851.963689
1554509853.113856
1554509854.221372
1554509855.370409
1554509856.464973
1554509857.466871
1554509858.365263
1554509859.384508
1554509860.363645
1554509861.32863
1554509862.407253
1554509863.376853
1554509864.456513
1554509865.528198
1554509866.590945
1554509867.562812
1554509868.525814
1554509869.492106
1554509870.453909
1554509871.400079
1554509872.28747
1554509873.372865
1554509874.576914
1554509875.591578
1554509876.810139
1554509877.682837
1554509878.750658
1554509879.779736
1554509880.863542
1554509881.91547
1554509882.902724
1554509883.74966
1554509884.767807
1554509885.696729
1554509886.655008
1554509887.595103
1554509888.448319
1554509889.433016
1554509890.374697
1554509891.203182
1554509892.128186
1554509893.05436
1554509894.01645
1554509894.932263
1554509895.904243
1554509896.854232
1554509897.744906
1554509898.667626
1554509899.78278
1554509900.745493
1554509901.626759
1554509902.541236
1554509903.461771
1554509904.517495
1554509905.478655
1554509906.392102
1554509907.356264
1554509908.199688
1554509909.181605
1554509910.304143
1554509911.216284
1554509912.124856
1554509913.058107
1554509914.173708
1554509915.23208
1554509916.340991
1554509917.225148
1554509918.307704
1554509919.369471
1554509920.332448
1554509921.317027
1554509922.312355
1554509923.414029
1554509924.265563
1554509925.231495
1554509926.128623
1554509927.243865
1554509928.210047
1554509929.210087
1554509930.188896
1554509931.185882
1554509932.199475
1554509933.196631
1554509934.177837
1554509935.403034
1554509936.440014
1554509937.665139
1554509938.651448
1554509939.769028
1554509940.800398
1554509941.896592
1554509943.059776
1554509944.133504
1554509945.392403
1554509946.3359
1554509947.388059
1554509948.328431
1554509949.248342
1554509950.238893
1554509951.283625
1554509952.276908
1554509953.51755
1554509954.769127
1554509956.045522
1554509957.225183
1554509958.136719
1554509959.257317
