1554498975.806963
1554498977.756871
1554498979.830583
1554498982.003988
1554498983.868255
1554498985.719475
1554498987.82772
1554498989.849348
1554498991.520953
1554498993.298987
1554498995.294657
1554498997.441233
1554498999.432492
1554499001.342351
1554499003.120194
1554499005.008494
1554499007.032397
1554499008.946773
1554499011.075937
1554499013.073213
1554499014.978197
1554499017.176591
1554499019.270929
1554499021.207927
1554499023.071311
1554499024.987788
1554499026.971111
1554499028.84973
1554499030.757412
1554499032.531543
1554499034.410554
1554499036.418566
1554499038.278974
1554499040.378769
1554499042.339554
1554499044.352065
1554499046.217911
1554499048.172809
1554499050.146799
1554499051.983969
1554499053.680381
1554499055.429929
1554499057.309631
1554499059.245253
1554499061.004878
1554499062.643541
1554499064.359808
1554499066.094914
1554499068.026393
1554499070.050129
1554499071.978446
1554499074.008162
1554499075.995477
1554499078.178082
1554499080.002659
1554499081.663486
1554499083.603213
1554499085.640394
1554499087.480096
1554499089.298288
1554499091.188142
1554499092.879523
1554499094.76081
1554499096.480314
1554499098.321195
1554499103.199442
1554499107.027305
1554499111.865097
1554499115.033235
1554499119.735651
1554499123.893055
1554499127.816615
1554499130.977338
1554499139.751709
1554499141.59257
1554499143.812812
1554499145.793575
1554499147.754547
1554499149.790065
1554499151.978412
1554499154.04429
1554499155.955041
1554499158.021954
1554499160.126915
1554499162.098235
1554499163.985568
1554499166.077992
1554499168.100504
1554499170.000764
1554499171.846802
1554499173.969848
1554499175.950953
1554499177.77837
1554499179.752707
1554499181.762892
1554499183.543634
1554499185.467861
1554499187.345327
1554499189.193352
1554499191.35504
1554499193.579292
1554499195.562044
1554499197.516018
1554499199.579549
1554499201.436558
1554499203.183885
1554499204.97753
1554499206.995764
1554499208.813199
1554499210.742657
1554499212.845813
1554499214.731158
1554499216.605429
1554499218.668947
1554499220.487631
1554499222.384233
1554499224.380828
1554499226.29706
1554499228.078198
1554499230.117818
1554499231.910226
1554499233.726228
1554499235.646191
1554499237.678454
1554499239.556119
1554499241.647556
1554499243.652855
1554499245.669176
1554499247.757784
1554499249.610903
1554499251.499521
1554499253.54142
1554499255.349605
1554499257.230824
1554499259.092297
1554499261.197981
1554499263.264512
1554499265.445238
1554499267.443747
1554499269.63081
1554499271.618484
1554499273.5117
1554499275.248407
1554499276.978075
1554499278.763669
1554499280.747747
1554499282.682008
1554499284.703478
1554499286.54228
1554499288.748541
1554499290.757651
1554499292.692148
1554499294.44909
1554499296.332365
1554499298.027527
1554499300.143057
1554499301.880102
1554499303.895935
1554499305.75907
1554499307.587453
1554499309.528859
1554499311.43185
1554499313.15116
1554499315.108274
1554499317.005742
1554499318.978836
1554499321.074254
1554499323.316492
1554499325.542288
1554499327.596692
1554499329.697489
1554499331.632747
1554499333.724179
1554499335.522052
1554499337.679151
1554499339.714517
1554499341.810861
1554499343.848303
1554499346.093467
1554499348.032348
1554499349.971006
1554499351.758976
1554499353.543215
1554499355.30766
1554499357.229403
1554499359.412614
1554499361.600117
1554499363.589748
1554499365.5552
1554499367.809755
1554499369.989967
1554499371.805267
1554499373.802679
1554499375.638582
1554499377.53459
1554499379.430165
1554499381.457717
1554499383.452502
1554499385.499865
1554499387.364917
1554499389.36285
1554499391.136222
1554499392.979914
1554499394.838769
1554499396.94781
1554499399.087019
1554499401.095551
1554499402.966035
1554499404.958051
1554499407.14982
1554499409.273626
1554499411.165837
1554499412.977974
1554499414.797057
1554499416.706067
1554499418.828678
1554499420.797058
1554499422.743297
1554499424.628619
1554499426.566731
1554499428.51392
1554499430.387842
1554499432.281914
1554499434.109634
1554499435.930613
1554499437.617242
1554499439.605538
1554499441.820523
1554499444.07768
1554499446.104038
1554499448.062251
1554499449.816808
1554499451.536181
1554499453.469426
1554499455.652283
1554499457.771766
1554499459.781766
1554499461.667954
1554499467.014337
1554499470.158734
1554499474.019333
1554499478.263428
1554499482.730906
1554499486.848785
1554499491.578725
1554499496.149011
1554499505.041014
1554499507.193242
1554499509.363048
1554499511.677809
1554499513.695596
1554499515.879166
1554499517.816262
1554499520.04432
1554499522.088605
1554499524.019438
1554499525.917911
1554499528.017876
1554499530.160779
1554499532.22058
1554499534.368008
1554499536.489806
1554499538.401405
1554499540.557754
1554499543.204772
1554499545.270729
1554499547.333585
1554499549.177753
1554499550.857747
1554499552.655407
1554499554.431871
1554499556.056791
1554499557.850915
1554499559.660006
1554499561.463745
1554499563.447215
1554499565.326651
1554499567.215822
1554499568.899138
1554499570.816305
1554499572.683551
1554499574.467441
1554499576.336016
1554499578.089848
1554499579.893133
1554499581.555424
1554499583.443836
1554499585.339193
1554499587.244675
1554499589.04471
1554499590.971724
1554499592.682308
1554499594.561728
1554499596.583096
1554499598.70831
1554499600.685117
1554499602.444381
1554499604.196114
1554499606.025509
1554499607.790475
1554499609.527087
1554499611.32607
1554499613.076555
1554499615.087128
1554499617.030745
1554499618.953613
1554499621.061805
1554499623.049496
1554499624.998915
1554499627.012731
1554499629.207748
1554499631.056305
1554499632.997399
1554499634.944544
1554499636.745088
1554499638.477961
1554499640.46965
1554499642.382465
1554499644.083088
1554499645.810102
1554499647.552534
1554499649.283712
1554499651.101562
1554499653.151385
1554499654.998793
1554499656.948713
1554499658.835714
1554499660.79068
1554499662.818975
1554499664.812882
1554499666.734185
1554499668.835342
1554499670.683517
1554499672.498739
1554499674.627989
1554499676.479951
1554499678.659323
1554499680.539151
1554499682.461616
1554499684.413431
1554499686.374081
1554499688.403282
1554499690.288661
1554499692.211323
1554499694.095767
1554499695.982834
1554499697.922834
1554499699.926684
1554499701.764079
1554499703.802459
1554499705.59333
1554499707.423535
1554499709.162973
1554499710.939395
1554499712.662178
1554499714.350952
1554499716.100427
1554499717.949679
1554499719.664738
1554499721.584261
1554499723.377505
1554499725.17273
1554499727.211519
1554499729.370259
1554499731.356821
1554499733.343382
1554499735.432336
1554499737.448051
1554499739.424034
1554499741.234864
1554499743.070903
1554499744.875523
1554499746.775012
1554499748.522998
1554499750.264292
1554499752.106972
1554499753.96564
1554499755.885138
1554499757.841661
1554499760.059714
1554499762.009481
1554499763.875958
1554499765.860405
1554499767.740722
1554499769.911581
1554499772.008981
1554499774.031347
1554499776.172604
1554499778.251949
1554499780.335881
1554499782.235232
1554499784.098085
1554499786.016779
1554499787.981213
1554499789.923388
1554499792.01755
1554499794.027087
1554499796.072278
1554499798.026236
1554499799.947179
1554499801.801402
1554499803.672426
1554499805.543119
1554499807.56707
1554499809.614429
1554499811.596203
1554499813.490343
1554499815.382881
1554499817.379179
1554499819.228198
1554499821.285293
1554499827.099166
1554499830.313212
1554499834.104438
1554499838.772509
1554499843.732695
1554499848.664311
1554499853.079214
1554499856.866583
1554499861.746061
1554499869.538371
1554499871.418629
1554499873.490969
1554499875.783242
1554499878.500729
1554499880.784684
1554499882.972089
1554499884.971213
1554499887.054939
1554499888.953014
1554499891.028023
1554499893.299108
1554499895.621673
1554499897.944078
1554499900.276194
1554499902.239891
1554499904.153889
1554499906.122828
1554499908.004388
1554499909.740741
1554499911.682777
1554499913.830877
1554499915.693307
1554499917.595878
1554499919.56431
1554499921.526781
1554499923.457923
1554499925.424514
1554499927.601784
1554499929.311002
1554499931.205951
1554499933.186675
1554499934.987271
1554499936.857284
1554499938.539409
1554499940.271307
1554499942.353109
1554499944.216189
1554499946.032024
1554499947.901123
1554499949.786536
1554499951.579821
1554499953.697871
1554499955.553846
1554499957.273852
1554499959.102737
1554499960.883361
1554499962.688983
1554499964.793614
1554499966.830435
1554499968.973614
1554499971.127511
1554499973.080449
1554499975.242069
1554499977.255068
1554499979.044625
1554499981.13184
1554499983.180978
1554499985.254237
1554499987.078043
1554499989.142255
1554499991.228916
1554499993.247544
1554499995.147593
1554499997.156049
1554499998.980235
1554500000.995637
1554500002.917512
1554500004.920933
1554500006.794273
1554500008.984922
1554500011.030159
1554500012.904377
1554500014.76575
1554500016.883098
1554500018.847346
1554500020.629132
1554500022.682778
1554500024.522726
1554500026.398887
1554500028.235149
1554500030.192589
1554500032.160285
1554500034.015723
1554500035.829165
1554500037.642226
1554500039.613122
1554500041.566852
1554500043.621674
1554500045.821226
1554500047.731135
1554500049.625379
1554500051.598939
1554500053.461728
1554500055.479668
1554500057.489717
1554500059.383187
1554500061.451874
1554500063.393826
1554500065.312806
1554500067.583905
1554500069.519243
1554500071.52949
1554500073.399576
1554500075.356328
1554500077.384397
1554500079.494651
1554500081.584728
1554500083.494243
1554500085.426976
1554500087.347379
1554500089.297983
1554500091.402289
1554500093.298717
1554500095.059636
1554500096.883679
1554500098.655836
1554500100.397673
1554500102.27871
1554500104.062059
1554500105.967354
1554500107.964885
1554500109.93005
1554500112.059314
1554500113.955249
1554500115.922724
1554500117.962055
1554500120.027864
1554500122.084573
1554500124.237336
1554500126.268388
1554500128.154624
1554500130.081926
1554500132.015251
1554500134.000588
1554500135.885029
1554500137.73274
1554500139.419351
1554500141.408058
1554500143.227084
1554500145.22254
1554500147.056847
1554500148.891378
1554500150.919217
1554500152.89047
1554500154.921066
1554500157.126573
1554500159.198767
1554500161.166822
1554500163.131968
1554500165.254632
1554500167.130645
1554500169.104848
1554500170.890761
1554500172.790601
1554500174.553363
1554500176.349541
1554500178.28523
1554500180.302093
1554500182.205683
1554500184.312056
1554500186.246404
1554500188.068357
1554500189.777216
1554500194.994176
1554500198.16859
1554500201.478323
1554500205.841399
1554500210.432409
1554500214.874844
1554500217.825705
1554500221.358759
1554500225.95575
1554500233.895807
1554500235.869832
1554500237.692027
1554500239.522691
1554500241.627506
1554500243.687192
1554500245.576021
1554500247.65061
1554500249.588025
1554500251.420168
1554500253.4608
1554500255.24321
1554500257.10764
1554500258.9847
1554500260.971472
1554500262.903486
1554500265.168354
1554500267.34705
1554500269.304824
1554500271.147851
1554500273.149779
1554500275.681277
1554500278.199532
1554500280.083574
1554500282.010756
1554500284.116439
1554500286.082844
1554500288.063445
1554500290.186907
1554500292.045867
1554500294.143623
1554500296.459319
1554500298.652168
1554500300.545793
1554500302.520831
1554500304.619236
1554500306.482224
1554500308.884819
1554500311.035607
1554500313.22641
1554500315.219116
1554500317.417442
1554500319.269469
1554500321.26122
1554500323.201408
1554500325.405384
1554500327.329939
1554500329.262696
1554500331.297956
1554500333.484456
1554500335.477779
1554500337.326243
1554500339.596711
1554500341.818876
1554500343.816243
1554500345.808557
1554500347.814214
1554500349.493776
1554500351.431658
1554500353.538145
1554500355.418817
1554500357.245953
1554500359.136758
1554500360.993078
1554500363.165434
1554500365.180425
1554500367.345801
1554500369.220733
1554500371.351963
1554500373.624731
1554500375.590294
1554500377.853645
1554500379.954556
1554500382.040007
1554500384.111025
1554500386.142216
1554500387.975759
1554500390.149691
1554500391.819324
1554500393.62685
1554500395.425943
1554500397.586595
1554500399.653306
1554500401.659638
1554500403.72677
1554500405.569705
1554500407.344659
1554500409.103068
1554500410.943253
1554500412.807773
1554500414.73581
1554500416.604105
1554500418.498668
1554500420.650129
1554500422.630627
1554500424.468528
1554500426.391125
1554500428.276672
1554500430.073933
1554500432.018188
1554500434.223502
1554500436.241388
1554500438.080467
1554500440.060712
1554500441.977961
1554500443.775549
1554500445.787058
1554500447.905563
1554500449.845844
1554500451.802011
1554500453.788961
1554500455.584906
1554500457.480324
1554500459.480196
1554500461.511893
1554500463.482164
1554500465.538129
1554500467.569492
1554500469.602856
1554500471.543899
1554500473.665975
1554500475.777939
1554500477.928069
1554500479.751818
1554500481.712752
1554500483.852105
1554500485.818034
1554500488.07794
1554500490.180023
1554500492.037773
1554500493.853697
1554500495.70303
1554500497.607055
1554500499.600822
1554500501.459998
1554500503.330932
1554500505.240114
1554500507.134307
1554500509.19782
1554500511.278578
1554500513.284193
1554500515.32818
1554500517.52471
1554500519.711017
1554500521.597774
1554500523.379842
1554500525.12618
1554500526.981774
1554500528.853059
1554500530.628818
1554500532.623504
1554500534.553128
1554500536.49968
1554500538.225711
1554500540.197742
1554500542.230611
1554500544.116771
1554500546.212129
1554500548.042955
1554500549.957474
1554500552.144976
1554500554.060225
1554500555.906269
1554500557.761463
1554500562.917242
1554500566.107322
1554500569.342363
1554500573.755797
1554500577.929165
1554500582.6892
1554500585.392403
1554500589.647786
1554500593.815523
1554500602.444784
1554500604.370724
1554500606.316966
1554500608.757703
1554500610.927911
1554500612.974286
1554500615.03539
1554500617.025356
1554500618.968405
1554500620.888615
1554500622.709859
1554500624.578969
1554500626.743592
1554500628.897055
1554500630.970803
1554500633.075151
1554500635.107803
1554500637.261403
1554500639.440741
1554500641.592948
1554500643.741138
1554500645.751167
1554500647.862342
1554500649.753758
1554500651.789423
1554500653.606058
1554500655.511891
1554500657.549282
1554500659.680704
1554500661.884016
1554500663.873793
1554500665.779135
1554500667.767005
1554500669.976663
1554500672.280634
1554500674.292883
1554500676.333706
1554500678.361528
1554500680.228402
1554500682.293329
1554500684.293373
1554500686.392247
1554500688.702057
1554500690.859774
1554500692.834358
1554500695.088621
1554500697.014765
1554500699.116771
1554500701.459855
1554500703.434102
1554500705.642418
1554500707.592737
1554500709.573028
1554500711.939258
1554500713.868517
1554500716.06691
1554500718.109415
1554500720.072041
1554500722.185827
1554500724.015902
1554500726.048474
1554500728.014196
1554500730.042615
1554500731.943238
1554500734.185075
1554500735.926022
1554500737.864245
1554500740.018093
1554500742.072855
1554500744.048001
1554500746.039536
1554500748.022265
1554500750.123413
1554500752.034594
1554500753.866498
1554500755.700693
1554500757.7523
1554500759.563118
1554500761.611602
1554500763.650664
1554500765.74002
1554500768.068026
1554500769.985073
1554500771.893691
1554500773.775736
1554500775.889793
1554500777.960675
1554500780.077973
1554500782.137714
1554500784.406225
1554500786.29026
1554500788.266509
1554500790.43399
1554500792.795749
1554500794.982516
1554500797.079361
1554500798.93953
1554500800.746202
1554500802.662465
1554500804.711761
1554500806.827087
1554500809.1177
1554500811.332098
1554500813.408431
1554500815.449517
1554500817.300276
1554500819.146544
1554500821.036658
1554500823.076493
1554500825.068774
1554500826.913691
1554500828.950068
1554500830.976509
1554500833.026913
1554500834.939894
1554500836.673288
1554500838.613175
1554500840.4705
1554500842.374094
1554500844.239983
1554500846.12755
1554500848.164479
1554500850.002886
1554500851.864213
1554500853.734748
1554500855.44121
1554500857.182636
1554500858.875731
1554500860.720542
1554500862.79026
1554500864.760348
1554500866.905084
1554500868.995658
1554500871.033634
1554500873.066884
1554500874.969403
1554500876.805872
1554500878.702058
1554500880.757456
1554500882.850452
1554500885.080553
1554500887.219695
1554500889.286418
1554500891.31932
1554500893.224747
1554500895.165639
1554500897.168702
1554500899.11949
1554500901.164757
1554500903.22213
1554500905.244658
1554500907.818233
1554500910.37995
1554500912.599671
1554500914.732437
1554500916.875944
1554500918.998295
1554500921.039669
1554500923.136822
1554500925.268543
1554500927.243011
1554500929.153892
1554500931.400812
1554500934.062468
1554500939.710835
1554500943.435952
1554500947.027367
1554500950.957034
1554500956.136302
1554500961.419881
1554500965.38706
1554500968.748685
1554500973.533792
1554500982.701369
1554500985.072143
1554500987.333928
1554500989.644118
1554500992.088205
1554500994.188531
1554500996.391097
1554500998.48265
1554501000.671989
1554501002.665327
1554501004.760582
1554501006.81912
1554501008.924408
1554501011.113714
1554501013.17976
1554501015.416404
1554501017.384467
1554501019.308174
1554501021.467757
1554501023.668492
1554501025.900563
1554501027.916015
1554501030.193275
1554501032.114931
1554501033.88582
1554501035.913714
1554501037.791047
1554501039.718185
1554501041.822788
1554501043.970299
1554501046.02528
1554501048.11518
1554501050.022495
1554501052.175398
1554501054.125629
1554501056.061102
1554501058.04231
1554501059.940292
1554501061.958
1554501063.915193
1554501065.920813
1554501067.910233
1554501069.77621
1554501071.805759
1554501073.755616
1554501075.890371
1554501077.810411
1554501079.806622
1554501082.15717
1554501084.323151
1554501086.450085
1554501088.326128
1554501090.356179
1554501092.299442
1554501094.315545
1554501096.308055
1554501098.245123
1554501100.507932
1554501102.681913
1554501104.826743
1554501107.001482
1554501109.177798
1554501110.9537
1554501112.974739
1554501115.209166
1554501117.137793
1554501119.122444
1554501121.127293
1554501122.984182
1554501125.119863
1554501127.275047
1554501129.425313
1554501131.555921
1554501133.484655
1554501135.370646
1554501137.697401
1554501139.655541
1554501141.605458
1554501143.488418
1554501145.647983
1554501147.556263
1554501149.75886
1554501151.789571
1554501153.963914
1554501156.074408
1554501158.111587
1554501160.027761
1554501162.041334
1554501164.050539
1554501166.326901
1554501168.332649
1554501170.284677
1554501172.469488
1554501174.798573
1554501176.805557
1554501179.0349
1554501181.236633
1554501183.390959
1554501185.500695
1554501187.79182
1554501189.825774
1554501191.811816
1554501193.622745
1554501195.376158
1554501197.519829
1554501199.374065
1554501201.225507
1554501203.208437
1554501205.272898
1554501207.090995
1554501208.938643
1554501210.989749
1554501213.019377
1554501215.296436
1554501217.161638
1554501219.077659
1554501221.079109
1554501223.389904
1554501225.247925
1554501227.264473
1554501229.425234
1554501231.572766
1554501233.752342
1554501235.63253
1554501237.468652
1554501239.288071
1554501241.325607
1554501243.548485
1554501245.65378
1554501247.553206
1554501249.313838
1554501251.13426
1554501253.18761
1554501254.961141
1554501256.757027
1554501258.77834
1554501260.827617
1554501262.705005
1554501264.741026
1554501267.021657
1554501269.056804
1554501270.97921
1554501272.94287
1554501275.008142
1554501276.957058
1554501279.05846
1554501281.128367
1554501283.017328
1554501285.221879
1554501287.304643
1554501289.359652
1554501291.629322
1554501293.685152
1554501295.842884
1554501297.821422
1554501299.814454
1554501301.546998
1554501303.382642
1554501305.285768
1554501307.499652
1554501309.478731
1554501311.287349
1554501313.426574
1554501315.591644
1554501320.947575
1554501324.708647
1554501328.060653
1554501330.043447
1554501335.062447
1554501339.867169
1554501343.560607
1554501346.991286
1554501351.795568
1554501355.744489
1554501363.487938
1554501365.444896
1554501367.438742
1554501369.30529
1554501371.515763
1554501373.666007
1554501375.864326
1554501378.0598
1554501380.315408
1554501382.464482
1554501384.682371
1554501386.718831
1554501388.696744
1554501390.62619
1554501392.932376
1554501395.307896
1554501397.661219
1554501399.830018
1554501401.79514
1554501403.789023
1554501406.066993
1554501408.06794
1554501410.089381
1554501412.061835
1554501414.036666
1554501416.322681
1554501418.964568
1554501421.663969
1554501423.623441
1554501425.82869
1554501427.83103
1554501430.046557
1554501432.066432
1554501433.986267
1554501436.170862
1554501438.048116
1554501440.187819
1554501442.600594
1554501444.966189
1554501447.120504
1554501449.107018
1554501451.192642
1554501453.34065
1554501455.429738
1554501457.682273
1554501459.811898
1554501461.905344
1554501464.104779
1554501466.622286
1554501468.790494
1554501470.947016
1554501473.157735
1554501475.350521
1554501477.527481
1554501479.767248
1554501481.957089
1554501484.197887
1554501486.331784
1554501488.437038
1554501490.634842
1554501492.948237
1554501495.076932
1554501497.016464
1554501499.065609
1554501501.402499
1554501503.377629
1554501505.311921
1554501507.101807
1554501509.031942
1554501511.044402
1554501513.085442
1554501515.030191
1554501517.104177
1554501519.038315
1554501521.305168
1554501523.629475
1554501525.696117
1554501527.742198
1554501529.91806
1554501532.228765
1554501534.765175
1554501537.067217
1554501539.194745
1554501541.240092
1554501543.196412
1554501545.102961
1554501546.968997
1554501548.773368
1554501550.723718
1554501552.732544
1554501554.880591
1554501557.127071
1554501559.370972
1554501561.854638
1554501564.155286
1554501566.080125
1554501568.084107
1554501570.13319
1554501572.398726
1554501574.397262
1554501576.35867
1554501578.299217
1554501580.535445
1554501582.539149
1554501584.623753
1554501586.707975
1554501588.853607
1554501590.516802
1554501592.43484
1554501594.664407
1554501596.751299
1554501598.844173
1554501600.955831
1554501602.971701
1554501605.026261
1554501606.925901
1554501609.027204
1554501610.946284
1554501612.917739
1554501614.982801
1554501616.96617
1554501618.836507
1554501620.850119
1554501622.921221
1554501625.109195
1554501627.13293
1554501628.926097
1554501630.805765
1554501632.673932
1554501634.599118
1554501636.494987
1554501638.394955
1554501640.209671
1554501642.119468
1554501643.983507
1554501645.846668
1554501647.626784
1554501649.924289
1554501651.843968
1554501653.84634
1554501655.608831
1554501657.4296
1554501659.543749
1554501661.501219
1554501663.474278
1554501665.158883
1554501667.351009
1554501669.345988
1554501671.479392
1554501673.642802
1554501675.667079
1554501677.551453
1554501680.183543
1554501681.911552
1554501684.073874
1554501686.107961
1554501687.888847
1554501689.773885
1554501691.854367
1554501693.807999
1554501696.000776
1554501698.13196
1554501700.168428
1554501705.213076
1554501708.502308
1554501712.184937
1554501714.291774
1554501719.058468
1554501723.42864
1554501726.790832
1554501731.177085
1554501735.96998
1554501740.035999
1554501749.054275
1554501751.316323
1554501753.366576
1554501755.470114
1554501757.957884
1554501760.390703
1554501762.635727
1554501765.146802
1554501767.437155
1554501769.664064
1554501771.968983
1554501774.181741
1554501776.126397
1554501778.436523
1554501780.527525
1554501782.554911
1554501785.120706
1554501787.455791
1554501789.867324
1554501792.11484
1554501794.131339
1554501796.118981
1554501798.047631
1554501800.067268
1554501802.199838
1554501804.195208
1554501806.392852
1554501808.669302
1554501810.849752
1554501812.96995
1554501814.953351
1554501817.026155
1554501819.168129
1554501821.503157
1554501823.665469
1554501825.5956
1554501827.573821
1554501829.90661
1554501832.05535
1554501834.337063
1554501836.418764
1554501838.343927
1554501840.483461
1554501842.760554
1554501844.8058
1554501846.66688
1554501848.668685
1554501850.705211
1554501852.632723
1554501854.936697
1554501857.33713
1554501859.538949
1554501861.654139
1554501863.734996
1554501865.693821
1554501867.957224
1554501869.967305
1554501872.060171
1554501874.079523
1554501876.610124
1554501878.439787
1554501880.404613
1554501882.649703
1554501884.895446
1554501887.324372
1554501889.237503
1554501891.224816
1554501893.535614
1554501895.498031
1554501897.428347
1554501899.682745
1554501901.574085
1554501903.723996
1554501905.825166
1554501907.898785
1554501909.985365
1554501912.101177
1554501913.824699
1554501915.926473
1554501917.883924
1554501920.05892
1554501922.13478
1554501924.545638
1554501926.892879
1554501928.8722
1554501931.073576
1554501932.901162
1554501934.903067
1554501936.928476
1554501938.842096
1554501940.720563
1554501942.616235
1554501944.507664
1554501946.755818
1554501948.765084
1554501950.545968
1554501952.49026
1554501954.605284
1554501956.617343
1554501958.400691
1554501960.407658
1554501962.44447
1554501964.451533
1554501966.551051
1554501968.609664
1554501970.935877
1554501973.021608
1554501975.363351
1554501977.802301
1554501979.780609
1554501981.9042
1554501984.051855
1554501986.190698
1554501988.31706
1554501990.372414
1554501992.312961
1554501994.546796
1554501996.667309
1554501998.733258
1554502000.771835
1554502002.579269
1554502004.502764
1554502006.391319
1554502008.194233
1554502010.053113
1554502011.968176
1554502013.960165
1554502015.83457
1554502017.812573
1554502019.806455
1554502021.668942
1554502023.490456
1554502025.627216
1554502027.815516
1554502029.860792
1554502031.800449
1554502033.973038
1554502036.30292
1554502038.737163
1554502040.940909
1554502043.437188
1554502045.21309
1554502047.148342
1554502049.201864
1554502051.225205
1554502053.20671
1554502055.179086
1554502057.105439
1554502059.00755
1554502060.775382
1554502062.65698
1554502064.707447
1554502066.815404
1554502068.748632
1554502070.94002
1554502073.107094
1554502075.000517
1554502076.8905
1554502078.824706
1554502080.781457
1554502082.584109
1554502084.59084
1554502086.674213
1554502090.002845
1554502096.245736
1554502099.619363
1554502101.787514
1554502106.185618
1554502110.834633
1554502113.864502
1554502117.387748
1554502120.501233
1554502124.47563
1554502128.859715
1554502136.202954
1554502138.070761
1554502140.267696
1554502142.311645
1554502144.513993
1554502146.711956
1554502148.72817
1554502150.661313
1554502152.828865
1554502154.907766
1554502156.848993
1554502158.784337
1554502161.098275
1554502163.100119
1554502165.402997
1554502167.669042
1554502170.267651
1554502172.511398
1554502174.692898
1554502177.45359
1554502179.673357
1554502182.018024
1554502184.201731
1554502186.070554
1554502188.420062
1554502190.767341
1554502192.759536
1554502195.043463
1554502197.292727
1554502199.222993
1554502201.390104
1554502203.642713
1554502206.126899
1554502208.425615
1554502211.034369
1554502213.438233
1554502215.861085
1554502217.725739
1554502219.626707
1554502221.534226
1554502223.991323
1554502225.980739
1554502228.140211
1554502230.256871
1554502232.43834
1554502234.870079
1554502236.889817
1554502239.070168
1554502241.073498
1554502243.115678
1554502244.883553
1554502246.95681
1554502249.10364
1554502251.08534
1554502253.020032
1554502254.918593
1554502257.08244
1554502259.371187
1554502261.415457
1554502263.703502
1554502265.860751
1554502267.864287
1554502269.901751
1554502272.165408
1554502274.301456
1554502276.456201
1554502278.508898
1554502280.861389
1554502282.791743
1554502285.186417
1554502286.998988
1554502289.033145
1554502290.94178
1554502292.852864
1554502294.882865
1554502297.185774
1554502299.090368
1554502300.953736
1554502302.86039
1554502305.025868
1554502306.937508
1554502308.770623
1554502310.856769
1554502312.862162
1554502314.718788
1554502316.646283
1554502318.799148
1554502320.930015
1554502322.832271
1554502324.832741
1554502326.784023
1554502328.941694
1554502331.006454
1554502332.985145
1554502334.940916
1554502337.066079
1554502339.077794
1554502341.148467
1554502343.419759
1554502345.329519
1554502347.188547
1554502349.445316
1554502351.555752
1554502353.557232
1554502355.624472
1554502357.59104
1554502359.526491
1554502361.799093
1554502363.92556
1554502366.266938
1554502368.263733
1554502370.237623
1554502372.175193
1554502374.14296
1554502376.019794
1554502378.034465
1554502380.017988
1554502382.160205
1554502384.043224
1554502385.949064
1554502388.067494
1554502389.839596
1554502391.704833
1554502393.514618
1554502395.231177
1554502397.29276
1554502399.141628
1554502401.2804
1554502403.355523
1554502405.156815
1554502406.976218
1554502409.084811
1554502410.974709
1554502412.742873
1554502414.643573
1554502416.45206
1554502418.188904
1554502420.371042
1554502422.527675
1554502424.465244
1554502426.710517
1554502428.637211
1554502430.356679
1554502432.322444
1554502434.529041
1554502436.52941
1554502438.540663
1554502440.572987
1554502442.497009
1554502444.423446
1554502446.358594
1554502448.156844
1554502449.988822
1554502451.751422
1554502453.568852
1554502455.648627
1554502457.876763
1554502460.129859
1554502462.274365
1554502464.392919
1554502466.621322
1554502468.413657
1554502471.909705
1554502478.290876
1554502481.686368
1554502483.917034
1554502489.124536
1554502493.38067
1554502496.513333
1554502500.752394
1554502506.160772
1554502511.15873
1554502516.031641
1554502525.087308
1554502527.459479
1554502529.715662
1554502531.600514
1554502533.401497
1554502535.469314
1554502537.658852
1554502539.488919
1554502541.412959
1554502543.23417
1554502545.001986
1554502547.037915
1554502548.870366
1554502550.880577
1554502553.074132
1554502555.447594
1554502557.796436
1554502560.640947
1554502562.726789
1554502565.370642
1554502567.373375
1554502569.509927
1554502571.636757
1554502573.772516
1554502575.825822
1554502577.829869
1554502579.811106
1554502581.806108
1554502584.583492
1554502586.677564
1554502589.27917
1554502591.362482
1554502593.303737
1554502595.232968
1554502597.126411
1554502599.309625
1554502601.334483
1554502603.605588
1554502605.92025
1554502608.038004
1554502610.164423
1554502612.887265
1554502615.087559
1554502616.860391
1554502618.828285
1554502621.028454
1554502623.143462
1554502625.320244
1554502627.490759
1554502629.402544
1554502631.774638
1554502634.039975
1554502636.377614
1554502638.227817
1554502640.242899
1554502642.615091
1554502644.865021
1554502647.388822
1554502649.52593
1554502651.641247
1554502653.65515
1554502655.653924
1554502657.648437
1554502660.076444
1554502662.14528
1554502664.124227
1554502665.973125
1554502668.066425
1554502670.380764
1554502672.864525
1554502674.987077
1554502677.352088
1554502679.490158
1554502681.535711
1554502683.594574
1554502685.661032
1554502687.825645
1554502689.76991
1554502691.660517
1554502693.885223
1554502696.216628
1554502698.432146
1554502700.479846
1554502702.39201
1554502704.248879
1554502706.348622
1554502708.327876
1554502710.306081
1554502712.306433
1554502714.190344
1554502716.327895
1554502718.224614
1554502720.235123
1554502722.312854
1554502724.342005
1554502726.467185
1554502728.434678
1554502730.236627
1554502732.166645
1554502734.203814
1554502736.254159
1554502738.473661
1554502740.566953
1554502742.655719
1554502744.580564
1554502746.303924
1554502748.236598
1554502749.876073
1554502751.753932
1554502753.838822
1554502755.848572
1554502758.092096
1554502760.075993
1554502762.057808
1554502763.90474
1554502765.953677
1554502768.142333
1554502770.188651
1554502772.10566
1554502774.000007
1554502775.996812
1554502777.983238
1554502779.881558
1554502781.876452
1554502783.843596
1554502785.77865
1554502787.855734
1554502789.813732
1554502791.940793
1554502793.937928
1554502795.891663
1554502797.84437
1554502799.800313
1554502801.962145
1554502804.017051
1554502806.085344
1554502807.96086
1554502809.805532
1554502811.738452
1554502813.680102
1554502815.814264
1554502817.781458
1554502819.955716
1554502822.260635
1554502823.978711
1554502825.688288
1554502827.531959
1554502829.669592
1554502831.536965
1554502833.640368
1554502835.794991
1554502837.819793
1554502839.807956
1554502841.872973
1554502843.962841
1554502846.065101
1554502847.899534
1554502849.783184
1554502851.964262
1554502853.961679
1554502855.768755
1554502857.835966
1554502861.479482
1554502866.588239
1554502868.526731
1554502872.286492
1554502877.28209
1554502881.787455
1554502885.513402
1554502888.679847
1554502893.073283
1554502897.442015
1554502901.581695
1554502905.880967
1554502914.228238
1554502916.272166
1554502918.492684
1554502920.5232
1554502922.598041
1554502924.954484
1554502927.207868
1554502929.211166
1554502931.190474
1554502933.167078
1554502935.231512
1554502937.475112
1554502939.618457
1554502941.685767
1554502943.761103
1554502946.042951
1554502948.512908
1554502950.550011
1554502952.789586
1554502954.863228
1554502956.914143
1554502958.890366
1554502960.748625
1554502962.501325
1554502964.572468
1554502966.699655
1554502968.883649
1554502971.423838
1554502973.801203
1554502975.856359
1554502977.741092
1554502979.624216
1554502981.951451
1554502984.12312
1554502986.733238
1554502988.899031
1554502991.227185
1554502993.886974
1554502996.106154
1554502998.289017
1554503000.343162
1554503002.966319
1554503005.061642
1554503007.031966
1554503009.332886
1554503011.275577
1554503013.546974
1554503015.54337
1554503017.609934
1554503019.933108
1554503022.048428
1554503024.133016
1554503026.013119
1554503027.935626
1554503030.045461
1554503031.944198
1554503033.848717
1554503035.819002
1554503037.736061
1554503039.72346
1554503041.68225
1554503043.713855
1554503046.057927
1554503048.342031
1554503050.477665
1554503052.572134
1554503054.61886
1554503056.574901
1554503058.626763
1554503060.739873
1554503062.864095
1554503065.183691
1554503067.191327
1554503069.162342
1554503071.219786
1554503073.130629
1554503075.006128
1554503076.899274
1554503078.766958
1554503080.472674
1554503082.174785
1554503083.986891
1554503086.523713
1554503088.735861
1554503091.452019
1554503093.637657
1554503095.764082
1554503097.922966
1554503100.069424
1554503102.10159
1554503104.098893
1554503106.090084
1554503108.383319
1554503110.473697
1554503112.60812
1554503114.893067
1554503117.01776
1554503119.087731
1554503121.064579
1554503123.107768
1554503125.007575
1554503127.034564
1554503129.287141
1554503131.711074
1554503133.743067
1554503135.664633
1554503137.6063
1554503139.620198
1554503141.595057
1554503143.623124
1554503145.811128
1554503147.679409
1554503149.460867
1554503151.55313
1554503153.750877
1554503155.830375
1554503157.592135
1554503159.625885
1554503161.6183
1554503163.455879
1554503165.337309
1554503167.359698
1554503169.515913
1554503171.625921
1554503173.764179
1554503175.868335
1554503177.817279
1554503179.668735
1554503181.788887
1554503183.735403
1554503185.681686
1554503187.895793
1554503189.707347
1554503191.501518
1554503193.481358
1554503195.60176
1554503197.64625
1554503199.666177
1554503201.727559
1554503203.674232
1554503205.550679
1554503207.480292
1554503209.317828
1554503211.133068
1554503213.079236
1554503214.799645
1554503216.632122
1554503218.616026
1554503220.545099
1554503222.515985
1554503224.564127
1554503227.017016
1554503229.22818
1554503231.142778
1554503233.098842
1554503235.156909
1554503237.029047
1554503238.883381
1554503240.99181
1554503243.019975
1554503244.845973
1554503248.135669
1554503252.615272
1554503254.407535
1554503257.695316
1554503262.019453
1554503266.235449
1554503268.719283
1554503271.243732
1554503275.594552
1554503280.274777
1554503284.358764
1554503288.646108
1554503297.353595
1554503299.454318
1554503301.560934
1554503303.753631
1554503305.73999
1554503307.704307
1554503309.737819
1554503311.859008
1554503313.815354
1554503316.13927
1554503318.398285
1554503320.598505
1554503322.554503
1554503324.518768
1554503326.454826
1554503328.579028
1554503330.582978
1554503332.718084
1554503334.889668
1554503337.085496
