6598.001317425817
6598.001317425817
6593.318407747487
6585.146561259029
6574.598200704126
6562.640363272976
6550.066647931142
6537.493897286248
6525.374618034825
6514.018197724838
6503.615853658653
6494.265854788691
6485.996850792776
6478.788127007956
6472.586309984864
6467.31852120385
6462.902265621392
6459.252494369948
6456.286338661876
6453.926007387257
6452.100299709574
6450.745123746722
6449.803345496841
6449.224226233041
6448.96264573634
6448.9782557226135
6449.234662896048
6449.698704742555
6450.339852257581
6451.129752116966
6452.041904919624
6453.0514656010355
6454.13514559392
6455.271193175713
6456.439428120884
6457.62130809977
6458.800006915798
6459.960488412398
6461.089563356246
6462.175920815322
6463.2101288093445
6464.184602351349
6465.0935395808
6465.932828577751
6466.699929139961
6467.393734498823
6468.0144184975325
6468.563273803225
6469.0425463289
6469.4552707405555
6469.805111058344
6470.096209731576
6470.333047853411
6470.520318277438
6470.662812883023
6470.765324526658
6470.832563661252
6470.869089325535
6470.879253674486
6470.8671591625025
6470.836627186147
6470.791176958915
6470.734013389597
6470.668022613707
6470.595774047818
6470.519527761784
6470.441246107008
6470.36260870679
6470.285029863896
6470.2096777144725
6470.137494441106
6470.069217041679
6470.00539811702
6469.946426384202
6469.892546590499
6469.843878534964
6469.800435122149
6469.762139251904
6469.72883944887
6469.700324203454
6469.676335012552
6469.656578089569
6469.640734800131
6469.6284708520025
6469.619444261751
6469.613312244451
6469.609736963621
6469.608390328115
6469.608957943562
6469.611142097353
6469.614664114815
6469.619265995753
6469.624711449313
6469.630786435702
6469.6372992568895
6469.64408025338
6469.650981201865
6469.657874464906
6469.664651912012
6469.671223695179
6469.677516909472
6469.683474212436
6469.689052376556
6469.694220803343
6469.698960122746
6469.70326078249
6469.707121706782
6469.710549011907
6469.7135548211145
6469.716156131035
6469.718373819699
6469.720231706306
6469.721755700166
6469.722973095505
6469.723911891421
6469.72460024903
6469.725066010267
6469.725336289733
6469.725437171114
6469.7253934312275
6469.725228339728
6469.72496353063
6469.724618881172
6469.724212480444
6469.723760615032
6469.723277767236
6469.722776697534
6469.722268459718
6469.721762515213
6469.721266817505
6469.720787906602
6469.720331045787
6469.71990030314
6469.719498702474
6469.719128308393
6469.718790372118
6469.718485399902
6469.718213296827
6469.717973442631
6469.717764781199
6469.717585917729
6469.717435173851
6469.717310671407
6469.717210406006
6469.717132280892
6469.71707416236
6469.717033914869
6469.7170094483145
6469.716998731974
6469.716999822735
6469.717010885893
6469.717030209252
6469.717056212118
6469.717087452467
6469.717122615852
6469.717160526656
6469.71720014715
6469.717240587713
6469.717281067081
6469.717320918143
6469.717359592227
6469.717396644484
6469.717431732742
6469.717464583227
6469.717495015125
6469.717522910041
6469.717548202987
6469.717570889974
6469.717590997895
6469.717608598987
6469.717623803526
6469.7176367357015
6469.717647534995
6469.717656354652
6469.717663365846
6469.717668719869
6469.71767259167
6469.717675151643
6469.717676555911
6469.717676958839
6469.717676505826
6469.71767534066
6469.7176735927505
6469.717671392423
6469.717668838495
6469.717666024521
6469.717663032854
6469.717659935763
6469.717656802906
6469.717653691439
6469.717650656493
6469.7176477310595
6469.717644943907
6469.717642328317
6469.717639888381
6469.7176376397865
6469.717635589262
6469.717633746562
6469.717632104759
6469.717630660391
6469.7176294149585
6469.717628344874
6469.717627440916
6469.717626691092
6469.717626079988
6469.717625607586
6469.71762525817
6469.717625013899
6469.717624874419
6469.717624822784
6469.71762484005
6469.717624916556
6469.717625042682
6469.717625214388
6469.717625411417
6469.717625632157
6469.717625860382
6469.717626087956
6469.717626324178
6469.717626566337
6469.717626804601
6469.717627036592
6469.7176272546185
6469.717627461927
6469.717627655896
6469.717627835086
6469.717628004671
6469.717628160992
6469.717628297985
6469.71762841389
6469.717628520976
6469.717628614581
6469.71762869236
6469.717628763286
6469.717628820652
6469.71762886951
6469.717628899627
6469.717628920266
6469.717628929604
6469.717628930619
6469.7176289232175
6469.717628910092
6469.7176289010495
6469.717628891986
6469.7176288782875
6469.717628869655
6469.717628855418
6469.717628842605
6469.71762883015
6469.717628819864
6469.71762880137
6469.717628780105
6469.717628763739
6469.717628764714
6469.7176287572765
6469.717628745964
6469.717628739479
6469.717628725328
6469.717628712592
6469.7176286983595
6469.7176286883205
6469.717628674667
6469.717628659607
6469.71762864236
6469.717628624065
6469.717628603905
6469.717628582065
6469.717628563335
6469.717628545552
6469.717628526778
6469.717628510804
6469.717628497351
6469.71762848155
6469.717628463633
6469.717628453975
6469.717628448052
6469.717628446417
6469.717628444022
6469.717628447409
6469.71762845138
6469.7176284604975
6469.717628485329
6469.717628515992
6469.717628543589
6469.717628565654
6469.717628588284
6469.717628604956
6469.717628622732
6469.717628637807
6469.717628649526
6469.717628660997
6469.717628670399
6469.717628677011
6469.717628683886
6469.717628688227
6469.717628694904
6469.7176287036855
6469.717628710666
6469.717628709557
6469.717628704864
6469.717628699717
6469.717628692315
6469.717628684727
6469.717628676051
6469.717628677481
6469.717628676919
6469.7176286782615
6469.717628682241
6469.717628690441
6469.717628691355
6469.717628692178
6469.717628693842
6469.717628695339
6469.717628705001
6469.717628717391
6469.717628729466
6469.717628742181
6469.717628750854
6469.717628756811
6469.717628760325
6469.717628760717
6469.717628761069
6469.717628753072
6469.717628743104
6469.717628730438
6469.7176287181155
6469.717628708872
6469.717628701477
6469.717628692973
6469.717628683474
6469.717628669381
6469.7176286585445
6469.717628648793
6469.717628634474
6469.717628619738
6469.717628606477
6469.717628593618
6469.717628581121
6469.717628578187
6469.717628573699
6469.717628567813
6469.717628560667
6469.717628557007
6469.717628550943
6469.717628543637
6469.717628541681
6469.717628538072
6469.717628532977
6469.7176285311625
6469.717628525836
6469.717628524735
6469.717628525593
6469.717628523594
6469.717628517175
6469.717628510474
6469.717628506293
6469.717628500681
6469.717628493782
6469.717628495889
6469.717628503325
6469.717628510942
6469.717628514103
6469.717628512329
6469.717628519044
6469.717628521395
6469.717628526282
6469.717628539916
6469.7176285549585
6469.717628567574
6469.717628580775
6469.71762859358
6469.717628606027
6469.717628620001
6469.71762863073
6469.717628640386
6469.717628653695
6469.717628668444
6469.7176286835665
6469.717628705489
6469.7176287261445
6469.717628745657
6469.71762876322
6469.717628779025
6469.717628793251
6469.717628809748
6469.717628815359
6469.71762881856
6469.717628817746
6469.71762881609
6469.717628804438
6469.717628796724
6469.717628787933
6469.717628782793
6469.717628779091
6469.717628777606
6469.71762876888
6469.717628756409
6469.717628742412
6469.717628727045
6469.7176287049
6469.717628684969
6469.717628667032
6469.717628658279
6469.717628648553
6469.717628645342
6469.717628639681
6469.717628630891
6469.717628624828
6469.717628617524
6469.71762861095
6469.717628600415
6469.71762859278
6469.717628589604
6469.71762858767
6469.71762858131
6469.717628572816
6469.717628564246
6469.717628555611
6469.717628548762
6469.71762854537
6469.717628545087
6469.71762854391
6469.71762855301
6469.717628559355
6469.717628563216
6469.71762857131
6469.717628580443
6469.717628597899
6469.717628608991
6469.7176286217455
6469.717628622138
6469.717628625264
6469.717628630849
6469.717628630332
6469.71762863079
6469.717628629356
6469.7176286280655
6469.717628627827
6469.717628624842
6469.71762862308
6469.717628625187
6469.717628625237
6469.717628625282
6469.71762862717
6469.717628635334
6469.717628639912
6469.7176286403355
6469.717628640718
6469.717628631825
6469.717628627516
6469.717628624561
6469.717628620056
6469.717628613229
6469.717628605237
6469.717628596198
6469.71762858529
6469.717628575474
6469.717628570333
6469.717628564785
6469.717628562561
6469.7176285642545
6469.7176285620835
6469.717628559208
6469.71762855477
6469.717628547082
6469.71762854201
6469.717628536522
6469.717628538973
6469.717628543949
6469.717628546581
6469.717628547102
6469.717628550341
6469.717628557875
6469.717628563733
6469.717628568081
6469.71762857107
6469.7176285737605
6469.717628576181
6469.717628582979
6469.717628591868
6469.717628601716
6469.717628609655
6469.71762861218
6469.717628606141
6469.717628592393
6469.7176285772475
6469.717628563617
6469.717628557814
6469.717628553516
6469.717628558886
6469.717628563718
6469.717628567143
6469.717628571149
6469.7176285738315
6469.717628583635
6469.717628592459
6469.7176285985515
6469.7176286021895
6469.717628604538
6469.7176286085005
6469.717628612066
6469.7176286171225
6469.7176286198255
6469.717628618565
6469.717628625743
6469.7176286275835
6469.717628632013
6469.717628637846
6469.717628642172
6469.717628648836
6469.717628655759
6469.717628662912
6469.717628670274
6469.717628675977
6469.717628682955
6469.717628687389
6469.717628695075
6469.717628705687
6469.717628710619
6469.7176287113625
6469.717628711109
6469.717628712727
6469.71762871326
6469.71762870912
6469.717628705396
6469.717628699272
6469.717628695607
6469.717628698776
6469.717628690544
6469.717628684981
6469.717628682746
6469.717628680735
6469.717628680773
6469.717628682653
6469.717628683423
6469.717628677649
6469.717628673376
6469.71762866953
6469.717628655909
6469.7176286408785
6469.71762863474
6469.717628619979
6469.717628604846
6469.717628589378
6469.717628584695
6469.717628587871
6469.717628592576
6469.717628600506
6469.717628605795
6469.717628611479
6469.71762860551
6469.7176285982905
6469.717628590868
6469.717628586036
6469.7176285798405
6469.717628576111
6469.717628569059
6469.717628567332
6469.717628560235
6469.717628547382
6469.717628544128
6469.717628543047
6469.717628542997
6469.717628551265
6469.71762856425
6469.717628573164
6469.717628583036
6469.717628591919
6469.717628603608
6469.717628612282
6469.71762862563
6469.717628641339
6469.717628652706
6469.717628660163
6469.717628666876
6469.717628671071
6469.717628672075
6469.717628674825
6469.7176286717595
6469.717628668076
6469.717628671226
6469.717628678681
6469.7176286881595
6469.717628694845
6469.717628709174
6469.717628723918
6469.717628736264
6469.717628744605
6469.717628753958
6469.717628764224
6469.717628774387
6469.717628779838
6469.717628786592
6469.717628800984
6469.71762881486
6469.717628817188
6469.717628818359
6469.717628819413
6469.717628818515
6469.717628819555
6469.717628824184
6469.717628820961
6469.717628814366
6469.717628803811
6469.717628797083
6469.717628791029
6469.717628782807
6469.717628773561
6469.71762875785
6469.717628752946
6469.717628750381
6469.717628750844
6469.717628750337
6469.717628743414
6469.717628737182
6469.717628733422
6469.717628727268
6469.717628721727
6469.7176287112
6469.717628704495
6469.717628697537
6469.717628692199
6469.717628691089
6469.717628698404
6469.717628702218
6469.717628707496
6469.717628710399
6469.717628710241
6469.717628707328
6469.71762870563
6469.717628705949
6469.71762870716
6469.717628707326
6469.717628707475
6469.71762871038
6469.717628715766
6469.717628720616
6469.717628726826
6469.717628729644
6469.717628728486
6469.7176287292905
6469.717628730014
6469.717628731589
6469.717628724695
6469.71762872126
6469.7176287209395
6469.7176287243465
6469.717628719099
6469.717628712528
6469.717628704768
6469.717628697784
6469.717628688725
6469.717628681497
6469.717628681458
6469.717628685118
6469.717628687489
6469.717628687775
6469.717628683413
6469.717628681336
6469.717628673922
6469.71762865709
6469.717628642865
6469.717628630986
6469.717628625837
6469.717628623975
6469.717628625069
6469.717628627902
6469.717628622137
6469.717628606789
6469.717628585586
6469.717628576663
6469.717628568633
6469.717628556788
6469.717628543356
6469.717628538656
6469.717628540893
6469.71762854383
6469.71762855571
6469.717628563631
6469.717628576303
6469.7176285867845
6469.717628595292
6469.71762860295
6469.717628608918
6469.717628613366
6469.717628618293
6469.71762862088
6469.717628626903
6469.717628623085
6469.717628619651
6469.717628613787
6469.717628607587
6469.717628604779
6469.717628614258
6469.717628627409
6469.71762864294
6469.7176286578415
6469.71762867033
6469.7176286824915
6469.717628690668
6469.717628689712
6469.717628684233
6469.717628682997
6469.717628681885
6469.717628671646
6469.717628662432
6469.717628648596
6469.717628637991
6469.717628634913
6469.717628629372
6469.7176286326985
6469.717628638463
6469.717628637185
6469.717628628645
6469.717628611722
6469.71762860111
6469.717628590634
6469.7176285812075
6469.717628572724
6469.7176285650885
6469.717628555444
6469.717628544918
6469.717628540062
6469.717628531997
6469.717628528435
6469.717628532618
6469.717628537305
6469.717628541524
6469.71762854717
6469.717628555022
6469.717628563936
6469.71762857473
6469.717628582596
6469.717628586906
6469.717628590784
6469.717628590581
6469.71762860148
6469.717628614985
6469.717628624369
6469.717628630044
6469.717628632379
6469.71762863448
6469.717628635448
6469.717628640015
6469.717628641353
6469.717628645329
6469.717628646135
6469.717628643167
6469.717628643265
6469.71762864243
6469.717628645375
6469.717628646178
6469.717628649671
6469.717628651892
6469.717628652966
6469.717628642848
6469.717628634666
6469.717628625454
6469.717628617164
6469.717628606931
6469.717628600493
6469.717628603937
6469.71762860334
6469.717628605575
6469.717628614052
6469.717628631843
6469.717628647854
6469.7176286631875
6469.717628678835
6469.717628691071
6469.717628703931
6469.717628712733
6469.717628723427
6469.7176287247385
6469.7176287296115
6469.717628731228
6469.71762872252
6469.717628707295
6469.717628686202
6469.717628667218
6469.717628650132
6469.717628631985
6469.717628614727
6469.717628601043
6469.717628591498
6469.717628584755
6469.717628575916
6469.717628567037
6469.717628560894
6469.717628545203
6469.717628532005
6469.717628520128
6469.71762851498
6469.717628510347
6469.717628509872
6469.717628508521
6469.717628509153
6469.7176285134165
6469.7176285154055
6469.71762852551
6469.71762854107
6469.717628554149
6469.71762856315
6469.717628572175
6469.717628580296
6469.717628589454
6469.717628608781
6469.717628629869
6469.717628647001
6469.717628660573
6469.717628672788
6469.7176286865515
6469.717628691549
6469.717628698819
6469.717628696123
6469.717628690003
6469.717628684495
6469.717628669377
6469.717628652075
6469.717628633733
6469.717628614454
6469.717628598026
6469.717628582317
6469.717628570027
6469.7176285561945
6469.717628552059
6469.717628550185
6469.717628544801
6469.717628543653
6469.717628539849
6469.717628537347
6469.7176285286305
6469.717628521709
6469.717628511785
6469.717628504701
6469.717628498325
6469.717628498128
6469.717628502571
6469.717628513035
6469.717628519681
6469.717628525663
6469.717628544903
6469.717628562219
6469.71762857965
6469.71762860088
6469.717628616294
6469.717628630164
6469.717628647267
6469.717628664507
6469.717628682794
6469.717628696481
6469.717628706952
6469.717628714529
6469.717628723196
6469.717628733767
6469.717628735891
6469.717628730412
6469.717628734719
6469.717628731206
6469.717628725271
6469.717628725474
6469.717628725657
6469.71762871843
6469.717628714699
6469.717628712263
6469.717628709148
6469.717628707267
6469.7176286944905
6469.717628681143
6469.717628660818
6469.717628640678
6469.717628625323
6469.717628609656
6469.7176285946325
6469.717628575568
6469.717628568571
6469.717628553037
6469.71762854275
6469.717628537189
6469.717628531259
6469.717628525922
6469.717628519272
6469.717628508667
6469.7176285074365
6469.717628502634
6469.717628503856
6469.717628512343
6469.717628523677
6469.717628530183
6469.717628534191
6469.7176285396445
6469.717628540859
6469.717628544723
6469.717628550048
6469.717628555763
6469.717628560908
6469.717628561843
6469.71762855899
6469.717628554575
6469.717628545982
6469.717628541945
6469.717628536463
6469.717628534301
6469.717628535126
6469.717628536792
6469.717628539215
6469.717628537701
6469.717628529872
6469.717628525597
6469.717628519903
6469.717628511083
6469.717628508687
6469.717628508378
6469.717628505329
6469.71762849889
6469.71762849679
6469.717628497671
6469.717628496616
6469.717628498439
6469.717628505622
6469.717628513009
6469.71762851504
6469.717628518714
6469.717628518328
6469.717628532758
6469.717628548517
6469.717628560852
6469.717628571029
6469.717628577419
6469.717628584093
6469.717628598412
6469.717628609453
6469.717628620313
6469.717628638402
6469.717628648215
6469.717628657046
6469.717628654834
6469.7176286491485
6469.717628642184
6469.717628638686
6469.717628646623
6469.717628653766
6469.717628659272
6469.717628666997
6469.717628673027
6469.717628679377
6469.717628683246
6469.717628697813
6469.717628706303
6469.717628711173
6469.717628709091
6469.717628705368
6469.717628702942
6469.717628701683
6469.71762870332
6469.7176287066395
6469.717628706859
6469.71762869597
6469.717628687094
6469.7176286800295
6469.7176286755175
6469.717628673306
6469.717628671315
6469.717628672294
6469.717628682412
6469.717628691519
6469.717628688631
6469.717628684183
6469.717628690341
6469.717628698655
6469.717628707061
6469.71762871555
6469.717628725961
6469.7176287371785
6469.717628750045
6469.717628761626
6469.717628772971
6469.717628778564
6469.717628766971
6469.717628753766
6469.717628740957
6469.717628730354
6469.7176287208085
6469.717628711297
6469.717628699964
6469.717628692536
6469.7176286876975
6469.71762868242
6469.717628679517
6469.7176286667445
6469.717628646011
6469.71762861996
6469.7176286076
6469.717628595552
6469.717628581938
6469.717628570609
6469.717628558564
6469.717628557887
6469.717628563742
6469.717628569935
6469.717628584747
6469.717628604543
6469.717628632522
6469.7176286595495
6469.71762868572
6469.717628712971
6469.717628734725
6469.717628752456
6469.7176287711845
6469.717628787117
6469.71762879961
6469.71762880531
6469.71762881044
6469.717628819676
6469.717628832606
6469.717628846091
6469.717628861923
6469.717628871554
6469.7176288719065
6469.717628866682
6469.717628866598
6469.717628864676
6469.7176288537075
6469.717628840143
6469.7176288297815
6469.7176288204555
6469.717628809291
6469.717628801091
6469.71762879094
6469.7176287790335
6469.7176287757065
6469.717628771788
6469.717628765491
6469.7176287524335
6469.717628732368
6469.7176287161565
6469.717628700643
6469.717628687604
6469.7176286758695
6469.717628664384
6469.717628653124
6469.717628641143
6469.717628630359
6469.717628619731
6469.717628611088
6469.717628604233
6469.717628601759
6469.717628596762
6469.717628595959
6469.717628597083
6469.717628597171
6469.717628594479
6469.717628595751
6469.717628592278
6469.717628585457
6469.717628576547
6469.717628571299
6469.717628568424
6469.717628568606
6469.717628570619
6469.717628569658
6469.717628570642
6469.717628581687
6469.717628594401
6469.7176286095355
6469.717628625006
6469.717628637081
6469.717628648873
6469.717628658562
6469.717628670977
6469.7176286821505
6469.717628692207
6469.717628703105
6469.71762871476
6469.717628714166
6469.717628712706
6469.717628701233
6469.71762869183
6469.717628675055
6469.71762865626
6469.717628643042
6469.7176286348395
6469.717628627456
6469.7176286235845
6469.717628621946
6469.717628629709
6469.717628633
6469.7176286341155
6469.7176286351205
6469.717628638794
6469.717628633788
6469.717628627434
6469.717628618946
6469.717628619619
6469.7176286285385
6469.717628631947
6469.7176286424055
6469.717628653665
6469.717628656409
6469.717628659802
6469.717628661932
6469.717628649069
6469.717628628256
6469.717628610448
6469.717628595344
6469.71762858914
6469.717628585404
6469.717628582965
6469.717628582618
6469.717628585077
6469.717628586365
6469.71762858845
6469.717628590325
6469.717628590165
6469.717628588175
6469.717628602086
6469.717628611836
6469.717628619686
6469.7176286285985
6469.71762863662
6469.717628645688
6469.717628651077
6469.717628645765
6469.717628631749
6469.717628619133
6469.717628608704
6469.717628609478
6469.717628608327
6469.717628609138
6469.717628608021
6469.717628607015
6469.717628607958
6469.717628606036
6469.717628608923
6469.7176286087515
6469.717628604902
6469.717628607903
6469.717628611528
6469.717628612943
6469.71762862253
6469.717628634853
6469.717628641325
6469.7176286489985
6469.717628653132
6469.717628655005
6469.717628656691
6469.717628660056
6469.717628661237
6469.71762866507
6469.717628668521
6469.717628671626
6469.717628676269
6469.717628680447
6469.717628685131
6469.717628689347
6469.717628693142
6469.71762868732
6469.717628674689
6469.717628664246
6469.717628651151
6469.717628642138
6469.717628631256
6469.71762861869
6469.717628598143
6469.717628581498
6469.717628567441
6469.717628552944
6469.717628537124
6469.7176285312
6469.717628525868
6469.717628520147
6469.717628514072
6469.717628505835
6469.717628507659
6469.717628513918
6469.717628521399
6469.717628529979
6469.717628547863
6469.717628561188
6469.717628570408
6469.717628578706
6469.71762858248
6469.717628586801
6469.717628588841
6469.717628589754
6469.717628590576
6469.717628594086
6469.717628596321
6469.7176286048
6469.717628612429
6469.717628626688
6469.717628639519
6469.717628653838
6469.717628675039
6469.717628687654
6469.717628700855
6469.717628714583
6469.717628716779
6469.717628716905
6469.717628720715
6469.717628725991
6469.717628732587
6469.7176287366765
6469.717628740356
6469.717628743669
6469.717628737411
6469.717628723468
6469.717628712766
6469.7176287049815
6469.717628699822
6469.717628696103
6469.717628695526
6469.71762869316
6469.717628694725
6469.717628697982
6469.717628699066
6469.71762868988
6469.717628679765
6469.7176286688145
6469.717628656188
6469.717628648518
6469.717628643463
6469.717628637066
6469.717628632233
6469.717628625111
6469.717628615007
6469.717628605913
6469.717628594033
6469.717628589809
6469.717628583235
6469.717628574548
6469.71762857689
6469.717628581769
6469.7176285843125
6469.717628596763
6469.7176286070435
6469.7176286144495
6469.717628619268
6469.717628620833
6469.717628625937
6469.717628639767
6469.717628650367
6469.717628659907
6469.717628661103
6469.717628661256
6469.71762866047
6469.717628663458
6469.717628669841
6469.7176286728145
6469.717628677338
6469.717628683257
6469.717628687661
6469.7176286907
6469.717628696207
6469.717628702086
6469.717628706454
6469.71762870669
6469.7176287096745
6469.717628704047
6469.717628695286
6469.71762868925
6469.7176286828935
6469.717628679943
6469.717628676364
6469.717628665753
6469.717628649737
6469.717628646407
6469.717628639717
6469.717628641084
6469.717628646011
6469.717628652292
6469.717628657943
6469.717628661183
6469.717628668717
6469.71762867365
6469.717628681786
6469.717628689107
6469.71762869385
6469.717628697193
6469.717628703898
6469.71762871917
6469.717628736609
6469.717628748609
6469.7176287621805
6469.7176287780885
6469.717628788712
6469.71762879735
6469.717628806047
6469.717628804638
6469.717628802446
6469.717628801395
6469.7176287930615
6469.7176287800185
6469.717628766432
6469.717628753281
6469.717628739598
6469.717628726358
6469.717628710749
6469.717628698547
6469.717628684794
6469.71762867334
6469.717628670422
6469.717628666871
6469.717628665524
6469.717628668005
6469.717628668392
6469.717628666892
6469.717628667389
6469.717628664142
6469.717628660296
6469.717628660529
6469.717628664434
6469.717628667949
6469.717628668341
6469.7176286668455
6469.7176286673475
6469.717628665952
6469.717628653612
6469.717628643429
6469.717628627797
6469.717628617425
6469.717628606241
6469.7176285924825
6469.717628571785
6469.717628556852
6469.717628544337
6469.717628534921
6469.717628523675
6469.717628515401
6469.717628510725
6469.717628503746
6469.71762850116
6469.717628496985
6469.717628495998
6469.717628493263
6469.717628493574
6469.717628490156
6469.717628493547
6469.717628499371
6469.717628504612
6469.717628502863
6469.717628500364
6469.717628497193
6469.717628492491
6469.717628490106
6469.717628487961
6469.717628490647
6469.717628500457
6469.717628511131
6469.717628520739
6469.717628528461
6469.717628545573
6469.717628561897
6469.717628572894
6469.717628580019
6469.717628583662
6469.7176285795495
6469.717628575849
6469.717628568823
6469.717628560654
6469.717628555148
6469.717628554811
6469.717628551736
6469.717628545275
6469.717628541307
6469.717628546049
6469.717628548471
6469.717628547877
6469.717628545496
6469.717628539659
6469.7176285417945
6469.717628542793
6469.717628544617
6469.7176285462565
6469.717628548656
6469.71762854158
6469.71762853521
6469.717628531325
6469.717628525057
6469.717628521264
6469.71762851785
6469.717628511082
6469.71762850222
6469.717628504405
6469.717628507295
6469.7176285080495
6469.717628505033
6469.7176284986235
6469.7176285039395
6469.7176285096475
6469.717628514784
6469.717628516637
6469.71762851738
6469.717628509735
6469.717628501932
6469.717628504145
6469.717628505215
6469.717628509872
6469.717628522377
6469.717628541943
6469.7176285632495
6469.717628585196
6469.717628605871
6469.717628621708
6469.717628636884
6469.717628658857
6469.717628680481
6469.71762869717
6469.717628713114
6469.717628725616
6469.7176287377915
6469.717628749673
6469.717628762214
6469.717628775348
6469.717628786247
6469.717628795131
6469.717628793889
6469.717628790924
6469.7176287845605
6469.717628782529
6469.717628780699
6469.717628777205
6469.717628777756
6469.717628780099
6469.7176287803595
6469.717628779672
6469.71762877628
6469.717628771381
6469.717628762353
6469.7176287496095
6469.717628738141
6469.717628730589
6469.717628722869
6469.717628718692
6469.717628714933
6469.7176287078555
6469.717628699637
6469.717628688547
6469.717628678564
6469.717628670505
6469.717628664175
6469.7176286621725
6469.717628653904
6469.717628647387
6469.717628641521
6469.717628634395
6469.717628624285
6469.717628610569
6469.717628599147
6469.717628588868
6469.717628589778
6469.717628597985
6469.717628606297
6469.7176286147005
6469.717628620417
6469.717628624637
6469.7176286256645
6469.717628638597
6469.717628646543
6469.717628651845
6469.717628652924
6469.717628651122
6469.717628652273
6469.717628649612
6469.717628650915
6469.717628649314
6469.71762864695
6469.717628642052
6469.717628633948
6469.717628629426
6469.717628623508
6469.717628620953
6469.717628620501
6469.7176286182475
6469.717628628227
6469.717628633515
6469.717628641968
6469.717628642185
6469.717628647923
6469.717628652165
6469.717628658754
6469.717628665607
6469.717628672698
6469.717628682774
6469.717628695539
6469.717628711645
6469.71762872337
6469.71762872561
6469.71762873132
6469.71762873184
6469.7176287360035
6469.71762873975
6469.717628746816
6469.717628745787
6469.717628736546
6469.717628727306
6469.717628714372
6469.717628697189
6469.717628682647
6469.7176286714075
6469.717628661291
6469.71762865311
6469.717628644824
6469.717628637367
6469.717628634349
6469.717628634405
6469.717628643693
6469.717628649281
6469.717628653387
6469.7176286607755
6469.717628670198
6469.717628677754
6469.717628679935
6469.717628674509
6469.7176286650065
6469.717628657378
6469.717628650511
6469.717628645256
6469.717628637756
6469.717628631005
6469.717628626777
6469.717628619276
6469.717628615296
6469.717628608021
6469.717628605167
6469.717628604446
6469.717628603798
6469.717628595824
6469.717628580334
6469.717628569164
6469.717628565577
6469.7176285660435
6469.717628567389
6469.717628557513
6469.717628556939
6469.717628558268
6469.717628565933
6469.717628571907
6469.71762857636
6469.717628582215
6469.71762858379
6469.717628587055
6469.717628590916
6469.717628602706
6469.717628603155
6469.717628600788
6469.717628606972
6469.717628612537
6469.717628614774
6469.717628614941
6469.717628613243
6469.717628620028
6469.717628627983
6469.717628638837
6469.717628649529
6469.717628661922
6469.7176286749245
6469.717628690322
6469.717628709722
6469.717628737342
6469.717628763125
6469.7176287752445
6469.717628786151
6469.71762879412
6469.717628804065
6469.717628799158
6469.717628796589
6469.7176287933535
6469.717628795061
6469.717628798444
6469.717628804259
6469.717628804875
6469.717628798963
6469.717628797338
6469.717628789409
6469.717628783197
6469.7176287766815
6469.717628772665
6469.7176287662805
6469.717628761456
6469.71762875342
6469.71762873695
6469.717628724899
6469.717628715902
6469.717628710573
6469.7176287085495
6469.717628708576
6469.717628705827
6469.717628707973
6469.717628706208
6469.717628702773
6469.717628696911
6469.717628691635
6469.717628690581
6469.717628688708
6469.717628687947
6469.717628690033
6469.71762868914
6469.7176286809445
6469.717628672646
6469.717628654093
6469.717628640166
6469.717628616548
6469.717628597139
6469.717628584288
6469.717628576418
6469.717628566564
6469.717628557696
6469.717628548789
6469.717628544469
6469.717628539657
6469.7176285390215
6469.717628535677
6469.717628540059
6469.71762854585
6469.717628552908
6469.717628569421
6469.7176285861315
6469.717628599322
6469.717628616737
6469.717628630563
6469.71762864393
6469.717628659655
6469.717628674732
6469.71762869569
6469.7176287191705
6469.717628734761
6469.717628755258
6469.717628778326
6469.717628800933
6469.717628819432
6469.717628836082
6469.717628846448
6469.717628845616
6469.717628842096
6469.717628834311
6469.717628828226
6469.717628823674
6469.717628813112
6469.7176288073
6469.71762880484
6469.717628798933
6469.7176287954635
6469.7176287941875
6469.717628795811
6469.717628798196
6469.717628799418
6469.71762879128
6469.7176287830325
6469.71762877284
6469.717628761819
6469.717628752823
6469.717628738261
6469.717628723307
6469.717628708925
6469.717628695981
6469.717628684332
6469.717628692321
6469.717628706904
6469.717628717255
6469.717628718257
6469.717628720084
6469.717628713414
6469.717628707413
6469.71762869462
6469.717628685878
6469.717628682629
6469.717628680629
6469.717628681598
6469.717628678777
6469.717628677162
6469.717628686793
6469.717628693613
6469.717628698828
6469.717628701674
6469.717628707006
6469.717628714577
6469.717628713076
6469.717628710801
6469.717628711526
6469.717628709407
6469.717628703805
6469.717628702458
6469.717628697551
6469.7176286931335
6469.717628691006
6469.717628684474
6469.717628676746
6469.717628671639
6469.717628667968
6469.717628660043
6469.717628641826
6469.71762862728
6469.717628615111
6469.717628602312
6469.717628595411
6469.717628597513
6469.717628596634
6469.71762859492
6469.717628595225
6469.717628595497
6469.717628593898
6469.717628593381
6469.717628596611
6469.717628598593
6469.717628602225
6469.717628616578
6469.717628632268
6469.717628648236
6469.717628662608
6469.717628672771
6469.717628680069
6469.717628684792
6469.71762868627
6469.7176286922195
6469.717628694802
6469.717628698974
6469.717628699958
6469.717628702691
6469.7176287033035
6469.717628702007
6469.7176287110005
6469.717628720019
6469.717628725365
6469.717628729251
6469.717628735521
6469.717628737468
6469.717628739222
6469.717628738953
6469.717628742404
6469.717628736274
6469.717628732604
6469.717628732997
6469.717628734272
6469.717628734497
6469.717628734699
6469.717628733958
6469.717628736063
6469.717628728718
6469.717628711948
6469.717628692237
6469.717628679114
6469.717628665457
6469.717628653166
6469.7176286513395
6469.717628653392
6469.717628658934
6469.717628663922
6469.717628664716
6469.71762866266
6469.717628662655
6469.717628652491
6469.717628646115
6469.717628631139
6469.717628625051
6469.717628620493
6469.717628627479
6469.717628630992
6469.717628632309
6469.717628630721
6469.717628626521
6469.717628623665
6469.717628618324
6469.71762861444
6469.71762860725
6469.717628593389
6469.717628582761
6469.717628570425
6469.717628558399
6469.717628545727
6469.717628536173
6469.717628531266
6469.717628525927
6469.717628522047
6469.717628506544
6469.717628496289
6469.717628488905
6469.71762848503
6469.717628481543
6469.717628483949
6469.7176284851885
6469.717628486304
6469.717628484539
6469.717628479253
6469.717628471726
6469.717628469571
6469.717628461163
6469.717628456368
6469.717628448358
6469.717628438379
6469.717628428472
6469.717628425099
6469.71762842391
6469.717628426536
6469.717628429823
6469.717628441093
6469.717628457704
6469.717628481891
6469.717628502735
6469.717628516877
6469.717628523139
6469.717628532467
6469.71762853717
6469.7176285386295
6469.7176285371725
6469.717628539557
6469.717628540779
6469.717628540955
6469.717628539266
6469.717628540517
6469.717628532405
6469.7176285260275
6469.717628519365
6469.717628514292
6469.717628511575
6469.717628511899
6469.717628510344
6469.717628519104
6469.717628542694
6469.717628561153
6469.7176285842315
6469.717628604079
6469.717628622866
6469.717628642545
6469.717628660255
6469.717628678966
6469.717628697654
6469.717628711702
6469.717628722497
6469.717628735908
6469.71762874151
6469.717628739165
6469.717628728738
6469.717628717507
6469.717628709248
6469.717628705509
6469.717628691983
6469.717628677962
6469.717628668114
6469.717628660175
6469.71762865303
6469.717628645676
6469.717628641828
6469.717628640213
6469.717628639682
6469.71762863551
6469.717628629908
6469.717628626713
6469.717628622914
6469.717628625037
6469.7176286232525
6469.7176286198
6469.717628612998
6469.717628604104
6469.717628601642
6469.717628603122
6469.7176286072245
6469.717628602603
6469.71762859752
6469.717628589252
6469.717628582733
6469.717628578713
6469.717628575096
6469.717628569992
6469.717628569094
6469.717628564592
6469.717628568852
6469.717628579153
6469.717628592119
6469.717628607482
6469.717628622234
6469.717628625349
6469.717628624457
6469.7176286236545
6469.717628628475
6469.7176286263475
6469.717628622585
6469.71762862197
6469.71762861957
6469.717628614638
6469.7176286101985
6469.717628603433
6469.717628593649
6469.7176285829955
6469.717628580797
6469.717628576972
6469.7176285707565
6469.717628568858
6469.717628582853
6469.717628597296
6469.717628606601
6469.717628624211
6469.717628641909
6469.717628659683
6469.717628677528
6469.717628693588
6469.717628706195
6469.717628720313
6469.717628733942
6469.717628747132
6469.7176287562315
6469.717628764422
6469.717628772716
6469.717628780182
6469.717628783205
6469.717628778538
6469.717628773412
6469.71762876141
6469.717628755226
6469.71762874966
6469.717628747422
6469.7176287454095
6469.717628743597
6469.717628734576
6469.717628722762
6469.7176287149005
6469.717628705978
6469.717628695176
6469.717628684531
6469.717628668485
6469.717628657738
6469.717628645294
6469.717628641485
6469.717628636209
6469.717628631462
6469.717628628112
6469.717628623249
6469.717628616102
6469.717628613365
6469.717628608129
6469.71762860619
6469.7176286072145
6469.71762861645
6469.717628634923
6469.71762864416
6469.71762865432
6469.717628666235
6469.717628678807
6469.717628691044
6469.717628702058
6469.717628711048
6469.717628721909
6469.717628726142
6469.717628728104
6469.717628730793
6469.7176287378325
6469.717628740473
6469.717628746544
6469.717628757549
6469.717628764685
6469.717628775725
6469.717628785661
6469.717628797374
6469.7176288106875
6469.7176288263645
6469.717628845092
6469.717628861947
6469.717628879887
6469.717628897882
6469.717628907611
6469.717628913594
6469.7176289235995
6469.717628927061
6469.717628930177
6469.717628933905
6469.717628928023
6469.7176289153385
6469.717628897457
6469.717628881363
6469.717628860413
6469.71762884433
6469.7176288206165
6469.717628797428
6469.717628772863
6469.717628753526
6469.71762873058
6469.717628711775
6469.717628693928
6469.717628680637
6469.717628665903
6469.717628653568
6469.717628648931
6469.717628641062
6469.717628637677
6469.717628637401
6469.7176286389995
6469.717628630277
6469.717628627046
6469.717628626909
6469.717628629558
6469.717628631018
6469.717628631407
6469.717628640996
6469.717628649624
6469.717628653696
6469.717628654589
6469.717628656316
6469.717628660643
6469.717628663613
6469.717628667209
