6598.001317425817
5922.864290575232
5719.816241626117
5421.481808908557
5210.495184163688
4994.125506595646
4978.638191286929
4958.776584545275
4948.007166802605
4935.01974308738
4792.174772062972
4720.331201288255
4701.342523277198
4618.965890839934
4372.357923130613
4337.709573233578
4331.600317045696
4304.243987775126
4290.0990175867255
4286.542481526512
4282.145807397061
4276.05064708067
4179.199809852162
4172.245175209307
4167.880255337864
4164.732042854152
4158.3394198792075
4154.038369357929
4151.572377366535
4149.051279695187
4146.47597945621
4143.795329629812
4137.37107201759
4133.536625490679
4131.060047208811
4128.563739072646
4126.089709837972
4123.546128152416
4120.36262861122
4118.077969587672
4115.507016509924
4113.268054883963
4111.130630926087
4072.9233438595143
4071.985876179695
4070.7478110948687
4068.883873301232
4067.14954956768
4066.139525193062
4065.7305327812733
4064.116162726398
4063.294806586751
4062.35551513941
4061.027048463507
3880.5530565588
3828.583127798152
3797.956796673372
3770.3939346423795
3746.0109380627637
3722.2026467781684
3699.528271130911
3676.6921863260504
3672.3657728817698
3651.649228555696
3631.0400461723707
3627.072809909636
3608.6352114588535
3590.692529568235
3586.80508928517
3571.002525159018
3555.9891725410343
3552.2180392682394
3538.654347351249
3526.049977285328
3522.55653127293
3509.314285355406
3505.712206604045
3502.2031023479617
3499.6331565466694
3486.954756924618
3476.0688565961937
3431.481076989632
3401.6083907404063
3396.09872053442
3392.964142211477
3389.8182679491683
3385.395001300682
3382.534374751738
3379.2864432338242
3376.592967251489
3373.6056939328882
3371.0465493989173
3368.2411418042843
3365.7887223525495
3363.1145356664956
3360.744147326226
3358.169227021878
3355.8599015682034
3353.3643375283013
3351.0983728766864
3348.668592382522
3346.431061059767
3344.056160408855
3341.8346337508046
3339.5047447733264
3337.289049282907
3334.994939098393
3332.776825935432
3330.5099078914895
3328.2826059491435
3326.034821841751
3323.792411773998
3321.55539481615
3319.2917311889787
3317.0533185806166
3314.759467651231
3312.4867558963538
3310.1425661925455
3307.6467204432442
3305.186835886432
3299.782755866286
3297.4636312509397
3295.1515459947086
3292.797152208766
3290.466613854195
3288.061542606858
3285.4974314928277
3282.9817174614386
3277.4257212880934
3275.03896711786
3272.559260467544
3270.1458941659002
3267.7464784527
3265.2743438899997
3262.3172567042484
3259.709341915054
3255.218817636284
3252.5277053046916
3249.9485006258587
3197.6521605973494
3182.3092359795073
3177.6774006934525
3175.258739323805
3172.744754219711
3170.148274274362
3167.587554272265
3165.1789446402668
3162.564213187073
3155.7827318045233
3153.143944438435
3150.5784034809703
3147.8898829226587
3141.665944555821
3138.927333799049
3135.7800797674786
3133.022946952922
3130.2259691367803
3124.2904791331
3121.453803032454
3117.9131120616817
3113.464097586341
3110.8217734053246
3107.9834443382188
3104.9332155737425
3101.417674518609
3098.465205804783
3095.129472256102
3089.9679879564183
3086.871132400158
3081.6732917548106
3078.7339504764127
3075.657257902646
3070.252052882932
3067.1464113690563
2969.6187188631443
2963.34663496625
2960.4198236855186
2957.137508889191
2953.7790729124217
2947.3678873563517
2944.2687393852643
2896.434679337064
2841.0503285833233
2836.9184233968613
2833.7538328430087
2830.4882834794903
2822.7110372560055
2819.4815496163533
2811.5452354370173
2808.3338921285144
2800.4105116172036
2797.2072183210157
2789.0467805195376
2785.8418907347727
2777.77771919563
2774.574170623937
2765.8152987997514
2762.638510817277
2721.48727872523
2627.297761272127
2607.309363489206
2600.3625182549463
2598.5925970755916
2588.921404301044
2587.316745998677
2550.7182211028576
2548.031055464755
2545.2059774105073
2542.4131709037033
2540.501837856685
2538.0014083176407
2535.916071018699
2530.9380426624357
2529.27527969813
2524.925603034589
2522.9464006778317
2521.164467030434
2518.653174593027
2516.81228123715
2510.6464015593756
2507.4321482774217
2500.8856941928034
2496.742706134717
2490.533867153912
2487.0818860781965
2480.663793205389
2476.6279505085245
2470.6235932180625
2467.415849412984
2461.232038678841
2457.5013332691738
2451.7209190312533
2448.777517409979
2442.8655940484564
2439.521766677126
2433.9096700552523
2431.110934514049
2425.4719583406227
2422.521892117394
2417.0463433370273
2414.343037563358
2408.931020962099
2406.2737920291443
2400.9538698879123
2398.3986856784145
2393.1596537547684
2390.68586049439
2385.5240351332086
2383.1248956485783
2378.0368111680677
2375.706043892609
2370.689058378973
2368.4216027877287
2363.4742072694116
2361.2663121877486
2356.3890750023907
2354.2385923141787
2349.436665387539
2347.3434928262054
2342.6339983409757
2340.5996307231817
2336.0363615076303
2334.0515002293632
2329.827003737514
2327.756652135973
2324.6286513389364
2322.0866400694536
2319.3983973936547
2316.7249379301743
2251.799965177212
2249.324465470973
2246.733308097183
2244.058571682178
2242.197336946541
2239.941506757085
2237.5188321327787
2234.200880183595
2231.554349009192
2230.6934854877486
2225.5900235187773
2224.3736388648
2215.8964434089603
2211.012150919528
2208.1991569469083
2204.1581519518654
2203.1166168074583
2194.4358493648033
2190.774635357918
2189.525162917634
2186.3120789026934
2184.4320750868537
2182.5310533306847
2180.283679709347
2178.079217059
2175.659164748616
2163.877779846345
2161.2893370847905
2158.7435549772617
2157.3770728890363
2144.2413527442127
2141.645004679108
2139.4633870297653
2137.383917450127
2135.01211534576
2122.028647241767
2119.4738230087682
2116.9110574653632
2116.2559437279997
2113.503879405055
2111.591812027566
2109.1948090575133
2026.2201043760606
2024.6824833939609
2022.3099060709976
2020.3357491915403
2018.4218722256744
2016.5740937937023
2014.7718793250278
2013.0164329744853
2011.2998143846232
2009.6177910388653
2007.9698343258497
2006.348192334933
2004.7568941107043
2003.1859865928825
2001.6423601599665
2000.1147293152953
1998.611778166744
1997.1214640906187
1995.6535703386141
1994.1956828922682
1992.758220631031
1991.3286596602675
1989.9177392189897
1988.5130041618836
1987.1252960262375
1985.7423065332453
1984.3748773155753
1983.0108820434782
1981.6611148175764
1980.3137450955296
1978.979382869036
1977.6465668517924
1977.363151243463
1976.5693351184036
1974.2370347566678
1972.8267923307023
1971.4379019153625
1970.0602360565426
1968.7019211148368
1967.3524983127593
1966.0206219631498
1964.695693778167
1963.3866731461253
1962.0829639861379
1960.7936643539329
1959.5082844432668
1958.235937132956
1956.9663163328157
1955.708456311538
1954.4522936494038
1953.206711997915
1951.9619368945644
1950.7266443387814
1949.4913865204269
1948.2645851671941
1947.03715099015
1945.8172121061416
1944.5960655639824
1943.3815112222899
1942.1652696574174
1940.9547711202483
1939.7422615011283
1939.44091877907
1938.208468184825
1936.0321785211138
1932.7784324140189
1929.8094443775574
1928.626010746916
1928.2972199519704
1926.9126035750517
1924.8045391984922
1914.4365241966802
1906.9317333304618
1904.008280559608
1896.8872266439992
1891.4420842535174
1887.7534384637765
1884.2076491237738
1882.9443384606636
1881.703801319391
1880.518492630857
1879.351661179951
1878.2161638508155
1877.0961902661572
1875.9950862743933
1874.9072556488347
1873.8308900798822
1872.7660026897092
1871.7079785476085
1870.6599461967312
1869.615810013261
1868.5803972563654
1867.5469077572336
1866.5210328546952
1865.4957368436876
1864.477066994485
1863.4580429675054
1862.444749941592
1861.4304468872988
1860.4210535696939
1859.4101859627856
1858.4034643040122
1857.3949846590197
1856.9861853411783
1855.3827493646295
1853.557516752232
1851.1572281223255
1848.935685859753
1847.8698888861456
1846.8177841079041
1845.7816251140903
1844.7572363841807
1843.742119078824
1842.7372614181043
1841.7378369569258
1840.7474186784045
1839.760049595102
1838.7806075309418
1837.8026566284393
1836.8316784352849
1835.8611361733049
1834.896705498386
1833.9319779065565
1832.9725725724682
1832.0123527081073
1831.0567224894833
1830.0999085334581
1829.8330247979438
1828.7694733849457
1827.4149305146227
1826.4403572779834
1825.4714633933488
1824.5113768551512
1823.5545541131205
1822.6054943435768
1821.6581446415528
1820.717633356346
1819.7777842311475
1818.843937368742
1817.9100241960869
1816.9813447171794
1816.0520821062698
1815.127337677782
1814.201638638991
1813.2797836603481
1812.3567284596297
1812.052626426917
1810.8703945534896
1809.4910497669596
1808.5677445995707
1807.647083669634
1806.73346692308
1805.821172213885
1804.9150504181125
1804.0093526753428
1803.1090326689803
1802.2085055756124
1801.3126193446806
1800.4160727845983
1799.523476043285
1798.629888807277
1797.7395970533967
1796.848072157409
1795.9592168241834
1795.069007478629
1794.78123001882
1793.5801836328767
1792.1527517407246
1791.2789117631933
1790.4047865169412
1789.5348711885626
1788.6642142415174
1787.7970745781147
1786.9288593128604
1786.063503864143
1785.1968244624647
1784.3323756417885
1783.4664163838208
1782.6020813897544
1781.7360950066627
1780.8711434858144
1780.0045636845716
1779.7150048784745
1778.362001316531
1776.7504445301815
1775.8444090560174
1774.353345461193
1773.5038183975264
1772.6523676178363
1771.8010791991705
