0.27246449348736296
0.37692326661037806
0.30148001198739366
0.36692649976285
0.045527353912906306
0.1117217018849645
0.8757451268189509
0.3378738721484679
0.594279040814671
0.7432486864755001
0.5215614629262322
0.23744045784006493
0.11741488048973697
0.12199419007223516
0.2684210063182128
0.5094207771057009
0.7708765328169038
0.038194483748789206
0.2756430889821699
0.704337957966902
0.20390402226838597
0.36704218865101595
0.8587025580009127
0.8843345507113032
0.7175921391633318
0.5806313493594808
0.12578866427901808
0.6998903080573062
0.4022568945580451
0.42255378775056157
0.5521022513480873
0.032335433943902925
0.45080269295304304
0.5412641043304798
0.934333245878711
0.89044432163724
0.9421813039912921
0.45141956102927766
0.22691102802827587
0.08792858174323687
0.43383392969240736
0.6914961200053125
0.6000758588396815
0.12496668975136407
0.04715158086888927
0.7681128216471074
0.8683069149506428
0.11112887435827096
0.9531712746484762
0.15191670845617886
0.0025337019013564363
0.6528331233295857
0.6854373770328941
0.8335262203942584
0.5139775270147933
0.9667552277554972
0.2380323893235586
0.8568806432555776
0.15579379227625254
0.029626521561664666
0.06733871983479339
0.6060521646100145
0.5218284323820637
0.6654022091935328
0.16221113646151739
0.6994733502333919
0.27988472673056525
0.5227623890152122
0.6052032026466097
0.3882992556688473
0.6841926356984496
0.7415274418541469
0.27835941525138813
0.44416597671753894
0.24557347087366463
0.3731787179214087
0.3099075805261248
0.2811426593862058
0.1594575186121788
0.551364120633036
0.05005754817960562
0.8294353713998375
0.13974851617664882
0.42317268094523247
0.18938428239045443
0.7174207422242789
0.4134800175509445
0.7750158806302172
0.49967266168867114
0.7341497299825648
0.13086082378305516
0.7793113184225364
0.8606244574496091
0.20772124454909488
0.36749568081958256
0.8521747037642942
0.8533479780494893
0.03227127042517408
0.2775658182662197
0.27378551672719825
0.4785109550638262
0.4574368995401929
0.457514933272757
0.711197705960454
0.7681036240412313
0.6432523529875902
0.33557954153610486
0.8889394140139606
0.6038098884157381
0.43965532667468893
0.6095268489257648
0.255778922679108
0.9051664814869251
0.09364594040776936
0.985378360104229
0.6909164873668443
0.24893319642417266
0.12173029512118755
0.6332981956500188
0.35398226445928244
0.014187803999544836
0.9668631843718698
0.0697177421809762
0.3474363786640506
0.7953740622434962
0.4365856336465838
0.5221739446442117
0.35560125492953903
0.9584981988013712
0.3097984629718013
0.36305447027839327
0.21158456119173116
0.9051500727636241
0.7784183593184251
0.6344432538088967
0.8179377690774645
0.2075406929388713
0.2330423407117118
0.4148971423984
0.1410972958524633
0.42781550501469384
0.9334445197632042
0.7354766811707336
0.3080864017674278
0.9899729159796424
0.7786292373889674
0.8489411959192941
0.18606586575750192
0.1397239798437032
0.5147342497192473
0.7905644199985866
0.9004684863727748
0.7256886965471161
0.5408942986937235
0.8550359735696869
0.09906037634479964
0.34809207941409576
0.8101646689161388
0.026224293998956087
0.8387851871927146
0.014355072220700373
0.19772771051952084
0.37298426476463303
0.9847181759049439
0.8582606880363324
0.1990204317110765
0.7055399325949847
0.6385016263059242
0.8834225100169844
0.8683554027313007
0.16468207129422882
0.014936001277601587
0.5384590796166182
0.0379039215114726
0.3903193470567829
0.9281044074199671
0.5609627489370164
0.8899298591449101
0.5300598863126453
-0.0021643674653491467
0.582360298098549
0.04213992399447764
0.061529216471627575
0.5719908546069499
0.9774035734403344
0.6642291955938355
0.6850756657297941
0.5326314658853883
0.6951702890352396
0.6056796778368068
0.0122183888300908
0.4249025444666958
0.9012346898828174
0.8419661337239843
0.4974923149396982
0.24281992725239218
0.8262092873395221
0.26316093242791466
0.6681328339631329
0.5190964597196008
0.40515785290275413
0.5157626932368911
0.8510936302642222
0.10781529643352122
0.2640683256323368
0.3402360423409407
0.28603157346830693
0.5623738443559978
0.16738174790203417
0.15378003349052935
0.1269802692835785
0.9619516482479336
0.5253432324735599
0.1967679273016326
0.9906212407853812
0.9717307380815776
0.5258672322033393
0.7003964142256329
0.5437108326241826
0.5308063484036991
0.8700014826728764
0.6299701385837793
0.3158150715893952
0.8540009223349216
0.7045325035586938
0.7080795000666134
0.4949266682753395
0.6440359994674449
-0.0068330989395642494
0.41522156930942894
0.6925577741571087
0.2164261463195197
0.7062118107234379
0.9233404659452207
0.6583403214031389
0.9169499866104547
0.376175387975379
0.4610846900476235
0.6647947048912535
0.7054420510796036
0.6134165247168464
0.4086383745892623
0.36172561538828946
0.9859856917899037
0.9164314137038472
0.35309642453370066
0.8344255917386003
0.6152769596766108
0.8640585898181254
0.32257207106373514
0.7415538906875774
0.8313147106453245
0.32163290795615035
0.617992719242854
0.9794112901739305
0.1349146602561163
0.15450847224398676
0.2980900239603001
0.08869544266085655
0.1907800043115376
0.8855104881001754
0.3250519351374321
0.3811128110028909
0.047728819770932136
0.8111778729625441
0.5054350953408497
0.6887851394627678
0.855567946735412
0.013187188065041768
0.3606503459625838
0.24861410676457138
0.8549488903703966
0.49584192991864207
0.9729847846618194
0.9384237660827102
0.2795926977718001
0.7868952675197602
0.9813000600294064
0.6826936995052726
0.0979663005731603
0.23096642950652466
0.8468152111473439
0.44412281947982873
0.9854510541035642
0.9353067031906641
0.1617711398296172
-0.005296436480993157
0.8482760293628122
0.051961867663925417
0.00124012037825099
0.9251494721533031
0.7199279363542834
0.2030208668269947
0.08839913626173862
0.08385486474698539
0.5690810099321348
0.5702506770128941
0.8068841983899067
0.8538610782628753
0.46391245059044256
0.035000669847203965
-0.0002716181868578953
0.5905502306337589
0.7052913353520223
0.2420075806484475
0.2501033200558062
0.39600905014427384
0.8669816157568857
0.4750173053984898
0.11303493030877915
0.9836694650756026
0.7251992346705165
0.011704630343656265
0.7746669095611591
0.4252471365799035
0.955576411395229
0.8566870491876692
0.564686772646684
0.47255185696895635
0.46316221070274416
0.5323922407754864
0.647261143772391
0.7993013178156649
0.5968816762828764
0.6015652336374149
0.35117237644395444
0.554771277662155
0.15960029624496638
0.8978814728532851
0.5890144453595789
0.8683673516209258
0.5516538459336546
0.17376494128560446
0.9813871510160104
0.6010630318166572
0.4613560355361001
0.254803386522983
0.34295183506339705
-0.0053736554750013
0.9921156630736607
0.7073800543650397
0.8610602939275998
0.0767778987263365
0.31371306716261577
0.09162420782183717
0.8322295742219525
0.4730733699780822
0.3537852992465195
0.7613985365609905
0.38549515866946166
0.9811564949190814
0.29566778665936816
0.502701242412597
0.8347109327687701
0.6529300636696347
0.2649267730626423
0.18454994713614767
0.13142572440977437
0.8887818555579823
0.08874158091204903
0.5742357014361203
0.3067937659049979
0.21618812143854335
0.9853179731995187
0.6611855670955122
0.26589808014506605
0.6201848870913638
0.3269008325286619
0.7043797708937769
0.3876223924633599
0.4078159606081421
0.06507881564390677
0.03320378290923521
0.05719364457295984
0.9096727506350593
0.8161065149210722
0.06734268263943449
0.24987591469006237
0.5302054917560117
0.20203295681031638
0.42384727655771276
0.9319182630359375
0.20503104303875128
0.3630298092603183
0.5273389206197749
0.4085109880629831
0.0835184494508005
0.04364812241019623
0.04399905851345121
0.5754059257657167
0.7625937272096217
0.726480927375192
0.8246194903711934
0.01827662988318689
0.10332832533110786
0.16760298218625022
0.23754599298444287
0.2143502612783906
0.4232669337090786
0.4967044078279035
0.2972836572877357
0.3895981250895925
0.5859181929632391
0.40721659279445527
0.9849662317314876
0.3526443326034327
0.14320731002424844
0.019249966584992107
0.48756031447417686
0.6332607086554563
0.4234575214498006
0.07560241052372602
0.7172702693220157
0.9348042220231596
0.10337838181235498
0.35009353142887906
0.3707275063234227
0.13239521462741752
0.04082197716506098
0.2899778065416771
0.46769481570310595
0.025508626725869055
0.9845100928544348
0.34213697082670275
0.8195274276663795
0.1963832603154508
0.4376437439849749
0.45221694176622335
0.8553261844856934
0.13540340777991342
0.7663798874102916
0.040053700763436846
0.4243950573891699
0.7343415059566911
0.9028845566186248
0.7659028697958858
0.9597095519388756
0.22359936113211595
0.5272312768553551
0.2708243633349032
0.7572384958206608
0.7268515364279748
0.7364860867020055
0.7308300517890307
0.5134493332861791
0.5031934850827375
0.7662316502539377
0.2351129625208129
0.41583236026427167
0.1736713448159571
0.2634114528814752
0.7254084877306037
0.28374803042136926
0.6336052256006794
0.550505978236115
0.9777919429133559
0.17975096219178374
0.9560420124369642
0.7482273929708472
0.8203435040381242
0.18547442803762668
0.43581862534556465
0.8668258479769515
0.706330031860698
0.010147305793986655
0.46200877304449567
0.1063931121732597
0.4710288850099426
0.7153941416111851
0.6044830426895591
0.4538914826357063
0.766049244328679
0.7531886985746221
0.1868683553290927
0.02897400292719009
0.0027864144306523645
0.558791846187287
0.31098934661621697
0.28073894092888513
0.45589352047249737
0.007992328525342879
0.8045459220849056
0.6984868108574127
0.05061225839802675
0.7596926365895804
0.34696887050623143
0.6830954057017196
0.3149874382003636
0.24866828841678176
0.28007885443053054
0.4783379143472481
0.6410228684109205
0.4293169073252518
0.8011437610550121
0.281664558328692
0.12531872785836304
0.7241822888197411
0.02981020132876443
0.7871357595419626
0.8094433823084324
0.31527187735782264
0.7731880371044919
0.45867148000617547
0.5855058946700575
0.684254756497624
0.1841370932566749
0.10914307447472898
0.2150042091549292
0.4388066905371159
0.5525121672692588
0.14306877790772585
0.8901561227121693
0.330459297947103
0.1482023013966872
0.27292456707345186
0.9734172009906048
0.7803270396929607
0.49343412803814557
0.7591211727739702
0.8918079371618355
0.7172132676630614
0.9654423085487855
0.17477921758066758
0.4510854069735501
0.8529400319988136
0.8609425465282043
0.37684869596867915
0.8543103599398272
0.233558960120514
0.12445089260025649
0.5341776338652315
0.8354149639535535
0.5772052662290081
0.5942704594660415
0.40722009881102567
0.38379565516321396
0.4006643003511369
0.4661229362297172
0.23743008644018135
0.740429858454033
0.6179295875037183
0.128658959735206
0.020676174115749058
0.45490227220963203
0.0032585867029144037
0.695278947880686
0.9842415495527301
0.46535478974845107
0.9050344621354747
0.6738509188923196
0.20129614032616402
0.14153967641048312
0.24622297696874548
0.05864179145437144
0.5248883674447045
0.12434230557011178
0.38426633538242844
0.5242786989386798
0.8771921057510617
0.9870344177446997
0.05602430132601943
0.3886579714211868
0.005906631609830119
0.306955097091627
0.499608661431656
0.12007383077404427
0.7802496589182741
0.6849836901664912
0.010724816679857864
0.3649445599515439
0.8285788017822944
0.7181087144532141
0.2067329521958444
0.31667622277827284
0.687957694684689
0.9749790891491077
0.8232378491617676
0.8347449615307663
0.1866645174409379
0.9405204469843969
0.7667744066115205
0.18732267317827453
0.6643448164813845
0.7356765385744397
0.5524874315555128
0.3781075745125268
0.9569049462387345
0.8504858755005742
0.2045446263602709
0.8146379523688014
0.8594893121573013
0.4365925870161071
0.20683601176444774
0.5522676332607106
0.34947291241984585
0.8223006656082508
0.30189684204369666
0.310423234878564
0.5572179203218446
0.9765044855543852
0.732993077973038
0.12631384587086603
0.6440577125487064
0.45408446779452877
0.5078538041147893
0.025523836415913593
0.5419583267773529
0.41407380766026364
0.9467231946660519
0.6016649441271273
0.8400894910525218
0.6991703354302337
0.7803549583682108
0.9230552964436998
0.27073448197243016
0.04455222705100537
0.483341062091694
0.07021750071443739
0.7516299240412143
0.7141057143571792
0.11601671336278202
0.17021552308533958
0.868585288232621
0.9328602174817047
0.6375088068777182
0.7070668227059898
0.4218558186858736
0.9806736885909133
0.36776422419688587
0.482471579706742
0.7649630599526265
0.5417572012268037
0.6613542453111179
0.3500035204861773
0.1820348204812646
0.65086926109505
0.029340388334136092
0.25734453992834333
0.5676647605233682
0.7508171982056249
0.5153818157765637
0.07882682446375394
0.8984890012755569
0.23838069757274746
0.8050989751485855
0.5667608136318736
0.6370119947990183
0.12004464577644297
0.02531507424393874
0.8498535364376503
0.9370322970458103
0.054422013050934866
0.21192354269443578
0.7798808615925892
0.023636653055663082
0.30884854604881323
0.7667404164010627
0.27606143960606494
0.582050578963377
0.734303773353076
0.6669770944319537
0.6856034393591368
0.055571011165498015
0.8451037413386822
0.7184825075119927
0.266019146559663
0.25441160826524273
0.08301163232781977
0.0580129363436005
0.09068863488059858
0.05985841199512345
0.64403679052522
0.2033331607322922
-0.0025292277028386417
0.6979216800917913
0.5810278718448412
0.718421437641565
0.6763691839684347
0.8462462082023678
0.8035779982513964
0.9325155243512888
0.7755003190040644
0.33089710832883407
0.8861072961705296
0.9362682723969005
0.5509602086806675
0.9830952679795022
0.3318069928848026
0.019218662964313616
0.9730784276467508
0.4632187753057366
0.5412559516558191
0.7001502747413748
0.24667471235334557
0.9668943589702217
0.22782524923526978
0.9544401261572901
0.6055763014834312
0.1182573548195422
0.8872277187065456
0.05511278320903979
0.5679728020947403
0.6315253402597025
0.6159956556226711
0.660878410938847
0.03079833898736316
0.8917909107606441
0.2469247658546246
0.3374252784055342
0.10425761242187698
0.04104111754425544
0.3686744396579806
0.6738839891526518
0.7736260310045349
0.34508767554353986
0.2898543510088735
0.08718235207004493
0.5416634352860976
0.831889243108537
0.29234442013402856
0.33458165787826183
0.9566778873317492
0.4163622917334839
0.795587103543316
0.4277659964192732
0.7551235594661174
0.8513730621280415
0.05057677115068094
0.9076442213666991
0.29281455729972733
0.7301819962869847
0.977739581694236
0.9266568061713565
0.1516574138136811
0.06043731255378262
0.5246948505988953
0.9573266044600006
0.1637594735027262
0.5458441154966371
0.6165671472150847
0.8214808753667207
0.2694436304244236
0.44889548852416733
0.44654749952300116
0.3609631683921803
0.8601829081670394
0.8336959118849996
0.9126931789708472
0.8456306475394346
0.1537561904761778
0.7883887264123095
0.48652721336922994
0.22733534282567555
0.6503749319232506
0.18436914239038313
0.7018180548027684
0.3803930468673464
0.457417432963862
0.8037658315244041
0.25793840132822926
0.65346767320329
0.4768462192161062
0.5969451759843085
0.21011762012329468
0.7744179682923518
0.5407249205238489
0.6333655596937713
0.1182218820108149
0.5587091265607085
0.970129074940971
0.8876629652428587
0.7521002227244435
0.8130259704705496
0.0730571468034597
0.32681704357083324
0.6041445304817739
0.5789437167168683
0.8938311187692258
0.5369570767222047
0.8022728035061621
0.6988424229849108
0.6540338888721575
0.9846508309438915
0.823015163667921
0.428895113024994
0.13306307640299084
0.5090936095331602
0.2352194843533165
0.05429579183208045
0.20702820571120858
0.4244809903426742
0.08018997816670032
0.6939312156093762
0.6713198586862088
0.8688981691953928
0.7259810928376214
0.2889098177619071
0.7137754183101048
0.380061038225683
0.18670791762505087
0.00912588656627484
0.14671085231351952
0.9510384325694499
0.9037276704643609
0.8948725295590558
0.048007071006110354
0.6616437704755129
0.3037439390767342
0.18975924709433575
0.3910008058750229
0.35833324362585967
0.5368473122313506
0.9452627067533859
0.7083008071456636
0.6383104615215249
0.29971182392249335
0.8858511899374295
0.18289095976863798
0.8224800584146927
0.8080503832765795
0.5282863517080676
0.9040141248078739
0.09447971870847932
0.20845216460936142
0.5651831131019778
0.9275071358774516
0.6899190207487711
0.48798710240560367
0.25808496439198797
0.3171746797078476
0.2577744845298597
0.3205728098408495
0.17613459381580662
0.8964858014560193
-0.003991361202383256
0.5694575436017435
0.1801928261333797
0.006352360484787649
0.5923701720666734
0.16328170540094686
0.5701276879231327
0.8134830474166899
0.10651371454335162
0.6145276856406949
0.86204423901227
0.09282382858221133
0.2023003064152927
0.42664325741862
0.798576982154537
0.451607202127801
0.5837077340151962
0.2856920349603033
0.07275704583217885
0.1343157729140266
0.6991807796385845
0.20229843714046356
0.5317644818089988
0.8306551427625877
0.5763020413467685
0.21906391126392064
0.04127490569574078
0.3779359761754257
0.1456648271060957
0.42915947445795005
0.9635714596065266
0.36914148450326384
0.9165685144293878
0.5908119660910218
0.4701544794890821
0.4390137625076093
0.6526791944919881
0.02921051686423225
0.6557887299920011
0.38566980611473317
0.07422925751312376
0.7140296599956066
0.6251521414377865
0.9206253450041402
0.9527317954043943
0.37233386106797733
0.517280234020074
0.8125775562473379
0.5182807542339012
0.3262865333812272
0.4071747743361495
0.4604203424640347
0.7201470322796066
0.4124761776528056
0.14220643201881086
0.645873682382694
0.25701552709975134
0.32276920752148625
0.35557494691857044
0.8477683311995996
0.7673690613611974
0.18876760910005883
0.7176820554719261
0.36732947779584596
0.8979279952506267
0.4939907334278626
0.07104553439387801
0.9576838546642177
0.3743990107541741
0.8539180608299175
0.44339197918695133
0.40534837072877344
0.5087111394262787
0.2049391718191079
0.21069244720824995
0.3455269955324484
0.9256767208245142
0.2029219617012333
0.7665025726408381
0.5748678009237569
0.2907195651733138
0.592210420338948
0.4483653335826098
0.6917784938490235
0.3586082399459371
0.3417603147479011
0.28288619307509894
-0.003043268917657213
0.8651672423002319
0.9885140125949781
0.8111104298414922
0.8094743764074821
0.37732427309076927
-0.005820189373429159
0.008037231760125113
0.7426858588084815
0.5303546413274975
0.8399342088721409
0.7743677762268724
0.12789532331762707
0.8294989166906808
0.43796406409914196
0.13303977311597545
0.11305129714156176
0.21488706564492052
0.5747939102323518
0.13944563839635213
0.8453724558981153
0.46969854497932134
0.30724598560756483
0.7973629118674388
0.5341857812990125
0.5414252184425976
0.8111062968435756
0.7401522534657194
0.23131653255051807
0.4614794495206033
0.3337389313648668
0.706300398478727
0.7116946751074775
0.4880567292930171
0.31826847671759245
0.8646400696704946
0.05084663240471977
0.8544299014421999
0.8675461920696508
0.8670265584770989
0.33001817666673866
0.8416929695160573
0.13617061514993653
0.9278814181146005
0.5580647055816279
0.15999962519418984
0.5705488245655874
0.45915572094117846
0.7168004089256537
0.5051566062240989
0.5135920956321574
0.41922155582468384
0.6698286556084072
0.8494240055988327
0.7721858076571222
0.5413805402355878
0.4171623499190557
0.4499909160994339
0.2481255226765785
0.6097355200215322
0.9024730900767628
0.7015331869732981
0.4190071471387686
0.3356323583951916
0.0948917602100498
0.6908868326292332
0.3307482744344061
0.10378898399557274
0.6257932989434443
0.05539167696004011
0.15054024596498924
0.9349526723447761
0.49352248433832635
0.6437424566204719
0.7483899768034934
0.22760451237006615
0.21733376377141353
0.9008038259569462
0.21631073290679134
0.5799262184726937
0.6330588396495334
0.5162010151977194
0.8598455926510447
0.6737678683922752
0.2415523611841329
0.07681025365935573
0.017506197103486876
0.4691461945353332
0.09392932999329057
0.8270065513446223
0.1632666621596167
0.5025711738901861
0.6535683622286699
0.3836279944308309
0.6352656678315578
0.7134169629908229
0.6422831751298852
0.44278518098051783
0.6660276896019426
0.8225554881087636
0.18146868703976313
0.20346466512566783
0.8458618589054834
0.6503335850659286
0.06959711418964915
0.6954284057836213
0.5938707006974591
0.47158106817090534
0.5629372543010511
0.5164747434832142
0.9679444927401908
0.7704727387030763
0.06267546399210894
0.8851593179624384
0.17963143769789744
0.02259963460376845
0.5725991174025307
0.8302335494538964
0.5077499725867081
0.24285600768651391
0.30993266236734435
0.9273322665995671
0.5712041453993975
0.17257922961076252
0.4773763517376008
0.05086205440339831
0.5951837264907607
0.35665381271640023
0.3624545625243571
0.13897965715155144
0.25565465292069595
0.6864278837252531
0.7046669702541193
0.5094743986261867
0.8668613931162392
0.8588865208667165
0.567499309180642
0.9183060124294251
0.244230334612964
0.3423619547820906
0.7239365554786839
0.152372995925765
0.8958778490118264
0.1642533788462913
0.13451106752207784
0.4106807912096368
0.9799293265157278
0.9628221623595594
0.9764494457215127
0.5968783278438443
0.6954207595378763
0.0008697393667555471
0.16988472149874076
0.9862491129078277
0.25274866715895866
0.37852524365925405
0.8646852619041578
0.7607626794528395
0.8962821125939642
0.5162841892185828
0.8935655523262398
0.7729930077819629
0.4070153223373613
0.9326301790856883
0.09843036170659553
0.7411592601347754
0.3613984920040009
0.12641346478253065
0.38775931673984626
0.3207770136488652
0.8661557366638251
0.08935487131107561
0.6908411284724685
0.7550174702502928
0.3368857882764597
0.5460179694500966
0.7846657379518776
0.5320870328106435
0.4920657244231103
0.6083624572785173
0.7958791949221986
0.4724556776541426
0.960356277589552
0.7550479150170775
0.2595887723149716
0.22149844109923142
0.9119375448771201
0.42469237934418563
0.623796180204689
0.6124882162782428
0.8613184968140357
0.11008307605949125
0.8029250859881101
0.5589841947789014
0.969337430483689
0.5900155316693356
0.03382231936228853
0.1826165106676446
0.7627330409423947
0.6191858694201902
0.5523966499496402
0.6163468444867035
0.07114573889707526
0.6230229382492418
0.8475585033219855
0.2103988828340385
0.3123260966811147
0.4423807546700275
0.04721820760862639
0.06782846498064304
0.706336636306826
0.7322305746591975
0.9749499747251154
0.04027087153420628
0.5902252392117939
0.20148908950840635
0.4385739828663055
0.34846844379707037
0.14857013201635136
0.07855671691011307
0.22734835547694784
0.15837944936115464
0.3238726412769592
0.5285239542253861
0.5921500729539944
0.8438373633675658
0.10289714817035706
0.9005336668858406
0.7397958985232058
0.7060584259857035
0.2817205237880855
0.6614934557740073
0.4274886557923289
0.28691750932434074
0.700542119333458
0.5442641200297038
0.21933228048946538
0.04861592411703953
0.9241560893436271
0.19469067446395547
0.025485009409584636
0.2842471950962388
0.13169429927624762
0.05404034957517768
0.05591081872221271
0.1812489194040153
0.6520839444215774
0.706690377416261
0.5130886533405181
0.435174718869141
0.2624529793153227
0.3462657001841602
0.5309028325495175
0.29087520544065865
0.3252074796897126
0.05813120286155295
0.5738912738409123
0.04743950169964884
0.03957994597097903
0.30660678429857197
0.466092424789384
0.8776120361058706
0.24142505117988752
0.6444364229266664
0.2747857339399615
0.5435585201814983
0.17808633528439496
0.7978762209578711
0.29374632478666934
0.4117876671143165
0.15249061507735537
0.66280107293717
0.2853579676752031
0.3100046001213856
0.9199287765122486
0.02809974011637805
0.34795303142203976
0.47420213714301623
0.6272262639323771
0.15211419224632813
0.3965424429389754
0.8053164350810031
0.15748351943648706
0.6935172060632806
0.3454464406245689
0.30017882466873774
0.7459340826987213
0.9214940109342296
0.9292728768482492
0.0917400414822988
0.6531338516600624
0.7419767054162241
0.7190622999422873
0.27175390096435786
0.8375219573360575
0.904620804701938
0.39144054821331337
0.7989562248150561
0.828463306895411
0.7417298537077361
0.24880075410626723
0.561214425069799
0.008759174063312341
0.26495275256381284
0.7416024510922661
0.3243826551729733
0.8534317155612177
0.9909036679220726
0.28270226480251676
0.7840744064861449
0.6280667500916319
0.07507453531133751
0.04373068730438202
0.25225430816441813
-0.0027761478786788012
0.46778793072791797
0.8655912283306331
0.9289452351933938
0.051425807018115395
0.8561162362116974
0.014993874157815003
0.32862808491105183
0.2015824709293362
0.9016492440072736
0.882623301462232
0.5795670523010059
0.946338137382317
0.7535061013812008
0.43564991233241174
0.5319788739074407
0.14470571011112318
0.40735631821113055
0.9358474970151232
0.48431235608257256
0.08094871773228624
0.9646710475144655
0.505501255914208
0.7480968627294997
0.9424302663250361
0.34317804982117067
0.3472591200659691
0.6484836053761405
0.42964334083754635
0.5628966368276798
0.5865828611755528
0.20882540359507215
0.24003150943296622
0.8580497192329017
0.25609450086917035
0.22354170693676942
0.7035422998467686
0.8257313853476713
0.3890341087640585
0.10696350251577152
0.6499416935446505
0.6467115989988652
0.8279304164725643
0.6297756438262501
0.8046841586284603
0.38187227049391276
0.2074601593634687
0.04476607093236019
0.8881551465491038
0.4713796705076318
0.3684295025840018
0.49007519139482686
0.23820716769599679
0.346135045002768
0.8231956910407199
0.33712695888224403
0.032008780797687986
0.7213749244277372
0.3247672147764639
0.9285889394884141
0.7254629627646436
0.6243611810874912
0.0005169260487751188
0.26585061580489516
0.15999600862043226
0.5102566829448814
0.9592180792857992
0.5229629252868147
-0.0072450156561048645
0.40657655891634853
0.7308705870907202
0.5494320813097915
0.1962161072295053
0.024272917576700238
0.8421778268331706
0.027943596468761316
0.5190051809468113
0.3698506175083906
0.9005146998453561
0.4638570025369834
0.2694444362191241
0.9017531922009263
0.3833071865363242
0.20984264234961256
0.7284780399553827
0.09354361530990113
0.22815845350971106
0.843043292143101
0.15194335798057432
0.9880255484360327
0.9219270303988056
0.5230662358642071
0.07787740270173477
0.6630332507919794
0.17630998480779278
0.3922850705914895
0.10644748599661086
0.08402801137622323
0.0947785327552974
0.923729336384473
0.00294050750127445
0.3691006282443396
0.713040434457874
0.5194523768704944
0.3572392525141998
0.15065011376032297
0.49726323189202853
0.18103197390273626
0.518131350666059
0.8363568027941992
0.8435958106696027
0.39904953480485456
0.07126135179237275
0.6536795588541666
0.4337242833455152
0.791871702876396
0.44681115149781697
0.5591149337910386
0.5502246709587917
0.02113821698381745
0.32638090548766846
0.21320938294910938
0.3051840806946852
0.07754110445846035
0.6974469017836948
0.046297360313673715
0.7291320128798695
0.0887763396605949
0.9296097479444447
0.049867435502617526
0.7581041978532808
0.2608027261654397
0.6163248266701793
0.9326732694901774
-395744152635364e-19
0.12029371812544082
0.701751684004539
0.3136951769508817
0.517655447520329
0.8893488314118794
0.34294691968826213
0.09616785081579121
0.6135484775740259
0.9827059400744746
0.7154281417518695
0.08054866246466136
0.1987591267323455
0.8958100024103519
0.6749396698418149
0.13518167609873485
0.9039044678139605
0.1105442748729179
0.4304408464600064
0.8065558887487771
0.06850438925699248
0.28683261403745747
0.5745850441345788
0.8561929186419821
0.8561739143075635
0.8809631251456542
0.5619520167824799
0.1862017702248114
0.11026458584757498
0.9106679316696629
0.5427666994444682
0.9124965151790494
0.3573173330055938
0.8443225489742319
0.399376785697324
0.08941967294932301
0.3017300273697296
0.7572597646519199
0.9529333423424367
0.16734172258221588
0.24114073577825587
0.0077702039772097825
0.6435894369853328
0.18003674558908642
0.2729053039495403
0.6518879541038809
0.7903447542740176
0.723427998139015
0.07602265206314102
0.7518569493772005
0.9032568521710544
0.008697140990300006
0.3117090032203264
0.5774978505472739
0.16328984212109962
0.8041675843481382
0.6796566134040294
0.7594862696065234
0.932042417859573
0.12670385994319008
0.7441148966140751
0.7127102352291119
0.7033884174837308
0.0798937502989569
0.557166951078031
0.9256142817729267
0.775253953029378
0.9694649024841686
0.7601235612141626
0.5419473177669465
0.8731501551065228
0.002331132235559866
0.4825130487595299
0.5476755407758938
0.30103587181141206
0.907840498367892
0.35493014362468295
0.18220996695337818
0.7024749755439832
0.6199469235286148
0.0037611282195987882
0.8403877030637792
0.6905152709609297
0.7081967476267086
0.6651188065624147
0.7126701634992589
0.8215975367961577
0.9343548594769091
0.6145662360788766
0.6259604735296598
0.9410565008597549
0.5271359877179154
0.9655416933017575
0.9438923882209227
0.44651478121169846
0.39100625256865634
0.39135325243345614
0.9555497863825224
0.3091605731561537
0.9908156574672387
0.08943082953318754
0.7716739016941603
0.22747264382301643
0.8905645881110933
0.6690554698368589
0.3163785005786703
0.9556293204154342
0.30952853628650717
0.9803066648745187
0.38243832885208423
0.5118281152358894
0.7437498245671859
0.5912883412884071
0.42335209706182203
0.7370656467149614
0.7696445871479418
0.5856784175265719
0.1143029146710483
0.5563850750219768
0.24493304934155033
0.20451962841707924
0.23498107390008802
0.9623905690533472
0.8483819850610592
0.8536600881981891
0.08262787158758139
0.8032155573807569
0.111379860317184
0.657910115720244
0.5254206291482508
0.8046055347577841
0.5352573847021209
0.15517084980898552
0.6589311135839324
0.7584607490860025
0.9017987802589396
0.48713106297544345
0.0853852334255571
0.43978525071744284
0.9670413161852673
0.6571099408805674
0.3717210968072477
0.369404851872944
0.11694995027024818
0.41013748709607184
0.7003953556670781
0.17012311719061976
0.642750607226166
0.8714505692668393
0.2291440526776841
0.8505794753252707
0.7898250973830467
0.3282338732676037
0.4468464842311903
0.03256118289693222
0.723026065381136
0.40060399079469117
0.6637210678368297
0.8481460759394355
0.16708188379108532
0.6191967277873032
0.07834467814131968
0.1342983539064325
0.3346908991755477
0.8098122573223296
0.7520422540809766
0.5940877488177101
0.3810535099785454
0.606127651139807
0.5898052689702411
0.22456202722770766
0.09358117673978644
0.6446049458374625
0.22111829954766868
0.7783838618991332
0.1123042120148709
0.3166234194880186
0.5560851006096481
0.4161317472051473
0.6940155192819182
0.5634286006273819
0.5464270162250306
0.9308046536651275
0.1068010419843714
0.8993335155437185
0.3987975080627996
0.860849815514461
0.1392555739885842
0.10857237456334196
0.28545329672203573
0.2524959532684187
0.6179092869018286
0.14580782057291705
0.4266307025719622
0.2420958244635266
0.8349558498080007
0.6306231965735591
0.46689565296807806
0.6694965684744916
0.8277248786258014
0.4605389253375353
0.43943275866984804
0.18206625671357166
0.4485235301705272
0.5622588424770121
0.24790586992939112
0.4887050380693709
0.2991602020185708
0.1308685325903852
0.13879512964307636
0.48673186939406804
0.4817690915860768
0.5678925558810777
0.2985776944839839
0.1088160846027097
0.4850110086092258
0.9790931798235514
0.7862101723070718
0.0946234569874988
0.3946101682622342
0.7736538675106
0.3340063041283105
0.016133246408939192
0.08486131213330145
0.179537097514152
0.3983769699333705
0.26630848966917936
0.7873235334145459
0.08989500251094834
0.8585081232558338
0.23283467222870743
0.7316080420410616
0.780643556287604
0.019608013904507605
0.28754488384396
0.745378483444203
0.6553484792190802
0.9266835589827702
0.8857984613593906
0.9750831281966537
-0.00038888783391250294
0.8238459662365594
0.9613796632227551
0.7652101287086492
0.3462382693663519
0.14270785021544738
0.24270731621689165
0.22298804522078383
0.7856657594436915
0.8469524671413144
0.8081944972008441
0.23272118650316562
0.9099384798167094
0.6340527040621102
0.29005486967801714
0.2430793963666998
0.8880010746156353
0.4318391233984353
0.06595628189552255
0.40112999570958147
0.8742505809360601
0.8031431765378452
0.5326625109316674
0.585131775160588
0.6969138066960738
0.6073813762608009
0.4821471013495057
-0.005846409579865215
0.991878977160259
0.29348343763688706
0.8378674099342021
0.3430712913083815
0.5242870917736795
0.2146895498635911
0.39175963125359997
0.2676717714465508
0.929486720992946
0.7366316129537158
0.3920466158243571
0.1656565498813752
0.8272110462621436
0.4275558772758887
0.6844894985866157
0.8396535167000674
0.30677439477724827
0.7830879671337183
0.7957555969589818
0.7925954704782445
0.30319597586381514
0.7741422782251377
0.6580055905131392
0.8618784699925712
0.7636578721477043
0.6262384805342862
0.8933403690424062
0.47441470765307997
0.0787357719921235
0.6299269122503544
0.37751665349824454
0.06572219540097451
0.1224640300297028
0.3157980610802888
0.5047137052292825
0.8686818411796022
0.018218150890422658
0.4713266976854122
0.3321386382608213
0.5255757111921457
0.467908852561081
0.6363271219990421
0.8713388715233958
0.9898255035097046
0.08874347696337498
0.33997654288087736
0.2429035145415833
0.333550936139916
0.18868245326675379
0.6923168840347211
0.8142102054439144
0.6047998838258992
0.11948796935465417
0.6052131145570467
0.9225193535744465
0.3731137664085537
0.9558314162612984
0.49194187947752294
0.3754564517259839
0.5787531642163739
0.6138226019554875
0.16119588656554437
0.34681102426797555
0.833381184567358
0.2967706875625688
0.2862403522287135
0.2644637691953981
0.6597623783705338
0.1565990995416285
0.14321072605607563
0.3422139753509838
0.20090878517666852
0.17442410617127355
0.10677348397877168
-0.006703735648719019
0.9354300213369384
0.841607080583656
0.15120594584584887
0.6127693026402921
0.19268779090798746
0.5440421145794052
0.8513873838777055
0.5237578483834786
0.2997946134556521
0.0439681921595746
0.3200455438914788
0.30703530669692
0.3897790168094459
0.23863581115649443
0.8990608129406574
0.9578086165226631
0.22725167337309946
0.3028028524405572
0.9870863940083221
0.33192594862349084
0.9904368483479198
0.8598776576199723
0.9555751203575207
0.1262361350991826
0.3232093104909081
0.44588199083053154
0.725105666763898
0.5642550887289879
0.6509955272341481
0.687076809551393
0.4688629543157356
0.24859537447888944
0.33533533015433287
-0.006521932971009176
0.8393515552405872
0.12788276487877578
0.4351174153005228
0.6810069701422712
0.36027557251404024
0.021820622683677005
0.14593746199877752
0.7708991197258714
0.7443818839162255
0.7970531548920261
0.41303517550122576
0.777981347410571
0.3646083934902979
0.49777685271585287
0.32460254382536385
0.3146646877014873
0.11036965559291695
0.7212673058996433
0.1533886749572627
0.8173832163279506
0.0708109316380538
0.9439709551193265
0.5831651679191225
0.22164801954732147
0.7081579045536188
0.5816114155253611
0.7567093163495233
0.28354548061040913
0.24134685293380728
0.8631702868069449
0.0510221625085422
0.9888192056409493
0.7151901149862445
0.47842793391212374
0.8246495857059113
0.2673484188834258
0.24175562471064213
0.8084444689333918
0.9900566924846412
0.8246661133141862
0.7703074765825701
0.18962019143253492
0.44633856122738597
0.06005577751153992
0.5293844132789955
0.9135910021016787
0.41433084286063354
0.8571878522150995
0.18160418557037836
0.8407342961488977
0.8445741625787149
0.2002488130695302
0.5610243308163136
0.14312804781675612
0.992558807521047
0.992558807521047
0.992558807521047
0.992558807521047
0.992558807521047
0.992558807521047
0.992558807521047
0.992558807521047
0.992558807521047
0.992558807521047
0.992558807521047
0.992558807521047
0.992558807521047
0.992558807521047
0.992558807521047
0.992558807521047
0.992558807521047
0.992558807521047
0.992558807521047
0.992558807521047
0.992558807521047
0.992558807521047
0.992558807521047
0.992558807521047
0.992558807521047
0.992558807521047
0.992558807521047
0.992558807521047
0.992558807521047
0.992558807521047
0.992558807521047
0.992558807521047
0.992558807521047
0.992558807521047
0.992558807521047
0.992558807521047
0.992558807521047
0.992558807521047
0.992558807521047
0.992558807521047
0.992558807521047
0.992558807521047
0.992558807521047
0.992558807521047
0.992558807521047
0.992558807521047
0.992558807521047
0.992558807521047
0.992558807521047
0.992558807521047
0.992558807521047
0.992558807521047
0.992558807521047
0.992558807521047
0.992558807521047
0.992558807521047
0.992558807521047
0.992558807521047
0.992558807521047
0.992558807521047
0.992558807521047
0.992558807521047
0.992558807521047
0.992558807521047
0.992558807521047
0.992558807521047
0.992558807521047
0.992558807521047
0.992558807521047
0.992558807521047
0.992558807521047
0.992558807521047
0.992558807521047
0.992558807521047
0.992558807521047
0.992558807521047
0.992558807521047
0.992558807521047
0.992558807521047
0.992558807521047
0.992558807521047
0.992558807521047
0.992558807521047
0.992558807521047
0.992558807521047
0.992558807521047
0.992558807521047
0.992558807521047
0.992558807521047
0.992558807521047
0.2367725951178273
0.3222395078717581
0.14334697677280536
0.7084445465623612
0.758684286523114
0.26118689961665414
0.43389905378100097
0.23764932179783424
0.49618070561443695
-0.0034133425877207993
0.7733416756360747
0.9430639090704525
0.1090516228401665
0.1414520174067256
0.22952784739979978
0.11050747332656247
0.5013304859839474
0.5702398895911542
0.8348927332526599
0.4446231945903644
0.04259197609539956
0.6718462591403698
0.7811683392477753
0.5321787236324647
0.717647669700789
0.8464710901621897
0.12731938718365896
0.40368285003245025
0.3566375343433165
0.659994063211802
0.9494618716463736
0.7623645609695229
0.7907822549809727
0.5907722696633659
0.45994555313678015
0.24418841699952773
0.08649508091699148
0.5000962026892873
0.9846808809916847
0.47635558089638524
0.26026326524584914
0.49672460295202936
0.9226405515561771
0.9068511322256649
0.10439340006894521
0.9294897734573437
0.7113268610463555
0.7761329451226631
0.2845480207379089
0.8104948762692294
0.9607205098976834
0.05042197384964953
0.4913487753080574
0.6698167946147335
0.6045325647600641
0.038416996973918656
0.8266161550969771
0.3365907481914571
0.457670060543708
0.37192027698950797
0.5864327526498461
0.1978763310837913
0.010528343331367153
0.14660905958426892
0.6214868720755193
0.9333532345530933
0.07346217225252277
0.8019288195480607
0.0014732808922587807
0.9749296635969982
0.2691165623014757
0.9032853996924695
0.6008647124870303
0.45856147624152704
0.42550512552734404
0.8041372625625349
0.02634201319820261
0.07147355500511526
0.6256210438786387
0.8646755567272362
0.8942460814094892
0.667615981104895
0.8474845655840044
0.7501353560466208
0.3148553121494881
0.1200412333644027
0.34770056190754256
0.8611171126963111
0.6387477629382143
0.8439779626953956
0.8689296983921913
0.09504009749607117
0.2530883449616767
0.90189663827967
0.9266776062270474
0.46023311431848407
0.1719752969358351
0.1183525753502967
0.06566585485150872
0.671688562417841
0.1129418071154284
0.5844472651507016
0.5871273902201608
0.605405962693436
0.12797464544472267
0.4693280655758136
0.3912655702430072
0.2066355205576834
0.6247499972936776
0.2213350601594309
0.7018334024372435
0.7282304277188889
0.3138381684872164
0.9790091197863979
0.5467262020221852
0.474659126156822
0.4240341025870508
0.5322642664888464
0.052548295059419055
0.7578625754789827
0.7119810995047344
0.7016945120749551
0.37774900484636226
0.8113736602606021
0.3574532034799522
0.07521137389273796
0.6457076552158505
0.9271053721045142
0.6550467034786789
0.43485785389150483
0.17636530702161987
0.05569049374060875
0.19041184117657392
0.13350914681361056
0.27991923793683865
0.42485419973686395
0.6936070179546248
0.5398966643531182
0.8997338736402203
0.20399782442089873
0.678795980452072
0.10714405616017303
0.5834291813114856
0.40425066752020816
0.10795510615522413
0.06774308339170515
0.1832370213639852
0.28240347314648945
0.23041074974780482
0.2304989054330878
0.9437360490324656
0.12442140007791752
0.07154340777761686
0.18148136005612345
0.5801080859573382
0.9060529381134721
0.7798391175481421
0.5653970035249816
0.14130097395976046
-0.005359303433625291
0.5412161734851997
0.8689239109702158
0.28977286553230547
0.8654919146038627
0.06070746826093888
0.1120056622875753
0.003505959304402842
0.18823567028339214
0.974606563877481
0.5882406548236558
0.9278350517300922
0.8351160162548978
0.2385934592730837
0.6502184359741308
0.05099672857751159
0.8364041475419304
0.25650307460113136
0.8637742012040757
0.9162574551828611
0.6785886190340615
0.13230136286590607
0.27156426328790667
0.8418939832876726
0.9035367213216934
0.3681861110434587
0.5923076220572501
0.44316829816615483
0.10919332910903518
0.2992756220828285
0.18387150705061614
0.3132026674172554
0.9826774669887182
0.14375922508158298
0.26518770579175505
0.11209100823994883
0.40247068703941985
0.33796625364976757
0.7129673869555269
0.1523677857585418
0.9504781783980285
0.29830944633643725
0.42463221142202573
0.9610161445705152
0.008930743780978419
0.3876564303744367
0.04994977350257813
0.6895857128984932
0.05361917619074064
0.138964377942265
0.9148452087214487
0.7102011928246992
0.9821538853234009
0.8649321594370301
0.981992073170179
0.9779870912805204
0.4971372510108237
0.18231720915571356
0.3385860441197916
0.5630683924150508
0.9219599539426158
0.8126724865500028
0.4492581810410407
0.23827054121749044
0.21317684065145368
0.03119412940490095
0.9886479271090318
0.3108734679887252
0.9248710478046502
0.8639520093927504
0.8423417889833575
0.3922449814731021
0.15417177699821769
0.7861211824938124
0.8555856514842914
-0.0038004334161781364
0.6114037894752009
0.02512459786584097
0.5575217820040912
0.4519961777811993
0.622068681095733
0.7166547192076427
0.7951950937533077
0.558043506756754
0.8076983409803211
0.02689319189683114
0.7836095699133117
0.9674308504621958
0.8622626187525269
0.6940485853786427
0.7166302572287617
0.39578375095362966
0.3183467652023732
0.29989551926514174
0.8115250527428655
0.6913133614101425
0.3314881104663813
0.4748022796760129
0.592391320629077
0.12173091545667697
0.28862841775383913
0.06680449236998104
0.6942357781424693
0.3227013012979551
0.21212146972945586
0.9341738752065845
0.7343265845753386
0.7977514929863516
0.5192005644325326
0.5090304963827605
0.5018615342454282
0.3862967374014798
0.5088448235572061
0.48688921898540855
0.8725312304030475
0.49689776101278876
0.2691492336213414
0.4567500243681381
0.5611155531874001
0.03561325951213535
0.3626119391810671
0.46727748526509777
0.128751071996933
0.5614799782129005
0.8090539798162049
0.49746801826682924
0.8104394671581863
0.5205678341731974
0.6844583190598303
0.8705099020352214
0.16787882031994514
0.06510727572765224
0.19295792240112783
0.8792025172939246
0.9168312985738893
0.7984447834063813
0.26102172868735035
0.043105808229847116
0.01571736862359095
0.21907703720881874
0.3095354970387462
0.5040780291667746
0.7443347363556199
0.18261925730986825
0.4664213974234958
0.4561211863275298
0.17657987746592027
0.14251103790914862
0.4043618689902208
0.18402806123481738
0.278371399746043
-0.0029489417642008502
0.6530112797256693
0.6808286549919376
0.039880303516269706
0.40588055200030076
0.9314603773238053
0.7524410122723175
0.044109199382132876
0.32508521670766694
0.22084759186879208
0.4745139016528394
0.6361634608095628
0.43639178452204547
0.8738868942064919
0.8044091994959366
0.8984386279845917
0.2224084158502063
0.5695395420154492
0.302164404352158
0.21550607232444782
0.17522307918505295
0.6007126870366684
0.6898109584747047
0.08161122484678524
0.020101112545157108
0.5756414094753106
0.8321628292236123
0.5736698783700822
0.6837229992991076
0.37581403351190884
0.894840893886818
0.007980633220183003
0.848961263633569
0.23000724693621563
0.78503480837009
0.8579720584612647
0.6968214044145902
0.9278072368585621
0.10332567546999799
0.4720508318303546
0.9433422362587176
0.48765793778553873
0.08132152278050858
0.04662912350620008
0.013312650760290258
0.4087603132664785
0.8046211810269257
0.2547630182929032
0.83398775069413
0.41558793247243714
0.8787965260280854
0.6137631070778922
0.7214634633100698
0.49204277348040043
0.9685607224776658
0.7930390450935185
0.5004973942303658
0.4098415090189244
0.4326829492338253
0.6784266127622027
0.08331050132919365
0.549468516374531
0.7944858379867417
0.4778563009155225
0.5462930625372071
0.61737954947059
0.3827521836550875
0.6656845248655419
0.010662846191648647
0.8674046060929619
0.2788262438194357
0.029836655093599108
0.24658738912656672
0.00711204304190865
0.9196241789959081
0.22748491043306104
0.22069866721153084
0.9536049254282986
0.8853227395868097
0.15711090525225377
0.9185560125654724
0.9309383052868452
0.042937541872637104
0.746581773876623
0.2433139951607267
0.5122259169858823
0.2769871708738049
0.6369551116283427
0.5827023698341445
0.5957085558879851
0.45853443667978716
0.5983869082721065
0.19477857514366978
0.8368951127312976
0.3144039973794714
0.21000240381328247
0.6792263156519209
0.8121908833670497
0.5625655717803875
0.46499166921077156
0.41214750222001023
0.018837526719628784
0.30756073018491475
0.4727246155241464
0.1597442706266655
0.2783270196699687
0.47603237889634203
0.4338741715145726
0.20000755262697387
0.500070220650591
0.3128026749870118
0.40205824714052446
0.15527617304367278
0.8197812631200658
0.9724797089369186
0.7413186232161832
0.4274450272521117
0.7809411514554592
0.6440506311850303
0.6574034708195204
0.4276749290451673
0.9227836666240605
0.7953610422306872
0.09938158652150392
0.08298868320957692
0.3937145764262728
0.058759939200982894
0.7328293297391739
0.06455368610315121
0.30863970489721465
0.5811818904252852
0.7140454265447893
0.4054165567260212
0.5507502966777276
0.27149620903979893
0.8761114654508408
0.6152447068528759
0.2777841705979795
0.8678774476244961
0.8293086963399368
0.32481086929045316
0.21576010384991182
0.5381909351709271
0.6730900681301479
0.9424950436115214
0.7610047111278087
0.529495466042607
-0.0027736680385477813
0.23377509340085542
0.02455957929418106
0.2478792391681076
0.49877417825992254
0.5862061193556407
0.9723489546377799
0.6767584695890139
0.37522545703954874
0.21191939486784314
0.06511516649315147
0.5439403162262213
0.5346710679758488
0.4157009894821337
0.17556622175283784
0.26368622952350645
0.9338308190636415
0.4854290717689284
0.18723645922614138
0.001316978543298201
0.2659301807474394
0.7674056078595868
0.6789494313729594
0.9571598874024974
0.26899477862783877
0.05794037335525871
0.33915832516435657
0.5855621969956857
0.4087154154974912
0.06362241771022621
0.5934913224800886
0.6301943510635313
0.22238701773215416
0.7506625378147771
0.024775977421552124
0.4018176769546619
0.7885873009301068
0.6471362751674299
0.7241930828226328
0.8776837845307097
0.8893534665779961
0.21021183047303146
0.004360153394223181
0.3078390364134877
0.6928893968343848
0.9416856130034266
0.29296456762858564
0.849157118596443
0.9550531976419647
0.7747543585931691
0.7945042398183679
0.4985997142962605
0.5601621306906206
0.49344184697849025
0.9471686960498356
0.2771016158981083
0.42129414256355874
0.39373630183430913
0.5186536487141047
0.1387029655723023
0.8787118937321927
0.10050956348213752
-0.0008870502893836882
0.4752598135973129
0.24528649566101043
0.2622889869909257
0.8604674224789124
0.42459480021953006
0.783457080110372
0.38671410278056423
0.5751192211954055
0.39755682174782264
0.39971028123244395
0.22372871915701328
0.8380329885474851
0.9282125137200812
0.33496647381409733
0.9632038430394223
0.4632643008323209
0.9149018690522297
0.48239000418148253
0.7915631635702012
0.4099301214345458
0.023235231322106687
0.9549575022447434
0.6837178896004414
0.3491865887922367
0.4280593029218142
0.9673261569948197
0.055174211799302715
0.2999981072766326
0.9632971661955221
0.1471857828566586
0.6124819435739308
0.01937339573215179
0.5296497901080801
0.42163379866676926
0.956165486267617
0.8044531479696309
0.9505866114214612
0.9656520592283178
0.36445327112553233
0.004176400345743119
0.09904376448400759
0.7202917871404149
0.015712893181749826
0.04281191788836359
0.45948249140455605
0.2883047982458033
0.4220260682848717
0.7237992630791639
0.9765718856698207
-0.004982749409987502
0.24982098198740926
0.7153740906602941
0.11592794183939276
0.9158525101738593
-2814178553506694e-20
0.5253023134570145
0.2652761804154597
0.6846312545833293
0.4690108400776944
0.5114908989717335
0.2986705395710085
0.9550156292284726
0.011823007052089886
0.6800371309996998
0.949544696044341
0.5368316192956326
0.08649439623321492
0.6098791160240804
0.7432253781928371
0.9822460567149023
0.4138120409078085
0.8446441579702773
0.530258059008708
0.03436056659499343
0.7032776083902821
0.9366404785813274
0.824688692495624
0.561345019089619
0.7814884747618429
0.27683045371136167
0.19062352576184524
0.8426689910041316
0.7047368658553284
0.5071283226967704
0.11892179640175343
0.3036531025212578
0.48073820193151245
0.9566028256019907
0.08643423243976794
0.4802061849887839
0.9016617418144657
0.7237525036702623
0.8955897715409193
0.8956416975936887
0.9557353824380286
0.4152982093410453
0.0055702018178548866
0.6839119518335666
0.16728866128878148
0.4860377513130804
0.6052361320644524
0.41427484314893065
0.12014311424249619
0.8244225337695084
0.36389590956062173
0.09196903952609986
0.6350842669363697
0.8737837810484244
0.1570304583847105
0.7288985958309733
0.555741163295095
0.1608717282559687
0.14481764185108434
0.8429281460488327
0.9533125736177226
0.5277042138513146
0.6974065777107954
0.5263200562330055
0.5663111237158887
0.9051395709102581
0.5994623299743218
0.4572568945415509
0.2843820843623012
0.8326446118937969
0.5749579866540915
0.6025711624809147
0.15741684987794166
0.8661136159975755
0.46930699069506926
0.8053970610102188
0.5035068869821597
0.6590141482875966
0.02888591576672449
0.047217246785353
0.09055634431170428
0.5641323445743902
0.12914364491628003
0.7087064678096306
0.39374454860691926
0.008039568503674882
0.29667614368546696
0.8542053350591889
0.5043822955342079
0.7890755546569366
0.29694309315216144
0.9341328981342099
0.7834016633052843
0.43237379560659867
0.5519374911779054
0.5172516329356649
0.822735499362826
0.5101115355647616
0.34050750316792605
0.525004356735151
0.2616492079882455
0.862010343073851
0.35172105303764084
0.6720835396495988
0.14103612742288715
0.1078908200785142
0.35991621546501634
0.3715917275751392
0.43074420790809115
0.7451171573182895
0.3027739360461689
0.8888775356992451
0.9857929702032102
0.351872250181028
0.885692616072929
0.17244760906917164
0.5702113999330509
0.4339433768291436
0.6115982937448843
0.5585348541234598
0.10938983483691794
0.7442568498760616
0.22390458370602237
0.8410378153718994
0.20965930846494615
0.3946845514021981
0.6258863847356535
0.018526191730213738
0.08205858099074897
0.3008464006809987
0.07914831758881874
0.2104840808374314
0.42682843979862367
0.19421459104983638
-0.005129945782341777
0.3614761560106045
0.8381829773401575
0.16781115311081293
0.6884811352099125
0.8958023890827289
0.8271012284711861
0.8764484291668444
0.7794468884646637
0.2900104390366131
0.3757927715085307
0.907503727306257
0.6258722564515795
0.38715588197117085
0.19743451545175392
0.662292394040692
0.8675169613432889
0.4434147908088725
0.05591448177435543
0.3219603882410455
0.5406884745999443
0.4692771777763322
0.06432034238739809
0.21633660846480315
0.34759163528009535
0.06998166863484417
0.8281294226551663
0.08470786914511547
0.9312003612411497
0.7477775928539492
0.5880478703776966
0.6887873605703978
0.1635982177040239
0.967485490270312
0.53013369426458
0.87206217686296
0.09682496230596954
0.5055397378008122
0.4132777232273627
0.5184931335648861
0.6342079584478446
0.8800373062861593
0.5136288784131082
0.41457685407464745
0.8209761946389971
0.07169149780566503
0.47452218064386303
0.8693669734284135
0.20607235254333175
0.9166421049806373
0.204936174670402
0.3504920998750198
0.5547116083285184
0.08290591096179217
0.9634463433554521
0.1064017777169099
0.009103625908299225
0.028335398066749996
0.728133158601161
0.3476179200344795
0.5272140937743963
0.2603932744799486
0.9267373420269476
0.23558821679780148
0.06749923760273052
0.745386413558212
0.3757277350459602
0.17472487120034694
0.7315626369959674
0.355780068578295
0.09102950297463458
0.9459080082852811
0.7790976116994046
0.3255646971044072
0.9582730877003482
0.1782769357492727
0.07498963967564637
0.26979292266686355
0.9621782525932117
0.8979149899425081
0.8703130118883122
0.7658753824881943
0.39614420614315277
0.005077043997541769
0.5704726630285353
0.6268367053147637
0.30033220405749667
0.027665168478004036
0.9727759653420183
0.3592962543931077
0.375405667743309
0.46088501417121813
0.9386868950905636
0.9271793680155695
0.4784996081077297
0.1512555666068459
0.36916094698656904
0.7214699419768456
0.3268110867150406
0.4263959257089959
0.14667989605342133
0.34727917245190837
0.23182946247711075
0.697821193104448
0.497052727889336
0.3372320620530335
0.9713545577934017
0.949884347416839
0.32448700546054815
0.46266124393203006
0.7929544810369422
0.33633863441330764
0.3942920352783536
0.8831114247967204
0.3027219709460058
0.8238451992522136
0.38849505400137446
0.602232734303304
0.5824640129143097
0.5136507908574377
0.10702943871225762
0.40613644281661915
0.29986538696991966
0.7474305134340058
0.6044406296033533
0.9538392458502514
0.9209906065287172
0.017845168030680803
0.9301136411166542
0.8230385413294512
0.19387387089631
0.7533152777737291
0.7665642411925082
0.10740355359244841
0.7010021548639784
0.52008617413388
0.43183792871019405
0.2671979416340328
0.24283583559913055
0.6534333234933234
0.12490121185457286
0.002726308465773322
0.17330319922558254
0.714741418150401
0.8029218017834534
0.059253368211689264
0.22273218986502039
0.19488067680610074
0.7393657765524362
0.5411141155956893
0.9045252507027612
0.5244631102387458
0.715592855444221
0.41594714214336065
0.6703088406741777
0.5661730346229374
0.9538529152594131
0.01665687875313758
0.9407490152225562
0.5231264591648195
0.6124924970130285
0.8600713825996926
0.6868651474993817
0.3265030689075494
0.6266805127812205
0.6043034185021217
0.7856211286155541
0.22306386203587922
0.890749073141043
0.3069436492002717
0.8074158174225763
0.8266054211848854
0.2680976295158272
0.6834296136381159
0.7411424507840056
0.5915003033111519
0.13862103341039042
0.9088250649456175
0.049974213395061924
0.14657264537017597
0.2797065856722542
0.5704809837547793
0.6988469045201082
0.8594672416229028
0.9746016433951734
0.8430638447352021
0.4542045365860236
0.18075743665354746
0.6655970569601763
0.8581402816524282
0.1575203278213054
0.7426747641452429
0.992558807521047
0.992558807521047
0.992558807521047
0.992558807521047
0.992558807521047
0.992558807521047
0.992558807521047
0.992558807521047
0.992558807521047
0.992558807521047
0.992558807521047
0.992558807521047
0.992558807521047
0.992558807521047
0.992558807521047
0.992558807521047
0.992558807521047
0.992558807521047
0.992558807521047
0.992558807521047
0.992558807521047
0.992558807521047
0.992558807521047
0.992558807521047
0.992558807521047
0.992558807521047
0.992558807521047
0.992558807521047
0.992558807521047
0.992558807521047
0.992558807521047
0.992558807521047
0.992558807521047
0.992558807521047
0.992558807521047
0.992558807521047
0.992558807521047
0.992558807521047
0.992558807521047
0.992558807521047
0.992558807521047
0.992558807521047
0.992558807521047
0.992558807521047
0.992558807521047
0.992558807521047
0.992558807521047
0.992558807521047
0.992558807521047
0.992558807521047
0.992558807521047
0.992558807521047
0.992558807521047
0.992558807521047
0.992558807521047
0.992558807521047
0.992558807521047
0.992558807521047
0.992558807521047
0.992558807521047
0.992558807521047
0.992558807521047
0.992558807521047
0.992558807521047
0.992558807521047
0.992558807521047
0.992558807521047
0.992558807521047
0.992558807521047
0.992558807521047
0.992558807521047
0.992558807521047
0.992558807521047
0.992558807521047
0.992558807521047
0.992558807521047
0.992558807521047
0.992558807521047
0.992558807521047
0.992558807521047
0.992558807521047
0.992558807521047
0.992558807521047
0.992558807521047
0.992558807521047
0.992558807521047
0.992558807521047
0.992558807521047
0.992558807521047
0.992558807521047
0.8271587577661084
0.03498722387485776
0.772463562757356
0.373723622879827
0.4295975162143619
0.04116798789884702
0.7172595781975193
0.22808611124854425
0.15230137892440485
0.036225230222612155
0.2702594893379288
0.8784596317624476
0.0472549423712253
0.12996590360869406
0.6118183692276333
0.2887154264539135
0.6034107034896037
0.8275145763941423
0.11895866427056506
0.10822512523937416
0.35770960713947625
0.2054721215079823
0.3193217356590194
0.7299835514146567
0.258704802273705
0.6677792979169148
0.6472780091934351
0.6190906859482916
0.6180971118244645
0.7720110581720596
0.4302615109284859
0.49910417123850237
0.8285954985281005
0.948764739551329
0.45202643678696836
0.8480522745699477
0.4778587566884633
0.6380374552020807
0.28746744488966963
0.9336517506839677
0.6150842303571495
0.9485856796614844
0.8003591322042449
0.48487947584462815
0.14250541637763833
0.5263501848534458
0.5180490551308374
0.5920106334311273
0.809659420290058
0.7346340844095292
0.6750127448650836
0.030032097055210587
0.6975630037284564
0.9158848981946837
0.8177428968975273
0.8865318489905529
0.9611434374863528
0.5096124993031541
0.7304803596814298
0.9731809276006036
0.18819184389532814
0.15268643733956674
0.6475023599946612
0.7978748117643679
0.4112325832131282
0.909080030398272
0.019221264853672693
0.9158446100879287
0.18362054055965613
0.2901542401905574
0.958073447619948
0.9809910077365631
0.7301292024029522
0.8891731742052111
0.9903899881094382
0.7758653662761492
0.23222688313978188
0.9470093606563459
0.14538290791466765
0.32270975449045775
0.240055855452009
0.18903874664120876
0.20927767892097013
0.5606822766723909
0.460146577246961
0.0669106918577464
0.2145073635537583
0.5086040469634261
0.5629173471077069
0.5747405772473619
0.1270199236247501
0.15851658632984197
0.0982395134250395
0.6540634150127669
0.15263242697520849
-0.0054941535591042714
0.23712533535372513
0.5660049317040543
0.2746069074912562
0.48498621276578996
0.6700429978236235
0.6741164694781465
0.29209113532402936
0.48762557444022997
0.817338692560514
0.6412266489732514
0.7669437797817269
0.46212207459515037
0.12978782160875232
0.01805459086331961
0.44129701559813167
0.27719357198670486
0.8622378188322859
0.421168604814021
0.841466552610024
0.8873836928115393
0.5883409267211788
0.02560611968758696
0.8053426812456401
0.23670048285768117
0.03295835950695103
0.5856327292954799
0.5443699360933705
0.6952500120077598
0.7792335232210073
0.424444373626601
0.6412412491641284
0.6106790440957652
0.7748955817627203
0.16774964101904008
0.7633301229379925
0.5293175779595494
0.18710292693086825
0.13646118259410453
0.3118906519368209
0.9235437842917797
0.7814056150158581
0.2530277939991589
0.2677910522804416
0.3200820714210448
0.11277559917095287
0.9348693830656234
0.9243926712257253
0.3168758805224529
0.5884993226008981
0.0287669683565439
0.634878010210072
0.6553959644719196
448773230731741e-19
0.793980637035218
0.37889483705253174
0.08310521095376927
0.004845224237514262
0.48780848802157156
0.4770418646482874
0.548428068614945
0.6655960676264372
0.8482546746454125
0.9714351795153833
0.059899882006744586
0.8370908246576105
0.7592598303414801
0.6363066268126565
0.9271641166857014
0.2688848089448305
0.9371750729406001
0.44372797484591525
0.7766311323938242
0.8460685145796949
0.8098564684031027
0.38351289195160015
0.5057409729839604
0.7850401482253919
0.06001665694384486
0.02566931085185774
0.6137707857022288
0.5422758321778456
0.2588188484291724
0.09233903930398174
0.7336483829233054
0.7332533250319053
0.8884833843545503
0.15863112849480218
0.5249901128021701
0.27720089749181914
0.5250241977374905
0.20148308845521665
0.24118107557439047
0.23518874286648148
0.48391375621275573
0.5139766801905192
0.6991163067458592
0.0726622382883641
0.7923897175807342
0.2405343257325024
0.8663374046733037
0.09657931309723539
0.760427512919869
0.848485481965457
0.13872349601936249
0.18039897048890516
0.2704261074196565
0.7016259833274958
0.08674439054025179
0.12725730749204853
0.07691890572545862
0.43975461666988597
0.9079745779303527
0.7097881002646973
0.7934039111027045
0.8521641476510635
0.8611522218473822
0.25571545427604664
0.6756201932271948
-0.005211290954005028
0.8117488496741254
0.28109763220428724
0.16335788228389267
0.3138171209526585
0.13357399907783093
0.5834805183961582
0.1626593036350171
0.8309599411882918
0.2939225706410224
0.09856794589399515
0.7250597098748557
0.2436054532239432
0.47095315625531814
0.8709154650847923
0.2415476199944698
0.08930608957723568
0.8814199999814887
0.11868133661248631
0.6498958734182336
0.7191390241268996
0.16471097585803926
0.29855682958379387
0.5852110800620363
0.9825376550145746
0.29140651653125976
0.611676331305191
0.1293915857632709
0.8276842663720518
0.5025011794567569
0.41569372653415665
0.3037754254364757
0.2961996034151139
0.4003854231131109
-0.00017491426398336438
0.6506670763357965
0.4459646353432091
0.9707774849725572
0.6003960695721842
0.07557999693209466
0.4170749042025414
0.8619975231318857
0.26560440023774173
0.3179212574910299
0.27781477230347734
0.12680157990733618
0.5049372100408964
0.8298269976951662
0.8084892233058503
0.41083116723854046
0.1408658257651064
0.04589599590901761
0.6465750287453853
0.9655112959550596
0.3188584871167474
0.5220149599195092
0.3860287706401619
0.17444024528118893
0.5148462378385474
0.3427983037249635
0.28849475680671416
0.9205172228600405
0.7162016715033974
0.07909006388839906
0.31810441275988616
0.6119750838640989
0.20020624036665344
0.8275336656568792
0.5966982461410972
0.37224927864487384
0.5420826472769207
0.4489286119233639
0.043332125177819265
0.20061219232661628
0.7434104104437846
0.943094038349293
0.4260266780893233
0.1969473208810287
0.47481766606235015
0.6153566481222914
0.5614993489793583
0.5126346308328393
0.09470163251655789
0.7223899658098916
0.5771414708242946
0.9843929859769351
0.06894569744427409
0.3277805775280282
0.8889070575087632
0.613824339616106
0.2882540288435686
0.915617852095892
0.5055359536773234
0.12458676968005794
0.09748155314613877
0.8238573272306886
0.5992216851632752
0.3647169098969418
0.4946320376715829
0.31203017653447257
0.9653316898628286
0.3869771948082787
0.6337411942312909
0.35313300580186685
0.0996371901187702
0.7379045558896526
0.6945045395973919
0.14988198081191792
0.9907905240365702
0.8231532573990874
0.8932684535080049
0.2935617362189435
0.09716878575235571
0.9644314739445465
0.23900284459142015
0.014336977732381352
0.14380344913276852
0.7948365779260607
0.9305226765919554
0.6536019382350098
0.21503276960549442
0.38487689290221744
0.9436017741286462
0.8720380160480954
0.47786960133258666
0.14068534763658666
0.12821445293415853
0.977293132480042
0.8457576457919944
0.5443767812621723
0.4500501602011932
0.06614311816072566
0.5393963820036674
0.6401258836388068
0.2950252717881436
0.8600883360992426
0.6236722345573209
0.6895716372807899
0.32069543120283445
0.7775797008307472
0.4829203964266599
0.6090238471680336
0.7771879141964981
0.44779334614514615
0.40584801740880144
0.22914866274418064
0.26597587894528213
0.2587097560026132
0.663496233796441
0.848625692583949
0.9012537890146064
0.48210584556272246
0.7992210660190622
0.29401164099856375
0.506750139157653
0.8430038070497281
0.42774031361851444
0.35230295504212544
0.40046139201324843
0.27007431422052436
0.3901877873242427
0.7447712155222455
0.28693993960171577
0.5288885110258856
0.808836951536205
0.193972328845858
0.8532225684002366
0.1640392067008399
0.7515708364559794
0.3464144599724132
0.3679343261346106
0.11922440163615738
0.3750910208314075
0.8846723448203369
0.20631188538302378
0.11723805817837535
0.17689125265037062
0.30319189928200124
0.2786909038720606
0.26157062579216944
0.18549184103013147
0.3262167866824727
0.7855866939807885
0.1954612306380815
0.5263437923842156
0.9274880433861064
0.007987482448541477
0.4624004433406694
0.24349557477146475
0.7302115180319644
0.22980743278134205
0.5480002920914595
0.8040734943553387
0.7221059758589101
0.1063353029447544
0.11418097228016383
0.9439509148660321
0.9721773521405646
0.985833834553425
0.09609115235817772
0.8711315097927907
0.5780526454453516
0.05694563258300856
0.3567403232213248
0.1119078797666872
0.19967815362511984
0.9809004087788764
0.1531348573193226
0.7129232573738173
0.43261141209524107
0.24617069270885236
0.8109904891311857
0.24325381249857
0.8954316278542218
0.699432133018872
0.14409702533041843
0.8797119785081813
0.5036458416487741
0.6368249450077894
0.798235216909535
0.4657753346664279
0.5133244460958102
0.16966080569592443
0.33563351797428126
0.3304606871245092
0.5555448957972522
0.5045074943773982
0.5350630558265326
0.9120373094333087
0.8604266816468971
0.1328443136313658
0.9449347826669174
0.3690127185237206
0.16902957792416426
0.4351644817322961
0.48327555714449105
0.21450343493457455
0.7795177569138718
0.07510962156533235
0.14617174220441229
0.548963875306391
0.5089063485158203
0.1879061767544142
0.6759088215139206
0.8291049166930047
0.9870276731093
0.09517490329869766
0.5132728679604186
0.8791743474474039
0.05341578863674646
0.41549829518690456
0.7125376664788134
0.7509785036200303
0.4705034005624697
0.04084794803973003
0.3271249074858515
0.5366005576985824
0.8407553357151727
0.0763785469567197
0.8902045778097916
0.12137834794554364
0.6896532622188711
0.9709444392909072
0.31581974896936366
0.828399178244174
0.22982889737770326
0.4929775467680814
0.4727304831676053
0.40407470498205783
0.31440240741569764
0.9736149758708408
0.8975553681634676
0.5636931908454281
0.8830258527764903
0.8180471106146512
0.5885109908961372
0.6143468399140675
0.5506202377801577
0.3596983118506791
0.1235327493987996
0.9254874706550331
0.805372047745883
0.04409143513790948
0.2988201794569409
0.1499225924068964
0.7452845989343972
0.5171680837178201
0.16634648922929193
0.08839552977301562
0.4714577352553468
0.22904021912798153
0.7706341653429276
0.29719838752207334
0.43462672976017774
0.08070776205357583
0.3057207811282791
0.03964039529995456
0.41104771645997235
0.9430371259135466
0.25623526266673097
0.801392914521396
0.05595351353797995
0.7920787928969217
0.40097334390241873
0.36589825951217975
0.3202151244396331
0.5256515490151215
0.39225806634105725
0.3690471397757437
0.7873094426775513
0.3949091673865783
0.14406446835182182
0.03905386203301887
0.8851633911394803
0.3278845922576014
0.8361230617897066
0.14781403163087212
0.19276176175409207
0.524837035107141
0.08338340586238652
0.9873220497301478
0.4608826120125506
0.1865174319570911
0.4142587160307695
0.4625181442161658
0.33016667586043796
0.40524525639557457
0.24579468032123394
0.0003580905351083186
0.27844908279391606
0.24198186397285756
0.3985431360414912
0.3040211792497129
0.8598352052758891
0.6500788348740121
0.7476304602539787
0.5191986846549872
0.9686109832128
0.3429536156741237
0.433161620045777
0.6954192521800102
0.024006100871334358
0.03652632219382091
0.7029092546992743
0.08769746087881719
0.034312646885329985
0.032144226073576365
0.17580588467572475
0.5212079874266522
0.2295924522537017
0.10997784587120746
0.35696086941919053
0.8299237601915834
0.42182931797789064
0.6194046345255273
0.6333880548492246
0.31159713115651816
0.22470946953247858
0.6622763814013313
0.7946709651551718
0.33050806785559467
0.2349184717264162
0.0846344917945509
0.09438689811760587
0.9884816367007103
0.18814945174257866
0.18013800724409154
0.24222590980360645
0.32314471428063335
0.6568410339488739
0.17906712214811535
0.9915691377989226
0.4398937172627719
0.5346417584149847
0.028724634268366012
0.4410175174424357
0.03249038586482411
0.9767791906298429
0.7961295811146099
0.1475433786225023
0.25057999097175265
0.9679448112909812
0.7612777208584043
0.8514258214881771
0.40990137944812627
0.37090584930895537
0.9680684707957139
0.6221840911597991
0.69480354493427
0.49274037304594226
0.2061800875172429
0.3931875410660454
0.4601604351709549
0.49702035109020165
0.08610591394603068
0.6401504088768413
0.31158997240167746
0.6281607228501087
0.3083751184988525
0.020348383854613895
0.7687822459174565
0.46272506491439386
0.3265095937732278
0.9227445742817324
0.2709606646847062
0.5231478818329045
0.9675965173137093
0.35602837502860235
0.1589279974932488
0.7423650165804208
0.5308299083827335
0.9549566897031845
0.8393061753293405
0.9813911741138419
0.129534527047778
0.767860613914167
0.19093401575455568
0.07028801979677984
0.7734789848565473
0.7243732031255707
0.06787204987403234
0.3231499434110065
0.6044507513831094
0.4033864253227703
0.9818093505667689
0.6585245136430571
0.01594482298572085
0.16421308537231435
0.7102505743565377
0.5865240809432519
0.6073259742487409
0.41290908134429033
0.6144792799935896
0.45370054552103894
0.2959941519280353
0.9025101433813276
0.5992670514436453
0.10816347283261035
0.2983406260678771
0.5075960353732885
0.05903197589872379
0.29735211436784276
0.23332706521448396
0.3608449692030477
0.29099449250599413
0.2929479128398524
0.8246931307026053
0.11475416165380942
0.019332818284573994
0.47990627769399946
0.4372485073352534
0.18245365208340666
0.1650016133057238
0.7953946346849596
0.05607490533608617
0.43029071245732337
0.47003549735270894
0.6233082697919059
0.9114463094371545
0.6625194268426837
0.5336870447266229
0.020814460745498743
0.1581202762967345
0.39460948102917
0.5469709103814815
0.3472625704557188
0.977887881072053
0.28295507383560564
0.21574040620604937
0.19631870156397388
0.5628230330141548
0.1382430543486531
0.811157663736723
0.4331307630143348
0.7673150724345179
0.7479096622779184
0.02722554304179136
0.40476486786243465
0.06242560076914562
0.8749329653519955
0.2041792237097296
0.41960078902723125
0.8923181006131433
0.20352702889091331
0.38964463937914057
0.028686303016475224
0.45561959655718026
0.4691934374319768
0.05730443804263142
0.24180686081144395
0.8777745737309295
0.7976373928192044
0.3627457631030037
0.25774040845992413
0.9475253850538339
0.7075466133181056
0.7407720738174619
0.83617692655177
0.06699862536289597
0.16008359843920403
0.8223271486175734
0.8108551922648848
0.9349546885375175
0.35052232355307517
0.9280946642832353
0.5810200829501242
0.2838568420638527
0.4688631020689235
0.7668784002613143
0.5122962802452553
0.9598607317083241
0.4075370334403496
0.3788109791364855
0.8023753873568988
0.8651554937488612
0.04485722879060961
0.37011669813203313
0.24551020155940848
0.7829412867627581
0.6150216244241373
0.960740708617003
0.5471204240164036
0.22164369026083683
0.6090715342438848
0.04380634998485767
0.011679316897468874
0.797185384085058
0.10260899347351388
0.7709742936661814
0.7148154916377989
0.11375747849035783
0.4103820296126663
0.6737786959236036
0.5320355759417017
0.49330720394088545
0.7456222294814798
0.5163945675393271
0.6565985626835447
0.6650905712171191
0.02358780678619853
0.8596365483742678
0.41120372078556516
0.5618527886589626
0.7037263872129715
0.3980966861682302
0.4541974038241016
0.04600875289915519
0.685610006911118
0.5361225306967481
0.12353015382240445
0.9754654128243527
0.013133926517537366
0.9250660169671177
0.6547585924114352
0.026116424224417616
0.15916002180002872
0.8455329326549543
0.17646617103854031
0.26561154717792274
0.40581307418859475
0.18152539939596987
0.7701537266047715
0.9339041007862354
0.7907769070464878
0.5076960615398554
0.2634177421014427
0.7083073219338429
0.19137809092117805
0.9872101997181948
0.8717262573194833
0.040941715079712344
0.6345011634869586
0.3763142097803604
0.3640291322177142
-0.00683992031852971
0.7518774672911213
0.1218587206095027
0.29576964590779936
0.13106411390505066
0.020975910776188423
0.12864294305680932
0.31382252218818424
0.16555756186224965
0.49181240072903004
0.29541518868067923
0.31699345781547755
0.4040999689078261
0.6330127074971177
0.22227860954568354
0.7852975374100681
0.3190568173938421
0.3191542961621782
0.899930835608965
0.2624866436083801
0.3572816850925746
0.020496982672138387
0.8313668982404694
0.27650714943619253
0.8804795279595712
0.012292882521942551
0.8796006583073768
0.1898892643968587
0.0934997667885164
0.41785448787154283
0.3174993702289923
0.1873951160636341
0.041333552110312095
0.10433815069921065
0.06452078247244691
0.44383494244586624
0.7848997845678771
0.5898168697712438
0.5918588277091963
0.6127962671281568
0.5706265963971704
0.6344841202266214
0.39970858865746645
0.44527787528991775
0.2639810578229959
0.015995319512057224
0.8511003288089793
0.6068988039326986
0.41767850651430466
0.08784139784457262
0.28969366538752966
0.7984008099592856
0.5884401584429784
0.2571596581365993
0.45498996911391626
0.6795175167463952
0.24340267608064478
0.49273505402716683
0.5839249749352282
0.14107369709321524
0.8295435031526368
0.21326840225901286
0.4863840007473574
0.888196186029651
0.41867753802632895
0.388071374725698
0.249448724420443
0.5255302497585552
0.2758938046922929
0.12746366104601922
0.09123836994202178
0.5704737243477591
0.3444674586000082
0.5912903158882716
0.842017939841371
0.6319915689496545
0.297369783390887
0.4809838854618608
0.3247429667690717
0.9843012619653129
0.35791412929458927
0.8097937162256039
0.6780391032026478
0.42274451089153947
0.3568294742469608
0.3432492437644194
0.5898773619420166
0.3228222731186147
0.9049560929681286
0.43306904152851805
0.8760000915875155
0.45456505833049204
-0.005604137673298322
0.4081886103099092
0.18068271520773047
0.539941035354679
0.20254641321583042
0.05456563956260297
0.6677712937691858
0.1665877195237276
0.6433973872692669
0.558888684288873
0.4367329126111365
0.022186329098929026
0.6446295425745217
0.9098815297164471
0.6125542020188943
0.15852373661291405
0.35151307850344565
0.8808699319625632
0.9112370823812406
0.7213483517849908
0.9887848504024253
0.47906841037938624
0.6168140580546921
0.6138238979568249
0.5591590848247192
0.8293220056068444
0.1439957268467987
0.12615397556147254
0.7757885411027476
0.19911157051706793
0.7568315789041176
0.8539091850870539
0.7271683945886671
0.03374187047006839
0.44295777590875457
0.7548758844855752
0.05986915350343249
0.6483448717541667
0.29487787970745977
0.5664502423514362
0.5709603805284391
0.6886672138886636
0.4115273698868895
0.863376698549092
0.45466235842857156
0.9591616416465951
0.9833998552532317
0.6378172562268645
0.3936721079414231
0.5746868128165254
0.4130196417650906
0.43683178514250937
0.5119173367894005
0.35887666183788464
0.32333738923304817
0.6405109592275688
0.19040042985069414
0.6051421459020638
0.8736873686815887
0.8512479945108802
0.7278192668078791
0.21783340570356233
0.19464271751521087
0.39064055350169674
0.23276651800168122
0.6293129393624455
0.526937102122716
0.20841278864973942
0.3729566432638866
0.7696552365488676
0.024575447653411013
0.20810400260973969
0.3754833609832859
0.9761421988403198
0.21600519642595248
-0.004057398548416087
0.4920334397027128
0.8633282880427031
0.028261357387379105
0.8898688700467299
0.668702226279781
0.4112925050169591
0.02293211803745997
0.8801571730457485
0.06515412814865401
0.632125554111939
0.9740715329901091
0.9455369464771017
0.07944695685409425
0.8810454027430192
0.41607253197857136
0.6335343215051426
0.9624657420516294
0.6439384405016237
0.6772340037965916
0.2026541726291998
0.35276315408084485
0.42827625177052603
0.4848264554244596
0.06509287428114047
0.8303488315520886
0.8733408200967376
0.7277573102190071
0.8993740972242612
0.06230603296713134
0.01824946532896664
0.44823239985977875
0.7258998378131054
0.07151851839678963
0.6331785793511067
0.18489619990648407
0.9034825151883641
0.461257357371521
0.6098130802205497
0.7016051444370817
0.955651176307567
0.13591171615497707
0.4988463132170523
0.742853800550312
0.03608230684831793
-0.0016657270008753684
0.3040929740116502
0.5962467041355164
0.14174193738499094
0.1213489751233085
0.12092227128850158
0.5064229670955673
0.770750765899459
0.1027270635283501
0.33956679106725945
0.5017926124532786
0.14711800595290367
0.6565514451477776
0.3416715270977086
0.443798030755073
0.5048664239683458
0.6555095275973113
0.09709342261163018
0.773325004786708
0.09799486425953735
0.0007210851867244746
0.6213685921767576
0.6175982460340415
0.6955953105384323
0.04991785510366465
0.5263001655174242
0.3645870064325047
0.12970942899141322
0.13029422893281026
0.44000914984310996
0.4104952842495781
0.24147310179636924
0.6185631340872333
0.19972856614715115
0.6245716204017928
0.707866848908679
0.702732245807139
0.2281524379702012
0.07404750396501719
0.565072857315736
0.8438250217169507
-0.003940894433993433
0.3334415696666108
0.9346632827067693
0.6596198127450195
0.4376747041211195
0.09589512755474588
0.17349366953892184
0.6103280904597064
0.8849870455089883
0.04593230100064328
0.7027697034833145
0.4427820547538321
0.7355626236425128
0.9141940422206658
0.5292690066050478
0.127168310202418
0.01971898205124666
0.9047951632022981
0.6424529822684875
0.7419861248979691
0.8890225445526907
-0.00229527252353706
0.2894600777306286
0.2841246989109049
0.23991201549265825
0.0824344973014805
0.8700498391960805
0.8451842807174978
0.8164320155768554
0.8936471068265279
0.040531150343710805
0.6273183347219324
0.668990176492904
0.0910516835964656
0.8086923208336259
0.3773568956747874
0.13159891599309734
0.9598398217208477
0.9889426175369525
0.13508475463769617
0.8637368993372172
0.03633131086478881
0.026826592441316237
0.7937868735059566
0.06878244204821077
0.3760061591217862
0.4962656027550685
0.7669843652405042
0.15653515534373072
0.8674201596406359
0.8409831668423291
0.7467241880431861
0.7979275567738549
0.7826116842544342
0.355551522808402
0.06231434059118269
0.8857421963375167
0.2116206090057727
0.4903300534060219
0.6480362495104537
0.838644411154214
0.13288820743032334
0.5320002159550945
0.7449733771660427
0.4747037661191171
0.9162824786627015
0.3868909093864507
0.8294489366297739
0.5270465210515585
0.4447006713958907
0.7811108927766006
0.6063008172956839
0.31153849416608564
0.29192110833344426
0.5946760432370164
0.3881039275148607
0.6293905349261844
0.41390052392238647
0.4022956552630114
0.4231832200664915
0.2826791656552407
0.674371519483232
0.624019903254144
0.5283033928023451
0.0684309136045988
0.5870905103298247
0.9485536127381313
0.9508880927537273
0.6999617346513927
0.19654111110416758
0.6323069364350584
0.3922445178093909
0.5052792526960703
0.7793015484543024
0.7732559501540552
0.1031066024922635
0.8241104654763967
0.7461131548926581
0.7490096951338252
0.24621522529035986
0.14377914295046942
0.5686364025358908
0.031329297294323426
0.5299107175851472
0.22689815636068963
0.14028864136905014
0.639093975827232
0.1172895106677933
0.6957713219516068
0.3252393056395237
0.41564446924219206
0.5586901774975845
0.978331335733386
0.14175305070320396
0.7014469368611955
0.8267926882554475
0.3344196950704263
0.1481570908140689
0.02570078896619953
0.8885995164643707
0.24780024287935476
0.4499741853285985
0.31105550163676615
0.03517298265086966
0.4455300906667243
0.6888176559923065
0.9059168307247858
0.8770781825762715
0.21575109669974588
0.04462385508323908
-0.0006154503663989324
0.6513864383084975
0.1811832301991215
0.3445510547738448
0.9853332807416759
0.28755587147165546
0.9183731093028391
0.895641342101579
0.5189932380402058
0.4728335760140398
0.33282692866771807
0.6638473724521841
0.1492786228315722
0.6520396139559337
0.26425587849925586
0.1153729609175182
0.12321022448011693
0.3094610298266058
0.8223126501262792
0.27018690064301704
0.8386538970064843
0.4052510652192071
0.7689035085315163
0.4006041081389404
0.6411225081098231
0.5157376714637103
0.615014706003632
0.6960705781395515
0.1384255851341539
0.8039083722209934
0.8666524679786869
0.4650592698681432
0.5480264701661701
0.23914840250290567
0.8736777734799941
0.3051443097807171
0.29133591189223557
0.2498754415555468
0.9453490838381531
0.6671035245854309
0.5796842355375644
0.6109194980897166
0.7977753035490773
0.031510423779463774
0.7902592998407674
0.3760443256176988
0.2618957929138636
0.5395340296549342
0.09855655725500706
0.848243482642161
0.9519555173656178
0.9372751548083456
0.12752173823206867
0.30578349612632966
0.43506162967816614
0.06992247446035255
0.30211005533153296
0.18323673233869683
0.9203946083384444
0.01999005086855842
0.007046018533180813
0.39844907647393896
0.4242411381141526
0.7174585897438808
0.2096138117898204
0.10372237228642173
0.0696435648371802
0.8149860801080728
0.5697432254517878
0.5833165508925131
0.9317303756027866
0.26269318749720866
0.13916371719963436
0.5062863331836318
0.3427442436151082
0.858828878101527
0.543856378931574
0.6042500992338049
0.2035932226465292
0.5114785976899512
0.5721626422341579
0.7180446415965298
0.3798224412311548
0.5957257222943009
0.2184013488412316
0.2346774301157147
0.04834780931790451
0.06281281170575465
0.607475285217512
0.0334072195704841
0.9644704662029542
0.8036346847274793
0.5689465612464468
0.6716454917933439
0.5406471782108428
0.4977552154342771
0.752088782779067
0.37728555724909024
0.3359777600521658
0.6676040889604331
0.202693110225424
0.3035521786637522
0.3548535592159325
0.7944842649357413
0.2570183300918078
0.33414717990038184
0.13243122686951145
0.26487268895433197
0.04778852187198613
0.3461356328813891
0.44398338321258585
0.9414780563740723
0.488572964344772
0.1675674468257918
0.8760627251147688
0.6298363061502013
0.8879530527045267
0.2594961081873956
0.5548006311472786
0.867513949324842
0.777006952371788
0.05901184261703264
0.297199199164438
0.6843893363922879
0.2174097465601764
0.7646994615168643
0.24917283977281934
0.42363652419696657
0.44974839963124497
0.2431980044907883
0.7647116695158134
0.9271654723763461
0.49875517589869045
0.9050290923497764
0.7036657244216105
0.3676196477891868
0.7329763463788923
0.7886641743972109
0.4755003412867915
0.5845390621238618
0.6728650509889291
0.4899026746074226
0.19534448704643434
0.724225254458444
0.20003929146507046
0.6182936731392554
0.9164737060610575
0.3368918995290677
0.7252961271876699
0.8783659733040359
0.966454476029825
0.8132280934891682
0.6853474237302704
0.09396494013554796
0.5154453425347119
0.2724717888147585
0.3664802900544916
0.6850531511254807
0.9733686110948243
0.15737773659562712
0.4927597747751626
0.16855557560996823
0.7688158120659776
0.8288459262430565
0.5721814420901954
0.1514962587577969
0.6113932683012411
0.8175061468361176
0.3503393535768235
0.569429365311356
0.006099689466822093
0.6444187602003155
0.8261426209005465
0.08832908259578337
0.3425433970903668
0.29658566651426604
0.26798342690373284
0.13974116911763254
0.3805550090810061
0.3255560746718444
0.8160522916581547
0.992224710613425
0.42383802643657525
0.8899845922545551
0.45305551454176646
0.7439711517410126
0.6001967059768984
0.01807993713840993
0.1810816664289435
0.4925312584583505
0.36695559798205174
0.5870011087882527
0.9211591963163088
0.35446580418441215
0.6943924745305559
0.9197497825238996
0.8562845617276491
0.17723370653764067
0.7679840327939489
0.7447073569912044
0.08062016294731461
0.403131602697639
0.22718282805747222
0.6565233355252051
0.05574716209254593
0.8214706022488738
0.5814679849768427
0.9122265469005659
0.9828457998569653
0.06436115479480281
0.6085830962204435
0.04407486292719776
0.2396402421396638
0.8912357798354771
0.5800797676169933
0.6200353351748016
0.7421222622508108
0.3217394541925111
0.515757179608139
0.039045795452803296
0.16677731103956547
0.6049288941427768
0.2500583403427998
0.6914833353095884
0.9810432609278072
0.6883323537687691
0.9642929959717279
0.10402451449765165
0.08105311141398092
0.17825368132471783
0.3754696991207224
0.9909183355994129
0.6456215654395423
0.8071275347638998
0.9632993994238965
0.8507740631549414
0.5489903986845119
0.7443241726922551
0.592322399617786
0.05898125222908436
0.42319620416358034
0.4729047767845093
0.3527165875565594
0.5411018521640558
0.27556096126768986
0.23065630237160936
0.7948882292363515
0.5888243392092352
0.6373567588804561
0.8065637090563973
0.23761774140221656
0.4571335096067663
0.9796146335049793
0.540110731451664
0.2473682599191663
0.1272727629719693
0.36114922585638104
0.830431269476815
0.5813315878978618
0.8414712214140323
0.6713513245871838
0.24886824935993823
0.9137554631127478
0.5039457759867585
0.17677140694021895
0.1646653386579818
0.8321954323903891
0.39078137927191053
-0.0010421195694752603
0.5661970277000281
0.7498141839579657
0.24716027149763872
0.7825033750675519
0.3381729772356012
0.36997613784068356
0.8554237010613572
0.5654642228986337
0.5722048486042863
0.9560638858556394
0.6661818023152049
0.19822352186605427
0.7645328881266602
0.5551515653292782
0.26619348946041516
0.7417182879773967
0.2464080961296625
0.24161696777099348
0.5132221575098246
0.4807782159049336
0.4181737087260366
0.16405550239577335
0.8423325516259135
0.20099842553613553
0.16460134613481867
0.826776423898367
0.09139040124105707
0.9751369843288458
0.9188523668871744
0.5492374587087887
0.9740716961299198
0.6609683465301242
0.7887172040295338
0.9519680894440594
0.8929118362525561
-0.0058942189549223215
0.906299128931793
0.02661163164708124
0.4061307358457253
0.5447489322985486
0.0011559453043496412
0.7414481231615893
0.07634113700768003
0.027131599407351097
0.6369158028275232
0.19319295129996447
0.9526884882030635
0.9475680308510128
0.2128801882026082
0.42184560879553507
0.5000306703966677
0.7961777401003804
0.7562298284610371
0.28643194389731613
0.6482828383212877
0.4206304827213145
0.07971407241710476
0.3334223287928479
0.6826530772119106
0.19700626171337796
0.3747805389400422
0.34465373773777824
0.6411885828779009
0.6031360321125805
0.4584608801772229
0.2925133232759564
0.41676112280419425
0.5660051478546668
0.08326875063078493
0.6079037980660276
0.4740970830924009
0.8559996311632208
0.5545715004391898
0.049569049517886994
0.9402427180006339
0.19190368060641902
0.24188242382109623
0.861859270619441
0.25502651715440744
0.5502670343591956
0.6290441800336215
0.13499300856678684
0.6957841109128167
0.7155940152124953
0.7777547878670272
0.7626356886357613
0.5909264858122683
0.29143239883622657
0.002875951200658147
0.4403448358270025
0.6683507697179838
0.8825227487462179
0.6743136022288383
0.015579518484130694
0.7543808721161191
0.6271689473103603
0.7747789813574297
0.7381827560789116
0.9137331476155175
0.8327952365169551
0.8115903874930965
0.8535571296290967
0.36028143538796636
0.478580832243969
0.805293860626833
0.8352116652241912
0.6763845655709231
0.9310384936989029
0.04987946831964985
0.4998720141959303
0.7943395932411434
0.017811088909523088
0.5205065938892697
0.048757216195340576
0.9320082887498533
0.8403457997266668
0.1572054686680676
0.011756773672109535
0.37163280736301635
0.029378869152542498
0.6431580057358182
0.7684121888027202
0.512472484323119
0.41935753562418826
0.8721625767268115
0.8464884325628808
0.6727007980054032
0.21729977623830807
0.3341087526430137
0.3642789463482749
0.5113030875689686
0.6985717724418636
0.3880254618675926
0.4520518125045711
0.5490676626060831
0.7069330827255731
0.6898152918156861
0.5207957541758621
0.05488668944940767
-0.002859070204774659
0.9249417335535792
0.480712389959359
0.8488692069188735
0.479163525505863
0.8046475409363505
0.8385917895787387
0.9916789795605101
0.33122717149730113
0.76726462291907
0.5924949727961286
0.9281022330270927
0.23492818922929057
0.8386083210563937
0.3184850943749768
0.5211750990520385
0.24183983457709188
0.46468695180768166
0.5245396370203226
0.5133163895746424
0.8672404865441328
0.819854850317574
0.8456739067416479
0.2419586061227171
0.6977602429288954
0.44664092890359924
0.8662351400673758
0.6766869153375039
0.9133101794786282
0.1301588929045375
0.2501454919817347
0.959908000239581
0.7738969808465481
0.3850281882096244
0.9116519390344056
0.8784505362804234
0.600903197621413
0.5091216194623098
0.11853942866231043
0.5089627977457714
0.8611494902221475
0.5038539793161794
0.756115283456835
0.8663120487704898
0.9493994032460191
0.45950145329857456
0.6944000239393107
0.6558192891238015
-0.002411979365534664
0.9570889371858631
0.8632313078627187
0.8291212239866386
0.5033223379871081
0.8174379316648808
0.06382846667881797
0.455328568610815
0.7753618816743055
0.49493107965839167
0.42454058338216
0.06926368344147121
0.605124941575709
0.30854092013276196
0.2698328675881531
0.25714368568984586
0.9651203896161262
0.22771239963493292
0.03173164253488602
0.08350827913664455
-0.00684505431018951
0.2468268429133614
0.8367941566340502
0.2211797983068081
0.02449051077609931
0.9816653568727924
0.1458363710323348
0.46968767453030774
0.7586333023981069
0.01252966974590758
0.30716905275316025
0.2166922557781977
0.015131210327854418
0.6430923723730051
0.2901116692593137
0.09961609797774246
0.20531933952492873
0.49114958627627553
0.38000675272492596
0.9911027960477405
0.2931407449105263
0.13807965789909202
0.07754395202566727
0.052231393676001166
0.049350993795691196
0.5565905075348754
0.5713290077061561
0.28175985151730537
0.465960445503035
0.33347019778637094
0.5493713780403764
0.1275920333186474
0.03645743721192452
0.7056983225076963
0.6818432446996232
0.7192283233822825
0.5134789321556843
0.37947941445170147
0.9260577817428224
0.8945939726234493
0.3004979785545467
0.3421569573291145
0.5020019276269954
0.9324861654501666
0.2695013743434846
0.2541652294367582
0.21411303766284404
0.9562313463722107
0.9671547461959848
0.592511752520777
0.9033489685704752
0.04600456644954488
0.17090583657790645
0.6246687284170849
0.34835825332922216
0.019142461761614483
0.8503503897435252
0.8396381977076479
0.9255011744906263
0.42335263635144876
0.5980724651750229
0.1740022104370663
0.8903587452324775
0.8818486130165093
0.07605874192333223
0.3119369256808073
0.024299359579640346
0.4346913559723224
0.02953209540135825
0.566202256757234
0.7757026579549855
0.27186806305949535
0.6540689256733472
0.164674321882838
0.9777080964708293
0.027215593707085477
0.45032632134707823
0.5030449155676735
0.8609086220857216
0.946317848479318
0.33739187848437785
0.8863692568425201
0.8985808229895396
0.31350897929789395
0.597165557109909
0.690673711315948
0.4083313241985504
0.5504931886904785
-0.006160192816133509
0.13537530258234373
0.10701828313504141
0.9772741476239182
0.5136606357751743
0.5261256875503781
0.5882445988464831
0.8977884609867579
0.9045343365187044
0.8793843416637588
0.11924722812552652
0.5588911313546894
0.32707949716463686
0.39107460131982313
0.9258403752105602
0.5599248198193629
0.6550331297030814
0.3832663704127121
0.20196136809717732
0.24615253554562963
0.18253256189549324
0.3929206898729855
0.12865433942407542
0.04291741447867981
0.22898398791098748
0.11782967969744157
0.07658924638777437
0.7652806010634625
0.20333998296120734
0.558198477819404
0.1751691624316075
0.6396858416807938
0.009439932518077792
0.9244888679293553
0.4841633418123263
0.2399817135066716
0.7941770278264995
0.9651872639291323
0.8240183903240508
0.7300923305756144
0.8263215732076694
0.6525307667833382
0.22769730956552778
0.7401431544165313
0.7479775567264741
0.7681476371759481
0.5397619527829522
0.2880694348339949
0.5812597481007447
0.46516852118992563
0.4857882326590041
0.3614380489184507
0.9760026516973874
0.9592475025254756
0.5330115006632361
0.9778088939745824
0.8276534085797969
0.4997119448379415
0.36729338384296856
0.06041135001286304
0.4539303544775137
0.6876903106781094
0.02256060531306713
0.1517236270833334
0.8836499545997691
