24.584995142326633
22.01655389704125
18.135506349737852
16.14994517550069
14.695018595131836
12.236977770738488
11.689622707204055
9.083173357361407
5.297901641070754
2.242434570942812
0.5172636744834482
0.6507360163231877
201127315441745e-37
0.3167135576948396
1352732683121378e-110
5704870883573827e-88
2.4336554838948286
3.4923538175678104
3.3745687561631614
2.4035178910122896
0.4522779322036409
6658771055870361e-154
1.4349682117821136
4.900430585489011
2.814989639089439
1.4892442866794173
2.546866419651801
3.6293862442257283
6.5740936776854015
10.708008304972395
12.697594093762957
14.131026702238008
11879120128161821e-104
5278098540073427e-86
0.22771299039054949
0.9113282244502321
1.4693042950250224
2.128174671047027
2.474308641546683
1.9195962457059763
0.40169747374399595
35746922756312075e-77
4926274117176106e-158
23308003208378003e-177
0.14572666127079634
5.937012603389461
5.197091814483828
3.702908068712399
4.1931942693455175
3.760358481896263
4902766661014635e-65
4545846496255706e-29
1.3690334979376424
1.9226747660495576
3.2945787339600887
5.669591195232306
9.385748343465783
14.135503671934726
18.522274837636687
19.70217324935001
20.73612901636847
21.394735168933135
21.303738850336426
21.36154699635609
8.185253823383121
2.0550292875568843
1.0470934451784766
3.2767405879723186
7.129152166609168
15.955771180873583
25.483934903900067
33.047119815212554
34.989472592024946
33.07002131697
29.13152935532053
23.176487139314432
18.141507493968465
10.250718636171822
6.792772273583003
3.0257021497346606
1788850355303122e-57
21017523246439613e-110
668351154682784e-63
3.9219915942406427
2.80332633637074
18877989448116798e-53
0.8712241498307357
43612125226212124e-22
1.877922479118055
2.5959745704875243
0.7407302009633818
4014967534862516e-91
2128288952317179e-36
26085310971268783e-58
6159107051879162e-56
1.815711423376032
9276123523878897e-51
42346372104176e-55
2.4313909953014243
3.316795935127151
2.6697196728106185
2.4220759973272914
2.0251631903764125
3.0496548840866997
3.768000847597295
3.6039578124657767
2.749922446830279
1.9749597290620757
2.420776009260536
4994778729413111e-36
49271480215894736e-102
2988788852608379e-85
0.8188135608671216
4.613530359833628
12.09191720050962
17.80443083265495
19.00606877207142
18.66456561573878
18.912718628967653
18.25791519833818
14.243707951024888
8.145047552853795
5.004320312279123
4.752424036891442
3.137215745950883
9038599021777106e-32
0.07027191249172174
1.2070624702273853
15.299753369273093
11.789718795522658
9.50136467037366
7.653038047607221
6.464502056544223
6.973109162904702
8.571875407921699
10.534091180457665
9.53573835906142
7.472521281623821
3.1824381285484185
11203706825547644e-91
5519971952776933e-127
9853523853240736e-211
29279424027504307e-97
1.0179762767483505
1.2284957982578564
1.2693053719776484
4.77552772153616
1.308118477906921
0.3205631071477346
2.7671786250342323
4.989808192006489
6.737764695954682
7.963921410080382
6.939621588667568
9.272528331405349
13.02686782997952
11.819554145597152
3.251787054871961
1158347635652532e-42
2.0449378833322998
11.066823652828823
19.048978261210248
22.890103130866216
23.570920298256496
21.259478769225467
15.200513645630773
8.25542029433019
1.7371222325223215
5481973317304496e-37
8938893320809862e-25
0.7605371002736567
1.2647470200849675
3631843380217956e-50
14052838829381153e-96
37221657833562464e-33
0.7255899232408834
0.8799202311238512
24465965191842793e-67
15275757792933391e-70
540173053558112e-65
1.5004776421154173
3.5317098295091904
1.9761256663645672
1.8100530654704756
10228515441416777e-46
8086064905124958e-23
0.0009698696158985155
3232975167371099e-153
0.3637431414576838
5.9834416259596415
7.173134631602527
3.9282475737876923
4.63447606034969
3.4312747049116017
1.7298589198272762
0.01982215512669368
0.5173351184008775
8255091700645747e-29
7274702374010591e-77
1298309140446357e-54
2.3313106859388686
5.480081482562344
9.933360799711615
15.412333151344757
19.16917778749858
21.973108713170117
24.76730610513825
26.05063681928411
24.104438175482056
17.66877210775957
8.154803694282938
0.2992391509807801
7781637185522457e-70
1611875133000143e-37
2128117264596727e-56
3322544647456102e-43
2.8022498503937454
4.792712877231569
3.7107776490938114
1.8583150957833008
1.9429252149394276
2.344247292122979
2.2495201233844817
1.1272021480509182
15126920261019262e-22
2.5207779329207387
3.739280297503465
3.2476429345176534
2.1100818869908067
1.6058976718997897
0.09568391333427437
18070386580724464e-34
16529850266154013e-45
55291304761962725e-56
0.08761842958241182
0.23253186947615115
0.49963050044889384
0.2597804421759748
2.0501258615330626
4.885086742015386
7.791258875437003
12.71558301821819
18.31995512181222
19.128719017268153
17.205709471877007
16.06738366995017
10.726231445938806
4.577067353526777
1.8230710663315588
0.47707717282821127
0.492228259509057
1.3180546872537793
1.0853636393839488
0.15645776565762573
8880364872097775e-24
2004875112830748e-85
1.7134488958037455
10.485879499475542
1.656080540486049
3.105862737754582
0.07657563153257557
0.5811684757488162
0.43885777738972914
0.0832558139059718
16325502612097116e-60
0.16735866538785965
0.3220591778680856
10661469434149938e-116
0.30052664847132143
0.6780395215155092
6.749556465586065
4.980424157259961
0.7807758917272216
0.00023422165683540684
3.3592218862581396
0.0379840016164096
2.8567773796074336
7.507267491149806
0.21597129992878655
0.01116202244286502
0.27640484633380974
1.2884640325682264
2.2327364210393332
0.5055661187693168
14691173600886892e-110
0.54652813155045
0.989890474254566
0.7590165082731946
8.992374357178894
0.002733327403173388
0.6004698881360315
14902148300161898e-142
0.006666984409421187
5604727296925592e-157
0.15511368359991995
1.6641860795770047
0.8031818228582938
0.23932333669734165
0.7272392369872154
5.413085987584168
3470471719072754e-23
2.9833760381336525
3.5298790103615754
0.25145540936921545
1.192785426602051
0.07545160694254877
0.3728424374688363
9.732969864366089
0.032595820271984086
0.19826404645509899
17.59116759592594
0.3868531267325383
6028254507279438e-88
19.286035505896706
0.056594331920465805
2.9408724701148885
11519211951449905e-58
0.540811349226467
0.5687708952585674
8.260729853616551
2.5157257362448435
2.2973243167030404
1.329909173062107
0.4995945927605616
0.12041173399841501
1.0035211226851828
1.5528793979265014
1.2932204841702686
42.51450675419671
0.0015300477854159973
16.266140475459018
0.0012810594892414425
14272780014013521e-111
0.01655505434500426
0.0005938368964370767
0.006285149145727729
4238177224684373e-26
0.6048619690289117
1.6190835832327695
0.19758474596517275
0.11991745038409503
0.33848684153796665
2.975681196930578
2.7071178411113475
49460250251370064e-30
3.243384958923874
17.05965614110492
0.04087236567934918
1.9452167193248957
4.192253170501053
0.013595738447846313
0.005713803458461688
0.5678122864210181
1.6261446203488599
5.971566077692624
0.213220664239058
0.8078559721093516
2.5014885031887504
0.04339499373405441
0.4198925903896416
5055921183538579e-161
1.0716260723190638
0.7535189846785616
18098369662890788e-223
42820991410060023e-91
9813707200200848e-136
5.520022114947167
1.5039997233697193
0.02793987502153288
8.808996598622901
0.007070022453619198
20481809576821744e-176
120.25915684143604
0.0028432648511633805
0.04134095199258783
0.5567084945872967
0.23103015096122326
1.1443130154029433
0.3562960746184148
1.5175878200562696
0.7967865795434527
1.671972725411276
7.061773456746746
11.739437921257238
1.3587400629568198
44711121802098867e-29
1.2820914835057091
0.09343986188825065
9244127243171954e-173
0.007659735096745158
0.03476629755722286
0.002646967203770511
0.44361355999642527
0.002489286498481764
4.050594771535246
5468742078376707e-124
3501963681573416e-33
0.5199951546463721
0.21428519273330096
2127113450947713e-119
0.39993764081823285
0.008959709653469072
2.582529391521064
0.17834443225374738
0.09799731548731391
0.8281048682732575
0.03226912265926098
12287144938452656e-25
3362437234644843e-42
0.9949718999871902
5957469750725547e-23
4.60032631031934
2.231404460298283
1.6438645557043317
0.15151930892390877
0.028089936708601382
0.7720644696464533
0.4523769743838318
0.05364914425237906
0.1575306200175681
0.9701530336684177
0.49450635264157605
0.04778177616673684
0.03156072525267639
0.5149935679644564
0.002519578729777707
0.000486916755027532
0.4925481890509904
18802555530209885e-41
7681218368395915e-45
1.903542598674185
5.141420173046152
2119585164350317e-86
0.017861209922577063
8349241717990396e-20
0.8094563884026227
29499886761109385e-203
0.012906793609904866
7.803052964770589
0.45715383186750036
44557830993929606e-65
11.312705217300898
0.000760472543235416
0.10655118119751575
0.00019876045614647454
0.00019844945404782666
1390612735379721e-76
0.4702010195697079
0.10739792621146754
0.004452482127268547
957675548878813e-48
0.07239631714858398
0.008438870599590812
13113147214738613e-25
1.150107080735874
2.8653358137663854
0.06246705074571245
1.2791521771813381
0.3115806090678107
16012778431040005e-43
3.246690295063591
1.0504337006291842
3247815092211729e-42
3510323960515206e-39
0.5759587061081133
0.054486563087985995
0.1630346566390586
0.11899093358579947
0.19791883098124013
2.592438895231819
0.4027620731223875
0.016866995946494448
11.585161609795588
0.07751832689486188
2.306390637216567
340659484383797e-68
3.8346002263224883
2.8260904413078336
1.2762517292887146
0.16825175713364457
7274722713527659e-32
1.7025474344294267
0.46126301796599894
2.337881330967857
0.8465544103776512
0.3790385083758089
3938504987342426e-40
0.3398257790278247
1.2726639462503706
5827539733095375e-47
1.6564213929557285
243.9984020439685
13.12933781832997
0.20165399644813972
0.33882219285253756
0.08821873846731794
0.088324031258607
0.9334804911973565
3.2832094737957656
0.7918909698235714
0.143524177190994
0.02374831627699285
2.519679833285039
1.009507578525951
0.2746064009180709
0.5761743077715826
1.065128354641928
87.31938376681727
0.19683422434422418
0.3006226826181603
0.5996357756504088
40293060532589225e-59
1.414154043916038
14508341951556503e-44
1.8080803078667724
0.7390937829563374
1.5318905318160447
0.05079474900633694
26265758962782918e-98
0.22171359037611982
0.030747299984980075
1.4962821136918223
0.6552936396524676
3465673774950183e-79
2.3010829571706504
0.6216605117376283
0.22750240592063273
0.00786165673667042
2.2701584156115566
0.06660879083732286
18605979639964509e-100
3.3530762159884007
0.1305188274747408
16.25997165819448
10202368639866783e-63
13.011027939333268
14.186079162593915
0.22955614468683194
0.3152671697298245
0.07931510204918198
0.7371328067878814
6164963444210677e-30
15860035215875033e-105
5056432004180267e-55
0.6970412068565285
0.4190694858059889
0.4505484081124999
1.3331993443501713
1.5038914745619008
0.4802458307733585
0.08307579612790172
0.01264352789739918
1.5209124681019306
1.6332511096607092
31285629833429255e-26
11740085843988567e-47
0.04820205943240115
167.70627039411468
0.0792413025418786
0.10649915463192305
302.1086005105118
84.64574194307572
0.30428687916396796
0.22441961989224363
0.45415345497953785
0.01551749355056963
0.05958044396754665
2.3358254649629795
6.9249221438203445
0.05006031492254946
0.00945465403624242
0.020401355900306554
0.28066856672321144
2.466087576713138
0.1374329221924044
0.014285576759576188
20937150370626792e-24
0.35575053059915845
1.896630176463657
149.84952177286166
21.10927324174678
3989549799204741e-26
6400251228544313e-168
0.44404815657406854
0.395435237490121
5362968145009615e-46
0.12348860339820923
0.8664880333759338
3.140167790218092
1.3136101159530051
8.070495600760403
0.03377358513548552
0.006041245590840484
0.965394904777236
15e-324
0.22683364800201622
43153167727812497e-228
3.9552913064780024
5459998068875865e-277
5424473463463084e-193
13068418312921966e-64
0.22003144837428557
0.3608144689042307
4.081709941050573
84.28469304031158
109.57763562398938
0.5360260221037827
22427076163688365e-214
0.021710204409406318
0.5002381190968621
8.462951050929387
0.012646565841815742
2.0567761111858593
1759598882588444e-41
5.1479458399779645
2.0896519997545284
2.851580181586584
0.6273537492179455
1.4325766158883595
0.005688110860565585
0.04106461757064515
0.19246906799327726
0.08664264378357114
4108578483879879e-57
0.6074731479404156
1.0041122156930413
1.3639913744392467
1.3704408378131114
1.3705115311706122
1.4934208183533704
1.4179808209985414
1.170463755157331
0.8418710840306012
0.547687495680685
0.25911079913238044
0.26240342054185933
0.26965334287613785
0.22867124771497002
0.2156851545090986
0.21717788745394187
0.12555371874138194
23812275285350557e-21
709587533244006e-48
879461778284124e-51
7026588423501636e-25
0.13720817482971243
0.31812281186487634
0.45689096419800834
0.6101423854571689
0.8496011781587892
0.7813277801809511
0.5096292148957402
0.44801447244313286
0.16848611120971196
7312424623661633e-47
664685683961238e-23
0.448842195477513
0.18797057348576005
73642648527470275e-38
29331856792248743e-81
41032439316288223e-82
9151121982085274e-67
11663445440900638e-24
0.2390016785118799
0.4303268568354131
0.5665032986594237
0.749255641414814
0.872296629206883
0.8522222904971193
0.9421647889474222
0.8379161014507186
0.6437964111455274
0.4654404847647586
0.20660548564557146
0.06416768190329687
7017850357962673e-80
4454438842271338e-134
6678540151828575e-57
0.022037808467977853
0.03739411684268659
0.2052808923383053
0.31386625332645296
0.3091264237217962
0.4022570143960999
0.5352842629471875
0.9162928717498443
1.0731926615778336
0.994868522859366
0.29115949088038756
0.1807831311935782
63144870663025256e-56
11216419857462149e-27
0.047284559914300285
12260829564731297e-23
2525159361399718e-64
20510110985309363e-109
4912182890667941e-143
26765427537102155e-33
0.10319453534360772
0.026906534713011007
25182629896537474e-140
1303744015823923e-36
0.19183098414229538
0.48759331565265485
0.7436927717492553
1.0255686389407745
1.171300095440169
1.244382808384956
1.18187611917913
0.9957509950509484
0.8800475533524024
0.8452093718761079
0.7317121876861818
0.4814155087739331
0.5545720229425377
0.6016640170597066
0.5141357814220635
0.34793422561023607
0.3671886274174968
0.49090779494653874
1.0628012689188928
1.2232960343432921
1.2780539868943868
1.2351829664324538
1.2912224604950149
1.4950569019582205
1.5315515335973686
1.6466592507682558
1.5716580184488216
1.4203524827200973
1.2995009995401223
1.1425784503968264
0.9198066719564777
0.8147223525613062
0.7705915345738588
0.733236941868083
0.4847246439871321
0.29068571718786446
0.24407192263236877
0.11059504463478063
24907581501342422e-46
14705312693579638e-88
1154898024770139e-117
48661120611573285e-67
7956958222610114e-91
33780393209955974e-86
12841157406292444e-49
2942470283181318e-37
2721365227273389e-60
5776120700647257e-150
18122787549916208e-119
52568083105970306e-68
0.31431098032340066
0.23138754475919096
0.24777771679994806
0.27723342007442825
0.2723199878496341
0.18808295575563785
0.11162762409661695
3173694128860015e-26
6817216451905375e-24
24096666360378914e-33
4181767762008942e-24
0.0374007521232553
0.0760984795040962
0.20415105517456805
0.2129727005474674
0.029420087290492586
3031034074185982e-42
0.1361358823394593
0.20431219768061282
0.20665989404863055
0.6500337347459446
1.1539184024758908
1.2393067137348217
1.2793673000323478
1.2638229601278723
1.1788793286246189
1.208279567803317
1.2933791855989907
1.295397300539729
1.2256234698445934
1.1867883501404368
1.162615048816656
90208443458951e-171
34958906264205426e-27
0.28168134535983447
0.21057905106871433
0.19838292696686832
0.3082725401087483
0.38929454010701436
0.4404619347131811
0.6801211478747033
0.9247033863136171
0.9048240487416691
0.5632696808166954
0.19861550726390442
0.08474189368771123
7597856999372222e-64
5006554905341534e-91
8452780471536877e-124
13718033820285395e-134
6346064073238227e-88
9128088953484039e-61
0.010597985128628003
0.030665388233602982
0.2401180227438978
0.3659673728078379
0.3436231240763632
0.11648446849121852
0.06904958965323392
0.3105799973806127
0.7731482425542207
1.00860311332395
1.137802923811011
1.1052388086892917
1.2892856529752197
1.2984291358859632
1.4525218097345294
1.5942220671435086
1.4769284382665997
1.3604519432514985
1.3506487974491623
1.0999769681231841
0.8929702076828033
0.5266223342261767
0.06370298135185709
4267416282239928e-47
33097341e-323
3390831451172038e-93
0.22063682568563042
0.14648070892075699
0.15365134736385844
0.22930033360569171
0.2436090874081259
0.17382577903893479
0.19137644823632188
0.26614242554674244
0.22479502490810696
0.2437291048387706
0.027788596019898006
1041074602013655e-252
3356964904397344e-22
0.09506407419462674
0.014900888797616042
3341746125698233e-203
0.20673958467644923
0.5467407240429044
1.69269548658466
1.4705841586316424
1.3057241255614174
1.1785133555191376
1.054080411847136
0.8174503125701974
0.5880868855611251
0.5328388033422157
0.47697063259834005
0.3303334862173621
0.2328640467305526
0.2655377148908205
0.19025838657059113
20243711461289e-41
17019022999804796e-58
64389011569507826e-180
5387492737157807e-88
16276964136037957e-101
49311022880604365e-145
0.07141100053063797
0.11069827911852491
0.021375227393913596
0.07358983578302862
0.20071753257920757
0.2938802384502909
0.38580286110034684
0.4254426081053316
0.43783687435615054
0.5135323047124226
0.783843974287753
0.9465153641461104
1.065089945689562
0.15549200381303738
0.15370388796805337
0.01436546464459055
0.07527420474128871
0.10434781232761875
17124228457676022e-30
30181327137412797e-159
4190940172212386e-101
0.037820499215704455
0.15858655878346475
0.321086920445636
0.6214641115910319
0.9429123395103833
1.061364020058335
0.9900315285330794
1.000354139807718
1.125233631021963
1.238883440855654
1.192550754052071
1.1535167273404932
1.0869653045805026
0.9431270128899178
0.7858629024874898
0.7475580355054576
0.7971528569255342
0.8135138976219971
0.7917416206383724
0.6196646066756699
0.37561329278246136
0.25332055561275696
0.06597402256380246
791855632585428e-26
0.28770161414779466
0.19969088368154464
3055965017296254e-23
53355664564979335e-40
12050085831194314e-22
1070847548854024e-33
0.08490723638477123
0.1698654306996463
0.34521388980435247
0.6404675930550507
0.8796734049352491
1.0060320098601303
1.2020659657263757
1.1575838850232334
1.1653092048775113
1.3457475379471535
1.5224928262895725
1.5734495554235635
1.5829510163540974
1.626584203949469
1.206939605936
0.6607961669357462
0.5276038216671205
0.31736275501889555
0.21749987114116356
0.1407549325339372
1337699629429037e-26
28108850797050073e-59
21843022655878435e-40
0.013788857827750549
7574132363107199e-28
4728146410762824e-58
