15037.562273046797
12201.333053539556
8544.418233146405
6965.205470979702
6754.028564501795
6730.355087387885
6705.781294081729
6670.444546500528
6624.259655373643
6557.704899355878
6473.797276822937
6369.218952646738
6260.8968393252135
6053.150502616083
5779.558429341817
5522.27137366996
5391.38693219885
5121.717209522488
4915.296421234786
4713.484093113769
4573.281692577731
4443.67952445994
4367.549105493366
4291.198106622045
4238.244868672739
4166.094258250418
4149.111682980123
4071.6909604647626
4046.723932353074
4006.1072255679696
3995.6984113729022
3961.1724550633685
3951.4326848277974
3940.542492270666
3927.7697721677555
3916.4331185467545
3905.067125112088
3887.8673406776115
3879.1685686754086
3874.932713382293
3851.186402071563
3844.791005440167
3840.3217379786965
3827.1094932580577
3820.0274700427867
3811.1990726387035
3805.239376069227
3794.020147498876
3785.1818276976987
3773.9741383844334
3772.0098769123633
3768.318527654698
3762.9516284811934
3759.284909590005
3753.7870959826955
3748.9802880675547
3748.5805800528674
3744.0048150420625
3742.563576034375
3737.952668837713
3736.7795689822756
3732.826731877683
3728.8132266516122
3725.431626071358
3722.173591287035
3720.619039036882
3715.5902476625592
3712.5984936946516
3711.3555427246583
3709.661156151286
3707.3836516631854
3705.9438077260966
3704.2131661693725
3703.0761731358116
3702.919680911317
3701.620509172492
3701.163867971303
3700.416387201634
3699.375416041764
3698.92127402458
3698.360580495797
3697.2518009155788
3696.8269984047647
3696.4922856536577
3695.5495679666474
3695.2631815170444
3694.8656173991712
3694.1451289736083
3693.08402182761
3691.6495697633636
3690.964260832592
3690.422146272371
3689.9167002751533
3689.4472900619166
3689.359024392123
3688.682306457616
3688.234065382226
3687.2330970711064
3686.716878013773
3686.233014990291
3685.3950768195627
3685.23383876445
3684.4533401935105
3684.3932862093266
3683.506065818394
3682.5761799319466
3681.5852040872887
3680.5739414693653
3679.9801833412293
3679.411286735715
3678.8923542811062
3678.8446205780137
3678.352464618812
3677.884173973048
3677.345621453215
3677.277589609601
3676.8432349747163
3676.4212164622522
3676.0231113938607
3675.633683410979
3675.268563688384
3674.9100122871514
3674.5418863609157
3674.5135248436995
3674.1772115548124
3673.853440271998
3673.5360115989424
3673.2306123078147
3672.9316374650057
3672.6491451388433
3672.367170038682
3672.0973526399944
3671.820626545528
3671.802058103104
3671.5123432225987
3671.469403543352
3671.2154763754697
3670.966889911228
3670.721908983776
3670.6624781383152
3670.1758590024983
3669.8803276122335
3669.7131860540962
3669.165114093469
3668.8116618879017
3668.610488702581
3668.231101934817
3668.045854066224
3667.852632243945
3667.377714412009
3667.093734724735
3666.9211331058527
3666.2064728921046
3665.8179439056694
3665.4444136137163
3665.4146996359045
3664.842465242795
3664.020756699197
3663.6444584605497
3662.40188020936
3662.2698790194377
3661.9244906679683
3661.6553370485167
3661.359527659964
3661.112030363704
3660.7219418914283
3660.521984003842
3660.3436779413005
3659.9999184690187
3659.8587459997857
3659.6545091413723
3659.423862767229
3659.246922628394
3657.83160537864
3657.5968393975713
3657.0499288880847
3656.7922184692156
3656.6575619228192
3656.3377963986695
3656.139688474992
3655.9348505286057
3655.83205120133
3655.02768024392
3654.246959048853
3654.169026288641
3653.660020514547
3653.3860778895214
3653.112118097907
3652.872427036685
3652.693499871369
3651.903105358884
3651.1519452330435
3651.055808863412
3650.836425969572
3650.7765331098044
3650.5571386399474
3650.5321163177036
3650.3464039637356
3650.1805093931607
3650.019569449819
3650.014980458945
3649.865983694624
3649.7224499698123
3649.5372399501425
3649.49752010603
3649.353958273492
3649.2141225618793
3649.0786965166617
3648.9442699667125
3648.8187524218397
3648.674060693563
3648.6505387118027
3648.533503189855
3648.3909954195783
3648.359117992621
3648.232293299454
3648.2224323754735
3648.0853759005045
3648.059415941491
3647.928698983739
3647.801634591183
3647.682338537763
3647.557466450882
3647.549989499782
3647.4338496719915
3647.4039365472318
3647.17540772037
3647.033896297927
3646.858746945209
3646.7828655620515
3646.6626375831847
3646.597592302606
3646.0361021831022
3645.7464415624513
3645.4509992081053
3645.194362265459
3645.0153589978772
3644.908773944552
3644.8188960043462
3644.7319605956873
3644.6483400234283
3644.5672523218514
3644.4871977587113
3644.4091465230604
3644.333987294743
3644.260474129514
3644.1789922061807
3644.171192180558
3644.0995750746174
3644.02906223865
3643.9602768569725
3643.8859556864577
3643.8757226729726
3643.7983240128965
3643.7844512501347
3643.715884809427
3643.708327331404
3643.6282212998294
3643.6083957513138
3643.541988426765
3643.4771446742384
3643.410049018529
3643.400370656154
3643.333188820091
3643.2692225950145
3643.2027599444764
3643.136159919189
3643.0721198184856
3643.008785685483
3642.9477136550604
3642.9295194877204
3642.768488025295
3642.6586193439066
3642.6128981572065
3642.4948357037238
3642.439665129209
3642.3696800523962
3642.3045630568904
3642.2584117120527
3641.998699571129
3641.7591265785486
3641.670548447582
3641.6635864540867
3641.6077254507904
3641.5142113239253
3641.4954731264597
3641.4354801018417
3641.264465249344
3641.1372243645415
3641.1161940289594
3641.051088952502
3641.0240248757973
3640.960867465521
3640.9001255682742
3640.8452218920565
3640.8428728801573
3640.7881067731346
3640.7832126903763
3640.716504098156
3640.7121498644256
3640.6516492911287
3640.593788533292
3640.5554326755027
3640.421684580137
3640.2993193464094
3640.1225400834187
3639.977231574694
3639.9568057593965
3639.8859101271637
3639.8798161328787
3639.813158627302
3639.8120077272956
3639.756738310129
3639.7056861928054
3639.6464356699207
3639.6344374889245
3639.588905909837
3639.5168463887494
3639.4922435385797
3639.4470146469953
3639.3595363690233
3639.332206798811
3639.2822588664076
3638.9468068851183
3638.781936663665
3638.523056014156
3638.39945465212
3638.383380748364
3638.271472897598
3638.1852411440327
3638.1674152135615
3638.068709581053
3637.980304491127
3637.87663174195
3637.8726580877396
3637.7725848923315
3637.768040495192
3637.681468584772
3637.6625049045892
3637.5990885726023
3637.5000302242224
3637.456188689673
3637.410443976346
3637.3186590634505
3637.281494661307
3637.245817475717
3637.1439867507124
3637.0702020270655
3637.008821840433
3636.9978206938595
3636.9489228803996
3636.907555460623
3636.866816900259
3636.8267181813326
3636.7871972276225
3636.7478285933626
3636.7086251717674
3636.6695524817774
3636.6306810008987
3636.591813207353
3636.5533574991664
3636.514952327175
3636.476544332716
3636.4381413570936
3636.400207664538
3636.362426530571
3636.32470600602
3636.3042574863507
3635.5381253478777
3635.4514357121852
3635.4103181053124
3635.3562767156923
3635.2359133937825
3635.1748827180786
3635.128253575571
3635.02068515144
3634.9599671326855
3634.896892811223
3634.8949752961475
3634.8478768625123
3634.84296789242
3634.794980475358
3634.786997024405
3634.740321765716
3634.731690679936
3634.6911646589906
3634.653062315358
3634.611298264287
3634.60499231272
3634.565565803825
3634.5606200271664
3634.5188769017764
3634.511072058124
3634.473805166303
3634.4382078341864
3634.40387788844
3634.3691813009054
3634.3357144713486
3634.302313619663
3634.3005253421243
3634.255570634733
3634.2442705435105
3634.239102588271
3634.175230620789
3634.1456236229365
3634.111437959151
3634.073923428095
3634.037210319519
3633.995004989673
3633.980091913345
3633.9454712831002
3633.935677830164
3633.8945900637787
3633.857652429285
3633.7797854786468
3633.7304490031543
3633.6951814933113
3633.661825727569
3633.624495823608
3633.6207467072263
3633.5858926636183
3633.5516480588135
3633.5183826529983
3633.4850828586273
3633.4524956263604
3633.4206752114083
3633.384690682838
3633.3796876445986
3633.3472143568065
3633.31527021244
3633.283199818678
3633.25149909386
3633.21979803632
3633.188289771371
3633.156713224343
3633.1252331685646
3633.0936503560297
3633.062218349836
3633.030582273336
3632.9993923283514
3632.9680798818904
3632.966858745604
3632.931339606062
3632.9283484315733
3632.8962368338175
3632.8559649309937
3632.8525143755824
3632.828889560952
3632.7704477743787
3632.7203137096963
3632.467304169039
3632.2461363575608
3632.221238112178
3632.176769111679
3632.1587499990264
3632.126334979946
3632.1221025360664
3632.089443684081
3632.087521737425
3632.0568630889143
3632.027430421324
3631.999185027166
3631.9655229355076
3631.957297527936
3631.928843520324
3631.927901222517
3631.8997111650415
3631.898840918062
3631.8699758105276
3631.8664167630054
3631.8319231485652
3631.822665989906
3631.793870643622
3631.788480921111
3631.7542717317046
3631.7370353781935
3631.7026505395484
3631.7003201443204
3631.66014469061
3631.652823355795
3631.619574497869
3631.590946638139
3631.5244783622315
3631.4895478970398
3631.4513734194925
3631.4181630475364
3631.417693242211
3631.385176400742
3631.3537548906666
3631.3202248929324
3631.318043092655
3631.2876599395113
3631.257319168142
3631.2275508097778
3631.1979386690914
3631.168595015694
3631.138967691438
3631.110096266121
3631.082029434366
3631.0501004266575
3631.0464212426364
3631.016933299953
3631.013595564707
3630.9506783373517
3630.916162433095
3630.888018904605
3630.834658211331
3630.806933585376
3630.7781674866915
3630.7502775774865
3630.7262349279836
3630.6764701726
3630.649775111678
3630.619501652481
3630.6105638676318
3630.5669843631435
3630.5551580363235
3630.5240625457736
3630.4439012368434
3630.3966160152327
3630.3689605196373
3630.3648822155205
3630.1256922638086
3630.0637623999096
3629.8885762751484
3629.8704614203557
3629.8329836970506
3629.806458080685
3629.7601015603873
3629.741084501534
3629.7081434391807
3629.676275522358
3629.6562332951653
3629.4938972347563
3629.413315003481
3629.351629260148
3629.3281532507563
3629.2617461005907
3629.253334704031
3629.2066673070253
3629.179010435342
3629.161205833878
3629.093739330486
3629.0638217682886
3629.035007111643
3629.001444082981
3628.996085129552
3628.9643588335916
3628.961548041206
3628.932467238749
3628.905582164527
3628.881658346288
3628.857790808752
3628.8351221830953
3628.815432707018
3628.771834515823
3628.76413289046
3628.744520268383
3628.7105285192147
3628.702005799523
3628.677135258943
3628.6731657453747
3628.6313666484784
3628.613374641728
3628.5873219722
3628.563500302177
3628.562879615871
3628.540050134189
3628.5176808155597
3628.488458079367
3628.4814470134634
3628.458388208052
3628.45683535931
3628.433771624885
3628.430555573665
3628.383846365961
3628.3601930846894
3628.357743087399
3628.3340632926897
3628.3310277935097
3628.2899832521
3628.272403305506
3628.249325723064
3628.2184913846895
3628.2023092555023
3628.178924772211
3628.156815525164
3628.135794265372
3628.1345630585347
3628.1100517741365
3628.1043232061456
3628.0796577901806
3628.074789091662
3628.0522030617453
3628.030874951106
3628.0107677214482
3627.990931429877
3627.9709953054676
3627.9512535855383
3627.9310646052386
3627.930078623974
3627.9087113173523
3627.906561768344
3627.8871868227684
3627.8671972934335
3627.845847514095
3627.8438956934683
3627.82321403946
3627.8212310885897
3627.7995051652406
3627.7965350877353
3627.776920083837
3627.757614632245
3627.7348799851675
3627.731657173196
3627.7121212881025
3627.691612285301
3627.6878222017913
3627.66529206767
3627.6638928477682
3627.643362730454
3627.6178130108224
3627.611159870846
3627.59114883744
3627.5716285844337
3627.5510681617284
3627.541737433535
3627.3794641983736
3627.225891968798
3627.222487362556
3627.1422757057967
3627.135919807273
3627.069305889293
3627.040428818225
3627.0361705450027
3627.0195036432083
3626.9870008996763
3626.979980733964
3626.951345236646
3626.950647038071
3626.928220488486
3626.912147409003
3626.8653113124524
3626.840882956375
3626.8235443417
3626.7965892997577
3626.7953806780115
3626.775101672796
3626.7365318902794
3626.727423290025
3626.7049428004334
3626.6789018175564
3626.6542710867557
3626.6351531569853
3626.615904103479
3626.6153353453897
3626.597309790627
3626.5960626243477
3626.5772150878893
3626.575648600833
3626.5585231437644
3626.5573003002305
3626.540517949065
3626.5394289598503
3626.5217535108586
3626.5103614737072
3626.377128189905
3626.2579656473836
3626.2479721265336
3626.228231935351
3626.2232064749182
3626.1964500436206
3626.190356778616
3626.1852316483873
3626.168123764168
3626.1517584884546
3626.136135214059
3626.1210989672823
3626.1054412464937
3626.104461348637
3626.088908068922
3626.087660099902
3626.072756197045
3626.0577390768954
3626.0575470513622
3626.0429863537715
3626.028478823325
3626.009491158929
3626.0054136267177
3625.9902079749636
3625.9758933338517
3625.975661192751
3625.9615009867757
3625.946390508291
3625.932281090128
3625.9123978493676
3625.9054789928796
3625.891401531739
3625.876822632734
3625.86236231785
3625.8480276751993
3625.833750883269
3625.8201227248396
3625.80663100171
3625.790828098696
3625.7884525761024
3625.7746748386935
3625.7610931837703
3625.7455312830552
3625.742770063364
3625.728869019665
3625.7153842535326
3625.6967900972963
3625.690746227198
3625.676424199041
3625.662270603965
3625.6482186684852
3625.6467259712663
3625.632611475536
3625.631022831699
3625.616372634872
3625.6144179968464
3625.6001948538724
3625.599121083287
3625.5853411045787
3625.57175632073
3625.558557519043
3625.54525468111
3625.5323125717673
3625.5188784310017
3625.518435340683
3625.505682550526
3625.49301766601
3625.480349567531
3625.4679130331538
3625.455480654334
3625.442548832951
3625.4420430038285
3625.4292959248583
3625.4287138093555
3625.4161496931133
3625.415444028803
3625.4031566386707
3625.4025971078963
3625.3828265717775
3625.3753801095677
3625.3631045275993
3625.3502216109564
3625.349793024016
3625.337317952809
3625.3250550178495
3625.3129237456055
3625.301020186184
3625.289125607796
3625.277093602108
3625.265251327359
3625.251548629316
3625.250100166115
3625.2379548327062
3625.2261688121275
3625.2144043356366
3625.2026643380314
3625.1910171325576
3625.179097331084
3625.178614027889
3625.16711543628
3625.1556246503455
3625.144222530177
3625.1440777810076
3625.1321296083174
3625.1314820435855
3625.1200729999855
3625.119922252612
3625.1087049598177
3625.0975367069263
3625.0863612982776
3625.075291081285
3625.056582179381
3625.0501024753826
3625.0458502147017
3625.0300752235744
3625.0161176644624
3624.978807468794
3624.9429241025423
3624.889628045697
3624.8390859803517
3624.8372643841203
3624.754705208921
3624.718565592943
3624.6783853146703
3624.6662656594503
3624.650009794784
3624.6454410309907
3624.6319509657947
3624.620097277811
3624.6104123354407
3624.595303731299
3624.5815586437016
3624.5541130648467
3624.5327199198373
3624.5288549367388
3624.508318088605
3624.506054840402
3624.4976522118263
3624.4851919703237
3624.484074279079
3624.472920275717
3624.472546066526
3624.461996137503
3624.4618630237123
3624.4506376094027
3624.4486244667773
3624.4357836117797
3624.4323011038464
3624.4211138568944
3624.4201123092917
3624.410171749987
3624.3970015105333
3624.393720409482
3624.383376428284
3624.3829141339093
3624.372052391322
3624.3631267913656
3624.346323307186
3624.3317124324535
3624.255079409243
3624.18698139436
3624.180063961237
3624.1690062217194
3624.1616732361076
3624.0344790943514
3624.0239046180036
3623.912479024967
3623.890649482356
3623.87845288381
3623.8675142264283
3623.857320872906
3623.847193072274
3623.8371691829616
3623.827115085419
3623.8173396104235
3623.807531399796
3623.7979178389974
3623.787816521362
3623.7873346262922
3623.7776883627184
3623.768852552306
3623.754143944439
3623.752328419068
3623.748059182578
