1.3407345893540712
1.5831246045100817
2.0628942151797656
2.2723553119649944
2.198251151997893
2.2799508924493996
2.279434956716796
2.252177208498708
2.133011702743324
1.7212135982794776
1.3132186859808068
0.8614159823814599
0.30700678478201904
0.09217524988315876
0.11194109097081043
-0.018417643356762367
-0.285275688731857
-0.46330484673765315
-0.33695455451257483
-0.10294498128059215
0.1285163101989632
0.28439505867618037
0.43305117401385645
0.5554895750163698
0.43321344823028934
0.3341939527495466
0.4758891164165462
0.5950830945592084
0.6507528842249286
0.6857939986564014
0.9462737537352878
1.1506075834399196
1.5426168193557466
1.5485110598068894
1.6333846099954843
1.6763025461160685
1.705912575185669
1.868121645501036
2.093913032280771
2.141218353165084
2.1382568236930757
2.0165901956111543
1.6333357829110384
1.1112295694485037
0.6661140644146792
0.1609351588942616
-0.13487551508892362
-0.3155972281295991
-0.5525096576212835
-0.7944946595431838
-0.691613804298742
-0.6362125001708038
-0.6299654185803536
-0.5527602673512043
-0.3015338146405781
-0.053903971374356284
-0.049251384815437706
-0.06764249552897697
-0.010127955049545518
0.07682784872449058
0.12297974157017266
0.051909349022468174
-0.006432054157866986
-0.018461222308123935
1.5155611037040926
1.28916321083497
1.3349489805548502
1.350573070885814
1.2512654975527364
0.9979444372977996
0.9623177713859261
0.8730268704426828
0.6608998666125503
0.40368924822157193
0.13898976500856505
0.10587166617537515
0.0798492001672185
0.12137133025283646
0.06983489307643943
-0.14124128757505403
-0.04221180165629763
0.252976156073632
0.41425927130022605
0.6154411736913543
0.8074520308296708
0.9604802730416436
1.3521972911474693
1.6560542348986813
1.705629173986706
1.6457787900827212
1.6780678741294948
1.886659568654769
2.1777696163639795
2.427506261137428
2.602564751786343
2.776231415997141
1.0111534051352222
0.8672386022674115
0.5456668206542012
0.401940447751575
0.4716397843438358
0.47301631367254954
0.3648996627690564
0.4176659637681357
0.49249962350764104
0.6574033841596635
0.7086402784629453
0.8527786661769875
0.9230130501534977
0.9837708526459403
1.3644918939116764
1.9543707602589053
2.141633955796922
2.44561332784052
2.6260263811231277
2.1690980068236576
1.576553187805683
1.3038492266920167
1.0292673832707784
0.8150277015029956
0.7547229860151968
0.3479887991460978
0.1204933070645797
-0.009352438723376343
-0.3853685627313763
-0.8792279052164271
-0.8135594319240189
-0.5226547706217562
-0.9352418234248225
-0.8888552969082341
-0.6094888473172037
-0.4526519217152355
-0.348772822209671
-0.2130473552852089
-0.180122277415654
-0.08841933768609128
0.148810747369496
0.3047360851267715
0.4543835881661395
0.5811002068992703
0.868458189805657
1.332018875496016
1.3180775411767511
1.2241870173223453
1.3101728475932886
1.3693384691923385
1.0394137211012415
1.1033014569074464
1.2706357682141858
1.3562843103083317
1.4866628612203
1.6447633363991545
1.9291273258043364
2.120661789168774
2.2955521354608543
2.3411578230475043
2.2886284835152613
2.27269161186094
2.2498562157142796
2.1170933700984955
2.0459506424105016
2.10499266519082
1.966941062252737
1.8871847686156522
1.8048110798596595
1.601153239961972
1.4688258895344224
1.5114955079765235
1.4277483976429182
1.3663414030037002
1.5184203149448507
1.697887645499984
1.569346211264657
1.3126733842366034
1.3917160829828688
1.516983952368475
1.6117128600808401
1.6792942678293687
1.6695425248190752
1.3266006943010726
0.6988143019740186
0.23091402641417816
-0.22669353005595233
-0.6119084087999989
-0.7779918735178752
-0.723733404150073
-0.7046086714032302
-0.6902722637838826
-0.6298718792618517
-0.4342254121137527
-0.3932473358838452
-0.3958894177848927
-0.56731060194323
-0.32633021093337544
-0.02350516135514628
0.12337003016711028
0.319256058590478
0.92258940430737
1.0464262532033493
1.1452913995117184
1.7114397442475433
2.104816591002624
2.23700432500656
2.222677457317686
2.4401809496759563
2.417070403240319
2.0638315059187082
1.7228075771760072
1.033389043408012
0.06890378041914202
-0.44639876030197306
-0.33139538462555707
0.39953940635926666
0.9264005163165825
1.275836170126878
1.6242367082991926
2.1160241966643767
2.3543125309315385
2.1220062211350963
1.7909902578839774
1.533520354561141
1.2741453956202053
0.8468425710808075
0.48614119185737037
1.0036642429810747
0.9421812403248022
0.69564721727658
0.565329099904944
0.6547408476756541
0.7657816870641251
0.7787034491972811
0.8434619185315786
1.0655191365689864
1.5311116740953261
1.845692835716218
1.946451630587601
2.0562030386705126
2.050711093191551
2.0900747472214833
2.227171289698449
2.3252001163745795
2.391004855046758
2.40812705995669
2.252598185836472
1.9801562209744012
1.7101218071749629
1.5836300941709507
1.434368703288066
1.3044342265240543
1.0512556819830823
0.7302702890783233
0.635661945973638
0.5876873278569645
0.34490656003686765
0.1441101224889971
0.09215389718240855
0.9246456585758331
0.6599655595168081
0.44953814073246917
0.3757052958743669
0.47223553275100494
0.6138337391489591
0.7619189333829246
0.7435769066593672
0.5297336241302276
0.39793476576756653
0.24471155914473372
0.18207132112748903
0.47439499366747445
1.1268838619409913
1.1087905479187314
0.9329157503441745
0.8305032377941725
0.48103172532691874
-0.20609097334157303
-0.4232044796027302
-0.19284481468889092
0.05241433254055941
0.24924206628146406
0.5396411031628255
1.1121271617881903
1.6454173546224529
2.0074831826313275
2.158387599950957
2.244673573834153
2.234378611660738
2.166241701385059
2.3006336484328744
2.312627687171247
2.4831124672948186
2.3463850504018806
2.18685783307746
1.8138930389291268
1.27170852633791
1.1008568129643785
0.7642254591216504
0.19876898461261483
-0.20805595724680445
-0.23220531964301364
-0.11726330957721301
-0.31565043123571673
-0.5792650024107356
-0.4297717103845109
-0.2530858049760484
0.28575992951865864
0.8622810749744511
1.5322976639328776
1.7066270263733365
1.6718713051389325
1.5065199783102055
0.896061542030515
0.2686037206958506
-0.4549628108949343
-0.6921936483148412
-0.5707226525895863
-0.3823577600405956
0.05638043911181603
0.7053636363504291
0.8912866883159665
0.7609811128033184
0.2836220917059678
-0.21424840922742405
1.7358458376099926
2.1444399844579443
1.585785150100081
1.0978020931688668
2.0619516588928137
1.629576839668701
1.322419689459299
0.7516305067293911
0.07024854175712515
-0.11676606069978838
1.8103278278181898
2.214458314431469
1.6729102268122074
2.226642220117244
2.4089675623538622
0.5807200766410812
1.1400710608287254
1.2007225290498516
0.6820209088269424
2.8185225879358353
2.659125157165299
1.1807823314299504
-0.5506738404390062
2.7897650719770373
3.313900672162814
-0.4601468795894375
1.6947232638937761
0.6715738574830138
0.4008512363400902
-0.42312610695242087
0.7847985736464156
0.7145460670616429
2.299360800685347
1.8636130039358354
2.049192861316153
1.5627246572048918
-0.34901888882728704
1.1290907951653266
1.6314014649836757
0.3022562890450025
-0.40436366334672025
3.1870060766348143
2.2868134217414005
0.2194011486301646
1.0421248484796626
0.5415953444221774
1.5822815520189735
3.3666421516906455
0.15960371294160355
2.55382112750404
2.2522132999260704
1.697456686344114
2.631545802682271
1.8143746857599323
1.1762404519178715
-0.18221587261181765
0.27868268192804185
0.22025113509715544
-0.39206446833709285
1.3103995406369473
2.8468969489668323
1.4319761762969245
1.2221054645136584
1.6131859587821507
1.9649875164935298
2.318799457177242
0.25882740146183475
0.7170090758862366
3.266257986385551
0.07627783411796263
0.9445041182027232
2.609290999600061
3.1030216222421094
-0.6263842295566902
-0.2431735964804533
2.481711246747
-0.5884839584908708
1.7764851082697948
0.13301083739463845
0.7334442899815473
1.1084337190584783
0.3639635128024004
2.5911691241791925
1.7208466464686463
1.4884179220178946
2.738974793700004
1.7371165676727198
2.1242300673560197
1.8873403917251654
1.7082881995754764
-0.884852705393555
1.8047961794715355
0.2948527133613738
-0.4357932864066457
0.16939595808910063
1.5211786135945684
2.5593722833017343
2.6009762712766653
0.8276842524277916
0.31393781938983967
0.8544447396657213
1.440236374729303
1.1392806321533389
0.6480466081117501
1.3133859420222376
2.6692536978813823
0.8715208778604671
0.5453003226317387
1.7082265714822822
1.487771639123729
2.30167284902411
0.01643136204532554
0.9303895811490593
1.7095095915956748
1.8137342531400646
2.6102551761523802
0.35438147667156883
0.44770164698242043
2.024853247982941
2.1449539238754816
1.1299474460982504
2.3310370428227234
0.9899649051363848
-0.23943087889065898
0.34778455741461933
2.1973024289679115
2.5606313482041365
1.5767886300409983
1.2200096214155884
-1.1775300107040714
-0.5947129859567566
-0.07114496377841181
2.4140814502815973
3.363918599417097
0.34456263215535776
1.9242814107354378
2.8773521567504976
-0.7660712306143659
1.055333493994579
1.1433029615315125
1.6805276863185534
2.6155943134697974
0.7925734791281953
0.10859366484339518
0.4159433376822566
0.9895405596564604
3.3042347229606164
0.8553554350119905
2.1809100196124342
0.6394534139199988
1.8567640614594325
1.5236918363845828
1.4856992761283123
2.076719329476666
2.113549466910089
0.5870570223835206
-0.055558978048072555
0.7974351720631746
-0.5848472714688908
1.7246661948437876
0.8715435513564644
1.7559323598514074
2.1376074022744955
1.8991474280805574
1.3162997068191915
0.7575568983353622
1.2864047059507644
1.4129584916443925
-0.40803198688474074
0.05592751380467652
-0.6232838685650959
-0.28474856061596193
0.47626450030838785
-0.3610531760790367
-0.18152513464215542
1.544756225342724
-0.7333095351477462
1.9103474158289977
1.2776842153774852
0.8452267873867592
2.342451117111814
1.4853256078900434
2.613404901648621
1.5304155304526978
0.9718652450628816
0.9935084903528263
-0.18859948257732678
0.7307841489357755
-0.5205927820870657
1.5488573340485376
0.506820479446408
1.4065390874280135
0.3121921343336986
2.925207493867117
-0.03283894074161652
1.373356965606082
-0.024739702496745092
0.7021945479353595
1.7469066615351958
0.865498359605707
-1.6533146108674115
-0.27735657496831245
-0.10615739580184838
1.155970623897065
1.3249628376501261
0.806455919357831
-0.5445547523111745
1.470583213253172
-0.679855375169981
0.6232700454861523
0.7247629879735925
0.8525658434252998
1.410167539066009
1.3516773751198043
1.348630839702351
-0.20751485858353402
2.4298965448157412
1.979666446358123
0.6440187992491127
2.6032997979080656
0.10850895396047244
1.8895546359044844
0.7996330963338847
0.28375828488832516
0.16472417117161303
0.7832078024731945
1.167602603165008
2.272984370172701
2.1797521399992865
3.135244334181636
0.880777265267669
-0.08262169203032055
2.54368103377451
0.6926544099808646
0.29240023409459015
-0.7182518187594067
2.1627849610568406
1.362432975568196
-0.11834202018280368
2.223677789902649
-0.3643385768388177
0.8355777464711424
-0.2458883616851113
0.3145649899394363
-0.029024329986123844
-0.9126714437105614
1.6231718235184593
1.193319493652677
1.8725954573399395
0.8443857968050404
1.0997728361599262
0.7828201330295517
-0.18294335745662357
1.5838803912742503
-0.5716523881991866
0.278364494975049
1.0952945503050415
0.03170258119135527
