0.5969572327643655
1.0180179238956055
0.737778568184689
0.8591769077140462
0.6221399929109275
1.0295387308805846
1.3515540150388128
0.9822672176551591
1.3064931885554838
0.5523792124753906
1.3041779743609496
0.47243165500807655
0.45281459123292567
1.2920518035054587
0.6680391336847904
0.3964573263241018
0.8796031353594099
0.683699128996348
1.2470974392302556
0.8472938861678546
1.2452239415012827
1.2062230661624265
0.4017458251686269
0.8102984167459243
0.8310435151310154
1.0916973249987811
0.39023114290689265
0.8179471554978976
0.5819906890671716
0.8207624754385255
0.8522614025875642
0.7212257737063975
1.0566095384220708
1.3044260287853453
0.9255848300641865
1.01132464855647
1.0007283581134914
1.2991124190696142
0.6063068584412508
0.9321290252871557
1.1571103918833696
0.9652221264239405
1.3073665361465232
1.1131028883774179
1.0729554437075928
0.6453932466494857
0.43213239050778174
1.0038655653597326
0.45877695929693807
1.2225035414522292
0.5571379787933622
1.0069896491405175
0.47682167553984117
0.4404003354306833
0.43941193633449804
1.2480652790622337
0.5488587048197383
0.7129027856421425
1.2861194645327982
0.3562127910308717
0.8728272617553658
0.6804822176532486
1.0338458915257625
0.787337806562389
1.354240237523399
0.36067279891843085
0.9378957216626255
0.4706009361986101
1.0651462050040374
1.3024266660883743
0.4881565192640932
0.6316178295376985
0.5541758695988749
0.7552842994998057
1.0681668039420518
0.5426980995283834
0.4659724308200426
1.0367785446340263
0.7659486831479239
0.507790741707194
1.0040838459728796
0.5077242149757278
0.46766446583034416
1.12477157691068
0.4220205079463773
1.0012335448611596
1.3304182014631516
0.9727234448340574
1.1468574129883995
0.6332441405351424
1.2047984733738426
1.2871618443592194
0.6905178543523761
0.41816141221551184
0.9308988842487205
0.9482628879947332
1.0716888142597334
0.846152233919846
0.9625727161547778
0.8815948058327152
0.596615629287602
0.6703067803789343
1.1713124948422453
1.3160521941157748
0.6141266058636404
0.5817101685565618
0.3866236294825479
0.6389560973590694
0.45454733520581786
1.066666771584667
0.788425657578186
1.1938989154676627
0.36586354426831963
0.8976836201181917
1.0509444230582154
1.0609945593333268
1.1664734419768716
1.0391160736710823
0.5028258855974326
0.8217375150544594
1.1340749318221717
1.1121094118986765
0.9453736087496012
1.1411354559882263
0.503451922257151
0.8155671524930168
0.5188524163888225
0.7202365860055916
1.1688707452934024
0.5791600039921663
0.4729065648415912
0.5779630186372614
0.5105249424033566
0.8321884031569714
0.45748052984398224
0.4999738666797446
1.0592120116825487
0.6053313510809448
1.3413184022864617
0.3592790935515664
0.5945686886456674
0.5871290170056686
1.2390447567123464
0.9926603282327128
1.085283197938973
0.7362027019712905
0.9223483498039309
0.9008927624120732
1.2477420943319077
0.7694914533398424
1.0245392281737375
0.5482818636680955
0.7252295490569771
0.919391831054415
0.9430484034364939
0.5557847337701151
0.7546233865452842
1.3322780979551065
1.2274999567539564
0.7636667760473863
0.7045601244691474
0.6628983143105323
0.9442729060621871
0.9758009254118907
0.5643634996929867
0.4367079683450335
0.9087538069153439
0.8213057549692363
0.7412005679080594
0.8886886054715547
1.0416214802121122
0.8218027176128806
1.2594912074981621
1.2643980932391266
1.2438611342836003
0.8588998580033699
0.942617732219176
0.5095212401834691
0.8049335154267858
1.26836390119647
1.3481533439687279
0.47227059838326424
0.46286667500566026
0.40946725014699203
0.41284014554686643
0.5657194716590538
0.3858883506894665
0.3566497997017836
0.6725724735420828
1.0760245540642097
0.827931217169674
1.120887649267468
1.2925731308288464
0.9500897090279943
1.0106886682692258
0.3684572702280212
1.2246945279877055
0.3823959919938095
0.8741294273821124
0.8428654720685329
0.6477526297204531
1.2945727623253231
1.2470996522109166
1.086967157440808
0.8607111776421746
0.9713475523941284
1.2587460947528042
0.9476090978196939
0.7038609397638023
1.0926440156668404
0.40728498095512305
0.6473856669110076
0.5846123992753904
1.3441624568396817
0.8643550499374015
0.4042450214974985
0.8670391653861679
0.6597582802386545
0.9350179963724625
0.438935343289146
0.7023750419611046
0.5262495026869685
1.1961484200588801
0.7124554305874499
0.7897002909209662
0.5937698462391461
0.37848360238410267
1.3489410762709355
0.5888520483742831
0.8610083390877031
0.6973272318104364
1.2494241068949565
1.0422320976634458
0.8904966821208746
0.8637268266936564
1.0710414586938095
0.46433316873555
0.5828047990612791
1.3132126015577783
0.3926531206537305
1.2175583287750247
1.0997880523264754
0.4406535271337722
1.2222168911487066
1.016769029263664
1.1963159772132148
0.4202368676486838
1.0710554883156695
0.9946103743587678
1.2225067040218247
0.9092233814372744
0.8127209148268557
0.4883437645577945
0.4483992097869462
0.5864744664584857
0.7574670660216125
0.893610086270165
0.7135699637572273
1.01844592864497
0.999640219172948
1.3488263715040545
0.4994633148080235
0.5163858887807797
0.9865483628672581
0.6579340873681367
0.3937055443379936
0.49726429124072286
0.5909775336340682
0.5983694140669699
1.1813968923236964
1.1045566707645937
1.2463657593399555
0.7413616942667705
0.9165584058971774
1.1988090677694982
0.7450061290865081
0.776406921696937
0.4806912679215659
0.6173234324438263
0.35440671674429186
0.5270920843172976
0.6165715459974676
0.9215188731092473
0.7653626570376313
0.5234851880556439
1.1683099997433508
1.1056677179540084
0.889746914318309
0.6892813868845246
0.7936622036312421
1.184533021223617
0.8796159257974562
1.0037011319845788
1.2371473174263858
0.6086981735213988
0.8856182096346449
0.7517689628494099
0.4433977692550455
1.3430574104189958
0.49384712890918464
0.5469182192648452
1.0031321042393415
0.9572250810416137
0.37507815157386803
1.2837205948786696
0.873316892356969
1.280510111702266
1.0964263789665072
0.6532553326753776
0.8933500201478541
0.8183635327521436
1.2277236936288922
1.1073520051465222
1.1552609920693633
0.47422381035362876
0.8282323760335025
1.1885423405443796
0.6734009834808917
0.8509658068892906
0.9481856333752714
1.3540563884185934
1.3540479184791383
1.3543606239036683
1.35444778295902
1.3546005190771242
1.3544988134989997
1.3544078248336984
1.3544153056471875
1.3544087567777645
1.3542957164098632
1.35828168646287
1.3587949224979161
1.3575616499993217
1.3584630305171712
1.3578995794276052
1.3590485230966953
1.3585215497930243
1.3583357307821031
1.3587936340633084
1.3587266320555818
1.3590071322317938
1.3611445412295269
1.358478476634855
1.3588731611530052
1.3575466059476522
1.359561870138233
1.3597433847791005
1.358596456863728
1.3594473343430695
1.3590592427467825
1.3489456714199817
1.3485573593565807
1.3493054564158184
1.3489530285665148
1.3499100928557157
1.349142968817931
1.3493801687953084
1.349302823075312
1.3492370338560236
1.3484375205897525
1.3525139636541352
1.3525539014914298
1.352277295370902
1.3524620846581363
1.3523807356216624
1.3522816101145685
1.3525660533916428
1.3522802246903727
1.3524560235302647
1.352179567871381
1.350124752257249
1.3504232913694902
1.3504385880929721
1.3501458026300464
1.3502802228504411
1.3498874563018635
1.350525619878036
1.350131221442962
1.3501174917760452
1.3495108009064556
1.3589209147254426
1.3599438660869008
1.3590663781459356
1.3593213552961692
1.3585357269548193
1.3594559238508253
1.3591867892381448
1.3589306442197957
1.3594390645658845
1.3598045454618466
1.3581414905660165
1.3581726373776837
1.3581745286867668
1.3583885837635497
1.3578332753396636
1.3579318062719397
1.3576678331817504
1.3580815322333044
1.3581233227185987
1.3587529830061014
1.3613199463074648
1.362219353993508
1.3608302165052433
1.3615310224270514
1.3605595871022533
1.362066368243817
1.3612900812861064
1.3610609041116153
1.3618662695269361
1.3621647265728196
1.3465652433048558
1.3468699831568005
1.3469744215648891
1.346269270823645
1.3468988272473204
1.345918384698685
1.3471792942400804
1.3463171521098332
1.3465552736206128
1.3452728568693397
1.3474255329157288
1.3472974058501759
1.348031439866525
1.3473556446139818
1.3482133789143873
1.3471102777616901
1.3479982443037772
1.3477013387043437
1.3472762081657532
1.346607761916658
1.3607478932456503
1.3619941434323577
1.3599295313152124
1.3602304168739734
1.3592744813722337
1.360782396290652
1.3604549131970305
1.3600585326638666
1.3604014530907946
1.36098979525266
1.3593203114814585
1.36059284322009
1.3588882908201791
1.3593450038971546
1.3577995110174785
1.3588799597936196
1.3591717901371745
1.358874673559919
1.3590910484891714
1.3596093104853182
1.3464402325957578
1.3464464862789076
1.347189279095907
1.346454713970571
1.3481121393908342
1.3471636611552975
1.3476300834206136
1.3469597012620997
1.3475493590370105
1.345757563822845
1.351075267167703
1.3512141586777775
1.3515540709204725
1.3514094159143377
1.351331125043271
1.3507195797826195
1.351286686335504
1.350986424410274
1.3514338973187523
1.3507785398124155
1.3600413927677324
1.3609904790686937
1.3594497712997844
1.3601238296644464
1.3587549890044432
1.360339557880735
1.360014242802015
1.3597845627780765
1.3599373638091563
1.3603109075700346
0.5119897638539196
1.2208628076544434
0.8457451741544781
0.5784853269161486
1.2251998103708748
0.9717762415211856
0.6315275615256745
1.0707783945273692
0.7743026049148161
0.8941129950706357
0.8611296898691316
0.45936183741746117
1.1654083967377689
0.39170670177649397
0.6135618552764457
1.0047344658024269
0.4258793871902546
0.9670620659980105
0.88259400820233
0.7983679885990471
1.3015111920596985
0.8893647074511756
0.8907547160766608
1.052156422138324
0.8826142095793944
1.335396290546797
0.3735415834747122
0.6177600095476252
0.8210904205999496
0.8063565985402602
0.9801048135637619
0.6062448406806801
0.8347983318842315
1.2097587605361315
1.1737999804197992
1.2815451259515411
1.2333092569432693
1.1047488888326034
0.35793755689605633
1.292040473540803
0.6367302627025412
0.939280684879309
0.3611909274094791
0.4360858957282966
0.48522958350203843
0.9649156618818518
0.44021896206520744
1.2636057700734502
0.7629071434106683
0.9189008902629691
0.40563221570701863
1.163679876166505
0.7617240240074458
0.6605990106961234
1.226825498941384
0.7213031809530039
0.7764283788287301
1.1229975767446023
1.031326610192962
0.49275308854401684
1.1193517207123556
1.3078981635305091
0.42721365190724986
0.38374515983163554
0.37842745292882457
1.177257726521206
1.1725339019555245
1.0746912666165505
0.8496102261092308
1.0488426244926743
0.6235454355223783
1.1483531554011053
0.6399417134109614
0.8460149832634076
0.821573498400187
0.42202944478079646
0.5641000081475801
0.4367066870580729
1.2321886371872863
1.3463364430541644
0.8762611971215218
1.237351376437398
0.8623836443332973
0.7479157028005302
0.8959991602812601
1.3072935227282396
0.7443246954084886
0.5224956100620392
1.1968185105375408
1.10838053988789
0.953685986240146
0.9733145315197481
0.42140355396262913
1.0576118179229956
0.5848681394521608
1.3042496305896136
0.6645572960252797
0.40156435356442954
0.7885762922068755
1.0466937208799345
