1554104067.01491
1554104070.687686
1554104074.519966
1554104078.50734
1554104082.095391
1554104086.141351
1554104089.951125
1554104094.137832
1554104099.750076
1554104104.256137
1554104108.279246
1554104117.94396
1554104122.891873
1554104126.624381
1554104131.385356
1554104141.908107
1554104146.446753
1554104157.221208
1554104163.177387
1554104167.221583
1554104175.525489
1554104180.877248
1554104185.198509
1554104195.813695
1554104200.021819
1554104205.043699
1554104214.809545
1554104224.719129
1554104228.695612
1554104238.203799
1554104241.856871
1554104247.283269
1554104259.585474
1554104263.461734
1554104269.384688
1554104279.99872
1554104283.483591
1554104287.043423
1554104291.345369
1554104301.429512
1554104305.602949
1554104309.922749
1554104321.250132
1554104327.200534
1554104333.956644
1554104345.1522
1554104349.031237
1554104359.188416
1554104363.778043
1554104374.479782
1554104379.218849
1554104389.355358
1554104394.151487
1554104407.759601
1554104413.150763
1554104423.432377
1554104434.233873
1554104444.80362
1554104449.020979
1554104459.305543
1554104463.991942
1554104475.964941
1554104487.234502
1554104497.148157
1554104507.872185
1554104518.579713
1554104529.497823
1554104540.522579
1554104553.694918
1554104565.39111
1554104576.505604
1554104587.651045
1554104598.462741
1554104609.469146
1554104620.455885
1554104633.743336
1554104644.738849
1554104655.683325
1554104666.897621
1554104678.019404
1554104688.918936
1554104700.209539
1554104714.250523
1554104725.547516
1554104736.827338
1554104748.148687
1554104759.310758
1554104770.382706
1554104781.118331
1554104794.722508
1554104799.829205
1554104810.730808
1554104815.061592
1554104819.959472
1554104830.481311
1554104836.505882
1554104847.574146
1554104853.795458
1554104865.198139
1554104878.651811
1554104889.752645
1554104901.06992
1554104912.208239
1554104923.355845
1554104934.751046
1554104947.135923
1554104952.26122
1554104962.837593
1554104966.924042
1554104977.632005
1554104988.481369
1554104999.551257
1554105004.103769
1554105014.997031
1554105018.707227
1554105026.956538
1554105038.92384
1554105048.418243
1554105059.605172
1554105065.162111
1554105073.923389
1554105084.649484
1554105092.509999
1554105105.322866
1554105114.899024
1554105125.449792
1554105131.682168
1554105142.240967
1554105146.502256
1554105157.321255
1554105161.979939
1554105171.987607
1554105176.960936
1554105189.969166
1554105199.236174
1554105209.337091
1554105219.904133
1554105230.05511
1554105240.569076
1554105244.709339
1554105257.979191
1554105262.700005
1554105273.200902
1554105277.301317
1554105287.367268
1554105297.660121
1554105308.050363
1554105318.797391
1554105330.891154
1554105335.208972
1554105345.618882
1554105356.222144
1554105366.589251
1554105378.171961
1554105388.975259
1554105392.807266
1554105403.998694
1554105416.529109
1554105427.017838
1554105437.466241
1554105447.828328
1554105457.685874
1554105468.153969
1554105472.064415
1554105485.302718
1554105489.141661
1554105499.689446
1554105504.187949
1554105514.64305
1554105519.595432
1554105530.157951
1554105536.352186
1554105546.859042
1554105557.249168
1554105568.752137
1554105576.211129
1554105581.49178
1554105592.185478
1554105596.28399
1554105603.430679
1554105611.715985
1554105622.136914
1554105627.536379
1554105637.633501
1554105647.90011
1554105653.687695
1554105664.485896
1554105674.967453
1554105685.362494
1554105689.500817
1554105700.784818
1554105704.977884
1554105717.793309
1554105728.58357
1554105739.70611
1554105743.735828
1554105754.800508
1554105765.3622
1554105769.572193
1554105780.174297
1554105793.253426
1554105803.692019
1554105808.331513
1554105819.251369
1554105824.078881
1554105835.257361
1554105838.861828
1554105849.903191
1554105853.858305
1554105866.80926
1554105878.207081
1554105889.481301
1554105893.93876
1554105904.652003
1554105909.015643
1554105919.544568
1554105930.203849
1554105942.833936
1554105954.306275
1554105958.433304
1554105969.598855
1554105980.424105
1554105991.263497
1554106002.17578
1554106006.284295
1554106017.702161
1554106029.357563
1554106039.620427
1554106049.287302
1554106059.713668
1554106070.04956
1554106073.501694
1554106083.794952
1554106088.000176
1554106100.490866
1554106103.734886
1554106114.296891
1554106124.989876
1554106135.309717
1554106146.149269
1554106156.990449
1554106161.24265
1554106173.912395
1554106178.764885
1554106189.7354
1554106194.707742
1554106200.20223
1554106210.688647
1554106215.707994
1554106226.443087
1554106231.044479
1554106242.089853
1554106254.775471
1554106265.339392
1554106276.584887
1554106287.046881
1554106298.066897
1554106309.177761
1554106320.966578
1554106333.20292
1554106344.587241
1554106355.632267
1554106366.459967
1554106370.752834
1554106381.723278
1554106385.537691
1554106396.428548
1554106409.486589
1554106419.733223
1554106430.411557
1554106441.210303
1554106452.15031
1554106463.185332
1554106467.003196
1554106478.871464
1554106483.675706
1554106494.132128
1554106504.669682
1554106508.566191
1554106518.56764
1554106528.965354
1554106539.291077
1554106550.612988
1554106562.174471
1554106572.276019
1554106582.507913
1554106593.073681
1554106603.346044
1554106614.0871
1554106625.984242
1554106637.588805
1554106648.232164
1554106658.900126
1554106669.868998
1554106680.61753
1554106685.150181
1554106692.895803
1554106706.283403
1554106714.108437
1554106720.204708
1554106730.931961
1554106734.818682
1554106745.446851
1554106749.752334
1554106760.345063
1554106764.974676
1554106774.89199
1554106787.282803
1554106791.911418
1554106801.3581
1554106811.566209
1554106816.254532
1554106826.739087
1554106831.619162
1554106842.06876
1554106846.360766
1554106856.963634
1554106868.290401
1554106872.967415
1554106883.371322
1554106894.497566
1554106904.498926
1554106914.762511
1554106925.49433
1554106929.682113
1554106941.634824
1554106951.749206
1554106962.186862
1554106972.670932
1554106976.664517
1554106981.23905
1554106991.741757
1554106999.971356
1554107013.201094
1554107020.246374
1554107030.709984
1554107037.748206
1554107048.750312
1554107059.704173
1554107070.891923
1554107082.290714
1554107094.610425
1554107105.297454
1554107109.467581
1554107120.155949
1554107130.542882
1554107141.532632
1554107152.443728
1554107165.891759
1554107176.30983
1554107187.373577
1554107197.554969
1554107208.241392
1554107212.338121
1554107222.483188
1554107233.122268
1554107246.26215
1554107257.19594
1554107268.223439
1554107279.20235
1554107290.069331
1554107294.224646
1554107298.999399
1554107309.585279
1554107316.010271
1554107328.202945
1554107332.042668
1554107342.807635
1554107353.46036
1554107364.216313
1554107374.801545
1554107385.704326
1554107399.469084
1554107403.093295
1554107414.342221
1554107418.236344
1554107428.909079
1554107439.511115
1554107450.155707
1554107456.351865
1554107467.296804
1554107479.642795
1554107490.664063
1554107497.513268
1554107506.441055
1554107517.722406
1554107524.698601
1554107535.320632
1554107546.092358
1554107552.639501
1554107564.223243
1554107568.861495
1554107574.460571
1554107585.868005
1554107592.134207
1554107603.216882
1554107614.222423
1554107625.303859
1554107638.525521
1554107649.308021
1554107653.027461
1554107663.478501
1554107674.085862
1554107685.232353
1554107696.165223
1554107707.857307
1554107719.609148
1554107730.540063
1554107741.586607
1554107745.972642
1554107757.066531
1554107760.617179
1554107765.054878
1554107775.772858
1554107781.288001
1554107793.928513
1554107799.041962
1554107809.718256
1554107815.917119
1554107826.74773
1554107836.873441
1554107847.478038
1554107858.829864
1554107871.291981
1554107877.542734
1554107888.256274
1554107898.902297
1554107909.728657
1554107920.403943
1554107931.290225
1554107943.401421
1554107954.267528
1554107958.106842
1554107967.614463
1554107977.920533
1554107983.291663
1554107993.80426
1554107998.107745
1554108008.826501
1554108021.09292
1554108031.839628
1554108035.463341
1554108039.803329
1554108050.038472
1554108054.672927
1554108064.679042
1554108068.83241
1554108079.286585
1554108092.46828
1554108103.248931
1554108113.178114
1554108123.867768
1554108134.66121
1554108145.080668
1554108155.399703
1554108159.649861
1554108172.485885
1554108183.138131
1554108193.365888
1554108203.49876
1554108214.355068
1554108224.649743
1554108234.976939
1554108242.040806
1554108252.384402
1554108261.771611
1554108272.114374
1554108277.940924
1554108288.574714
1554108293.374448
1554108298.97327
1554108306.726548
1554108319.29551
1554108327.937866
1554108338.059408
1554108343.999622
1554108351.849215
1554108362.603329
1554108369.642375
1554108380.473677
1554108393.291548
1554108404.092437
1554108414.674365
1554108418.868539
1554108429.553181
1554108440.059076
1554108450.774915
1554108461.767676
1554108474.164574
1554108477.898073
1554108488.823523
1554108499.666368
1554108510.393592
1554108521.021616
1554108531.934447
1554108536.153563
1554108549.197646
1554108555.137904
1554108565.885119
1554108569.744382
1554108580.030055
1554108583.995901
1554108594.764943
1554108604.848189
1554108616.273032
1554108624.754849
1554108635.24873
1554108642.546337
1554108653.072441
1554108660.635433
1554108666.598499
1554108677.300952
1554108682.992205
1554108691.539475
1554108704.706622
1554108709.161943
1554108716.925703
1554108727.835151
1554108735.614177
1554108741.884383
1554108751.928804
1554108759.924939
1554108771.947643
1554108779.36762
1554108789.961303
1554108793.66475
1554108804.227227
1554108808.694442
1554108819.222607
1554108824.946485
1554108835.019824
1554108840.846741
1554108853.998947
1554108859.75516
1554108870.976076
1554108881.687744
1554108892.269162
1554108902.910533
1554108913.613831
1554108919.298472
1554108932.672664
1554108938.773785
1554108949.32778
1554108953.275692
1554108963.502625
1554108968.168326
1554108978.615086
1554108989.293733
1554109001.734977
1554109006.123634
1554109016.472654
1554109024.579573
1554109034.899549
1554109038.945967
1554109049.491818
1554109060.042841
1554109069.524633
1554109082.366505
1554109086.859702
1554109096.11049
1554109107.208535
1554109111.255764
1554109120.468841
1554109130.458102
1554109138.333437
1554109149.740985
1554109157.095501
1554109164.12044
1554109174.458586
1554109181.841577
1554109186.671495
1554109197.409811
1554109207.360803
1554109217.881082
1554109229.027924
1554109239.218029
1554109243.689939
1554109253.948178
1554109264.43235
1554109273.921677
1554109284.22113
1554109287.723221
1554109298.573661
1554109310.100051
1554109315.154692
1554109323.416572
1554109334.093547
1554109337.686073
1554109346.168049
1554109356.391016
1554109363.397696
1554109369.020857
1554109381.484292
1554109386.074728
1554109393.438279
1554109399.097962
1554109408.564563
1554109414.000731
1554109423.985087
1554109427.688853
1554109437.999369
1554109451.09503
1554109454.773604
1554109465.018658
1554109475.416858
1554109485.450701
1554109495.368289
1554109499.342648
1554109509.344961
1554109521.292969
1554109532.051242
1554109535.829645
1554109545.464101
1554109551.104746
1554109561.240844
1554109568.520568
1554109578.384324
1554109582.203561
1554109586.989877
1554109596.966568
1554109601.410727
1554109611.801326
1554109619.619418
1554109630.012698
1554109637.104068
1554109647.502197
1554109656.045622
1554109668.516483
1554109673.206756
1554109680.352992
1554109690.970971
1554109696.479331
1554109703.254378
1554109714.014483
1554109718.619264
1554109729.140543
1554109741.685812
1554109749.013314
1554109759.396704
1554109765.499354
1554109775.860435
1554109786.114147
1554109796.16375
1554109802.92229
1554109814.447576
1554109824.790433
1554109835.271538
1554109840.092198
1554109850.226472
1554109855.117255
1554109865.765596
1554109875.108373
1554109885.961108
1554109893.386221
1554109903.744346
1554109907.37928
1554109917.519765
1554109925.805184
1554109935.896148
1554109941.787987
1554109952.96814
1554109957.34632
1554109970.143086
1554109975.02328
1554109985.655616
1554109990.728192
1554110002.222777
1554110009.759599
1554110020.087805
1554110028.000032
1554110039.114497
1554110049.084095
1554110054.151462
1554110064.133511
1554110067.754381
1554110075.750697
1554110085.859167
1554110093.245535
1554110104.348835
1554110111.847039
1554110124.373027
1554110134.573629
1554110144.901128
1554110154.685229
1554110158.239307
1554110168.39777
1554110177.922165
1554110188.727959
1554110200.191912
1554110204.685218
1554110210.658174
1554110221.361438
1554110226.00753
1554110235.998782
1554110240.71589
1554110250.761431
1554110254.596908
1554110267.395426
1554110271.261199
1554110281.838443
1554110286.80571
1554110296.913771
1554110302.634912
1554110311.539999
1554110321.514929
1554110325.058723
1554110330.828694
1554110344.12517
1554110349.815171
1554110360.606268
1554110365.278004
1554110371.18458
1554110381.840692
1554110387.151543
1554110397.366048
1554110402.072577
1554110412.453026
1554110423.81332
1554110427.818461
1554110437.760341
1554110448.54029
1554110452.268937
1554110461.819126
1554110472.063689
1554110476.992316
1554110485.266706
1554110497.87822
1554110505.812809
1554110516.254758
1554110521.594297
1554110528.552151
1554110538.989871
1554110543.534088
1554110551.095222
1554110562.462748
1554110570.192124
1554110580.640798
1554110588.201248
1554110598.523054
1554110605.332702
1554110610.221195
1554110620.083346
1554110625.845142
1554110633.600313
1554110645.651903
1554110652.761057
1554110658.38115
1554110668.743029
1554110673.132646
1554110681.831854
1554110692.52497
1554110701.325947
1554110713.73947
1554110719.361835
1554110729.467846
1554110734.579936
1554110745.571044
1554110750.610726
1554110759.875602
1554110770.659851
1554110775.556818
1554110786.74454
1554110799.043325
1554110804.455688
1554110811.762633
1554110822.652198
1554110831.400471
1554110842.280474
1554110852.378912
1554110863.90259
1554110869.902109
1554110881.06058
1554110885.58498
1554110896.445687
1554110904.860888
1554110915.733225
1554110921.691605
1554110931.211161
1554110943.860754
1554110949.339993
1554110955.403841
1554110966.102807
1554110970.643472
1554110981.743245
1554110992.16717
1554111003.043648
1554111007.023869
1554111018.736289
1554111031.512063
1554111042.439508
1554111047.466354
1554111058.039837
1554111061.813255
1554111072.094668
1554111082.79156
1554111093.210597
1554111106.994049
1554111113.085799
1554111123.519509
1554111129.611691
1554111140.444247
1554111146.830663
1554111157.658756
1554111163.639697
1554111175.202986
1554111181.421453
1554111192.902586
1554111200.935059
1554111211.812287
1554111220.150082
1554111231.212616
1554111236.373349
1554111243.959605
1554111256.989934
1554111265.184845
1554111276.069816
1554111287.304066
1554111296.017788
1554111307.097098
1554111312.579041
1554111323.249522
1554111335.418272
1554111340.098834
1554111351.049688
1554111362.46509
1554111373.391007
1554111384.055735
1554111393.674255
1554111404.943945
1554111410.699968
1554111424.105991
1554111429.19413
1554111439.659977
1554111444.423026
1554111455.529167
1554111459.490702
1554111469.800141
1554111478.067089
1554111489.085773
1554111499.578503
1554111510.48828
1554111516.838532
1554111527.779106
1554111538.426918
1554111548.928203
1554111559.436475
1554111569.587612
1554111582.114027
1554111586.366047
1554111591.954279
1554111598.930648
1554111609.57233
1554111616.783812
1554111622.150234
1554111633.020679
1554111638.810501
1554111649.732731
1554111660.842198
1554111665.453901
1554111670.499105
1554111680.997314
1554111685.776715
1554111691.536882
1554111702.507233
1554111706.898041
1554111715.837738
1554111729.01948
1554111733.860734
1554111744.070328
1554111747.792801
1554111754.073578
1554111764.993531
1554111772.819354
1554111783.583208
1554111790.266182
1554111795.998148
1554111808.781029
1554111819.209333
1554111830.258972
1554111834.323823
1554111845.273354
1554111854.064974
1554111864.793637
1554111873.042106
1554111885.976821
1554111892.908616
1554111898.424616
1554111909.255865
1554111913.888536
1554111922.911769
1554111933.579752
1554111939.34707
1554111947.489731
1554111959.522298
1554111966.834822
1554111973.031229
1554111983.791439
1554111987.740439
1554111995.364047
1554112006.291922
1554112010.399338
1554112017.943781
1554112030.18478
1554112037.323358
1554112047.367415
1554112051.540252
1554112062.096994
1554112066.828373
1554112076.967395
1554112081.3809
1554112089.301602
1554112099.906134
1554112107.612711
1554112116.189503
1554112126.099609
1554112130.573121
1554112139.39864
1554112149.241659
1554112153.177918
1554112159.2046
1554112170.283512
1554112175.416648
1554112188.157294
1554112192.14038
1554112199.844786
1554112210.071265
1554112217.196569
1554112227.778557
1554112235.338617
1554112246.319059
1554112255.541944
1554112266.465241
1554112273.361481
1554112283.690023
1554112290.701582
1554112301.067599
1554112311.779073
1554112321.532193
1554112332.97855
1554112343.565767
1554112348.449217
1554112356.452565
1554112366.792743
1554112370.652893
1554112378.651782
1554112388.984688
1554112392.717242
1554112398.407719
1554112410.592076
1554112415.385757
1554112425.930325
1554112430.849918
1554112441.502489
1554112446.561771
1554112456.348346
1554112464.194356
1554112474.908459
1554112483.773044
1554112491.024449
1554112495.801597
1554112505.977991
1554112509.911148
1554112518.389201
1554112528.901337
1554112534.114848
1554112541.179107
1554112551.783325
1554112560.958122
1554112567.041923
1554112577.659296
1554112585.718443
1554112596.047883
1554112602.071621
1554112611.985259
1554112616.700999
1554112629.283582
1554112634.274984
1554112643.258046
1554112653.9561
1554112660.146812
1554112671.009646
1554112675.60793
1554112687.014188
1554112697.253377
1554112709.873131
1554112715.712652
1554112726.013783
1554112730.725055
1554112740.50442
1554112750.978352
1554112754.851329
1554112762.101764
1554112771.915268
1554112781.614996
1554112793.449538
1554112800.843145
1554112807.158519
1554112817.564969
1554112825.350427
1554112830.717688
1554112841.016113
1554112845.432985
1554112852.749604
1554112865.619991
1554112869.980522
1554112880.582763
1554112890.770553
1554112900.810745
1554112911.025123
1554112921.432213
1554112934.136953
1554112944.191475
1554112954.787105
1554112958.841173
1554112968.963474
1554112972.675779
1554112983.120179
1554112993.534951
1554113005.221443
1554113009.57088
1554113019.917341
1554113030.235381
1554113040.488404
1554113050.906827
1554113061.238041
1554113071.330064
1554113083.202845
1554113093.264862
1554113103.357112
1554113106.988515
1554113116.9526
1554113120.805145
1554113130.728956
1554113134.879608
1554113145.108152
1554113150.361629
1554113162.362215
1554113166.415262
1554113176.513029
1554113180.851203
1554113190.739945
1554113194.995585
1554113205.436347
1554113209.394351
1554113219.99547
1554113231.636078
1554113242.495601
1554113250.676431
1554113261.679395
1554113270.025126
1554113280.233924
1554113285.764059
1554113291.024289
1554113302.172172
1554113308.344462
1554113318.764711
1554113329.029091
1554113338.898623
1554113349.254658
1554113359.075859
1554113364.774942
1554113377.189146
1554113383.280289
1554113392.877663
1554113396.351086
1554113401.561551
1554113412.053232
1554113422.256288
1554113433.105751
1554113443.466796
1554113456.106005
1554113459.757007
1554113470.552642
1554113474.606643
1554113485.480822
1554113491.17912
1554113502.156688
1554113507.964886
1554113518.52751
1554113523.410376
1554113530.792767
1554113541.431047
1554113547.091883
1554113558.104237
1554113561.955454
1554113571.210136
1554113581.47698
1554113591.570386
1554113603.32161
1554113613.916184
1554113625.037397
1554113635.706449
1554113639.331079
1554113650.130916
1554113653.77074
1554113664.494665
1554113676.311437
1554113687.964532
1554113698.044648
1554113708.198638
1554113711.879798
1554113722.295051
1554113731.950108
1554113742.509069
1554113754.468443
1554113763.434541
1554113773.548696
1554113778.26289
1554113788.317473
1554113792.133346
1554113802.394506
1554113806.61907
1554113816.429803
1554113821.392464
1554113828.091608
1554113837.678149
1554113843.265325
1554113853.504804
1554113858.188161
1554113867.625741
1554113877.977413
1554113886.648182
1554113898.95442
1554113903.596659
1554113912.560285
1554113922.893318
1554113926.735956
1554113936.190716
1554113945.996076
1554113949.641301
1554113955.832243
1554113965.888822
1554113974.348639
1554113984.592642
1554113995.087747
1554114005.385927
1554114014.925718
1554114025.391315
1554114028.882695
1554114038.829106
1554114051.115476
1554114057.829052
1554114068.928885
1554114080.102481
1554114086.539703
1554114097.803435
1554114102.817661
1554114113.859755
1554114118.392203
1554114132.154142
1554114140.734976
1554114151.190737
1554114155.055351
1554114163.123162
1554114173.281411
1554114179.781849
1554114183.870772
1554114194.805515
1554114200.491898
1554114209.651263
1554114220.562161
1554114225.034012
1554114233.204046
1554114243.43171
1554114247.116523
1554114253.05503
1554114263.121644
1554114267.079236
1554114279.750329
1554114283.807759
1554114294.321499
1554114304.679277
1554114310.437322
1554114321.151108
1554114327.914066
1554114337.968698
1554114342.114471
1554114351.743381
1554114362.55366
1554114370.208205
1554114380.549242
1554114387.258044
1554114397.892245
1554114404.156439
1554114414.452096
1554114423.390414
1554114434.915849
1554114439.54369
1554114448.1608
1554114458.630627
1554114464.171627
1554114471.985202
1554114481.952391
1554114487.866313
1554114495.112562
1554114507.338891
1554114514.178817
1554114525.142268
1554114532.61756
1554114543.299806
1554114549.702717
1554114560.47153
1554114564.951908
1554114576.99796
1554114588.236195
1554114598.618627
1554114602.84596
1554114613.254086
1554114617.806249
1554114628.003849
1554114632.578595
1554114643.32664
1554114646.998551
1554114660.063572
1554114670.851198
1554114681.2449
1554114691.226833
1554114694.65977
1554114705.103573
1554114708.986115
1554114720.266878
1554114723.978041
1554114729.676913
1554114738.187084
1554114749.039543
1554114756.321291
1554114761.473308
1554114772.020131
1554114778.494907
1554114783.989473
1554114792.988525
1554114804.206503
1554114809.656065
1554114818.275132
1554114828.708057
1554114834.94076
1554114845.741887
1554114849.660652
1554114858.133822
1554114868.571592
1554114872.662371
1554114878.827379
1554114892.157175
1554114896.684438
1554114908.022545
1554114912.309276
1554114923.265484
1554114929.379889
1554114939.894894
1554114943.837227
