1554241888.290158
1554241892.350428
1554241895.856866
1554241899.577719
1554241903.587755
1554241907.377568
1554241910.999442
1554241915.767926
1554241919.893034
1554241924.159897
1554241928.945153
1554241933.767506
1554241937.62601
1554241942.965083
1554241947.232042
1554241952.066537
1554241956.475314
1554241960.989756
1554241965.045109
1554241970.110955
1554241975.68714
1554241986.454057
1554241990.720652
1554241995.357753
1554242000.970577
1554242005.50059
1554242011.224062
1554242015.735131
1554242026.110941
1554242033.68374
1554242037.659071
1554242041.577523
1554242052.924801
1554242056.640772
1554242067.550798
1554242071.405516
1554242075.402811
1554242081.815036
1554242092.023561
1554242096.902949
1554242101.901128
1554242113.567753
1554242117.43912
1554242123.250528
1554242133.851111
1554242137.68597
1554242142.278405
1554242152.431067
1554242157.005655
1554242168.57515
1554242172.851342
1554242177.032094
1554242184.153277
1554242194.209589
1554242197.932663
1554242203.012861
1554242213.578894
1554242217.627311
1554242222.065413
1554242233.056758
1554242236.872844
1554242241.340965
1554242251.679835
1554242255.724374
1554242267.105871
1554242272.517841
1554242283.255908
1554242287.479036
1554242299.724486
1554242303.78374
1554242314.981628
1554242319.144647
1554242332.300946
1554242336.486049
1554242344.635761
1554242356.050918
1554242359.872854
1554242364.386859
1554242376.088602
1554242382.866235
1554242394.390591
1554242399.182659
1554242403.917552
1554242414.700802
1554242425.190473
1554242428.928784
1554242436.511872
1554242447.820423
1554242456.197875
1554242467.63027
1554242471.406779
1554242478.343795
1554242488.97891
1554242496.5905
1554242507.352434
1554242511.171659
1554242515.710776
1554242523.952685
1554242534.820668
1554242539.106415
1554242546.219578
1554242557.368986
1554242561.739435
1554242572.638623
1554242576.601504
1554242587.957122
1554242591.646808
1554242602.263699
1554242613.20619
1554242624.284806
1554242637.089906
1554242648.075286
1554242658.15975
1554242669.635155
1554242681.271603
1554242691.808684
1554242703.335923
1554242711.527738
1554242721.94839
1554242726.391647
1554242736.015478
1554242746.359769
1554242751.047779
1554242758.876572
1554242769.979793
1554242773.899537
1554242780.622912
1554242793.864524
1554242804.753186
1554242815.898315
1554242825.953221
1554242836.72818
1554242840.779275
1554242848.063878
1554242860.145771
1554242864.693248
1554242876.012356
1554242880.248962
1554242890.988617
1554242895.870699
1554242903.020521
1554242914.011444
1554242917.853884
1554242923.804036
1554242934.900105
1554242938.865224
1554242946.272938
1554242956.538202
1554242960.624459
1554242965.517673
1554242976.188486
1554242980.200484
1554242991.768403
1554243002.373746
1554243013.027264
1554243024.082687
1554243035.615748
1554243040.086679
1554243050.741219
1554243054.687935
1554243064.890087
1554243075.833951
1554243080.222746
1554243092.001752
1554243096.789751
1554243107.249268
1554243111.891315
1554243123.381218
1554243128.252009
1554243139.418444
1554243145.940987
1554243157.088533
1554243161.325718
1554243165.798175
1554243175.289288
1554243185.69434
1554243189.862508
1554243199.756218
1554243210.399934
1554243214.786634
1554243224.349588
1554243234.523488
1554243238.594757
1554243248.083434
1554243259.18446
1554243263.345946
1554243270.982524
1554243281.740091
1554243285.944974
1554243297.39785
1554243308.20503
1554243320.895353
1554243331.867914
1554243342.711753
1554243354.32785
1554243362.82912
1554243375.248648
1554243379.684889
1554243386.662624
1554243397.45142
1554243404.884051
1554243416.562384
1554243421.640862
1554243429.242978
1554243440.035081
1554243444.527423
1554243451.237718
1554243461.128703
1554243465.70866
1554243477.162168
1554243481.725309
1554243493.460548
1554243497.25165
1554243508.158158
1554243519.033932
1554243528.577068
1554243539.632547
1554243545.299144
1554243550.391721
1554243561.469797
1554243565.79711
1554243577.380954
1554243581.302751
1554243591.986857
1554243598.365224
1554243610.152708
1554243613.855492
1554243624.044975
1554243634.319713
1554243637.828398
1554243648.43152
1554243652.168055
1554243662.934277
1554243674.09902
1554243685.250625
1554243689.846738
1554243699.330868
1554243710.173964
1554243715.202023
1554243724.399432
1554243735.031514
1554243740.26196
1554243748.223441
1554243759.061306
1554243763.367283
1554243771.306545
1554243782.284846
1554243789.989104
1554243800.576016
1554243807.846167
1554243813.751473
1554243826.397465
1554243830.284749
1554243839.242873
1554243850.389251
1554243854.457454
1554243862.793137
1554243873.009485
1554243877.58909
1554243889.695947
1554243894.364285
1554243905.791711
1554243915.844543
1554243926.692336
1554243931.814703
1554243943.969435
1554243955.610256
1554243964.385795
1554243975.777568
1554243979.333759
1554243985.610207
1554243996.548361
1554244009.289928
1554244020.519396
1554244031.090168
1554244039.009297
1554244049.804643
1554244057.263289
1554244063.347889
1554244075.243264
1554244080.88717
1554244091.256682
1554244096.727346
1554244106.79314
1554244112.07652
1554244120.151807
1554244130.789933
1554244137.441331
1554244148.459369
1554244159.604928
1554244164.695737
1554244175.558467
1554244179.291149
1554244188.846933
1554244200.363976
1554244205.142364
1554244214.398726
1554244224.955322
1554244230.955839
1554244242.212119
1554244246.417736
1554244253.306961
1554244264.092521
1554244269.368497
1554244279.223812
1554244290.241881
1554244297.95285
1554244308.737657
1554244316.213842
1554244326.827281
1554244330.647614
1554244335.552075
1554244342.28214
1554244350.649673
1554244362.453178
1554244370.792437
1554244376.443386
1554244386.519682
1554244390.562482
1554244403.163003
1554244414.964221
1554244418.404392
1554244428.915714
1554244433.019278
1554244443.191035
1554244447.380483
1554244457.77588
1554244471.362014
1554244482.47544
1554244492.912788
1554244501.255777
1554244512.192664
1554244516.758142
1554244524.012821
1554244535.51425
1554244539.838778
1554244548.742621
1554244559.396844
1554244564.359338
1554244574.984067
1554244581.92573
1554244593.337638
1554244601.905349
1554244612.524062
1554244616.543311
1554244626.269121
1554244637.565779
1554244643.911493
1554244650.956581
1554244661.748293
1554244666.550539
1554244673.509581
1554244684.3714
1554244688.901855
1554244700.554744
1554244704.787995
1554244716.547958
1554244720.506291
1554244732.214769
1554244742.426203
1554244753.876566
1554244764.515566
1554244774.572298
1554244784.65459
1554244795.195652
1554244806.110081
1554244816.807491
1554244820.703322
1554244831.58127
1554244835.047759
1554244839.327615
1554244850.932651
1554244854.84379
1554244865.526877
1554244876.20035
1554244881.64788
1554244892.688811
1554244897.347361
1554244909.658701
1554244913.715432
1554244925.946117
1554244937.191746
1554244947.100575
1554244958.310534
1554244968.786643
1554244972.889622
1554244977.38276
1554244990.060651
1554244995.151546
1554245005.575845
1554245010.269462
1554245020.422567
1554245024.826459
1554245030.198759
1554245040.655793
1554245047.871947
1554245058.745091
1554245063.050287
1554245073.337803
1554245078.496836
1554245089.32804
1554245097.259049
1554245108.271974
1554245112.247057
1554245121.442738
1554245132.165083
1554245137.35188
1554245144.905041
1554245156.303945
1554245162.554491
1554245172.90583
1554245178.62346
1554245189.719033
1554245198.976765
1554245210.904429
1554245217.347518
1554245225.616951
1554245237.15362
1554245242.371164
1554245250.200956
1554245261.017562
1554245266.454762
1554245274.883277
1554245285.573551
1554245290.683954
1554245298.648137
1554245309.935202
1554245313.942923
1554245319.590469
1554245327.546872
1554245337.991145
1554245342.945935
1554245348.383793
1554245360.194365
1554245366.417284
1554245378.657526
1554245390.022162
1554245400.663223
1554245405.550193
1554245415.108658
1554245425.984114
1554245432.044001
1554245442.317231
1554245452.789489
1554245456.658498
1554245465.424255
1554245475.510871
1554245480.160664
1554245489.259415
1554245500.22365
1554245507.214184
1554245514.795593
1554245525.089637
1554245532.072699
1554245538.162547
1554245549.275215
1554245555.027347
1554245565.540075
1554245573.324107
1554245584.462745
1554245589.169651
1554245595.816817
1554245605.822496
1554245616.315439
1554245622.234183
1554245630.505173
1554245641.249504
1554245645.725526
1554245654.299193
1554245665.347093
1554245670.050004
1554245680.266553
1554245684.4631
1554245695.166696
1554245699.086863
1554245708.556939
1554245718.810158
1554245725.862893
1554245737.853948
1554245744.582971
1554245755.801069
1554245763.295744
1554245769.391046
1554245780.612782
1554245789.150537
1554245800.07126
1554245807.665132
1554245818.285727
1554245822.187892
1554245833.483004
1554245840.278295
1554245850.851235
1554245855.876311
1554245864.455012
1554245875.381322
1554245882.869325
1554245892.603122
1554245904.493683
1554245909.786982
1554245918.051222
1554245929.956508
1554245934.836929
1554245945.021627
1554245956.271085
1554245962.063434
1554245971.872836
1554245975.286707
1554245985.907675
1554245996.649459
1554246001.484525
1554246012.47522
1554246017.000638
1554246026.773633
1554246037.443891
1554246042.391804
1554246053.410802
1554246058.493999
1554246069.547115
1554246073.686072
1554246084.94013
1554246090.561065
1554246100.470572
1554246106.977738
1554246118.062417
1554246122.563206
1554246132.712417
1554246136.585217
1554246141.10759
1554246151.329631
1554246156.953424
1554246167.53785
1554246178.078995
1554246189.178022
1554246196.979294
1554246208.036636
1554246216.29567
1554246224.330147
1554246235.701245
1554246239.608833
1554246245.342193
1554246253.886525
1554246260.237588
1554246271.145404
1554246275.556714
1554246284.801658
1554246288.889861
1554246299.851585
1554246304.824836
1554246313.122815
1554246323.550253
1554246328.64432
1554246340.364677
1554246350.37783
1554246360.613566
1554246369.40012
1554246380.342298
1554246386.271844
1554246397.387749
1554246410.534775
1554246419.563415
1554246429.79305
1554246435.632527
1554246448.305791
1554246452.486442
1554246464.530935
1554246469.506069
1554246479.989072
1554246490.781274
1554246501.589236
1554246513.545944
1554246524.717595
1554246535.718547
1554246547.933638
1554246552.754311
1554246563.792998
1554246568.483517
1554246576.342933
1554246586.943305
1554246591.216143
1554246598.415937
1554246603.820569
1554246614.69207
1554246619.743418
1554246630.366237
1554246641.729246
1554246652.056997
1554246663.218384
1554246674.45209
1554246685.661576
1554246696.999851
1554246707.410792
1554246718.538986
1554246729.125155
1554246733.413936
1554246744.551216
1554246748.011143
1554246760.608659
1554246771.491079
1554246775.235649
1554246786.292029
1554246797.824626
1554246808.469428
1554246812.407328
1554246822.603323
1554246832.781791
1554246844.099477
1554246854.294198
1554246866.358846
1554246877.034378
1554246880.811234
1554246891.405698
1554246902.532774
1554246915.070889
1554246927.071927
1554246937.384792
1554246949.175381
1554246960.457541
1554246972.152578
1554246983.661531
1554246994.709798
1554247005.34465
1554247009.492274
1554247020.821528
1554247025.74899
1554247036.729354
1554247041.224502
1554247051.383687
1554247055.091622
1554247060.689885
1554247071.459982
1554247075.940576
1554247086.22179
1554247094.512913
1554247104.982315
1554247111.404927
1554247117.546167
1554247128.102635
1554247133.623159
1554247140.901409
1554247150.987051
1554247161.551931
1554247168.436742
1554247179.759789
1554247190.616735
1554247201.472939
1554247213.103463
1554247223.492707
1554247234.234767
1554247238.720576
1554247250.051831
1554247255.057736
1554247264.258194
1554247274.928539
1554247279.871829
1554247286.220487
1554247297.406628
1554247302.382
1554247312.513908
1554247317.340747
1554247322.337949
1554247332.840771
1554247338.386856
1554247349.402927
1554247355.662601
1554247367.292951
1554247372.672647
1554247381.771199
1554247392.326756
1554247397.095501
1554247406.10848
1554247417.749146
1554247423.772471
1554247430.31648
1554247442.297191
1554247447.50594
1554247458.832918
1554247462.884985
1554247468.136013
1554247480.425974
1554247485.464422
1554247495.7278
1554247506.770094
1554247511.285937
1554247521.751973
1554247533.070468
1554247543.383057
1554247554.839729
1554247560.337258
1554247570.872296
1554247576.350366
1554247581.351075
1554247593.744242
1554247599.502999
1554247610.796897
1554247616.507305
1554247627.122738
1554247637.426571
1554247648.95917
1554247660.017096
1554247671.143631
1554247682.312662
1554247692.841954
1554247703.695379
1554247714.601454
1554247725.438696
1554247729.956545
1554247740.133253
1554247743.947381
1554247748.666761
1554247756.276044
1554247766.687647
1554247773.802105
1554247780.525232
1554247791.673978
1554247796.624822
1554247804.612915
1554247815.344178
1554247821.230415
1554247829.790814
1554247840.512391
1554247846.685774
1554247857.474882
1554247866.299599
1554247877.940322
1554247883.738099
1554247892.229785
1554247903.435633
1554247912.189345
1554247922.750708
1554247928.162412
1554247939.406867
1554247950.357419
1554247957.879529
1554247968.693749
1554247973.913024
1554247981.170451
1554247992.549826
1554247997.094983
1554248008.458271
1554248014.769501
1554248025.908777
1554248035.296643
1554248046.791578
1554248052.52662
1554248060.73506
1554248071.115885
1554248080.08336
1554248091.098054
1554248103.213297
1554248114.580203
1554248125.226675
1554248136.118209
1554248140.275071
1554248151.593997
1554248162.452586
1554248173.896385
1554248184.587841
1554248194.897203
1554248205.105424
1554248215.310078
1554248219.306797
1554248229.864678
1554248234.395428
1554248238.686139
1554248247.719811
1554248258.892824
1554248263.204425
1554248273.927055
1554248284.921988
1554248290.264299
1554248300.27875
1554248311.240788
1554248315.982237
1554248322.541233
1554248334.419922
1554248339.928828
1554248343.933
1554248355.247294
1554248360.183437
1554248370.318058
1554248375.938115
1554248386.631154
1554248394.785309
1554248405.486713
1554248413.127805
1554248418.347842
1554248429.03239
1554248432.943988
1554248440.947669
1554248446.144479
1554248457.547373
1554248467.878866
1554248478.993792
1554248487.539661
1554248499.057638
1554248510.094625
1554248520.845156
1554248525.068488
1554248535.542545
1554248539.853289
1554248550.861917
1554248556.042951
1554248567.121659
1554248572.48235
1554248583.671519
1554248594.052679
1554248604.924665
1554248609.553293
1554248621.792614
1554248627.046092
1554248637.238659
1554248642.621755
1554248652.78833
1554248663.098319
1554248673.12281
1554248684.117494
1554248695.074629
1554248699.28295
1554248709.364532
1554248713.473721
1554248724.617495
1554248728.648658
1554248739.622932
1554248749.766948
1554248760.30105
1554248771.313673
1554248782.787358
1554248791.242011
1554248802.41809
1554248806.606123
1554248814.759914
1554248826.298944
1554248833.502758
1554248838.813624
1554248850.138878
1554248855.23358
1554248862.380926
1554248867.828959
1554248878.170544
1554248885.426089
1554248891.642276
1554248901.885303
1554248906.199824
1554248917.153621
1554248927.04344
1554248937.899413
1554248949.232657
1554248960.921832
1554248965.813874
1554248977.044031
