17.525543822451638
15.391921840707042
13.36924134012753
11.525106101409117
10.486802547682247
9.943541668743274
10.230875852604804
9.626065922792067
7.424191592706847
4.744916772274116
0.35854538512616624
16422565283051237e-238
20737767373831998e-85
16121676007620458e-68
13883569436843422e-172
27632912517182375e-106
0.02505618286889111
2.647488237616523
8.67610301633431
6.236400012340815
5.1541425119425295
7.03061461335424
8.005572167706383
7.946104299210526
8.245442159414662
4.479285359643064
8.350788628855948
15.81873540233503
15.087638619729313
4.352130678196366
2.340363365641999
7.61601463441593
1742.9206502881716
1269.5379068817663
1229.9337296182257
1295.3963013949112
1123.3320365480965
1183.1517314700336
1579.1675675757588
1709.1947362413775
1593.3894870647985
1448.389422375728
990.925177581809
582.0406487430171
400.890976341715
291.50685897333665
304.6250849777719
208.01778865099854
87.76661420895071
478454539830307e-21
0.11198123028420044
298.72563940509286
268.4613173659295
188.47880723960236
434.5788668814274
895.277134227553
914.8022978857083
968.6107403804975
964.4386141566449
935.4997111765695
1051.9806842813368
1405.6975881185374
1518.9605371758566
1532.0389090894207
3.0988786254999217
2.5153579479814727
7.571002989239176
8.546223635645429
5.178670532229302
3.6099392412116016
4.540878314702509
5.061996649636948
5.800741038007138
6.751498851206164
7.321292230781156
7.94697242193356
9.982740333471455
13.394783600626848
18.907998589460664
23.151694013300357
26.0549743152244
29.575296892148476
30.663193569633947
28.080987752105138
27.61362261200879
28.950723965571605
26.497035387080174
23.093537491529034
24.01810868691353
25.427817498353782
23.775315303767456
22.41036958713174
22.063049381418182
21.11265090548778
19.85655795513265
18.916451864895873
2165912082268.1213
2075412246222.16
1946356258632.4387
1840122606804.9363
1878091851072.4746
2023875998825.9531
2079065984577.248
1792818979136.6985
1818312230282.901
1805256371271.166
1948805740726.357
2299716907279.6943
2350638070981.5635
2416397485933.5015
2217202691431.6284
2279460544416.0747
2805351810584.67
3356389851746.363
3707361451812.3105
4040610399787.3843
4104955549470.8906
3958810436852.1904
3970066850513.822
4224205253504.5557
4038879799280.397
3077259779392.3286
2611097088625.011
2979350420989.4146
2905591526248.7744
2285392690584.252
2602231934647.6626
2684751663512.862
19814924.680236287
21216691.773034677
36090247.41695692
49494469.74108985
83013021.73439291
104302219.55181722
93748384.226183
89953493.977609
87846816.01480319
98160816.30872668
122161220.7503477
163528066.55282784
230611009.88914555
286273800.1729325
268471297.3230364
260226172.38047662
255199838.17931256
223297192.03050694
96581259.94753247
95011552.00385456
129320473.31101406
118103527.41387236
109636671.4551354
128132026.29004447
203005635.6252609
299316988.11412853
334323799.1305614
326417162.01491547
332523637.409632
362719673.94675153
371193254.1704142
364972042.4018776
0.286600985458214
0.3044961639491269
0.17996504454849788
0.08034101793784891
0.1597597170558285
0.17601073358522276
1258697679038601e-34
0.13438312427018564
0.28570881520102
0.4244802861030132
0.6584414716899536
0.8950237833246649
1.0556670878876626
1.1172843155769352
1.159457996392876
1.1748631788189212
1.0529992503729573
0.8540577762669112
0.6776162175283904
0.46700090554641094
0.3992354932872111
0.48174190630212593
0.30430703769073925
9013508264884422e-95
4654096161227782e-65
899532222262909e-19
300856213007813e-29
1251157503467187e-85
12705668918864208e-186
6615088905492883e-270
9999098896013812e-242
17381387705680346e-153
495.2277442679293
569.8603627241303
574.1124292929486
574.2080184897686
587.9027100107963
500.9320310870022
362.3337136728512
258.5332416120203
248.73452144967519
280.24480302651625
319.62824290632307
338.3824707779908
297.50170137438533
215.45720359357426
246.39488799141813
348.16988744766013
346.4671411827369
273.9220915777812
221.15626353482085
1593506394686518e-93
36507755716097725e-293
11.305450443092898
5185265004585503e-93
1581584696417208e-274
13184479988811748e-186
10123211702180681e-29
49.342996391012505
2846499723547539e-169
2411634510547765e-27
33.236442800907234
23.02910516860525
13998012277018682e-87
10567044311362968e-43
0.042891716451901575
64.5081492050782
100.84591323752478
73.88395628778271
176.8808873647375
409.80280851901284
729.3718978790401
765.9370258494197
822.3086041116917
908.0316368013673
865.1700664537095
1036.8011123705714
1172.969637356328
1291.8151469579711
1302.8131424836506
1023.7982990736207
743.1557341028324
492.57015245064287
404.9026502652665
260.227125935232
120.78813501330558
2872110354616078e-38
5722082245040262e-111
8054615247281645e-28
332.26875539438424
290.2327932353304
13281418123204333e-49
16309162366511583e-59
593.5204421119239
570.3475712561811
425.4116202054798
14.364445854108066
13.985003235122893
7.815308950762026
2.416184474086865
0.15499901051448833
0.05911898588662065
1.4605249719508717
2.1904453817803087
14498228932157312e-37
4951306698662901e-164
14742545673114394e-87
1.1643770629792338
3.0402974025732097
7.847092402612704
10.11545560242624
13.614625067563132
20.938111540381005
26.88864579428319
29.925604883861414
30.078367995571316
22.829508737899317
19.744630897312526
14.490211842846726
8.130125664459294
1.8137655456591835
11401101572768136e-207
2069626731186918e-50
3.6095284500858207
6.503802609189212
10.198408267798417
12.143835690591464
11.876474088757943
61506988590536.34
65665932761981.91
71898371649978.64
75335715239651.62
73653251667147.12
73430011734740.72
76685510152274.27
74249867663893.06
68753809955684.53
58942303192919.695
47632833104130.65
35676930137061.58
21833668668089.34
13339043648476.451
8467318103113.515
23824154542970704e-27
91.90424486302905
1803020060754.445
7342077182782.867
14916186763753.51
18242137806019.15
20033758550241.645
23805860566758.98
25574276786400.438
26483691263676.87
27272506155085.81
29677743503695.465
33487454816211.54
36388957381782.54
35032342716603.01
33230918165409.3
33619133197847.777
12626553112936341e-53
21007902447445694e-56
8025720395825984e-20
1772077334417498.2
28885381504916315e-28
2510585402332942e-31
26324884159396687e-28
1258202898078042e-31
4378441439275802e-39
4855777295284819e-74
1666266034804262e-82
4261369259376537e-93
10140926.947537886
6758185466024269e-117
3472538357921499e-144
3304109853239271e-29
0.9318036676325343
23116550513864377e-81
7105514821301537e-29
15654798310172864e-40
1286271878576524e-87
942903327845874e-24
4480576935528317e-291
19986206690169744e-176
3814478735444241e-106
246.82360299457517
5303623670057241e-24
3508439863865804e-47
5977608629905257e-79
0.0026349102759365677
8992566118278303e-65
21078978951560674e-48
5923072562006779e-23
42331878546314320
40365825305062194e-89
11865308858296706e-41
3083322311456887e-27
8217522178640345e-26
8204244588318578e-37
1583115635773126e-75
2423968614064904e-29
26931224997285196e-73
11445965638715014e-97
1241883955014056e-76
3232055079575963e-90
5984123374871982e-88
1881113446093357e-40
32544928942147974e-115
2109177533680.4758
791637772619330700
882302881081779e-103
4679800782720119e-53
8305808344505187e-79
65351832207.83365
18011019487535703e-126
9945437719586013e-27
13347952808512725e-22
6193828222848594e-31
16718696197755083e-94
3306968185795166e-69
1431248799845333e-43
14456861497861383e-23
23590682432074605e-31
0.8397456231447228
11534663752451652e-40
0.8582174660329157
1015336170531711e-21
50059033242853594e-64
4e-323
52164514893261036e-64
13727044367921472e-146
8648831901665338e-77
0.09807074230950236
13856893891377143e-47
86563649584871470
27170469005247563e-217
13322049689835205e-97
6256492433742119e-83
4325277104325933e-58
27933567495523575e-32
19.731549260185645
52008426250214335e-25
11861221504768187e-80
8474362774122766e-23
7007182206405861e-28
12265886295473409e-242
16513459944966223e-27
6895015617351185e-45
2240818186343872e-28
24880174102960355e-52
35182627985466805e-107
68.84819008760564
6592260485330413e-141
27280400957799806e-66
643303385220238e-45
27468028295168885e-112
0.735684118445259
13834732266347211e-133
24870722138168643e-32
1309288609742542e-29
6194361445062532e-106
13111784765593276e-53
2085391412289974e-25
54738602316976500
162451.47108655205
3262062609827018e-33
8207110417467659e-153
18681349076081885e-57
2509168760912602e-81
19480959082395328e-76
2561867758063826e-28
1670069232493244e-87
25635325851373253e-84
2886153578793348e-76
6618840630318305e-39
2882875530861377e-41
3488315715447703e-116
0.00010845731567937737
9665430376028658e-155
751868416432433300
7802529936788794e-30
118981.2645690681
15120747999334776e-51
32549511655405754e-39
7324074246147217e-39
7491173007479963e-28
0.6645973331765112
13010303301161708e-47
21528666633123445e-37
10577341180075362e-36
25866255243408193e-99
4066546310605311e-149
4814309599199243e-45
10193400061288048e-185
92296865602149550
2248480180640217e-44
6139118563726279e-187
4195243180964379e-60
25e-324
352421304e-324
5388625304344011e-21
11985375493371602e-40
36497772729967425e-62
8.888018812117789
54295499313852345e-47
48104380502367974e-229
7187028286015468e-148
215.03037503543
313279792227733e-24
5400402533923639e-76
2005629688602324e-89
3306269875006992e-78
26127868495050312e-90
58149022799182310
9771016266483565e-248
11761038036557428e-157
23655157545719983e-27
546515713334272e-25
4651353161320981e-38
2134359203643452e-75
28442051398634524e-104
3504975593731838e-87
30560255226.79123
12618513958305623e-24
3973307477351107e-171
493313767997404.75
712.9574612396501
3.569528336809867
2560198552149934e-88
30544660975757185e-35
3885952767560295e-30
2706638198397226e-31
774099463577285.2
16726212299851595e-23
1573083884191963e-34
12388.688668265018
1078892588547592e-41
38375494768325870
68833997517.47427
0.0008974002918990164
453770334512586
11562034785722680
5704081392628013e-67
4693768531357391e-49
10435554447946566e-42
11406448.485140376
7645961571214532e-26
6391886964330.58
61130.05003736414
2553.942876423957
5367464049797988e-23
13657252282623797e-23
6961827793133249e-39
9713147109948202e-73
1174558174317163e-57
3197240827690107e-26
23948425273802962e-36
4042037769659892e-36
11010651477032467e-24
1945715508795527700
0.0901962024542421
12523689799818974e-46
7721307905211431e-102
3852357282477532e-58
3981561284595815e-65
11537298537285522e-32
27430700446570.344
79486241604680080
61931412451106500
19374987222283664e-39
1912.097612286014
206649.17326905744
5704875.719970839
4295943905281264e-152
298722.4793776239
0.0005987432961331043
160785.4695428692
1170542146223648e-105
29777076373626604
1640896957682969e-50
20690436.61874392
17581551276557527e-62
3141409059169705e-94
3967605499117114e-35
39155455327919.984
291024638049939e-24
0.00048744247739765335
20506765986500652
12682519785.63379
38139580467089566e-69
10822673726661626e-57
51612536717162690
452230371300536.25
1186289990461684e-37
80025355327746340
13179290471904226e-62
20505046461701396
11104069086365102e-25
0.0041255848652881994
161184287937898e-43
3567314607830706e-59
146527280902.89667
54534652774282134e-133
5318485416619885e-115
80144721161483330
2891923912643.3613
3045262558.039827
23746934640957417e-223
30139608190955974e-42
16097123689717094e-60
13264509661354292e-35
3873059437665368e-47
3578.9652884541097
905116660377221100
7103391886259045e-78
16617340677477438e-28
1230794382154691e-23
15456701512483357e-45
22922870470206106e-60
3256277234346249e-79
