1.2167849572966185
1.0717488799216415
1.2188145521243419
1.3252245412451877
1.4361795735936094
1.5194648449937378
1.5575267255666143
1.662813323832403
1.6302908949839967
1.3298158972563823
0.9647573680551019
0.5813368848209122
0.27629862395834126
0.18883435919994704
0.15388257787528234
-0.04252662657191337
-0.18612711945236582
-0.3132114238397096
-0.2931507814747277
-0.11962383753077208
-0.0029579427494514504
0.048366878484703134
0.32382961757550355
0.6187020593152773
0.5638266557765539
0.3587134869244003
0.4905587826111941
0.6816871417229218
0.645166480571634
0.66563170946368
0.9164437896910979
1.193928587916851
0.6946556011432635
1.020857377760324
1.5009976574457413
1.6753135282508056
1.6947285255989308
1.9040953361452078
2.0283783236129813
1.9431456701496332
1.802881113162251
1.5496661004480676
1.016139692912399
0.3439781519589939
-0.17313290569606254
-0.4729794494102125
-0.5879544768732089
-0.6641237520623937
-0.7537290537562773
-0.8626393659403966
-0.7641644454753893
-0.6634911410478431
-0.5120018078219262
-0.23621652834829412
-0.09732626763415726
-0.08858062353634279
-0.021769155776155798
-0.01871584824317853
-0.0052198469741888305
0.06330836622193789
0.14704922596265083
0.12462857244334985
0.11226357739259193
0.13517978459531876
1.09450606180768
1.0098085678320357
0.9614677633837302
0.8949826518018723
0.7148482757900576
0.48349275798200253
0.4095548401546797
0.41407360934398874
0.39616444639978815
0.4552683332184222
0.671748054307251
1.035712240022816
1.2955120159588023
1.437708444212369
1.497033744611844
1.5096112908890447
1.4809793588451787
1.44358129425418
1.2656907562795554
1.0247668225519493
1.0062830813818608
1.1022361228304083
1.0633757044876437
1.003985330869321
1.1071872599668457
1.2883221725591096
1.2715116417580055
1.2064196757472763
1.2708551275121258
1.377539223634763
1.360403152043722
1.2868043367371882
1.94206859137672
1.8851108254623758
1.649999400214178
1.4657835398988126
1.289970522388268
1.1040174645442535
0.991170307403885
0.9382993281200448
0.8495502917208522
0.746603433514575
0.7166402495483779
0.8286568752461588
0.8227051935530881
0.912854119131291
1.2011502351583834
1.498645822228577
1.6969753836481138
1.7339484963765295
1.6959219344122165
1.2191375023363964
0.8873537896764437
0.8654884198168358
0.5268040467392892
0.23468790363599945
0.18198987540828843
0.1791081307403668
0.25983562921509606
0.29878449970440446
0.4083107024720457
0.6276508427444146
0.7090490114359311
0.6466076714993038
-1.578585876954913
-1.4523281960856522
-1.1975674116184358
-1.0950915501898428
-0.9894149782666696
-0.8338920817184284
-0.8493661615513599
-0.7296736541106493
-0.4783225606363927
-0.23777634602770084
-0.023981829704306783
0.11016051839420152
0.401656876158634
0.9803997633601068
1.192125591586878
1.3580227422118716
1.5173346499116869
1.4527574775467536
0.9599580068931373
0.7115617621512789
0.6402689822381691
0.7249952104095384
0.5717232676673493
0.2913605540230105
0.606056099006226
0.8053783574590404
0.8235305338916107
0.8024600261658003
0.7185681373922146
0.6481512869817148
0.6003902684441447
0.5494646255990745
1.1925261388575026
1.275944140519295
1.2313778354194675
1.1816004445276478
1.1655427861712282
1.155647194981969
1.1629930636621943
1.2635575735021858
1.2788898529578654
1.342241961418123
1.4220370509010754
1.4084504593862466
1.3595177605530921
1.1267152552470974
1.1345997713590232
1.365363110020171
1.51611245531837
1.4724659505855409
1.549869806974975
1.2920785268123915
0.6434659894374405
0.08795887419077053
-0.28864393126715426
-0.6042148512927966
-0.7403686035383161
-0.70204794427677
-0.7013376708556261
-0.7574854376027225
-0.800336316028316
-0.817101974941202
-0.8347448463309992
-0.8152159891584655
0.20492366264665743
0.4323868974440948
0.6154381373919342
0.7327481924011632
0.8638138746927486
1.1239311208766125
1.1651023003062695
1.306400915680656
1.6436678882242144
1.9003530690713184
2.0233429601587902
2.0582419749724155
2.0237228843706507
1.5812334748552601
1.2715477097857935
1.0515480396044397
0.6868635004714605
0.4159974760255987
0.3031247301361982
0.34051931127103024
0.5627801220740422
0.7066441581887757
0.8651890608460061
0.9858845014793018
1.0565786645046438
0.9436570524532408
0.5694404691178515
0.3142897502512276
0.12879931812400558
-0.07845787693227597
-0.299518888692504
-0.417700155101526
0.5155247165432193
0.4921509389215968
0.45077346898280196
0.505781359004119
0.6216203853346205
0.7371640447801223
0.7848193874899021
0.7578428340802675
0.8231045456697644
0.9877408461770917
1.0712776815925038
0.9578188125369217
0.8051895406927709
0.7953560561432459
0.8426806244280975
0.9268418552233887
0.9715061707812402
1.1516562100387466
1.3175506935652097
1.490448200527998
1.546970994934442
1.478436249044931
1.4590888689207913
1.3905401598282336
1.1810515916901767
0.8122842523374194
0.6833057629422544
0.7135286193723862
0.706494363581506
0.5840176925801844
0.5956491217836125
0.6877111634223061
1.8516277163022261
1.5331824192485044
1.2235129452698672
1.0939378565744835
1.0562096251334552
0.973586884557905
1.0244650058621079
0.9984166530913636
0.790608179563264
0.5148453300108511
0.3422625881265995
0.3771219245865323
0.5049000501497497
0.8631046924277085
0.8834643925321697
0.7175372467461231
0.6726789220093479
0.45685384070734764
0.04319679767787202
-0.1028127427770444
-0.07524670816625406
-0.08369922707788412
0.009459511473579693
0.27769700623073057
0.538822293578751
0.8989182043428905
1.3638904532121672
1.648303150598899
1.7837104491754445
2.0058301393420153
2.1424936846920817
2.223953402800979
-0.41525660933512293
-0.12453258024213615
0.18676307334612274
0.27743960207816387
0.33509579015327695
0.40243033162209696
0.3540992036407029
0.19138891970172325
0.14122216973496007
0.22431473083033882
0.22657161779803678
0.16206766133510175
0.13753380794804548
0.0019921616404668077
-0.1503301341025517
-0.176485332008789
0.02340503622961793
0.5687115290406985
1.1886637781813842
1.7473471143914197
1.8923184592365796
1.7200697917867889
1.790386601314727
1.7890223674260213
1.615103947917893
1.3996370922758403
1.178589312916543
1.1339152471476495
1.1406438762954139
0.8966001945108458
0.7451376572372503
0.7717129347118559
1.9040236436918345
-0.7969994783723026
2.3248625997858983
1.771496635500737
2.0948775234292105
1.09317103697862
1.974367440327316
2.0808922199404636
1.1554151067965885
1.6093585023177865
-0.2466521830545548
-1.4770776551545477
-1.511305332587908
3.590118965412911
-1.2784530530561857
1.3476905009264768
2.9522000791486662
-2.1480538747704836
1.972294707803853
1.156278036221059
-1.2683512239420425
2.020634456369696
3.528168808721132
1.9812208709869459
-1.443020177282549
2.605885612285662
3.2615650119790325
1.574815619838275
2.6700436506525573
0.21776585301161872
1.5436883809673152
-0.23339781356637138
1.7155527246685378
1.8440447871294678
1.843833017228261
1.8198555483800574
1.5839806458095693
2.615512751351344
0.4465741309964915
0.6743379963531486
-0.9320018071829331
1.5993879172069767
-0.740050343538075
3.8150467215467536
2.2410252163301645
0.8760356164594083
1.3446086825753745
1.2839636771650942
0.9414248399901639
2.3996168005134577
2.4623582264379973
-0.114803377103539
2.2313884686152248
2.5022474841378366
3.5262491886076814
0.5823374512166214
2.299640780155577
-0.23435608280371675
-1.765243050665606
1.6085710028222446
1.9430405518659244
0.09230861743988769
2.5602210528875697
3.4107299180871853
3.089545162072762
-0.7145445494454385
2.5785441385896966
0.38734397660927844
1.8001226531490675
2.269532239587796
2.922472616286683
1.8576112794998065
2.6404942219679985
1.997185673240695
1.0857376904336076
0.48403998339979754
-0.7173259303197496
3.135772492835379
-0.7624456400135395
3.1768281885764127
-0.35156684281278244
0.35644386774693065
1.9075950521936378
0.9364169147622456
0.02330897329240858
3.266546544309255
2.381548886544277
3.2527842573128387
2.702096947254999
1.901655839019711
1.3407417989873274
2.5079012140034003
0.46983537783319185
2.269916532305035
-1.2608871110881985
-1.074571795391266
0.22642839289935363
2.228503557431161
2.789705288989449
-0.6348051939007986
0.31817556446384493
-0.1873786974119937
1.106758455451591
0.5836988400333352
0.28346126508326813
1.402264038142074
3.0239001044805227
1.4837178881706354
2.1451682675535553
1.9127922109416384
1.2220987067477092
2.945234283238243
2.5847455330332374
1.3761810782581962
0.3058045299373589
0.1030164494511435
2.67727142011969
1.241150919654997
3.168875207076898
2.1721232643653385
0.5500159551654225
2.836346197037998
3.601673477080951
2.0724478812377747
-0.8015108337212469
-0.3143435235537373
0.4583701170741752
2.990357269899821
1.7041801656579085
-1.3252986221727243
1.050411469951459
-0.2752189437833645
0.8519119712084127
-0.37349713531907774
3.4494731681008095
4.380761867103619
1.7999157509601011
0.9721724795259353
3.6813951462014667
-0.32680130595860407
0.35334099095827903
2.107897230834294
1.7438357974715601
1.9520572297760352
0.7930203761152802
0.48646180060969846
0.9273467364174263
0.8531384176522969
2.899362393869573
2.3233763581586353
3.481320996819359
0.6978053630575651
2.418320301904881
2.816372630600607
0.6006892331629587
1.839474481127999
2.077530340310678
1.7997025438988747
-0.5508012399205834
1.2695953158573472
2.217263775223367
-2.3217103499585194
2.7019429476021783
-0.7392650792564353
1.5551909617421147
0.7556453265307141
1.7716611253288712
1.3845573726361542
-0.07146080057493892
2.1116398143774244
-2.6739712282168973
-0.17974190403970097
1.4536995108391195
1.6747335534803574
3.6925266821882556
0.62124292980909
2.114224634804412
0.3433350653047902
0.3955469829400743
-2.2697521580780275
0.576434042719036
2.5778369742559817
2.369601431386692
-0.4098351929425286
3.0696945115593963
2.288651221820887
2.7159606301711747
0.364946087944567
1.0804108329886202
-1.2351244239061707
2.268342754313734
-0.3909385607473845
0.9503346374088162
2.069102325633435
-1.6166101163528706
0.88581267503858
-0.4264292592847924
1.1208148506101754
-0.7628458026976571
0.7470717088708063
-0.20003405015105122
0.3373860406939218
-0.5898096000397051
0.9243182830332725
-0.7497130513281043
-0.15753651039242877
1.9051618614344443
2.07683917320538
0.003248449321996645
-1.6456221252697438
-1.302479272781755
-5.626910587972309
-1.107554072795283
-0.07456328182243263
2.8457829243287813
-0.22150342537195705
1.9475836405266016
-1.3547824796961767
2.4788533852908783
2.2429613215565105
0.6658778233975658
2.4930993809247415
-2.4446180124025614
2.740131855076911
-0.24682176626361604
0.08089903116288306
0.9741767478933926
3.6710091678285925
1.00151095791915
-0.11605505769850838
1.224994665832366
3.487236342095696
2.064490107681871
0.345159580183492
2.2900065986926164
0.10254856545744204
-3.9123455134149374
1.1926431514208085
3.197162752503599
3.0040491126634525
-2.7479854383928295
1.1286289214764977
-1.2725009113054198
1.8633425592938129
0.14701165066358618
-0.4782661175463426
1.3377074968081304
0.06248663821626249
1.535179689915692
1.150362924918269
0.22420719946919396
-0.22111519648472877
0.48530560112131405
1.1851853386823645
-1.7261922399447325
2.8750635659421553
1.8716136705890305
-4.141379920463243
0.34856451781077835
2.1790121745113313
