16197.389103147141
15877.438447326711
9056.322209105569
7999.536762924251
7298.511238556385
6987.996986751896
6793.152619946499
6755.002358641341
6752.35359223587
6747.838328730866
6735.06867931618
6726.234611592268
6718.322892761489
6710.604060004712
6704.231573743183
6640.328436071052
6348.934594229285
6272.501211005504
6202.79401632129
6198.390750269638
6171.434490266743
6147.081224788848
6142.337557442255
6107.1984512849795
6076.224786004635
6072.61110718948
6037.558429737738
6006.384818996582
5991.488465204444
5977.030810905613
5964.7426582763255
5952.616312433781
5950.431899182031
5936.05557721569
5921.961528564747
5909.903493311125
5897.959144998283
5887.005105418748
5876.072300757115
5865.698906040883
5855.273678025126
5853.285032918905
5842.340891582334
5831.443300439908
5821.156443899878
5810.84809303902
5800.907801758734
5790.879488332016
5788.997969045265
5778.890593421696
5768.786552204595
5759.068714080445
5749.290188026971
5739.750330057078
5730.079935832562
5728.204952361858
5718.762002354001
5709.280082092574
5700.047085333948
5690.709345609519
5688.859623804572
5679.702810497719
5670.530294395953
5668.825960351034
5659.45197806173
5650.140847752882
5641.267134259561
5632.396838128979
5630.647138617995
5621.377210009369
5612.194343022939
5603.515863321299
5594.864079992011
5593.017780169946
5583.5215126116245
5574.149065440591
5572.429830735608
5561.131481492589
5550.078199086804
5540.493772068196
5531.03484814152
5529.003195930401
5515.607463367169
5502.545280527554
5500.472863645028
5478.51047036976
5457.313550526753
5454.813590900458
5412.284537233107
5371.224892411435
5367.943455968672
5293.399846050072
5218.539167354739
5214.233630846478
5158.8876142175
5104.837816895265
5101.094950225632
5041.604072793304
4925.266791355563
4901.995186686837
4889.722865533362
4886.400415166257
4881.4574688705825
4837.554517790009
4825.058616716469
4820.688572525289
4799.962604286803
4797.092272548776
4792.2249225456335
4782.4382960212215
4780.917729350376
4778.255684487372
4736.268540977042
4707.376430833218
4703.242954927193
4698.268591076368
4693.749860316544
4688.27400015427
4683.469008692219
4680.599900995824
4679.610160669162
4677.989262319673
4671.634127201682
4668.35302327623
4667.6385962505965
4666.7806342213435
4665.578119196587
4662.535884315113
4659.896897585414
4658.9433667506655
4657.391921662665
4649.457673715514
4646.799915192788
4645.965867929168
4644.805547205474
4641.822737485464
4639.426028637905
4638.407452659929
4636.452366803417
4629.268052657101
4620.849333935634
4618.358579439711
4615.235276320244
4613.012805370103
4611.823126540816
4607.778663096031
4605.385613659599
4603.732156126997
4592.370808649598
4588.61458628602
4585.30267858293
4581.788465690463
4578.639957137157
4575.283776480485
4572.246704718611
4568.998542008687
4566.039775921231
4562.86825985421
4559.96613401687
4559.367128957693
4558.694734474354
4557.888791914027
4556.732192531338
4552.284093407053
4550.142331530099
4548.717252233272
4478.91243167868
4406.797478148405
4403.544341540615
4402.727850638198
4401.670652432047
4399.824218897499
4384.722400915497
4379.1852435869305
4377.033303274485
4375.711519220887
4321.955625684436
4281.1747581248965
4278.750116144847
4275.534069071776
4270.57429215132
4263.471547270435
4260.511980961104
4257.669737907924
4255.248419007213
4254.67773285329
4254.031645289346
4253.2318009577675
4251.848928618573
4249.058908501077
4246.20315617672
4243.708175787941
4243.182401655542
4242.6061750119525
4241.944011134554
4241.077603413021
4238.564241276566
4236.778330228453
4235.248059662038
4233.9409066685585
4233.215052519599
4232.072036379733
4230.126305612489
4228.704347606508
4227.405808715135
4226.709678096789
4225.689328277017
4216.697194559729
4215.944884703979
4214.544693767571
4213.356132573956
4212.655319494808
4211.579632316239
4208.116258045676
4204.554311228593
4201.742675496115
4198.805757481357
4196.323974154448
4193.703971145875
4191.419773165118
4190.918913120547
4190.375961547706
4189.764050540202
4188.997511424879
4187.167730047669
4185.452355604755
4183.875738382566
4182.445262332931
4181.245037076655
4180.153228717776
4179.507975816963
4178.6203259519525
4099.883713609852
4099.297467034626
4098.553722031186
4096.706588298949
4095.428791666783
4094.503035430348
4094.045571687618
4093.542922735357
4092.9896543351997
4092.3225134909803
4085.9477022717947
4084.2972069205516
4082.7373627797233
4082.1459323595277
4081.1454536678466
4080.0976296172676
4079.592021314263
4079.030050478313
4078.2801626617775
4077.9652754314084
4077.47559514474
4076.942200140243
4076.3100282656324
4028.053769999608
4021.9555564945126
4020.2774628442326
4019.8431171927323
4019.378010516145
4018.854102057935
4018.016722457956
4017.2929288389637
4016.721633079556
4015.235538894462
4014.786536469027
4014.3134448183864
4013.8062446514905
4013.205776737438
4012.9935691411642
4012.524079553466
4012.0239258462548
4011.460108101603
4010.4249798933856
4009.950326043472
4009.4425610260723
4008.844198963285
4008.5765715271355
4008.0985292704445
4007.585459323213
4006.9453486645707
4006.075507960953
4005.4584163960712
4004.7882813095844
4004.245413733296
3998.9041525919865
3994.3730771935257
3992.2624145699783
3991.8444320933313
3991.410273174805
3990.956881410674
3990.4799189999926
3989.969311657188
3988.8341561657844
3986.9185598841073
3986.362594849901
3985.851908327936
3984.76124868164
3982.866726571522
3982.1539519962357
3981.6155272489564
3981.0480723833234
3980.5643134529228
3980.043446770573
3975.29367168019
3970.504451450332
3968.489597228015
3968.0691141747484
3967.632556689714
3967.17737830209
3966.7008041590357
3966.1969195470597
3930.0421701875603
3925.184887573358
3924.305734950592
3923.897257181459
3923.409600392545
3922.529394270268
3922.0767118202953
3921.6176181935602
3920.78381927852
3919.037648954591
3918.443158505694
3917.9995139807534
3917.4197027514747
3916.5794667513687
3916.0553798049486
3915.3338849611073
3914.9194116182275
3914.2725654335036
3913.84689175887
3913.605731359363
3913.145959421616
3912.7051444953145
3912.1229128796267
3911.663660661966
3911.243571220591
3910.941592177438
3910.482624591493
3910.060164182395
3909.8148131605976
3909.355997477985
3908.920742007422
3908.444570780013
3907.988778683695
3907.5670080289233
3906.3673091169885
3905.6161111266515
3903.7614850974733
3903.4826665607056
3903.025853048525
3902.610746865332
3902.3390630916642
3901.882420179621
3901.466036821224
3901.17404271561
3900.7183113133
3900.3133294699983
3899.9156896839254
3899.4652516546603
3898.8079099277315
3896.961227978355
3896.4925434978245
3896.0428984445816
3895.5003638181333
3893.7612658708335
3892.425802530285
3890.610502711786
3890.1587150408413
3889.721124095644
3876.8284975211395
3823.968432936145
3821.4689931896432
3818.4587693465023
3816.5053505186793
3815.9386910606727
3815.291931664452
3814.466250521709
3809.5271277674983
3808.6492198651563
3807.6054274198013
3806.2466451676246
3805.1746640215606
3804.6611292099133
3804.1415499352265
3803.5530011483957
3803.100251965919
3802.7521486455403
3802.396954018574
3802.1807215408103
3801.5320448135726
3801.40287858425
3799.1281636785616
3797.5971368518876
3796.6516388114837
3795.989265972297
3795.3704543313283
3795.024147529369
3794.8605878901767
3794.6151121523553
3794.492741992207
3793.9856421861155
3793.8853102167004
3793.3649951423577
3791.8432578687302
3790.9350391606417
3790.6377670508136
3790.341965715469
3790.009670649351
3786.016517009641
3785.4680195329524
3785.194790290924
3784.9240743336195
3784.6600027962368
3784.398201621531
3784.1430507898676
3783.889960839086
3783.643365642108
3783.398629657234
3783.3518167404923
3783.0005382236695
3782.7522174433802
3782.458056793116
3781.769030087487
3781.3642750805675
3781.0406763981428
3778.8440983651963
3777.3517253235486
3776.9870246357686
3776.686656074684
3776.4547187868366
3776.2580091226155
3776.135826809903
3775.877529055728
3775.609665356853
3775.3180107525563
3775.010615337288
3752.8762503689272
3751.5530047564425
3750.047025386356
3749.686996164168
3749.2430419923808
3749.032262508379
3748.8737660613133
3748.7958582655365
3748.67294612381
3747.7649678760686
3747.3657053930724
3747.0027803895696
3746.8116181349815
3746.665025156573
3746.581087906486
3746.33493889793
3745.2224364681247
3744.9497832873753
3742.156421272162
3741.532198335338
3741.3642607814068
3741.0822225258134
3740.92806787649
3740.7771302494034
3740.6308793736002
3740.485453213043
3740.342227997356
3740.199618893701
3740.0582275617935
3739.9173945860643
3739.8869410128195
3739.7180956861916
3739.5504916645946
3739.3950563558246
3739.2406289673854
3739.093966244987
3738.948057413528
3738.8052661528027
3738.663113394059
3738.5225407015187
3738.3825430342495
3738.24349980946
3738.1049888527127
3738.075582019383
3737.911234671591
3737.748081658307
3737.5967381269625
3737.446321824508
3737.302395549154
3737.1591823593035
3737.0186021278187
3736.878637987822
3736.74007995364
3736.6020813663094
3736.464955977993
3736.3283506104062
3736.3013325585475
3736.1425151611256
3735.984822302195
3735.837926295935
3735.691861103508
3735.5506801880224
3735.4101708992202
3735.271805730019
3735.1340325445094
