2.694285569141517
2.7453591601591887
2.8581676306249735
2.5262029037968476
2.062496877992359
1.7321487800999107
1.691198252953852
1.6919205938116118
1.3962167468215985
1.0211911513219365
0.9626670499083503
1.1507445930231412
1.2939949810761018
1.2656218516574347
1.1900891977974364
1.018359153084958
0.9040783714445493
0.8665927234043553
0.6730510703046171
0.42009801614194775
0.06269455968689565
-0.12940465317959024
0.022733902765863453
-0.303034465379362
-0.6926468994383842
-0.9644856309933448
-1.1894224721880093
-1.403611238278816
-1.7050271805406159
-1.7722794717900334
-1.5233621806032964
-1.4646225592246678
2.872756626366326
2.8125952083913677
2.7473310601706333
2.6604006593568097
2.58752918874689
2.4832907075376256
2.4263640845005536
2.3498552475651486
2.2425831382584334
2.127015523250343
1.881555502372754
1.3612275217901948
0.960929189108338
0.6302202668814452
0.2550946610371214
-0.14134585691096274
-0.3149996844688915
-0.3564684475998892
-0.49005143308089855
-0.6443589872601027
-0.5819815868185583
-0.49862460338827197
-0.28099905456568464
-0.05623393088054516
0.09685986553344937
0.22266572560787795
0.36189372753093985
0.4834202436518537
0.5342739260410597
0.8073113593873614
1.0340129063242582
1.3569659839442842
1.1208871658203015
0.9574398833848464
0.7323162416108571
0.8466020190027337
1.0969635613678097
1.161129875750326
1.236630394801921
1.3313051066209785
1.3809409407843742
1.515994217376442
1.3483785289500372
0.9532028223409754
0.5962308257570013
0.2654743241693072
-0.09605788171042942
-0.44974054241152445
-0.5710486901363139
-0.521078503709347
-0.38992153261229623
0.15635104484899834
1.0820945319326316
1.5864710082092828
2.0642735370802745
2.790553470739934
3.2054114433455996
3.2782260397824596
3.297295532264041
3.392822637621233
3.47752178901763
3.680291841341512
3.645873886311329
3.779490079489757
0.472898619575157
0.44722083637222787
0.43513964091760043
0.523143193658927
0.5570245189231353
0.6299500056709567
0.703081197284181
0.8140771165855062
0.9928261081561245
1.1489301139312786
1.2570516730786625
1.2887687289086447
1.3815263987885926
1.5654646266167596
1.8617153795772385
2.148268943399124
2.2446689092202075
2.344820191116828
2.5331163538654193
2.7056312027948746
2.812469589794204
2.7564328674175766
2.5616772319574426
2.291755605376032
2.030324416685761
1.9149553894843863
1.9163835524643917
1.9600370533306741
2.050158277406377
1.918450358929973
1.8002568568156398
1.7139225612441915
0.1902051528762818
0.16350845957608412
0.129204433333704
0.24777105418123846
0.44440227512398545
0.6182193890234128
0.7934544702759976
1.0248188867896733
1.2536329631541312
1.5002653672392854
1.770090985959096
2.0594730825551006
2.250934238492718
2.396078678203839
2.534018568881478
2.6776269053527586
2.746401344720791
2.730854011959358
2.786772266103517
2.8621390695278484
2.879962947589069
2.79624969189239
2.700253189722596
2.6807698227756522
2.7477170294157345
2.6316819395763034
2.544370948228423
2.5744427198869033
2.625228364725196
2.467951443309884
2.1068286736022777
1.919349490714851
1.64356181387298
1.7392382876941654
1.889295129288031
2.031174100572515
2.3145476910681597
2.4715619414422494
2.3579185990764207
2.1063220274619443
1.8147064947148412
1.441356153023542
1.3531975897624666
1.3864144361764499
1.340104952972739
1.3363890833891896
1.4334642430084985
1.4488458964186743
1.349418693739315
1.0387019356602631
0.6182955831982444
-0.02811779787174142
-0.9504853153124888
-1.3916065984180706
-1.4255705655376167
-1.2172549010819014
-1.0113030300272225
-0.7101747300720687
-0.5269251104728938
-0.457758811122675
-0.2576534053381901
-0.12717470934004318
-0.04805671479949302
0.08713393660226931
0.19712141834282415
0.14665362763144707
-0.08700145048875206
0.0823172410878499
0.9983792732815929
1.4345376809820432
1.9899230502557352
2.8706143772422132
3.5117967083780752
3.8454232369162766
4.113074734593978
3.8730308319010356
3.663610320360279
3.351828021234718
2.9388271340676866
2.6255653748349976
2.4879223707518427
1.8400090313944824
1.0840978118172881
0.8816192532263148
1.0905483901649653
1.1355178140045945
1.2395448020044078
1.6890723847959115
1.7616701385997522
1.1643259098670065
0.6649068175690411
0.4181647897658142
0.2760541681318127
0.2816526649988077
0.3185313615537947
0.3596643491000841
1.1840521293149076
1.1862313637497008
1.2048638217665104
1.1698760793401093
0.9378755453237075
0.8894791690625409
0.8811364039554604
0.8881981964185194
1.0035635423661693
1.1834867276970178
1.3073725237792435
1.5780108448998937
1.819719172256151
1.9527724448353028
1.9843301357053431
2.1374379564177324
2.3035569717582893
2.541186041875534
2.8807120832195023
3.0686193327109343
3.2029585838161823
3.2805313350247967
3.0044493532865935
2.641089981091066
2.4008944365840876
2.127946851162352
1.917628731147835
1.712887747415441
1.487090863132282
1.3150043803677243
1.237635050128521
1.0939280258563124
1.5541046103298124
1.6277528834829489
1.8297902521684748
1.7354394498914936
1.307978581901376
0.9754176515798436
0.44181083891831674
-0.40150432547346454
-1.1848302182409953
-1.686661529249586
-1.828997325147037
-1.2968715934201729
-0.9422173593020238
-0.6783040355657085
-0.4055926622490872
-0.24406734887212178
-0.2190128254858442
-0.07324583095142245
0.013276758038232351
-0.1287997680731682
-0.7109697799732246
-0.9777353846940137
-0.9239515460936758
-0.7621323058641242
-0.43501540780227393
0.12645441907690097
0.523755804455626
0.6987042196683033
0.7421056344562149
0.7229695897962918
0.7998554148215415
0.7196356195960755
0.24529316342800583
0.02921276425042573
-0.297001912102378
-0.5904184518461181
-1.038691339027305
-1.3147858195925406
-1.648378808416172
-1.9850324893963047
-2.004928828696463
-1.8374911410777777
-1.9357364578784169
-2.1250756927321497
-2.234454570951663
-2.1186695922784162
-1.9172686810170023
-1.7266346361363376
-1.6148611794394414
-1.3524134413747022
-1.0555961167744632
-0.6933179481032745
-0.3249901238065033
-0.028705892997917166
0.2910469665782616
0.5508999288372127
0.8117887396062047
1.1728488282567664
1.5279877718475083
1.8501221020535639
2.0999807760340294
2.265322733409769
2.17614118337329
2.2448031354778313
0.9489840039518677
1.5570053007671862
2.890602006869685
0.5315241367715121
-0.022207864489266482
0.0470792413367389
2.365223287463744
2.3177414602357675
0.9783361877540521
2.77753296505943
0.8024909071947712
1.055449304700845
4.137778474736875
1.278346320112727
-0.05675474125164295
0.19112040736098657
1.8889343372429188
2.3045262398750324
1.5216102416779678
3.5407153958863304
-0.3037385344177466
3.918122482834248
-0.2181395249411236
2.078729754440798
0.2005579046687415
2.723101094431281
0.5279146305334108
0.9444039137265293
0.5070437899002062
1.0422982864942665
5.053427458302573
0.6526800882439343
2.2356498222283774
0.6591931628647238
1.2553197093304438
-0.12981895306332522
6.415571592039046
1.0576630308305632
2.772230544546282
3.2562480605009685
0.14323970441681388
0.7769451374356702
-0.6664070747265628
1.4554084497384738
-0.41376113391687913
2.9268497827102467
0.2624220243856077
2.1386311664959794
-0.38410753607232945
1.6142834638682606
0.1858842004003923
0.3303348362276193
2.0190003001063146
-1.2693569624203989
3.0466961293961
2.0975063875658173
0.2984871011728678
4.0686247381376575
-1.0507875533615083
0.8166649515231009
2.6663579119381158
-0.729083684092882
1.61460777330992
1.6098744048660842
2.258611378072655
2.3688409139195956
0.07966665775278163
0.5522504637559834
2.8851340885893575
-0.7473024268876158
0.16106007667889943
1.4889076779007304
0.8689885969915838
2.549378356129369
2.3148071089655096
3.377385856164488
0.13867362556758528
0.9500549558623796
0.23018169732715504
0.13620153790868972
-0.01424178823771207
2.1740062550903065
-0.08734145802905646
0.7252732972583155
-0.7441454401460814
1.0789917874453463
0.8716263294894457
3.1983470566179673
0.41605942451424277
-0.8792462855738089
3.0255991295617677
-0.8287499181979997
3.4073699623197746
1.0341477618484716
1.1098136349589607
2.1438500866911934
1.9406569916384604
1.616300209207292
-0.3735141998440407
3.755789332813677
0.2118883171952825
0.1863785840603847
2.442743459709701
1.6356380305269185
-0.5739440535449385
0.9720699568049396
0.4865843915733088
2.6192224301044345
0.3481316817743548
1.7453287919160647
1.1833654802879743
1.5834153306136465
3.05289825852558
1.1818528137291622
-0.2147650406936978
0.18709103579356523
1.9068056951785448
1.608705556861844
0.8842426093071414
2.656997219460296
0.9460244136962426
1.1341940793113627
0.6858685618453799
2.189805975004666
1.1848208712786445
4.701748845564544
-0.44031348065051484
0.5705142734824206
-0.581157626099463
-0.003229324152329716
-0.10665693909817382
1.9406428524273116
-0.784245851726909
3.4630221379578434
-4.42411798879385
-0.46463257332047253
1.9419513231018728
2.253839008066517
1.6804390360104169
0.5553355956047038
1.1185245328987257
2.4396955397256335
-1.1605707010427817
2.028273483255671
-0.34382244060370176
-0.6919375034891371
0.21322901507557127
0.5892568698737257
0.15696420928224905
0.21409991218180896
-5.152089297593039
0.02265189796781143
0.5810794278389253
5.385856452675408
3.8928257292480444
1.6642979761647685
3.0176096159888677
-1.7845554991813888
6.276970902387834
-0.17421841201798732
-0.523439963253391
1.0651434759376932
-0.009472708089876374
-0.7040901361137154
0.8817502883641255
1.4755154962994699
-1.0822882164641445
2.655258212164805
-0.8767975060597456
-0.9919980139012918
2.2287932733288827
0.6924673036071617
0.9528474406123935
1.5140312402816616
2.455558885161049
0.2120394214769022
1.86229303545178
0.8910789642571535
3.588399610563922
-0.6508648335326844
1.318421041682375
0.0014611243412848553
1.8291906032570868
1.8945172128819325
1.919202021155929
0.7832095362966892
-1.7808495451813147
-1.1428068719178555
-0.4397737647198271
-1.7555801643255982
4.847262820576383
2.9761595066348456
0.773651185443573
1.673485427402642
0.6482702077646971
-0.4190952910936725
2.727625058520561
0.1990205674682879
2.264864160034432
0.4199697482557533
-3.710954016186538
1.239038815097611
0.5507815855366476
0.47729613425128503
-0.5383980569376647
-0.04976085405961647
0.1799259558032532
-0.4777437471274236
-0.3977754553861031
2.9004790168623362
1.4287726771016969
-0.3513186468036131
2.834827523537556
0.19859971617578925
-0.7634363937264425
0.5535702974367105
2.074172488167265
2.31432548154158
0.754507652973871
0.7902463630026709
-0.15875311792221922
2.4608146546713634
-1.8798191773399513
-0.2972194563907749
0.4952074745839732
2.4372088976438095
0.8029833573154264
3.2983273343992554
0.016602943124781683
1.6445398636337045
3.3187761363879664
1.3976560046105093
-0.1930776796341972
4.385667873222602
3.069834052960223
2.0668848606656844
0.5596007419041691
0.9313149617884827
1.5481309297975294
2.1717240474803674
-0.35035200443519765
5.2300071191500095
0.31281113135052213
0.39461813333609375
-0.4270042722633762
1.4946527772034908
1.9477898798710458
2.387787500506977
0.4499452325025852
-0.4088913663089702
-0.4637508273352671
-0.08304488359266007
-1.2273742118658066
2.115782190894193
4.850441551052726
-0.4109318774016243
-0.4256579334907434
0.9293528375517305
-0.9335436764599723
0.064435555804057
