2.127880285048877
2.326161653769142
1.6660798028723953
2.5882558341077777
2.4461432119466964
2.6087389335394024
2.3175602060701443
1.8176633455742703
2.1826008631400344
2.156634231023879
1.744859162862471
2.073339624123166
1.696737407681142
1.9306098346065028
1.8182563169148342
1.7968658491623575
1.9511042804882373
2.5888691800033437
2.4827614259939605
1.6764804041580017
1.7573718070810478
1.973776343230753
1.7580178266906703
1.6844760029954453
2.084050397124014
2.3229188984217335
1.9591920985964613
1.8555428224677235
2.407524196800368
1.9239196919884016
2.2331960048858903
1.6927455161917706
2.4844847474599945
2.101755114555424
1.721428013838388
1.9899113558491872
2.3764654103713054
1.8740172410421991
2.4554571712560618
2.538690369584907
1.965696303543862
2.553190296469301
1.9082524648763133
1.8385931969954428
1.9055531088857884
1.795754962002614
2.218226186024244
2.203725920823116
1.9443104530674344
1.837938165591062
2.16090935876891
2.544475209845317
2.531457609908909
2.4601973317907264
2.4836416942930377
1.984576972359643
1.6980458222869463
2.362069687631324
1.736245596236383
2.5427636005520853
2.0354769276650213
2.165356853681861
2.6076912006341657
1.655550121491059
2.0326939196398066
2.53499265823845
2.0615350399998524
2.4315080711924812
2.483033965092472
2.556778368761364
1.8433339703454639
2.413986368746085
1.6439453843690828
2.2755861971427347
2.2843806681855914
2.0143189666442782
2.114708415058212
2.3987019173193107
1.999462899825305
2.1667524495775186
1.8359030036754005
2.4492942734047136
1.9565028420929567
2.482582443905427
2.3294472706758618
1.8772614157757466
2.587627998938578
2.4752807033258715
2.4766710157883494
1.6117614818434995
2.036116517906433
2.4548922085803677
2.5203717915237673
1.8948837621174892
2.4980919740417566
1.9910922095044692
2.0629437957897925
1.8756970825062111
1.8973533987063074
2.416189764071517
2.530169743399908
2.0618548877038703
1.9476668597260443
1.8617577518225878
2.0126660902020492
2.4520438742622375
2.0002689048563815
1.8759384267343997
1.7578100149173834
1.7032954139976768
1.929682734137882
2.3191303718847855
2.2602066840675423
1.8427644539756471
2.0236126232991376
2.391569190311549
1.6549065124400635
2.521848348887648
2.1189119134486627
2.1050701735467494
2.349667508329507
1.922071997891961
1.6158441650710174
1.8320137432176322
2.2894764566612635
2.346698698129238
1.6443996891361758
2.319235893122125
2.3787546210729644
2.537468455951946
2.414532683253518
2.465910772310523
1.6925511379833569
2.017426046301512
1.8313729952885072
2.325779705087387
2.2132253650868643
1.7145560693907378
1.9892682502609869
1.7683744238398869
2.1636500660077256
1.931589510724456
1.8724761242279442
2.400186119027956
2.4470893650224177
2.607599873798367
2.5618137692334755
2.5665599189430393
2.368583930947797
1.721531624718715
1.8388044413704638
2.0294761351648414
2.1212651770965247
2.115946502042625
2.2579215922002946
2.4256410043198713
1.649444603020473
2.129110295023575
2.3698494968460873
1.821669494635704
2.344330570097163
1.7084234442724904
1.8924521186024597
2.0932585590049912
1.647506882648969
1.6841530247821104
2.0018793283587923
2.278241196242713
1.6985786505226386
1.6674398829882031
2.1815335976663985
2.4293591057105264
2.1263081330153337
1.754286916180839
1.8573947463024905
1.6600737011632622
2.0904025821696983
1.717400048832408
2.516168843755434
1.6596105424880656
2.4879454240420404
2.440203682712065
2.5455390309414416
2.1855998874636513
1.8338161055176045
1.987857915235992
2.3136523803537017
1.9818454718981557
2.2542592764208953
2.4323161152907566
2.0337208719502673
2.4762434441720074
2.4221124727352206
1.733897167069903
2.1261709275800778
1.8502557339769026
1.9990296565855172
2.4700010600529008
2.2396284618665554
1.6639195709600623
2.322849030454302
1.6824734569485849
1.6749183762973094
1.938904145577318
1.881281040570045
2.2410417778355094
2.125793961466805
2.3199894780244374
2.2571777204007164
1.8393934933844815
2.1748166390705377
1.724026349659518
2.2087362276189575
2.585207893592578
2.580329541920429
2.346223757596101
2.541001105639
1.954917300769485
2.2644434010049648
2.307393988041802
2.1222119070049508
2.319612896285613
1.9556305859004146
1.6290897345872446
1.7818695213540843
2.1116457577148586
1.7548046537343795
2.3718118419956884
2.263061603720024
1.690903462823631
2.4910973908015595
2.188444318270488
2.174234272633623
1.8460076966947243
2.574315582914924
2.013356126939448
2.501707295528928
2.2214324717254814
1.9140743810717993
2.314480733044738
1.624990446703943
1.6368431652660407
1.9768258096384803
2.3164248857561947
2.152870719411956
1.6578946482972898
2.363799904837548
2.085182964444647
1.6261429643511094
1.6527364287837703
2.1887935613751814
2.27784635520568
2.245314527657263
1.8114078799401852
2.361479756294688
2.1829686671745847
2.607366398335635
2.2919015663163007
1.6874731714640718
2.3296342234519116
2.1890673031557952
2.4298236604644567
2.501295086101739
1.8731486540584488
2.4802164598475964
1.654232393467677
2.0654623020602645
2.137269699190614
2.1338002896053374
1.8790123591138768
1.8272279392665145
1.7779006427834394
2.0187871356022886
2.398763775501469
2.0037987594951963
2.3084906897066686
2.305917055934894
1.7067838164116655
2.063398584716988
2.1572547547557437
2.3464467357180343
1.8439902932345125
1.7715258106696872
2.4237360631818023
1.927949800635648
1.813278948046138
1.8398505387436779
2.3326035700944185
2.2183492949217465
2.305864734009402
1.7885072040224632
2.2173543546704133
2.1213896312220264
1.9070477103160381
1.9365087072862577
1.669842202115657
2.042055529865083
1.762834034905114
2.6081871018397473
2.2833831328006
2.4198388749381707
2.241359096540298
1.9393334201149481
1.8623722962903388
1.9644906886065612
1.89908557385459
2.343322818801786
2.0970652574257898
2.0258280099451174
1.640194660591266
2.4610041671230443
2.1953021844798517
2.0898173982729946
2.0789739927650843
2.1059369576630553
1.9729954953487172
1.6455370326741738
1.666857529230726
2.5412391278845745
1.8093876467335237
1.6372332151393494
2.5204995828986814
2.4510508422851367
1.6864149441799918
2.342336772812255
1.6793100302603081
2.332085842984942
1.8129563049526078
1.8393111529308792
1.8211796791770205
2.144637177269862
2.160189578379383
2.452253878693926
2.525586790189376
1.9483040997929562
1.693436611893561
2.30557806856548
2.544808662962844
2.4697101131728583
2.287663875291354
2.323861953473995
1.729606592656388
2.5560673075505784
1.6777088195203598
1.9769117685889939
2.416433966568062
1.7590244458381372
1.6788562338960482
2.192797973618835
2.5741297733197803
2.140028480450396
1.962606653667052
2.541532535470415
1.7857952580228396
2.510239386529436
2.591578830385299
2.2385900002295345
2.3808203372744905
2.189228794384743
1.8970180544883797
2.2808317336810977
1.9772035107698362
1.87893015676617
1.8511914352741807
2.1723789963673843
1.7433994519937077
1.9333154641908572
2.4342112223384387
1.807922215862485
2.277916854641012
1.8594734889758553
1.7823900389426022
2.439000930214337
2.2648152895864873
2.19826538521484
1.9288149247558908
2.3778445925421874
1.8405079370166482
2.089913058915321
2.5200547458698432
2.2484703837132303
2.213247025476161
2.5297601149206077
1.9234465797859976
2.339225255533483
2.5461403510495
1.9513184979143394
2.296541307914521
2.5633162379997345
1.9609878135012684
2.212679543345681
2.155064111166021
2.3897218556431845
2.458143101722365
2.0087278370285775
1.8759962552755636
2.4718164481782083
1.9010330827950719
2.4504759972007184
1.8559968607710495
1.7345221831817215
1.7998438488856643
1.9924796493205776
2.155367293532336
2.482678466029702
2.558259018536936
2.2464678144152512
2.6045413529747594
2.195513684967606
1.8773970757803673
2.336806865182622
2.5315005337465695
1.702190465573287
2.0143546543046607
2.0689703960313888
1.9596148008099554
2.0874678498468375
1.7227476825640589
2.0599651341570504
2.088734209097426
1.8173955465960652
2.054984092709447
2.0516287842232983
2.341639555541183
2.076982532686426
1.6369928090829289
2.5362048069821492
2.4364172684570824
1.7184100772724298
1.9229986225352511
1.7579120617349189
1.9831784331332762
2.088973830233608
1.815600534244257
1.6659121943227893
1.9653750463526345
2.0199381448303346
2.33082007674027
2.4994978913925574
2.475939089915471
1.8210879030068108
1.6485630710900319
2.5883065254379356
2.091227934039145
2.1558068681065863
1.9335051819878224
1.7030239707098018
1.7719892353189786
2.3718375952503514
2.2902565628534557
2.458651779455638
2.527603696614118
2.133234752737395
1.6910993246751231
2.4614437210941214
1.9038992615525594
2.397428232273666
2.464855604648858
2.3017126625306132
2.519773121946405
2.244625425981181
2.4524052434635464
2.4195602327301082
1.770718193401702
1.8881890085924946
2.0010945151139277
2.2115961941392133
1.647652775464963
2.3112695544132076
1.772515372534966
2.1230188207426446
1.7229390146377135
2.190903214362195
2.5081975787513757
1.6758231603856457
2.4987973012343043
1.7752836900656321
2.519500572089243
2.374019748110967
2.397630718345114
1.6450388044380542
1.903519764799045
2.380865034122857
1.7007672382036587
2.219998563540877
1.626172918956389
2.410755227983064
2.373569277062535
1.8645869580872385
2.4504669171559805
1.9165121267825795
1.7829592266150724
2.5449867103456767
2.1525559191329062
1.7672700345816628
2.3100410882179108
1.7209115138671565
2.373386427148624
1.7922387185591713
1.7425843370352923
1.8156656067645365
2.058538789073424
2.267843173138184
2.559363337505209
2.5188178425488768
2.298876902255082
2.5559728871040233
2.366734790708469
2.5699936438081306
2.3383587653443847
2.091745567990561
1.680922531917306
2.5187456938744646
1.7793466232007136
1.9441633643483502
1.7738804688258374
2.2924941796696428
2.058564043677298
2.5904403807010903
2.310998341884377
2.255165668940642
2.0933346234417445
2.4708796331564415
1.770182619319179
1.6234777003647622
1.6387683320995388
1.9385227884310507
2.063797579971326
2.0240292991902487
2.578231905656298
2.5004335239961017
1.6121779158085716
2.535894692572646
2.5120476136665637
1.9729552456811104
2.1397831551919815
2.1701871283633465
1.9640082920224495
1.7708374582409987
2.1221746385431084
1.8285284584137251
2.196601675999749
1.8400407978959876
1.6368861240469659
2.0694821296323203
2.0267966805079887
1.9633997068636793
1.7625963992421478
2.354606602150228
2.5203291448679424
2.4478151426677845
2.2881177433830566
2.5496894623378368
2.471927694555015
1.9062003199051696
1.9232257605743714
1.7921176445003817
1.7230715853933074
2.465908408742679
2.608116262024647
1.7778095733193091
2.1852384105975577
2.0302233294151018
1.7727981961405328
2.3381350760356074
1.7190883563274146
1.9138010886155645
2.3587249398104135
1.7886886896214598
1.9650814569177266
2.5326493668885934
2.266710238038043
1.97700411868574
1.9027844807782972
2.0247481578574935
1.7602160504639712
1.7539818939802512
1.6207949920921203
2.3533323499484067
1.8199043433092
2.3139648463654563
2.1617963411230114
2.351937345209913
2.165329974846867
2.5888392984781046
1.6462329374719809
2.10934624202565
2.1629329678756957
2.3561962428451757
2.1563146933316886
1.6911207438029512
2.1725447011832615
1.6179750368891488
2.3958423688939425
1.8647002432732414
1.7539395419241293
2.1232582226541297
1.6354838573562627
1.8766721933335615
1.6556435168358457
2.253372696593931
1.6562592950809505
1.6550499080193417
1.7106862775503702
2.037503590622187
1.6956282136010854
1.7984508556151377
2.445740766881389
2.5726210133045795
1.644342551167059
2.5685675109501322
2.420960964781242
1.7221146353535564
1.989991837323795
1.7007944351710098
2.0633820936480807
2.1677839930995284
2.0501730679568757
1.9131325391990466
1.7823224528174544
2.2867704362230152
1.8308791822585704
2.0314202447788645
1.917859990268815
1.8918544022963903
2.319783843236801
1.8273685712927308
1.897971029994273
2.579301517826136
1.7598453947425525
2.338323631294123
2.5320940628917747
1.9355890820322932
2.1310020723722003
2.4382961083957957
2.570299760117243
1.7635375305367786
2.0578058913076385
1.9330868723738046
2.6033766531298155
1.6463041995068852
2.1204455116548355
1.7920102900593253
1.901464388780369
1.947535119376079
2.1334621597206636
2.509120688155624
2.4052345316239823
2.571809015321159
2.376387482259647
2.1024150551761145
1.7501014033089286
1.9443484388205037
2.2841122997381964
1.7362630909464347
1.7416086407185538
2.0400765575524358
1.7900898302762
2.4452989476305844
1.906593099893246
2.4998505404488234
1.7098545096600892
1.7977944526304266
2.058304727952734
2.4674458352273807
1.9258045852126904
2.50843299506403
2.1105307968139084
1.8488946535372248
2.1559976484456724
2.395230481721392
1.9333896926648413
2.3661003368974765
1.6897903477606646
2.313809258280764
1.629076727886281
2.3530451962338046
1.7347622431764562
1.6792757054039114
2.5413889795734894
1.9597575334576474
2.3608970324293894
2.0321673141808843
1.7310726628778843
1.8088292653322497
2.4444133510344654
2.409685148224418
1.984257978831081
2.001123350779422
2.1243778283627965
2.252345579662219
2.5590073137025566
2.3416308231421117
2.086846379453614
1.6518773077487308
2.324265995000506
1.9708596056621694
1.8449102694939314
1.8682910956261174
1.7810157733894805
2.5888809471454035
2.537854398652187
2.5754254186941625
1.8694753445586074
2.133596391927189
1.7907585887944366
2.2634909007874255
2.441670288419358
2.028227588306663
2.6016301869295435
2.438809989867065
1.6684061447666376
2.210149351436685
2.213020778767635
2.5949315632053076
1.904996022614302
1.7030256660133998
2.3827385995145827
2.4182293688303336
2.477151192939112
2.072323125406487
2.0639262068695876
2.595593126003696
1.9050856424831708
2.136770308240238
2.509159505443526
2.4402258061887436
2.2856671514484272
2.3885585875759983
2.0855947394828753
1.6810149113278827
1.9191817750114835
2.4602677894089
2.0316099985793303
2.4934653400898656
1.6949449501788334
2.129713655645511
1.811978187961056
2.5350732534507836
1.6281137118418119
1.9839836272578422
1.8051572484569334
2.053002640984939
1.6360380168059312
2.383228311881061
2.0691936075462825
2.0882267776453687
1.9978641621695858
2.4633279042866194
1.6599669283123688
2.60263968198927
2.2715823145903786
2.5701982428352546
1.9995529718320981
2.144341774989009
2.1066294021128993
1.962278386630813
2.364123196796945
1.819980740928947
2.263371063054252
2.498311207498619
2.13119073738019
1.7918074781350009
1.8878957196839483
1.687130288836668
1.863299508128533
1.7527720900292705
2.0500061340840703
2.597947175331485
2.392979141970844
1.7108453221725939
1.7355720894822586
1.7249538250803043
1.7750953692205271
2.2552337890753402
2.236680386614911
2.137377257685055
1.9213774632291745
1.655327161666677
1.9775770818325578
1.676273853735853
2.127555802118526
2.572142755475126
2.3063885275132874
1.7264552537222024
2.3376364884416896
2.089593107423496
2.589546576264922
1.826199227825097
2.275027842855155
2.491980736392248
2.397416412140382
2.4743431363712456
1.8294821816282159
2.488540020001083
2.5032276014165893
1.6375163463939342
1.7368768358111473
2.4779803471215787
2.16253014347687
2.2892890067113365
2.291411507101204
2.5041994740594458
2.5698124416396757
1.7477292092846595
1.9916025705127995
1.70970815165151
1.9385839680123693
2.167174573517624
1.9358979517859076
2.1950985452191962
1.9504371116452144
2.5359625757834023
1.865999761646447
1.8456641240383773
1.7684766268412433
2.3614428520226394
1.982371130459863
2.2600264146844653
2.564534159750306
1.752344761431026
1.6866673327255852
1.9764074236522233
2.146254549171243
1.9097330094571427
1.7427015285410554
2.400415341807624
1.6888711136441403
2.1282081433342173
2.1180323553892877
1.8812811934878335
2.414902288842877
1.9881008045554978
2.392115162104566
1.7182416880127596
2.2679621627989195
2.039239576940661
2.5196066629287417
1.7971171462356998
2.099924428458071
1.661229268531765
2.1767375693331585
2.3135843707525647
2.466845226137269
1.9328346186987853
2.1569939293081264
2.2111149066041884
2.229441819105751
2.114970490146405
2.258344974122463
2.0982656902557992
1.6166273676660643
2.2510300053508168
2.331822592923741
1.8268729612060581
1.7192549449756755
2.007555224667623
2.5680164505856173
2.4403291831794314
2.336155010228847
2.1348820590978073
2.542597448461255
2.2191151407991736
2.5765464833559633
2.443779131947325
2.5194482352524807
2.3118906269008113
2.1987403983636598
2.065861702689061
2.4954090872711125
1.6565767448003994
2.091393699226006
2.039390095247919
2.484647650510138
2.5380317189719803
1.6325843564394427
1.7680154732554496
1.9059311240070598
2.5096797175214713
2.2921808931485814
1.9629708458261552
1.8437431063822223
1.6948795562412524
2.123755315128143
1.8326187297151726
1.9559487760960677
2.1353088547918144
1.6997420411870021
2.1673547410443152
2.462883177293872
1.876710527836617
2.4485537929107926
2.071387141562546
1.9493951210139502
1.9456730638913624
2.111536452041734
2.1208984904341945
2.5357414930950775
2.0713388011623377
1.9903949757406492
2.1162905517057897
1.8781778666349007
1.9898149171296677
2.240757241144632
1.990455364836924
2.441938428431849
1.6602479923726396
1.7638733014734123
2.342402610441623
1.8087563509869253
2.4717117906288917
2.258385769841761
2.2986761381904603
2.5655321306908987
2.4654733598745584
1.7576842466084195
1.9555193883871904
2.3422534604315066
2.47552710820649
1.9182944641009394
1.6188575473928015
1.693647631626783
2.1299507041308425
1.7349999907228193
2.379001241819042
1.9276758123719355
2.3270520402293413
1.6242604440131236
2.4117024114863876
2.287118042783613
1.664450515697783
2.320469148442867
2.3372588171287565
2.1517038374680353
2.1909497850034603
2.4010761150672706
1.6983268030258565
2.0855339928160115
2.602135781113224
1.7051943196705173
2.2069595158342272
2.5561465976208506
2.575898771745761
2.361738737026396
2.268173960214632
1.9867281166532644
1.758911866334108
2.0749488760481296
1.9445609260045411
2.2001106802710457
1.8537389266348434
1.8840812284153137
2.2984753302748935
1.6600916875170777
1.9741115096137694
2.4915442877482024
1.8088179540096352
2.0027513579552907
2.0029801986855795
1.6895176913571062
