0.7414100321949745
1.2419845319435026
0.968385183486635
1.1352210179071742
0.831558408539321
1.2995427914910553
1.5780483810328325
1.1073846073663727
1.541651074287152
0.819530886374287
1.3421317438525813
0.6776663143606395
0.7497137597809377
1.2565570651591873
0.491110455504224
0.38867028507593937
0.7839636772667256
0.6912396125307773
1.6009689003410656
1.0500705705282256
1.6136952207035273
1.5150350909803743
0.825088503025178
0.9685826174430405
0.7530552403853924
0.8267426303386158
0.17081771255341885
0.6851037641116035
0.46313378708619973
0.610066602894519
0.4828573290376072
0.47457861188615763
2.2410103308026033
2.249391790560448
2.0114090778948492
1.985963734148222
1.7860212336333083
1.872134407041461
1.3780723278376277
1.507024180031067
1.5268568063304857
1.3309206499690724
1.035151593396807
0.9184678832102298
0.6610590146636304
0.037506176075053334
-0.07893051292069447
0.1330207279347396
-0.38402406501147884
0.04770334891088449
-0.44679899918482674
-0.33922089435392616
-0.34191181824447264
-0.24103563844348855
0.10711958036318668
0.5312695588651437
0.2253854619002913
0.15893483424972119
0.48252129279788714
0.16443082790194155
0.22260611573615688
0.22883287215292986
0.4283265756683766
0.636071937434501
1.619054928579206
0.8056974324255741
1.1785620019087875
0.738233519237971
1.0752085759934662
1.0715101701230352
0.5022026020823339
0.25514297885770293
0.21034775759663507
0.6764894430593886
0.4534270150078034
0.4405156544729385
0.37316324309322213
0.3374711145862499
0.13985784255537395
0.018420380507130137
0.2421005985604282
-0.02526656945150493
0.03940868432910198
0.6965324126077382
0.5496044653962449
1.246758540567588
1.6743273556074423
1.3762964253685162
1.484071800153059
1.1742965559817293
1.7353706869316423
1.7145807994894349
1.3091531463771011
1.1151978718257831
1.6539041933198215
1.7779110583971536
0.9041586058265006
0.9680178250948384
0.918895777065338
0.9275683497480472
0.5636118995722651
0.6056178703425181
1.0950203746625375
0.9706635579464284
0.4127179635823942
0.44780585905175285
-0.09511633464753129
0.671059648393744
0.7000317032275184
0.8099793950179875
0.6844311210116316
1.4164884845758139
0.4408578847132197
1.101733985929161
1.3259839531931712
1.488527203300977
1.543395490117562
1.3094409897835124
0.9354186663808989
1.2800130215405838
1.2762429978002892
1.3315837414403668
1.2868281269221773
1.3338592176596082
1.0066975625179493
1.0663784870210427
0.8106227321070968
0.951536387906402
0.4782908780613557
0.42448088525095157
-0.0008940293694969568
0.05137983871392009
0.17690856266054922
0.34589856683729325
0.2523191607737041
0.07358371720940113
0.6659701714597285
0.6437258608477371
1.0358039134749057
0.6248068657490466
0.7672982409032745
0.5997201340862283
1.022130968160502
1.301190239355089
1.2102514527596242
1.1428404613002807
0.8630231494795723
0.8420023999538602
1.089046528396018
0.9248188036417362
1.2315943984951438
1.0973647934241952
1.355057202108936
1.5966986585218481
1.7565169144826773
1.3623885381000542
1.7078795486601348
2.173831686407971
1.9995899709075557
1.5458027379658388
0.5136976464260953
0.6562556720842764
0.8714363887482549
0.9493905597850844
0.7826837194622964
0.8665252185799039
1.280114141825069
1.2606590303248495
1.168799102453561
1.2719522549863942
1.4330372652829497
1.2924442364270425
1.7331689793278755
1.6881017537007865
1.5067202893982499
1.3200520889512415
1.457348866901693
0.8014550845795302
0.9635148851744239
1.0711988106414498
0.8878856855042911
-0.012458867053955696
0.32082045796379305
0.19655167106508942
0.22642796668563145
0.2400765142171003
0.16959157233062888
0.39729863177005836
0.6551727495092466
0.8160861623197578
0.37284218877018127
0.7837552215230112
1.5610533206476338
1.1729462799310586
1.3108736078439391
0.7263287804647944
1.4808369383049935
0.9278423945254445
1.171332601562554
1.1029534226606037
1.096493850667048
1.6403373021828804
1.5946440058507718
1.4777736941629604
1.4204888260123356
1.4176738950816745
1.5512902159459856
1.3528928147633934
1.211597369586915
1.4323424474899595
1.0633834452784912
0.9967613085226757
0.8496085867201617
1.3094749473823477
1.0842998001648418
0.28566038736396876
0.5036624737715442
0.1232242891431288
0.4321461125087596
0.1348599147803015
0.35425924232705197
0.013686179571939258
0.40376501308490287
0.017717216175103766
0.5405493319341635
0.5803403387199338
0.2912147207335178
1.2747840807367918
0.6360995876624148
0.9852775038027387
0.8370974294819339
1.343453635613348
1.2573776999434771
1.173904405584279
0.9606725875322055
1.3574635943141506
0.8290449251289571
0.7527060898456606
1.3234937354128986
0.761734349423571
1.468690507045914
1.4794571567128654
0.9344365964121487
1.4772107518457636
1.2127503804507551
1.4350126027666483
0.8477399168015389
1.3813908599110825
1.11184711817095
1.1542676087873274
0.9492059574241679
0.8702235128252224
0.571311728701567
0.286918641426308
0.1711276597468548
0.38163261146068933
0.8537983114525489
0.8672724214880095
1.005649313526694
1.1404251710170181
1.50903007258045
0.7713098909010372
0.8051240561029381
1.0485242163520394
0.6155432552673196
0.31357942790379245
0.08218744620775331
0.6672525257495454
0.7520774060569799
1.0322961994622017
1.2687309435904393
1.4589763009717778
0.9772914631449868
0.9513234865442127
0.8582215990767467
0.19975289976558278
0.10843265288712581
-0.306984781573904
0.23422505138236877
0.22496609178595922
0.5964177399087037
0.898416452904599
1.190332500675463
1.186168175042851
1.0955290621820184
1.608620207851727
1.6787117954200712
1.4874158401637503
0.824877457481974
1.117855027770889
1.3861124193655296
1.012848584360013
1.039996648561845
1.0836446840833291
0.6314903800181453
0.5480206551202542
0.46340552733696827
0.4426412585941771
0.8031201963142738
0.42384735463887174
0.44908162260217716
0.5176478722173476
0.4815599068918275
0.1284201341458097
0.9159841369060846
0.6640342611496602
1.0480750671502517
0.778059810858626
0.7002180073118062
1.1012407283146004
1.1065360620513962
1.520594679670788
1.45136609608872
1.4634099872597912
0.7895396738315985
1.2103559544443594
1.5812097484816687
1.1128579802963001
1.278216820519058
1.4635953877914298
1.606008758481116
2.2585477931454006
1.0944590354468693
0.8550957495582475
0.4377630909611129
1.29391918580381
2.0594706087040664
1.5322460975076886
1.3027921012565185
1.2087786857548553
1.4758563847329582
1.7458310011210854
2.3000796417259934
1.8111238588426852
1.8766911129027564
0.9896064931420008
0.924131042090959
1.26827290468448
1.6245661168163623
1.9058998635481927
1.4865461165056686
2.401499715505102
1.3793547512838615
0.9338555856239708
1.0172489648745902
1.8087123311076547
1.6880003049007737
1.0290143841941626
1.8192401255745947
1.3363583193828188
0.89031125277448
0.49448999741808014
2.00320494060684
1.8736722743742846
2.215094814862952
1.0095330630376007
0.818408207299701
0.9939284673471435
1.7344141371331823
1.7705896381519015
1.5066007065220643
0.15759361237668199
0.26306459890430595
1.3230393538605776
1.0239134646517463
1.7421672515176547
1.9973440988899636
1.9035224077707162
0.6892266178414548
0.8432626856209849
1.4951526858607722
0.6348708868311204
1.2890544860583149
0.8849077876508835
2.137847850640084
1.7151617870259117
1.4123754730085158
1.5463580284176421
1.1713157375803296
1.2560890344161544
1.4444349086399522
-0.2786050081441232
0.47461356440604135
1.2787504773832532
1.7905649489111641
1.7669873629876516
1.625985531608193
1.9752409948719278
0.5704511178653203
0.7358883330063986
1.6854049887504874
0.9106709675493844
1.7112275202192564
1.7714631588935537
2.099229823453634
1.6102213292771992
1.4604277679538538
1.8017948033922906
1.454835505435216
1.6563520884255085
1.9320953329184827
1.5174479260823446
0.19795979186772053
1.120047323022314
0.29571884595032816
2.2739551317308666
2.570553935567822
2.09343961641556
0.9485646992855502
0.6611918656079258
1.1545329426891366
1.4321667872547832
1.9843314299039196
1.7549619645557815
1.9163320437089248
1.0192641174147836
0.9186652221088742
1.2642365476485533
1.8423262094379673
1.7891525137474356
1.4829614766745263
0.19987307934713222
1.2469281783546133
1.601680722246058
1.8358285340495581
1.0629258461489992
1.2218047433752237
1.907117172798265
0.7886530459555461
1.407169078455155
1.6958819588825262
2.445769784359767
1.4312204275218647
1.1424581793276294
0.46895335647024716
1.4298278973974765
1.8249761145342287
1.296224047437532
1.3608623396641024
1.357122453324048
1.5884209859423684
1.1827258925270634
0.7938408399553188
0.9374856629329581
0.9853878209635331
1.5972707506178507
1.9392782220919567
1.464057333162805
0.7682202755748788
0.8770336545327494
1.769020363291974
2.722341080490896
0.645003411735702
1.5237507184979446
-0.04181276767860156
1.0437916601874062
1.5596673449323404
1.0243123190874668
1.463420175164597
1.34952152712202
1.3596551385210907
2.467104676651693
0.1242887791553952
1.6340106821225946
-0.10658214368086126
1.1681732568707242
1.9350611413034466
0.8424734677243507
0.6134989470328517
0.6911162916962221
0.5957361488526155
0.9893984497728077
0.3485822088940246
1.0484952345975302
1.8569153773665135
2.3250470193165533
0.9557635574353048
1.1374801721008743
2.551272880620691
0.8519993304239243
0.5773091590576966
1.952757548069777
1.0885867094438229
0.5796851770808299
1.6333381020779683
0.9343541047995229
0.819306039439787
1.0928978961420903
0.7027399538896226
0.9221420157940055
0.6682512896419852
0.8643502866764918
1.17892581429866
-0.03648882837011133
0.6519247878248876
0.7645560286610457
0.3223971848508607
0.8167935540421994
0.5459473010722499
0.5351980032843451
1.303271774414809
1.2836172418543068
1.2412551552111006
1.3371268824194966
1.3578893566635681
1.1941600621555521
0.32553132909367294
0.6083521975565828
0.8457538688204913
0.9735964046173838
0.9406289482870491
1.2937135878146009
1.0792521428568722
1.3071864761785672
1.576616090954736
1.199587956086002
1.317778346078746
1.014516425966045
0.36331662093573047
1.335482523623936
0.30949735128672773
0.9770405149517452
0.7449546139793751
0.6222551304854824
1.155652891172335
0.6599464564076163
0.08191614753589874
1.0148703591963912
0.8399698220029735
1.0371808352095901
0.6399544018242075
1.8517370502480617
1.0432164122366612
0.7012503991285159
1.7507598352790847
1.0544976798223173
1.2045094553194473
1.3938311799580294
1.1050366667591058
0.5775161525910144
1.292585470639976
1.9969638433356551
0.6338996616999562
0.33701564435378895
0.774365996889501
1.277801448095728
1.5404512920164688
1.2558018805430833
0.7371826954076663
1.0529003522513065
0.6716114013231773
1.7535208670313565
0.9436748163206523
0.9749238225994515
1.345307460767923
0.410885492648696
0.7293360452647175
0.49611199670933065
1.2368301644576887
1.4472198819520543
0.9590823502214133
1.9908647402898485
1.1381223936013425
0.7972534787760915
1.3403085563106094
1.5941604708429096
0.9786402645303036
0.6049745098251643
1.4067426380307377
1.1897074040648439
0.9398643461706363
1.571409227516666
0.6828482218389037
1.1805313570714742
1.0016813902007191
1.2194648694213974
0.692203747553876
0.34379881415839664
0.807620795735037
1.126316862030059
