19796.074187808266
17148.057320132233
9786.289911667514
9274.768565462395
7705.331312426712
7536.175212957913
7508.667608357842
7469.923774260855
7409.022318509511
7319.6882512187985
7179.559579451473
7005.998364125999
6784.8952632679075
6579.974525734392
6415.150219173906
5822.533693612345
5716.770447037217
5424.359542041144
5284.128645496004
5174.139483458993
5011.646986963844
4842.251384689614
4805.483272934503
4704.824174530023
4601.0274932321745
4420.707282594641
4323.566806575725
4167.883674595247
4131.124895495195
3928.5108990145964
3877.2921959514706
3855.7091964848864
3754.557590247033
3709.7300372425157
3661.463632291492
3613.5417556793914
3591.9370803492056
3583.031330481104
3530.6064422415957
3493.182693812226
3496.253949542127
3439.3183954852766
3414.7213580361936
3398.3619508811753
3370.7291148379795
3368.293709578717
3357.884597028244
3341.7261940874737
3334.524831536022
3321.811365942911
3319.0408146446
3309.3591557954946
3302.0690569301473
3300.2602283493065
3293.417736161652
3290.8007205775284
3283.5699516899713
3278.714481334965
3276.4887949463036
3272.2952189597117
3269.8312428752047
3266.0513804599627
3260.3736427436097
3257.514732074728
3255.050090238555
3252.6654068434354
3250.4140711207915
3248.29292877579
3246.2797406053855
3244.296347107191
3242.435388920015
3240.4300932630126
3238.5091356682638
3236.7257585488956
3234.9774378906054
3233.2747091707242
3231.480743814619
3230.9227413881517
3228.3276923983753
3227.1861793550825
3225.7354561859456
3224.2760940039466
3222.9130535846075
3221.33081154665
3220.782243615356
3219.5855519422903
3218.491695909386
3217.588045559682
3215.991925352052
3215.1943491926036
3214.4466639931384
3212.820167571852
3211.6445664425905
3211.0180640845697
3209.8435289693025
3209.1174082646808
3208.4225138230827
3207.805614560898
3207.2181420523743
3206.6773968469156
3206.1613599711245
3205.674070278882
3205.1870054141427
3204.7344134410537
3204.2842652511367
3203.8026285814785
3203.7371107245967
3203.283684831671
3203.2251363518626
3202.784425535759
3202.694167042053
3202.275114802474
3202.2138734265973
3201.744508011139
3201.617957734819
3201.2378037947065
3200.8756295589296
3200.4359980828917
3200.346109175779
3199.9847046916893
3199.7350866497986
3198.8029827838545
3197.884923145484
3197.2842225420495
3196.805277086077
3196.125229308101
3195.564476390593
3195.301602105797
3194.9845471744366
3194.908271453301
3194.6545355241637
3194.4166446995227
3194.186097865674
3193.9617845769744
3193.745597139372
3193.540048412915
3193.331886222811
3193.1268958429932
3192.9321725341333
3192.732898074742
3192.534991646191
3192.350223070596
3192.1611519133176
3192.1472395171477
3191.8816843336717
3191.795779692187
3191.616125700832
3191.4393327798534
3191.260795272561
3191.0881342667167
3190.9193837330427
3190.7559704819346
3190.5935286865624
3190.434361313049
3190.275636890772
3190.113120287805
3189.9556111004
3189.7909922135495
3189.627477238874
3189.4699469504435
3189.4392806642904
3189.268588140602
3189.2226601642788
3189.0293077617644
3188.9518185548404
3188.801859703754
3188.656892884679
3188.512448911369
3188.3682351025905
3188.224295237036
3188.0819952989186
3187.9414667444266
3187.801665953615
3187.6628199183847
3187.524677516229
3187.386965237835
3187.186910241001
3187.1351082757883
3186.985134143896
3186.968957083966
3186.829586826665
3186.7346161922505
3186.3559041943795
3186.013892685684
3185.9697178984084
3185.347690209642
3184.908659566452
3184.672202520716
3184.266637347962
3184.1336640887503
3183.927776370208
3183.764751599241
3183.6154627992855
3183.477952711664
3183.3402833143864
3183.1989892201864
3183.055679444417
3182.919284868273
3182.783915691039
3182.639066740737
3182.493480663325
3182.3458742131666
3182.1978815930734
3182.0321186042875
3182.0002244522907
3181.856230248385
3181.8459352895056
3181.5664046900047
3181.442186412795
3181.276612720965
3181.1161924397975
3180.9571006891324
3180.7995082401812
3180.6410613911407
3180.483053110039
3180.3227878045095
3180.1620596974512
3179.9993408996525
3179.8430196969543
3179.679926140094
3179.5195454616696
3179.3598970853895
3179.202614969397
3179.027867367924
3179.008504763423
3178.849387289961
3178.683331373419
3178.5225094463885
3178.3561171824
3178.339831862806
3178.16145365569
3178.036868727403
3176.295077611414
3176.104685721848
3175.3671262414555
3175.3066813013347
3174.9400429742573
3174.7552091676625
3174.5906192709517
3174.257661981921
3174.1314499635128
3173.9484289052166
3173.5138529272795
3173.171808097564
3172.926289170229
3172.7084400950507
3172.530243607107
3172.3274849835457
3172.2974303503584
3172.1370354510946
3171.9818228637323
3171.831941313139
3171.6860298052115
3171.5441429784714
3171.4031036066326
3171.2631871228805
3171.1274739683868
3170.9963918562585
3170.8630591908586
3170.732398451129
3170.5991094813726
3170.4683297919523
3170.3373887893113
3170.2073437794306
3170.075213390261
3170.063748139005
3169.912011912999
3169.8777534109727
3169.73237281112
3169.701963524493
3169.5481085198303
3169.5040925756693
3169.351673523141
3169.3082153924365
3169.148351529813
3169.0852561604333
3168.922464910339
3168.849009595654
3168.627079718389
3168.4989828698294
3168.277378269625
3168.1605739107736
3167.9976177517196
3167.836013199802
3167.688001964011
3167.5315746510305
3167.521194386378
3167.353134604368
3167.331124581575
3167.164109934667
3167.1479054789224
3166.98693796259
3166.828925260197
3166.6122336616218
3166.524325008475
3166.3664200655116
3166.1942445816553
3166.023295620199
3165.8620527195244
3165.6959213842447
3165.5307823952226
3165.364141992136
3165.1919873945153
3165.0156081971927
3164.848185556738
3164.668994489849
3164.6571303060573
3164.4685476334353
3164.4396444377344
3164.2628464389163
3164.2501837610907
3164.070780817985
3163.8908378189303
3163.716637538866
3163.5696728793173
3163.225912451425
3163.0139479836785
3162.8358338159815
3162.805052915259
3162.5584442134486
3162.45850959756
3162.2823519514186
3162.248904545593
3162.040022699711
3161.9372576569526
3161.7778376831507
3161.626322880358
3161.468551530291
3161.315228395758
3161.1714213885475
3161.030742533031
3160.873761996543
3160.811466925051
3160.638140345134
3160.5543092975013
3160.418734095963
3160.3138417657196
3160.131137454243
3159.966028506617
3159.7021494643286
3159.549006093201
3159.4315407504223
3159.246963391717
3159.164423963944
3159.0421784220966
3159.0197495300067
3158.7499405324165
3158.582270510798
3158.4626670753637
3158.4550168331552
3158.3400454866355
3158.253241623442
3157.930965395504
3157.6451784065307
3157.6277954761886
3156.957803345573
3156.349562526739
3156.3093273287764
3156.165833471475
3156.0352768615408
3155.871788816449
3155.763397215541
3155.7099734212957
3155.559803023578
3155.489888952081
3155.4170756861163
3155.186523726381
3155.0653846358764
3154.9810698056126
3154.8811749692986
3154.793342678671
3154.7244061160104
3154.686706334056
3154.365630169034
3154.079765097528
3154.0018320679233
3153.9330768970594
3153.8672478002813
3153.846042698237
3153.7151590700273
3153.6827632709906
3153.5938523492955
3153.487962021166
3153.4324382613822
3153.3628673799326
3153.3559057182733
3153.269073590498
3153.2528358732866
3153.182719621523
3153.121357116038
3153.0625951560755
3153.0072959460194
3152.9790468227825
3152.8622247232693
3152.824906909462
3152.7570750418267
3152.6581376412187
3152.5897156936826
3152.5220527389447
3152.4553718850316
3152.3892926926924
3152.3262222845706
3152.3160072516107
3152.220538741434
3152.179251594463
3152.1008069367754
3152.089401237583
3152.02551752156
3151.963933525046
3151.905243697359
3151.848147943718
3151.792945762754
3151.778923084785
3151.656607787405
3151.564638781687
3151.4984411000037
3151.446745650049
3151.316516462881
3151.228723769691
3151.169890530901
3151.1620097946457
3151.0479208244474
3150.9929479990183
3150.9275418379816
3150.869627251327
3150.81523062699
3150.7662561507295
3150.7178300557594
3150.672445207488
3150.6280463448143
3150.5825152205753
3150.552927965476
3150.030132779634
3148.823515476456
3148.051131873492
3147.567016849829
3147.4418348050185
3147.374354999358
3147.326281605397
3147.2874116890725
3147.249341283807
3147.212657457459
3147.1787475131778
3147.1311669482893
3147.1179044539394
3147.075782399956
3147.070186699684
3147.031668685876
3146.9982381167106
3146.9280642085105
3146.8880366773683
3146.850022868649
3146.8133857073044
3146.777156307383
3146.7414174680725
3146.7046690942243
3146.667439402797
3146.632120133904
3146.5972451245757
3146.560712764612
3146.525493235974
3146.4882926018595
3146.4838427652944
3146.4455348321403
3146.4353794007693
3146.3719493888216
3146.3419943222516
3146.305062168529
3146.2695848503067
3146.234608900479
3146.196707517183
3146.190705775845
3146.1412364958796
3146.1274224479052
3146.10015341466
3146.0472900119203
3146.005221606367
3145.558476647931
3145.116375692044
3145.0890532153103
3145.0292116265714
3145.0006441181613
3144.9532751846737
3144.938998516376
3144.890892365401
3144.849476463776
3144.767090650435
3144.6889863722545
3144.5196237253354
3144.361977553993
3144.353220946039
3144.269734633736
3144.234980994948
3144.1764319635768
3144.133189525764
3144.103867463921
3144.0018720733415
3143.9256529444165
3143.8813734428363
3143.8405870412607
3143.802005346196
3143.763567761586
3143.7252351993707
3143.6867201925143
3143.6787236346313
3143.6042080942034
3143.563150015723
3143.5236245972765
3143.484879494431
3143.446677808311
3143.408781655538
3143.370909241561
3143.3330874974854
3143.2952297593397
3143.2571811082703
3143.2183777795035
3143.180330900586
3143.1400044400416
3143.135588259521
3143.087337064016
3143.0775981400684
3143.0354005845134
3143.031689581386
3142.976767867704
3142.959678068821
3142.9161195079687
3142.912233437593
3142.8698484924466
3142.8330879615664
3142.7589710078473
3142.714497065188
3142.665714942015
3142.658093875916
3142.606578997994
3142.5974047634536
3142.551215644202
3142.537855136255
3142.4031222437015
3142.3094466365824
3142.2728230385455
3141.9707438589894
3141.7176956120516
3141.667851165448
3141.6156740209076
3141.5657724999746
3141.5168108220646
3141.4680746163094
3141.4182580823162
3141.3792775612437
3141.293496817191
3141.211875395924
3141.039508405801
3140.874096654009
3140.8658007837294
3140.351622342475
3139.846261216314
3139.8136739520924
3139.733278036085
3139.6913283494873
3139.6291630556157
3139.5674289919893
3139.5064849647015
3139.444408662734
3139.441426634903
3139.379031303201
3139.364739746349
3139.2685285549383
3139.246462721367
3139.2204935561695
3139.1473297408656
3139.131337682341
3139.005331923987
3138.9408859849214
3138.8750134823886
3138.8083983366087
3138.7424796930995
3138.6772779118046
3138.6726696614637
3138.603899962906
3138.5922189144903
3138.5125291683353
3138.4897501898336
3138.3998720805967
3138.3669631514836
3138.288914770742
3138.2745233297264
3138.18526644065
3138.1654664776925
3138.089452328032
3138.014069826215
3137.937444723267
3137.9095429468575
3137.7598290201413
3137.6209181999534
3137.2663419376204
3136.912538988118
3136.8916592936343
3136.413730231936
3134.4939129833047
3134.3883419903354
3134.254420445782
3134.134775837104
3134.0178796849214
3133.905509321718
3133.7917480341875
3133.775127262472
3133.5986720610153
3133.5142316920746
3133.3875469781938
3133.263215006953
3133.1404570938453
3133.109409913478
3132.834484234233
3132.728525275983
3132.6536206042824
3132.501767909049
3132.461756411463
3132.323799550978
3132.2884759612543
3132.1538391230906
3132.1103343364443
3131.978741342394
3131.966178385229
3131.856602704214
3131.713758575981
3131.672217461698
3131.563475807253
3131.543162825157
3131.2893366290136
3131.2047762469415
3131.1135569610815
3131.020935469229
3130.9264942999766
3130.8401758994196
3130.7650579387255
3130.6983985865522
3130.5984836842326
3130.5556808986353
3130.485955358163
3130.4197809233715
3130.357045396315
3130.298198887626
3130.2398486558977
3130.2284441734373
3130.0733264138657
3129.9742399074757
3129.925258717185
3129.8114018662995
3129.7742679508005
3129.703634244107
3129.594809049681
3129.514959609872
3129.4669246545263
3129.4253928619796
3129.385706201669
3129.346847933292
3129.3086361006385
3129.265283340097
3129.258813700108
3129.2181289668106
3129.2120496737957
3129.16808593975
3129.1602336924925
3129.1162251736296
3129.1067947548586
3129.0625258354644
3129.0541633047187
3129.0149834627105
3129.0005133822065
3128.858507140321
3128.7299502304404
3128.6737167695683
3128.633229194857
3128.5359458503044
3128.449302035947
3128.4092405634174
3128.396332903884
3128.350192276895
3128.333250540542
3128.299684609716
3128.291071551185
3128.244208790875
3128.225768417158
3128.192085128537
3128.1604950873398
3128.1192681869143
3128.1094946536014
3128.0770591056644
3128.0464249709244
3128.0171555424613
3127.988859205353
3127.9611904304256
3127.933861828763
3127.9068743065427
3127.8763167028897
3127.8721435338634
3127.8422744897643
3127.8370444167363
3127.806850292745
3127.7996178309468
3127.701101243277
3127.650404991863
3127.6286479520195
3127.600942072918
3127.574257511877
3127.5481178268133
3127.522187607058
3127.496569278791
3127.4714631397524
3127.44611481109
3127.420854898703
3127.3961024504238
3127.360736940553
3127.3530432568123
3127.326457764253
3127.2958403074836
3127.289156123377
3127.2617003939204
3127.257645452099
3127.228758899696
3127.2208095068618
3127.1917836989223
3127.18373399113
3127.1566936977574
3127.1545516021824
3127.127897985258
3127.1257784530576
3127.0973494381437
3127.0919663787136
3127.0648931975556
3127.0605046364067
3127.032667355499
3127.0056866519244
3126.9753508441577
3126.9654269871585
3126.9410790502457
3126.917186730366
3126.893638366589
3126.870245938657
3126.8462743967575
3126.82249383806
3126.799151839937
3126.775996366005
3126.752015238386
3126.750665203834
3126.728290712472
3126.7050163102263
3126.7039900619093
3126.6818075330198
3126.6567533748644
3126.654133091472
3126.6312769904503
3126.607449170943
3126.6054064302366
3126.5801179989817
3126.5750670035736
3126.5516808058014
3126.528598030788
3126.505920580273
3126.483463739416
3126.461325279221
3126.4388991340247
3126.4167742163277
3126.395455476105
3126.3742654858584
3126.353370788775
3126.3325729209273
3126.311361588606
3126.310474168364
3126.289325347763
3126.2851033904362
3126.2536511406056
3126.2472916667693
3126.22341162105
3126.1907787969417
3126.1699904972556
3126.149866376856
3126.1476767109407
3126.1269227809344
3126.121961499803
3126.072519052825
3126.0495627103255
3126.039223649091
3126.0134783076496
3126.007528134764
3125.9874055321125
3125.9670721735934
3125.947724453654
3125.92740133201
3125.9078461293184
3125.885580739152
3125.879923595905
3125.8596472292415
3125.855451109983
3125.829655465997
3125.824677234952
3125.8031496612543
3125.783380615058
3125.7649380975736
3125.7445893456497
3125.724715878077
3125.7057184958253
3125.6932175956745
3125.2807135820167
3124.907404279145
3124.842886303536
3124.835666716077
3124.812492943162
3124.7914054883404
3124.760915553154
3124.735109498281
3124.6608422981217
3124.6450554943794
3124.5940981165254
3124.5709909931024
3124.5681493379934
3124.5484146180033
3124.545474746906
3124.5262799334664
3124.515574268662
3124.4907900409157
3124.471464084294
3124.4406382018565
3124.416947827762
3124.391606213109
3124.3690526949836
3124.3496816844518
3124.345727155848
3124.3288485430453
3124.325816657315
3124.300597769395
3124.2859160699945
3124.271223659362
3124.257487197624
3124.244410413646
3124.2317218508324
3124.219107553705
3124.2068701660096
3124.194763301701
3124.182807772618
3124.15902853408
3124.151036131978
3124.1471388884556
3124.133142053135
3124.1301036884333
3124.113817157466
3124.1087025000174
3124.0962052365535
3124.082432739895
3124.0810631825234
3124.0687965642737
3124.0564048638166
3124.0443678919282
3124.0323014258897
3124.020246057998
3124.0078298954018
3124.0019388939877
3123.930515762948
3123.8631138950286
3123.8615715189894
3123.8094954972084
3123.759908546343
3123.757951614462
3123.7187863264016
3123.6843188459547
3123.665442171975
3123.6483592421955
3123.6328582743854
3123.6211483212437
3123.5926323300732
3123.5682894737806
3123.5505598404925
3123.5377606886395
3123.5148314844314
3123.5101508957487
3123.4942604869216
3123.4602084742005
3123.4492280765126
3123.4281944345357
3123.408967861016
3123.399239771459
3123.3836269524654
3123.3788872135324
3123.365048989813
3123.361572745013
3123.345493480353
3123.3404232687512
3123.327086004209
3123.3143291084457
3123.3021775515613
3123.2902153244486
3123.278985693314
3123.267693349065
3123.2567812566067
3123.2456467952743
3123.2343452187547
3123.2242739489557
3123.203530759324
3123.194715672851
3123.1858689174796
3123.1188978730465
3123.1021111455134
3123.055602780941
3123.039079849644
3123.026893730343
3123.0035508949286
3122.9957772558487
3122.983161239748
3122.9615164804454
3122.944302460501
3122.9290836242412
3122.9272328978036
3122.9141326298122
3122.9022066950884
3122.889469706474
3122.8883573408016
3122.875578962055
3122.873643236813
3122.8612338378693
3122.859593398991
3122.8384932366635
3122.830477608313
3122.8165761943897
3122.8034193894277
3122.7912322260054
3122.7756559221166
3122.7609157276884
3122.738291935816
3122.7338644613183
3122.7171460958343
3122.6912497880567
3122.6689537958887
3122.6493695917784
3122.633998965985
3122.619017175517
3122.6068116549395
3122.5813393592225
3122.5680965931724
3122.5593218829313
3122.5439533511535
3122.5309980019074
3122.5099150341257
3122.4911030858857
3122.4757906921445
3122.4664102671345
3122.4564905904804
3122.4468844596854
3122.435806182253
3122.4340276199855
3122.423455165005
3122.4131863654325
3122.402808088764
3122.4012388443916
3122.3896893348588
3122.387466322821
3122.3774512221185
3122.367682867125
3122.3580608511083
3122.348681754351
3122.3390673588956
3122.3385253023116
3122.329584659411
3122.320287452687
3122.3109786014784
3122.3019684071833
3122.293187829108
3122.284615195518
3122.2756427543695
3122.266695669433
3122.2576698720154
3122.2487091327453
3122.2398482549274
3122.231165085379
3122.2183967798724
3122.214367652276
3122.2051700976012
3122.196308550577
3122.1870700278328
3122.1845761902705
3122.1283012168074
3122.0810830276473
3122.0774294858516
3122.066317934697
3122.0641719885484
3122.0508783112614
3122.0468005545445
3122.036628516494
3122.0326816149045
3122.0202044133584
3122.013910037652
3122.004702830157
3122.0014408897073
3121.989445257945
3121.9789323284
3121.9604602486415
3121.9435566944576
3121.8936414313866
3121.8481177079
3121.8450218327125
3121.8254256171276
3121.8192028984363
3121.8060630603472
3121.785764080242
3121.773383021288
3121.7656717837176
3121.742124089306
3121.7319266522354
3121.720551881492
3121.6268214273027
3121.574339327388
3121.5364532147446
3121.525457512601
3121.524627755703
3121.5155328985784
3121.508492208784
3121.4876648277673
3121.4737216409762
3121.4677745223726
3121.449697709269
3121.442018026505
3121.4324019178416
3121.414130393826
3121.4062765098306
3121.394376225338
3121.392920687137
3121.3794466238533
3121.3746381250558
3121.3638173494674
3121.362381071556
3121.351479233987
3121.34589384723
3121.3356997006385
3121.3318028165336
3121.3212564308797
3121.3169449715915
3121.303063382842
3121.299091708585
3121.2883876381425
3121.2872499628866
3121.2753656375676
3121.2696961376564
3121.256544152891
3121.252599934034
3121.2427421855787
3121.2341651388665
3121.2261769464003
3121.2185536877823
3121.2112084885343
3121.2034029701163
3121.2019178785717
3121.1861008586666
3121.1781857962005
3121.175897750338
3121.156945745253
3121.1485500270956
3121.143348130592
3121.1344606964017
3121.1270553745017
3121.113892413457
3121.1111616601447
3121.101866922758
3121.076634065405
3121.053378489471
3121.052477060982
3120.955064753543
3120.8987796579245
3120.8671829329146
3120.856273773236
3120.841619670147
3120.8322002288837
3120.8187765756675
3120.8168459321564
3120.8054048093236
3120.8044887628494
3120.7924350755666
3120.7813921640545
3120.7708162830095
3120.760880295235
3120.748344474822
3120.7443302513334
3120.7361219298023
3120.717438188371
3120.7096098744964
3120.6986857328416
3120.6885214889844
3120.6805072553166
3120.629376507015
3120.5961758909107
3120.581112034529
3120.5702948412327
3120.563194745042
3120.548295032173
3120.53736872945
3120.528868227145
3120.5206653064747
3120.512656326749
3120.5047405683913
3120.497002885552
3120.4888870398718
3120.487897251062
3120.478180041476
3120.47522406924
3120.4653199644613
3120.463606161116
3120.4627762356567
3120.4533950826803
3120.4515785863364
3120.4430179752817
3120.442098360817
3120.4339812291405
3120.425762397706
3120.417807904144
3120.4098818174693
3120.402090786438
3120.394327761803
3120.386273994372
3120.3784199036995
3120.3704021517697
3120.3627656332924
3120.3483447254966
3120.342634408613
3120.3344016257984
3120.3232996799916
3120.319336391385
3120.3100932038947
3120.3085270243314
3120.300287843465
3120.2921082502316
3120.2841544035596
3120.2761118339413
3120.268335815258
3120.2606747020036
3120.253141168606
3120.245722368172
3120.236520533614
3120.2347773757
3120.2272982439476
3120.219855865958
3120.21248601745
3120.204629455505
3120.197237177819
3120.1763261549836
3120.1657777690116
3120.156678830933
3120.138034260766
3120.126070058668
3120.1195472281565
3120.1017663308107
3120.0956576999415
3120.0870340483875
3120.074442703424
3120.0692590906424
3120.0640269905066
3120.0343818430697
3120.0084860620395
3119.999699469048
3119.9912373980274
3119.9832261021743
3119.9753816248312
3119.9738441412887
3119.943176197658
3119.922529490109
3119.917457178372
3119.910117326198
3119.903095414835
3119.8963852938045
3119.8896028896966
3119.882916934204
3119.876289013176
3119.869724658902
3119.8632420951094
3119.855344538407
3119.85427514924
3119.8477006107914
3119.8413033040733
3119.8349534838912
3119.8285245514962
3119.822043185753
3119.815719622003
3119.8093110872683
3119.8030049670324
3119.796549849871
3119.790129993578
3119.783243081433
3119.7825949214707
3119.7754526478884
3119.7746687351164
3119.7683561569283
3119.7619659399597
3119.7556323278554
3119.7475613126658
3119.745935054713
3119.739366953712
3119.7329085845367
3119.7264512211973
3119.7200358673754
3119.7095135663303
3119.706180458859
3119.70510040912
3119.697802182762
3119.696726059509
3119.6902940945297
3119.6837705642592
3119.677382610896
3119.671094110744
3119.664579033111
3119.658078548869
3119.6516372059027
3119.645258178815
3119.6389184646036
3119.6324718682126
3119.626006979496
3119.6196439328355
3119.6132555255062
3119.6068925755662
3119.600550927938
3119.594240684556
3119.5879547432637
3119.581284642826
3119.574698728588
3119.568271906757
3119.562088622841
3119.5555300480887
3119.5547209076717
3119.54373284998
3119.5388687872983
3119.5323909935446
3119.526275775873
3119.5201585104664
3119.5137529564277
3119.5074141694927
3119.501185531537
3119.4949902251874
3119.48896341284
3119.482778451568
3119.4765702578993
3119.470405082179
3119.464254124729
3119.458073691923
3119.4520286534785
3119.4459736639124
3119.4390459411784
3119.4381173145734
3119.431679751837
3119.429558337847
3119.420700781291
3119.4199829999575
3119.411320139794
3119.41070087269
3119.402456031899
