0.6523628453950767
1.0742206265148142
0.7929512529946613
0.9144253841220592
0.6775039429006038
1.0845688216294427
1.4065543415135286
1.035719229347889
1.3599672859427256
0.6065673067912843
1.3568269274832359
0.5269924556209226
0.5079935228440389
1.3451698983480054
0.7206944689808997
0.4499196164657324
0.9322226817453085
0.7360267627628464
1.2993805656075763
0.8993205581640829
1.2980362159584926
1.2590598001098763
0.45663695673992916
0.8658208995635064
0.8864131447951403
1.1470356633339678
0.44595717278066505
0.8740327091838237
0.6377048061371203
0.8756553498329105
0.906774649528766
0.7763342108067781
1.1121893175992468
1.3607972026171367
0.9807848611608203
1.066503682584939
1.0560743514223656
1.3540946982362605
0.6611721662673857
0.9854118570687365
1.2105668493715909
1.019559593191295
1.3601606320935544
1.1677831187239749
1.1281287498455403
0.6984075698510895
0.4846214912480441
1.0571537388174308
0.5111954292937847
1.2746613157466047
0.6091986879619953
1.0588167095697125
0.5294904591818222
0.49314654063300223
0.4944226104869566
1.3038984039418877
0.6045584894436419
0.7683864305925361
1.3418870939519394
0.412313256947746
0.9284635919549697
0.735321682144157
1.0882954616568308
0.842477022969214
1.4095313472521072
0.41673923998504486
0.9930306811108285
0.525872269703222
1.1204953927066832
1.3574524233535845
0.5431993262502222
0.6851760029809157
0.6076967237634994
0.8094118271839752
1.1207785353085042
0.5971812625163199
0.5211034152900444
1.0899477943918519
0.8187092358385784
0.5613397207865268
1.056815531652092
0.5601636759725096
0.5200853668001926
1.1769093061926499
0.474902762508753
1.0541387026686555
1.3852350955069979
1.028052323644454
1.2020128535875982
0.6884618994772631
1.2604348742776346
1.343160082803859
0.7461971121666812
0.47302930151896483
0.9853989554500802
1.0033071007020191
1.127008058336338
0.9023013855295983
1.0177574276501267
0.9369427239670788
0.6520234690780156
0.7253723528623732
1.2264114238090502
1.3695597731142093
0.6675367887103436
0.6357155893509323
0.43904133892703084
0.6933830198960109
0.5097196816579836
1.1197847251181006
0.8411234364524096
1.2474475779710723
0.4185454581531292
0.9500351745991992
1.1032980168983562
1.1130580081663353
1.2193076746605682
1.091953176888854
0.5576438652604523
0.8770698587615946
1.189230321861807
1.1673910519676673
1.0011342400426575
1.1972980926974408
0.5592967012603492
0.8705432389162929
0.5734404884071319
0.7753720128421357
1.224269441554994
0.6353041065742188
0.528043056932602
0.6331185166377675
0.5658069897078043
0.8871510204146713
0.5123741160990376
0.5534387700866773
1.11278260575856
0.6596275774001665
1.3941731412109326
0.4138854698395408
0.6496664872919369
0.6402790617395898
1.2917483499363254
1.0461052660621144
1.1379499402600513
0.7886259179384902
0.9746978144386849
0.9529953466177755
1.3005958598755039
0.8224026906454333
1.079423997630277
0.6038181860848819
0.7806333386887736
0.9746639678412051
0.9986259695645295
0.6116951313562236
0.8101565783892188
1.3870672403855788
1.2819300964296638
0.8187032277754248
0.7602062790433407
0.7193841755705707
0.9995373170360276
1.0310530191468044
0.6198022584423821
0.4917720300468069
0.9636946967079603
0.8745682465355068
0.7946170456066497
0.9430176629222773
1.0943333598614122
0.8765132175528476
1.3147393816759294
1.3173647057660673
1.2962695648566889
0.9121420229737793
0.9949476167873229
0.5615591218658356
0.8568712430046994
1.3200763130508062
1.4007654530356783
0.5249475402602527
0.5179123033343904
0.4653828905666966
0.46861425379622684
0.6212852279718568
0.4417797793979654
0.4128898464722199
0.7283114359141545
1.1309035594586916
0.8824038853112756
1.1760799197002314
1.3478811063952558
1.0061833652998198
1.0658605685990097
0.42374158280539437
1.280038231055926
0.43741782384091105
0.9291707728052493
0.8964392789787461
0.7012768852846117
1.3486827265311625
1.2997105255408963
1.1414366468255006
0.9158346532400251
1.0245289339086712
1.3115047521165235
1.0011574964401107
0.7566169446028238
1.1451135426606442
0.459728854440402
0.699548710238582
0.6375034498510807
1.3970603568790907
0.9191205144540376
0.4595164372063356
0.922149996805321
0.7149342209552988
0.9906112338706199
0.49490074340211504
0.7580556577037459
0.5811300264745918
1.2506661101910053
0.7675143194561075
0.8451269787838357
0.649970699591496
0.43363492730816927
1.4041364755658596
0.6441699836863513
0.9159848718399709
0.7522507075906141
1.3028414643245017
1.095734959634993
0.9447488928508618
0.9164725497475947
1.1256504127619407
0.519494989800699
0.6359204657477479
1.3658661568520167
0.44609484713364694
1.2701679474353915
1.1521251171702842
0.4929195505644063
1.274222442960831
1.0695646757482458
1.2491622129427025
0.47516922446613247
1.1266626765199195
1.050057015381708
1.2778604438621604
0.964913096398754
0.8687508029441339
0.5439959708494835
0.5032471710182935
0.6409406216747258
0.8125494137711107
0.9490802507857361
0.76986805164198
1.073663704533255
1.0549460560252688
1.404233310398657
0.5545063211146979
0.5714046069330637
1.0399486981521164
0.7113491430206726
0.4478554076217834
0.5498034700036768
0.6455207693320959
0.6535762760336112
1.2344413824884577
1.1571087595570893
1.2997576335697711
0.7938656159471585
0.9687558154895474
1.250959908310548
0.7968895909578745
0.8291226629058411
0.5334331692115455
0.6722244237181129
0.4099797933536333
0.5825018394464933
0.6719785033988492
0.9773332603109133
0.8215468978431454
0.5792869698134626
1.2232427051691321
1.1602076625615627
0.9449093839495858
0.7448515664437152
0.8500515831839321
1.239768918286712
0.9348571138315823
1.0590979525642457
1.2921740703799407
0.6636078299712127
0.9388980429683297
0.805184821506866
0.49767300972472595
1.3957515524596964
0.5484827783821263
0.6021087323630087
1.0561396474033686
1.009711856468957
0.42837555112589576
1.3361351793917613
0.925458951736305
1.33256094162316
1.1482345033471257
0.7059231239625414
0.9460883850164602
0.8733482977629637
1.283505233435021
1.1629953319287405
1.2107388614888273
0.5300362324481439
0.8843927654613505
1.2442287126396026
0.7282646182311266
0.9054422816444954
1.0033402534948979
1.4085750033499431
1.4098505005127249
1.408617066438536
1.4087181654756247
1.4077540722408948
1.4083412294569069
1.4092967066114417
1.4084555961743521
1.4087654234440812
1.4083856444749876
1.4198858652818958
1.4213967447877154
1.4202957431421452
1.4209520267309415
1.4186920792216149
1.419785929480637
1.419363471844659
1.4193974061127412
1.4204377835681377
1.4215727530283548
1.4142854266815763
1.4163100067052092
1.4139896653577007
1.4141283791946462
1.4131021222211024
1.4149015861928216
1.4147836528586992
1.413680443688205
1.414863550617951
1.41463012501379
1.4104732963575946
1.4112410640744952
1.4116185203059877
1.4114960843293167
1.4111704863808427
1.4106741812346446
1.4107076822061175
1.4104911741175972
1.411587621477231
1.4115810496012995
1.4007118742825249
1.4003981951379663
1.4010936049305371
1.4006222573286466
1.4015150842523219
1.400544943487804
1.4012251176829786
1.4010085533844918
1.4006747087504492
1.3998378231219382
1.409063387645689
1.409697021933622
1.4091844200548107
1.4089268928205894
1.4090588168542622
1.409257898733397
1.4092969932602215
1.4089562292396185
1.4091427809619093
1.409123213553705
1.4004492800125983
1.3999743195735337
1.4010083590994478
1.4004686187668638
1.4014317672512078
1.4002271372822908
1.4009458900021634
1.4008131550931893
1.4002842913971276
1.3995463875023413
1.4231315513008729
1.4241021521335924
1.4224605359515499
1.4236884777106253
1.4217066018990216
1.4236328507024294
1.422411710848974
1.4228273773090943
1.4231737571930227
1.4247609729249089
1.4100251933023547
1.4108958460062409
1.4091695745742432
1.4097007933090804
1.4089291981589533
1.4105000173249678
1.4106589253089752
1.4100247642515609
1.4098442825695319
1.409525975969281
1.415731859699206
1.4171337841435552
1.4163561183317093
1.4167751251043683
1.4153071414219769
1.4157733842824984
1.4156195814148635
1.41564551958288
1.416665676563035
1.4172113182681174
1.4059247477060794
1.405836818110302
1.4065122451348127
1.4062571199107963
1.406439849757937
1.4055067819227103
1.4060437830778185
1.40619036849775
1.4058854227414967
1.4059171839314482
1.4120767819055933
1.4137574089608111
1.4120376297184667
1.412112330682898
1.4108259363960096
1.4120343547515857
1.412491927993455
1.4117278301101164
1.4122358431453714
1.4122592099972406
1.4027727039875173
1.4030894797706859
1.4030748806222115
1.4025596869005665
1.4031659208719496
1.4026374718339043
1.4034767515359274
1.4028187629072764
1.402726579103618
1.4018931567518018
1.4049835076550286
1.405893428798103
1.405133872484718
1.4048795351353722
1.4044065338712681
1.404431484789145
1.4053344346560892
1.404783802918293
1.4050309396916827
1.4044376760797388
1.3963209816279563
1.396710568433923
1.3970178559104234
1.3961284797433422
1.397088582463056
1.3958649864941608
1.3975034399112474
1.39646523399661
1.396262386278111
1.3947310569109346
1.4048914231675984
1.4057192023485345
1.4052330763288867
1.405160955918791
1.4056341259097773
1.4056274386094196
1.4055211985716742
1.4051478482979698
1.406156107258732
1.4047227974265746
0.5660003366460965
1.275380526692893
0.9002872598578583
0.6326656950956175
1.2792091206483827
1.0256002396809842
0.6857899936389986
1.124890517424476
0.8282574947554716
0.9483225696414006
0.9153207829200152
0.5140986016735759
1.220119196223917
0.44604660108064437
0.667692230876613
1.058712985430791
0.48033216545117813
1.0213580285899932
0.9366709138913835
0.8527270351585003
1.355681836704285
0.9439930384932473
0.9454562859875991
1.106514141377178
0.9368163319058642
1.3894091550442442
0.427941125244753
0.6720235139525511
0.8752338195876255
0.8607483523517367
1.0343141931314366
0.6609347971578987
0.8895538303837079
1.264162484477193
1.2280230220814115
1.3355645539038363
1.2877574663677949
1.1590686476816492
0.41210047782354914
1.3464756065707202
0.6907145824724593
0.9937354340402683
0.41573471640398985
0.49026673856721315
0.5393171181584918
1.0187775237598398
0.4944542147411706
1.3176902597078535
0.8169090470188698
0.9731466395517417
0.45966167228039156
1.2182170919887516
0.8162666173887148
0.7147891694470537
1.2808729512325083
0.7751737170809312
0.8307156315171467
1.177126488038811
1.0853045408839357
0.5469813294057804
1.1733346207539974
1.362405121893764
0.48173565259883283
0.4379041309677161
0.4324248400095347
1.2310833859170505
1.2267841876993557
1.1287671057081927
0.9035523384097865
1.103028180391439
0.6774823271576704
1.2027960135978304
0.6944563258743297
0.9001660120063801
0.8755611278784738
0.4758001209832765
0.6182912153976601
0.49074465031751874
1.2861268997066595
1.4005077780123636
0.9305736904412206
1.2921176165270984
0.9171573141383982
0.8023689569503155
0.9502733519133216
1.3613982539107279
0.7988334823770822
0.5768931712560117
1.2510106629262454
1.1628675017681356
1.007767488970693
1.027903218764168
0.476042292600567
1.1118806026658197
0.6389679692544747
1.3581363845771126
0.7188839249487773
0.45574788698751795
0.8426051720159279
1.1009961923139628
