1554326260.404099
1554326283.263548
1554326289.478809
1554326295.681783
1554326301.616252
1554326306.071288
1554326310.330223
1554326316.137661
1554326322.431038
1554326328.290449
1554326334.122297
1554326340.371531
1554326346.890841
1554326352.942484
1554326358.956122
1554326364.832492
1554326370.772204
1554326376.839213
1554326382.554051
1554326390.052537
1554326396.08128
1554326401.878084
1554326407.901866
1554326413.818025
1554326419.534263
1554326425.257504
1554326431.346193
1554326437.276123
1554326442.922192
1554326447.075859
1554326451.39757
1554326455.920757
1554326460.209756
1554326466.139901
1554326472.083839
1554326477.884875
1554326483.786166
1554326489.689818
1554326495.452528
1554326501.54451
1554326507.572554
1554326513.422124
1554326519.481623
1554326525.347385
1554326530.981649
1554326535.427581
1554326539.832299
1554326544.296108
1554326548.453264
1554326552.896583
1554326558.5373
1554326562.976299
1554326567.392126
1554326573.054481
1554326577.776608
1554326582.205981
1554326587.032656
1554326591.678149
1554326597.823865
1554326602.071422
1554326606.548966
1554326611.020142
1554326615.28167
1554326621.078626
1554326625.460325
1554326632.880692
1554326637.270637
1554326641.430943
1554326645.901492
1554326651.497317
1554326655.85856
1554326660.361719
1554326666.147641
1554326670.646234
1554326675.014097
1554326679.364304
1554326683.731789
1554326689.650184
1554326694.150172
1554326698.610733
1554326704.528075
1554326708.766988
1554326713.173447
1554326719.328171
1554326723.990859
1554326728.45461
1554326732.695366
1554326737.275259
1554326743.023174
1554326748.959245
1554326753.794563
1554326758.494778
1554326762.985106
1554326767.358534
1554326771.878849
1554326777.790967
1554326782.714177
1554326787.287609
1554326791.533891
1554326797.349518
1554326801.679347
1554326806.148908
1554326812.348471
1554326816.689156
1554326822.522587
1554326826.875643
1554326832.805053
1554326837.482914
1554326842.10534
1554326846.644903
1554326851.060695
1554326856.997658
1554326861.308119
1554326865.763225
1554326873.186786
1554326879.3954
1554326885.2845
1554326891.669723
1554326896.658587
1554326901.182174
1554326905.748785
1554326910.345281
1554326914.951465
1554326919.341401
1554326923.894346
1554326928.313984
1554326932.839188
1554326938.534134
1554326943.164359
1554326949.08841
1554326953.494394
1554326957.999079
1554326962.275208
1554326968.338399
1554326972.906376
1554326977.564912
1554326982.317234
1554326986.696985
1554326992.592243
1554326997.040405
1554327001.654581
1554327007.703632
1554327012.187143
1554327025.756517
1554327030.011266
1554327035.954241
1554327042.049575
1554327047.839183
1554327052.415155
1554327056.78979
1554327062.777088
1554327067.171716
1554327071.939576
1554327077.719699
1554327082.06256
1554327086.770103
1554327093.000273
1554327097.864199
1554327102.791694
1554327107.539158
1554327112.043266
1554327116.380863
1554327120.975374
1554327125.206555
1554327129.624719
1554327133.910197
1554327138.408124
1554327143.064629
1554327147.93337
1554327152.283564
1554327158.089076
1554327162.459391
1554327167.157393
1554327173.539236
1554327177.818608
1554327182.274929
1554327188.05082
1554327192.537407
1554327197.250168
1554327201.552682
1554327206.093438
1554327211.780022
1554327217.024893
1554327223.790469
1554327228.077472
1554327234.009965
1554327238.232301
1554327242.648908
1554327248.472815
1554327252.793713
1554327258.734011
1554327263.421358
1554327270.647984
1554327275.302503
1554327280.938187
1554327285.337633
1554327291.248062
1554327297.125516
1554327301.693295
1554327308.026116
1554327312.530364
1554327318.598774
1554327322.903111
1554327327.506825
1554327333.495779
1554327337.775014
1554327342.225645
1554327346.546955
1554327350.956761
1554327355.422478
1554327359.929074
1554327364.338398
1554327368.951655
1554327374.333674
1554327378.860642
1554327392.152001
1554327396.689814
1554327401.078044
1554327404.913279
1554327409.061398
1554327413.200784
1554327419.096036
1554327423.601651
1554327428.173784
1554327432.843605
1554327437.322362
1554327441.998014
1554327446.214227
1554327452.169803
1554327456.602162
1554327460.856663
1554327465.142466
1554327469.464239
1554327475.695687
1554327480.08527
1554327484.65077
1554327489.251157
1554327494.81023
1554327499.520803
1554327504.140789
1554327508.894161
1554327513.202162
1554327519.103938
1554327523.530457
1554327528.121231
1554327534.248179
1554327538.58084
1554327543.241404
1554327547.603878
1554327553.631133
1554327558.07566
1554327562.580144
1554327567.106697
1554327571.514964
1554327576.001049
1554327580.32563
1554327584.671645
1554327590.421198
1554327594.950513
1554327600.788913
1554327605.14233
1554327610.91602
1554327615.353364
1554327621.804033
1554327626.658718
1554327632.677719
1554327636.989102
1554327642.959028
1554327649.013045
1554327653.670269
1554327658.304343
1554327662.559571
1554327668.075756
1554327672.347419
1554327677.152342
1554327683.531822
1554327688.185087
1554327692.715158
1554327696.875559
1554327702.664672
1554327707.284794
1554327715.209639
1554327719.938666
1554327725.812646
1554327731.866032
1554327736.416002
1554327741.209666
1554327747.423156
1554327751.519994
1554327755.662008
1554327761.4583
1554327765.777436
1554327770.229224
1554327775.596338
1554327779.884646
1554327786.03251
1554327790.747166
1554327795.603629
1554327799.87526
1554327805.380673
1554327809.153796
1554327813.386172
1554327819.225346
1554327823.641982
1554327828.277274
1554327833.900529
1554327838.2055
1554327842.56184
1554327850.160934
1554327856.284791
1554327862.208063
1554327866.423261
1554327871.322168
1554327876.050637
1554327881.770473
1554327886.187023
1554327891.976867
1554327896.399867
1554327902.608294
1554327906.944634
1554327912.792245
1554327917.003177
1554327922.948355
1554327927.905719
1554327933.740823
1554327938.163227
1554327944.120891
1554327948.503826
1554327955.995685
1554327960.769619
1554327966.691465
1554327971.103834
1554327975.671072
1554327980.059152
1554327985.762777
1554327990.211687
1554327997.579361
1554328001.760663
1554328007.831153
1554328012.282986
1554328016.502209
1554328021.035623
1554328025.331857
1554328031.077067
1554328035.405213
1554328039.877948
1554328044.3672
1554328050.23179
1554328054.67766
1554328062.01748
1554328066.222469
1554328070.487973
1554328074.757681
1554328079.421294
1554328083.780794
1554328089.745645
1554328093.815986
1554328098.372126
1554328103.070355
1554328109.042496
1554328113.285019
1554328117.560399
1554328124.902833
1554328129.542761
1554328135.090434
1554328139.113742
1554328144.941528
1554328149.482849
1554328154.121503
1554328158.578788
1554328163.034077
1554328167.094507
1554328174.261744
1554328178.653022
1554328183.916384
1554328187.894928
1554328193.608343
1554328198.135944
1554328202.671837
1554328207.117666
1554328213.058032
1554328217.409591
1554328227.795034
1554328232.298601
1554328238.377992
1554328242.714723
1554328247.238243
1554328254.471074
1554328258.695655
1554328265.935435
1554328271.857061
1554328278.591558
1554328283.85121
1554328289.335421
1554328294.19971
1554328298.990508
1554328305.139216
1554328309.569756
1554328316.793228
1554328320.993647
1554328326.644827
1554328331.137435
1554328335.460952
1554328340.03684
1554328347.27274
1554328351.446697
1554328357.503087
1554328362.42116
1554328369.057563
1554328374.106531
1554328378.894886
1554328383.692112
1554328387.994986
1554328395.541432
1554328401.844084
1554328408.006552
1554328412.3761
1554328416.969853
1554328424.339802
1554328430.186358
1554328436.659064
1554328441.455761
1554328447.946503
1554328454.457025
1554328460.417647
1554328466.240978
1554328470.687898
1554328475.029925
1554328479.728429
1554328484.167078
1554328489.989126
1554328495.902232
1554328500.309764
1554328504.985472
1554328509.817452
1554328515.889544
1554328520.368461
1554328525.070599
1554328529.756872
1554328534.198867
1554328539.143114
1554328545.658529
1554328550.275043
1554328556.203507
1554328561.283405
1554328567.753603
1554328572.23672
1554328578.267595
1554328582.7375
1554328588.282532
1554328592.503238
1554328598.430777
1554328602.855079
1554328607.293748
1554328611.56059
1554328619.108871
1554328626.816836
1554328634.178093
1554328641.468401
1554328648.668881
1554328656.037284
1554328663.577685
1554328670.97253
1554328678.482832
1554328686.27733
1554328693.776657
1554328701.219986
1554328708.748713
1554328716.183175
1554328723.631212
1554328730.914686
1554328738.080799
1554328745.429431
1554328752.833934
1554328761.625585
1554328768.998923
1554328777.713985
1554328784.981251
1554328793.789525
1554328801.194668
1554328809.992146
1554328817.044327
1554328824.352729
1554328830.461712
1554328834.905754
1554328841.276344
1554328845.888032
1554328850.311031
1554328856.72863
1554328861.402299
1554328866.037801
1554328870.710309
1554328876.908265
1554328881.682375
1554328887.908736
1554328892.469921
1554328898.434662
1554328902.939704
1554328907.545999
1554328911.917055
1554328916.466361
