1553890343.95638
1553890346.381492
1553890348.883067
1553890351.205468
1553890353.646785
1553890356.038103
1553890358.404479
1553890360.8685
1553890363.318601
1553890365.822322
1553890368.089348
1553890370.542924
1553890373.133718
1553890375.579155
1553890377.938373
1553890380.271201
1553890382.636332
1553890384.918155
1553890387.373729
1553890389.988453
1553890392.279947
1553890394.76466
1553890397.182593
1553890399.483234
1553890401.983592
1553890404.500345
1553890406.84954
1553890409.304296
1553890411.820397
1553890414.110742
1553890416.516956
1553890418.739016
1553890420.958215
1553890423.438428
1553890425.943391
1553890428.53083
1553890431.086051
1553890433.505772
1553890436.012281
1553890438.478936
1553890440.894003
1553890443.307202
1553890445.944373
1553890448.364167
1553890450.826255
1553890453.370566
1553890455.747776
1553890458.17605
1553890460.627771
1553890463.065443
1553890465.467892
1553890467.834901
1553890470.283919
1553890472.694893
1553890475.133397
1553890477.607599
1553890480.080459
1553890482.525366
1553890484.845321
1553890487.281879
1553890489.873249
1553890492.491768
1553890495.133156
1553890497.674191
1553890500.175848
1553890502.568131
1553890505.061301
1553890507.458071
1553890510.047254
1553890512.555642
1553890514.9449
1553890517.411342
1553890519.736656
1553890522.190184
1553890524.663345
1553890527.085623
1553890529.48114
1553890531.907123
1553890534.211518
1553890536.647038
1553890539.111121
1553890541.427644
1553890543.832818
1553890546.355251
1553890549.036509
1553890551.597937
1553890554.172221
1553890556.603777
1553890559.203835
1553890561.809172
1553890564.128853
1553890566.58967
1553890569.101782
1553890571.639668
1553890573.958196
1553890576.419282
1553890579.283607
1553890581.680409
1553890584.338364
1553890587.175599
1553890589.512852
1553890591.850271
1553890594.124415
1553890596.415691
1553890598.862931
1553890601.304304
1553890603.612206
1553890605.971488
1553890608.444938
1553890610.842739
1553890613.261554
1553890615.639439
1553890617.97074
1553890620.365366
1553890622.620077
1553890625.062272
1553890627.428415
1553890629.991111
1553890632.633216
1553890635.169791
1553890637.708933
1553890640.134818
1553890642.46047
1553890644.811943
1553890647.280126
1553890649.711421
1553890652.11628
1553890654.565963
1553890657.032419
1553890659.381661
1553890661.828097
1553890664.368098
1553890666.825634
1553890669.366404
1553890671.777302
1553890674.090388
1553890676.602609
1553890679.015956
1553890681.521757
1553890684.061952
1553890686.857935
1553890689.295295
1553890691.803727
1553890694.341304
1553890696.93284
1553890699.475853
1553890701.837288
1553890704.216855
1553890706.802682
1553890709.124833
1553890711.426215
1553890713.688706
1553890715.972572
1553890718.364904
1553890720.641704
1553890723.02708
1553890725.4663
1553890728.002294
1553890730.287084
1553890732.609325
1553890735.115467
1553890737.616902
1553890740.105643
1553890742.743743
1553890745.455744
1553890748.251226
1553890750.828634
1553890753.351918
1553890755.928019
1553890758.456198
1553890761.023701
1553890763.440294
1553890766.052376
1553890768.596376
1553890771.062347
1553890773.652682
1553890776.136903
1553890778.667514
1553890781.187038
1553890783.731487
1553890786.32753
1553890788.934263
1553890791.535391
1553890794.35984
1553890796.949786
1553890799.373689
1553890801.988641
1553890804.56248
1553890807.389315
1553890809.774625
1553890812.033781
1553890814.532713
1553890817.130588
1553890819.774491
1553890822.347634
1553890824.885761
1553890827.339141
1553890829.725254
1553890831.947392
1553890834.446866
1553890837.162746
1553890839.418168
1553890841.806997
1553890844.295359
1553890846.595645
1553890849.133954
1553890851.77589
1553890854.383208
1553890857.05781
1553890859.714579
1553890862.263785
1553890865.060573
1553890867.626655
1553890870.988878
1553890873.609078
1553890876.485477
1553890879.179585
1553890881.792287
1553890884.325631
1553890886.721145
1553890889.269309
1553890891.798024
1553890894.52796
1553890897.119314
1553890899.825525
1553890902.280351
1553890904.775898
1553890907.222595
1553890909.715398
1553890912.24879
1553890914.776701
1553890917.405766
1553890920.057792
1553890922.984106
1553890925.691009
1553890928.273136
1553890930.946448
1553890933.76177
1553890936.178098
1553890938.757353
1553890941.363661
1553890943.867624
1553890946.448106
1553890948.849313
1553890951.382396
1553890953.998821
1553890956.460175
1553890958.95241
1553890961.284838
1553890963.696272
1553890966.368446
1553890968.886275
1553890971.383438
1553890973.906151
1553890976.550891
1553890979.204096
1553890981.625643
1553890984.324917
1553890986.929511
1553890989.301909
1553890991.800025
1553890994.346392
1553890996.902064
1553890999.521743
1553891002.239238
1553891004.787538
1553891007.066851
1553891009.659955
1553891012.372997
1553891014.829513
1553891017.425557
1553891019.9597
1553891022.371224
1553891025.039743
1553891027.74862
1553891030.335725
1553891032.882709
1553891035.431581
1553891037.938737
1553891040.582219
1553891043.079714
1553891045.816937
1553891048.249049
1553891050.568461
1553891052.967736
1553891055.634487
1553891058.094284
1553891060.685811
1553891063.22297
1553891065.954528
1553891068.320001
1553891070.711946
1553891073.160349
1553891075.80788
1553891078.254384
1553891080.867181
1553891083.349019
1553891085.547896
1553891088.049597
1553891090.466899
1553891093.271451
1553891095.782843
1553891098.329038
1553891100.734954
1553891103.004072
1553891105.34174
1553891107.587093
1553891109.981933
1553891112.533352
1553891115.134589
1553891117.559976
1553891120.1041
1553891122.673174
1553891125.014498
1553891127.358022
1553891129.7761
1553891132.027258
1553891134.277367
1553891136.668171
1553891139.010318
1553891141.40245
1553891143.75959
1553891146.318474
1553891148.987868
1553891151.509198
1553891153.70768
1553891156.045991
1553891158.590445
1553891161.214456
1553891164.098025
1553891166.655162
1553891169.762368
1553891172.124853
1553891174.831683
1553891177.472928
1553891180.023537
1553891182.391659
1553891184.858535
1553891187.255307
1553891189.565498
1553891191.927667
1553891194.348478
1553891196.828799
1553891199.526635
1553891202.250922
1553891204.834441
1553891207.317014
1553891209.954312
1553891212.146627
1553891214.485991
1553891217.137359
1553891219.607998
1553891222.21075
1553891224.770071
1553891227.173103
1553891229.507342
1553891231.813467
1553891234.212257
1553891236.660756
1553891238.895056
1553891241.5029
1553891243.910059
1553891246.286991
1553891248.675872
1553891251.155862
1553891253.551656
1553891255.886026
1553891258.351549
1553891260.781824
1553891263.110859
1553891265.544788
1553891267.873539
1553891270.177286
1553891272.542675
1553891274.821521
1553891277.168334
1553891279.647649
1553891282.051194
1553891284.626273
1553891286.96501
1553891289.421465
1553891291.701517
1553891293.976795
1553891296.372313
1553891298.672414
1553891300.856405
1553891303.233919
1553891305.691986
1553891308.244589
1553891310.81462
1553891313.295085
1553891315.884821
1553891318.340217
1553891320.673939
1553891323.092487
1553891325.73877
1553891328.324976
1553891330.952801
1553891333.350417
1553891335.819713
1553891338.291551
1553891340.923157
1553891343.309335
1553891345.857947
1553891348.424795
1553891350.847731
1553891353.199634
1553891355.647137
1553891358.105398
1553891360.730074
1553891363.21637
1553891365.527141
1553891367.880405
1553891370.762965
1553891373.320011
1553891375.894672
1553891378.795108
1553891381.426202
1553891383.890829
1553891386.399906
1553891388.880783
1553891391.511454
1553891393.756832
1553891396.200858
1553891398.822542
1553891401.210854
1553891403.736083
1553891406.217344
1553891408.745777
1553891411.187628
1553891413.842922
1553891416.355844
1553891418.928108
1553891421.524065
1553891423.868433
1553891426.287454
1553891428.654362
1553891431.251461
1553891433.881654
1553891436.720809
1553891439.325822
1553891441.973469
1553891444.489726
1553891447.093877
1553891449.726493
1553891452.393379
1553891454.911299
1553891457.898959
1553891460.802452
1553891463.709643
1553891466.303165
1553891468.758175
1553891471.309446
1553891473.902827
1553891476.495959
1553891478.901251
1553891481.287195
1553891483.79182
1553891486.398399
1553891488.859203
1553891491.421358
1553891493.96479
1553891496.604988
1553891499.150032
1553891501.745602
1553891504.320652
1553891506.666743
1553891509.191407
1553891511.882965
1553891514.557238
1553891517.261398
1553891519.959854
1553891522.593728
1553891525.16503
1553891527.748819
1553891530.549087
1553891533.093483
1553891535.53216
1553891538.032309
1553891540.751066
1553891543.269666
1553891545.901691
1553891548.251376
1553891550.872597
1553891553.483748
1553891556.02059
1553891558.640711
1553891561.281177
1553891563.859272
1553891566.438038
1553891569.157228
1553891571.803063
1553891574.212837
1553891576.795986
1553891579.511059
1553891582.111476
1553891584.531778
1553891587.132898
1553891589.604401
1553891592.175921
1553891594.707571
1553891597.349097
1553891600.024635
1553891602.72629
1553891605.229969
1553891607.708496
1553891610.149702
1553891612.685301
1553891615.202595
1553891617.574034
1553891620.236751
1553891622.668335
1553891624.97859
1553891627.306864
1553891629.833767
1553891632.384042
1553891634.904102
1553891637.661582
1553891640.191112
1553891642.657953
1553891644.984052
1553891647.349339
1553891649.744335
1553891652.244837
1553891654.905659
1553891657.611461
1553891660.114147
1553891662.695657
1553891665.138382
1553891667.66591
1553891670.151208
1553891672.653991
1553891675.4497
1553891678.155368
1553891680.775937
1553891683.102217
1553891685.382483
1553891687.685451
1553891690.197913
1553891692.830194
1553891695.437845
1553891698.031445
1553891700.504722
1553891702.880654
1553891705.166009
1553891707.777177
1553891710.306141
1553891712.818043
1553891715.314211
1553891717.612419
1553891720.097565
1553891722.252567
1553891725.439506
1553891727.840805
1553891730.281716
1553891732.8435
1553891735.585438
1553891738.147781
1553891740.763735
1553891743.321699
1553891745.994217
1553891748.717083
1553891751.534962
1553891754.234491
1553891757.294808
1553891759.86118
1553891762.355464
1553891764.948281
1553891767.622662
1553891769.920891
1553891772.518962
1553891774.914857
1553891777.498018
1553891781.013809
1553891783.54003
1553891786.246575
1553891788.751991
1553891791.204837
1553891794.372151
1553891797.080894
1553891799.684912
1553891802.159048
1553891804.613409
1553891806.983607
1553891809.6091
1553891812.145586
1553891814.710109
1553891817.151652
1553891819.611353
1553891821.96007
1553891824.305536
1553891826.855709
1553891829.196256
1553891831.583047
1553891833.806296
1553891836.09842
1553891838.593142
1553891841.207772
1553891843.608346
1553891845.869393
1553891848.36873
1553891850.752744
1553891853.263219
1553891855.679709
1553891858.282213
1553891860.868265
1553891863.606273
1553891866.212744
1553891868.84506
1553891871.48612
1553891873.840878
1553891876.216788
1553891878.625917
1553891881.068174
1553891883.475154
1553891885.985523
1553891888.663385
1553891891.314288
1553891893.944054
1553891897.379246
1553891899.808774
1553891902.130576
1553891904.556309
1553891907.084199
1553891909.745561
1553891912.264252
1553891914.654439
1553891917.054274
1553891919.533309
1553891921.804858
1553891924.349276
1553891927.039968
1553891929.569215
1553891931.901235
1553891934.282978
1553891936.820268
1553891939.317829
1553891941.766616
1553891944.164048
1553891946.569541
1553891949.204072
1553891951.797616
1553891954.159601
1553891956.565566
1553891959.124136
1553891961.60154
1553891964.002702
1553891967.318035
1553891969.904989
1553891972.577863
1553891975.088924
1553891977.464644
1553891980.037039
1553891982.452428
1553891984.864767
1553891988.194666
1553891990.622482
1553891992.996434
1553891995.60195
1553891998.205379
1553892000.657839
1553892003.333366
1553892006.571681
1553892008.889123
1553892011.369819
1553892013.847352
1553892016.32122
1553892018.835474
1553892021.388346
1553892026.17418
1553892028.662181
1553892031.129579
1553892033.55085
1553892036.129192
1553892038.533933
1553892041.694794
1553892044.162843
1553892046.643451
1553892049.053347
1553892051.455365
1553892054.194047
1553892056.87922
1553892059.391422
1553892063.509041
1553892066.234706
1553892068.902529
1553892071.39214
1553892074.037044
1553892076.453776
1553892078.977206
1553892081.447051
1553892083.856573
1553892086.249704
1553892088.555247
1553892090.944825
1553892093.430947
1553892095.890532
1553892098.330059
1553892100.666639
1553892103.186633
1553892105.685925
1553892108.003409
1553892110.359984
1553892112.728027
1553892115.589516
1553892118.266399
1553892120.828882
1553892123.270518
1553892125.77043
1553892128.145102
1553892130.686817
1553892133.304524
1553892135.934035
1553892138.496019
1553892140.933697
1553892143.221005
1553892145.832901
1553892148.379514
1553892151.073623
1553892153.77808
1553892156.519429
1553892158.796598
1553892161.294988
1553892163.648981
1553892166.227665
1553892168.673759
1553892171.12287
1553892173.79769
1553892176.411944
1553892178.943341
1553892182.198501
1553892184.634615
1553892187.145489
1553892189.679606
1553892192.222721
1553892194.81232
1553892197.541368
1553892201.052021
1553892203.408321
1553892205.9392
1553892208.422299
1553892211.120003
1553892213.81094
1553892216.294628
1553892219.95633
1553892222.427246
1553892224.826586
1553892227.436643
1553892229.90202
1553892232.079785
1553892234.435008
1553892237.062213
1553892239.488451
1553892242.039239
1553892244.470615
1553892247.125321
1553892249.912936
1553892252.459083
1553892254.968529
1553892257.455162
1553892259.946648
1553892262.365059
1553892265.02449
1553892267.423624
1553892269.914397
1553892272.517618
1553892275.144008
1553892277.694543
1553892280.269577
1553892282.7668
1553892285.196933
1553892288.593503
1553892290.936652
1553892293.296539
1553892295.689665
1553892298.206114
1553892300.775114
1553892303.143194
1553892305.531812
1553892307.934163
1553892310.37491
1553892312.753493
1553892315.037749
1553892317.307922
1553892319.755564
1553892322.193655
1553892324.559029
1553892327.177456
1553892329.604433
1553892332.140011
1553892334.694101
1553892337.319564
1553892340.766031
1553892343.14894
1553892345.398177
1553892347.797933
1553892350.408682
1553892352.934859
1553892356.319364
1553892359.762388
1553892362.244846
1553892364.893581
1553892367.360533
1553892369.787424
1553892372.247527
1553892375.400499
1553892377.946464
1553892380.301537
1553892382.653851
1553892385.010587
1553892387.391639
1553892389.814426
1553892393.429049
1553892395.887496
1553892398.338981
1553892400.88815
1553892403.51686
1553892406.336325
1553892408.963164
1553892411.559213
1553892414.085282
1553892416.46454
1553892418.998008
1553892421.275643
1553892424.610963
1553892427.171672
1553892429.714817
1553892432.237434
1553892434.794948
1553892437.568148
1553892440.247659
1553892443.003915
1553892446.612006
1553892449.105143
1553892451.704515
1553892454.302965
1553892456.671313
1553892459.273359
1553892461.999697
1553892464.547639
1553892466.90995
1553892469.352958
1553892471.898615
1553892474.553273
1553892477.202332
1553892479.674466
1553892482.288571
1553892484.88914
1553892487.500384
1553892489.823773
1553892492.22766
1553892494.674158
1553892497.173924
1553892499.500903
1553892501.822877
1553892504.228071
1553892506.748177
1553892509.339058
1553892512.011281
1553892515.412677
1553892517.915131
1553892520.4891
1553892522.94536
1553892525.608224
1553892528.266387
1553892530.953954
1553892534.640885
1553892537.332779
1553892539.674772
1553892542.223228
1553892544.795907
1553892547.399013
1553892550.092937
1553892552.754021
1553892555.245606
1553892557.733616
1553892560.445237
1553892563.16653
1553892565.74532
1553892568.367678
1553892571.777511
1553892574.462246
1553892577.428286
1553892580.134291
1553892582.920411
1553892585.635323
1553892588.350581
1553892590.981538
1553892593.523578
1553892595.941326
1553892598.455849
1553892600.946514
1553892603.479323
1553892605.945784
1553892608.631405
1553892611.354465
1553892614.010154
1553892616.607887
1553892620.453141
1553892623.140757
1553892625.707743
1553892628.175645
1553892630.880858
1553892633.511318
1553892636.200897
1553892640.788695
1553892643.346126
1553892646.141946
1553892648.51637
1553892651.180942
1553892653.776508
1553892656.293542
1553892659.007125
1553892662.396537
1553892665.131253
1553892668.372111
1553892671.177313
1553892674.13743
1553892676.58033
1553892680.056758
1553892682.527298
1553892685.154211
1553892687.541368
1553892690.08013
1553892692.854539
1553892695.316485
1553892699.987475
1553892702.490975
1553892705.248292
1553892707.720386
1553892710.528939
1553892713.128107
1553892715.769476
1553892719.344432
1553892721.656319
1553892723.993353
1553892726.689066
1553892729.375817
1553892732.015012
1553892734.679047
1553892740.038594
1553892742.708933
1553892745.282995
1553892747.969671
1553892750.765405
1553892753.436755
1553892756.106424
1553892758.645695
1553892761.159466
1553892763.774342
1553892766.465959
1553892769.160789
1553892771.66201
1553892774.237558
1553892776.724863
1553892779.450619
1553892782.045216
1553892784.624056
1553892787.40338
1553892790.149354
1553892792.781677
1553892795.414445
1553892798.017924
1553892800.861962
1553892803.449466
1553892806.014714
1553892808.606109
1553892811.272591
1553892813.885082
1553892816.373587
1553892818.913803
1553892821.344497
1553892823.83399
1553892826.273196
1553892828.670009
1553892831.238856
1553892833.677735
1553892836.152462
1553892838.627546
1553892840.865212
1553892843.189112
1553892845.602358
1553892848.140877
1553892850.686718
1553892853.293423
1553892855.713123
1553892858.311034
1553892860.756323
1553892863.163786
1553892865.981096
1553892868.718106
1553892871.192279
1553892873.688066
1553892876.247393
1553892878.631407
1553892881.153651
1553892883.949463
1553892886.532813
1553892889.059397
1553892891.653584
1553892894.050942
1553892896.591106
1553892898.914144
1553892901.499781
1553892903.851897
1553892906.229702
1553892908.814908
1553892911.316036
1553892913.822875
1553892916.311448
1553892918.807268
1553892921.107739
1553892923.57095
1553892925.983174
1553892928.371028
1553892930.735626
1553892933.155199
1553892935.735154
1553892938.138513
1553892940.515645
1553892942.976046
1553892945.504767
1553892948.001291
1553892950.785232
1553892953.434575
1553892955.900819
1553892958.502382
1553892961.058578
1553892963.455895
1553892966.124575
1553892968.522149
1553892971.584053
1553892974.024703
1553892976.627873
1553892979.300955
1553892981.97691
1553892984.529922
1553892987.13833
1553892989.691247
1553892992.17387
1553892994.71668
1553892997.194956
1553892999.523299
1553893002.104308
1553893004.644034
1553893007.031099
1553893009.474887
1553893011.931394
1553893014.54395
1553893017.146587
1553893019.708555
1553893022.108521
1553893024.593269
1553893027.15321
1553893029.803987
1553893032.202603
1553893034.663102
1553893037.162192
1553893039.753665
1553893042.135935
1553893044.603497
1553893047.16235
1553893049.702037
1553893052.375816
1553893054.841524
1553893057.235741
1553893059.76608
1553893062.244551
1553893064.654699
1553893067.185643
1553893069.71515
1553893072.366849
1553893074.836823
1553893077.444849
1553893079.856815
1553893082.376678
1553893084.819217
1553893087.276809
1553893089.775998
1553893092.30796
1553893094.659332
1553893097.034789
1553893099.441348
1553893102.154803
1553893104.756596
1553893107.160057
1553893109.748835
1553893112.232315
1553893114.628913
1553893117.199008
1553893119.686233
1553893121.975987
1553893124.529611
1553893127.072535
1553893129.345215
1553893131.871999
1553893134.591757
1553893137.152225
1553893139.725015
1553893142.172575
1553893144.767875
1553893147.194817
1553893149.638911
1553893152.003798
1553893154.328028
1553893156.581103
1553893159.163449
1553893161.667657
1553893164.099646
1553893166.683901
1553893169.19207
1553893171.537466
1553893174.04958
1553893176.516796
1553893178.889273
1553893181.418562
1553893184.065962
1553893186.624461
1553893189.240501
1553893191.715041
1553893194.426306
1553893197.011695
1553893199.673356
1553893202.393473
1553893204.945156
1553893207.67589
1553893210.531321
1553893213.154142
1553893215.793956
1553893218.494658
1553893221.242426
1553893223.909645
1553893226.474091
1553893229.142055
1553893231.813203
1553893234.195537
1553893236.700679
1553893239.147594
1553893241.49898
1553893243.779082
1553893246.320185
1553893249.361854
1553893251.999823
1553893254.515874
1553893257.279378
1553893259.918991
1553893262.611122
1553893265.285363
1553893268.146234
1553893270.621208
1553893273.254731
1553893276.390653
1553893279.153613
1553893281.976308
1553893284.69487
1553893287.256802
1553893289.844249
1553893292.3375
1553893294.93162
1553893297.69809
1553893300.219867
1553893302.904974
1553893305.594361
1553893308.209373
1553893310.762752
1553893313.390683
1553893315.861737
1553893318.392454
1553893320.806232
1553893323.538734
1553893326.200198
1553893328.719503
1553893331.174585
1553893333.677379
1553893336.423199
1553893339.081424
1553893341.765981
1553893344.385228
1553893347.005365
1553893349.424422
1553893351.932001
1553893354.51585
1553893357.178545
1553893359.891322
1553893362.672534
1553893365.261925
1553893367.845085
1553893370.41875
1553893373.188086
1553893375.731901
1553893378.362219
1553893380.973969
1553893383.628995
1553893386.219162
1553893388.850132
1553893391.492929
1553893394.202697
1553893396.867096
1553893399.464964
1553893402.137123
1553893404.825711
1553893407.494684
1553893410.053862
1553893412.57101
1553893415.338396
1553893417.896267
1553893420.358398
1553893422.909195
1553893425.544103
1553893428.216841
1553893430.720577
1553893433.252352
1553893435.803048
1553893438.412036
1553893441.041643
1553893443.886396
1553893446.599492
1553893449.139882
1553893451.634843
1553893454.224805
1553893457.060402
1553893459.797472
1553893462.3756
1553893465.050419
1553893467.63395
1553893470.351803
1553893473.056358
1553893475.733413
1553893478.144695
1553893480.634838
1553893483.199669
1553893485.800847
1553893488.988166
1553893491.667668
1553893494.349681
1553893496.928525
1553893499.520325
1553893502.159921
1553893504.722766
1553893507.493302
1553893510.147164
1553893512.915728
1553893515.484185
1553893518.185919
1553893520.828963
1553893523.270744
1553893525.981194
1553893528.603699
1553893531.186406
1553893533.77994
1553893536.517227
1553893539.135652
1553893541.879206
1553893544.445938
1553893546.986889
1553893549.633071
1553893552.05505
1553893554.910273
1553893557.557198
1553893559.993462
1553893562.572511
1553893565.134287
1553893567.702099
1553893570.366495
1553893573.516765
1553893576.4608
1553893579.251596
1553893581.999073
1553893585.012415
1553893587.852397
1553893590.487945
1553893593.286039
1553893595.81273
1553893598.385479
1553893601.006681
1553893603.699359
1553893606.36468
1553893609.10387
1553893611.763911
1553893614.397644
1553893616.871623
1553893619.663533
1553893622.260733
1553893624.846724
1553893627.517714
1553893630.196767
1553893632.990836
1553893635.610977
1553893638.354759
1553893640.90309
1553893643.535803
1553893646.139362
1553893648.735935
1553893651.185844
1553893653.45541
1553893655.842018
1553893658.489601
1553893660.9194
1553893663.393839
1553893666.109709
1553893668.757732
1553893671.242933
1553893674.015864
1553893676.394178
1553893678.699129
1553893681.19876
1553893683.576573
1553893686.08492
1553893688.756891
1553893691.430689
1553893693.835486
1553893696.244099
1553893698.816551
1553893701.489094
1553893704.111606
1553893706.748871
1553893709.484568
1553893712.084116
1553893714.683531
1553893717.347647
1553893719.888558
1553893722.392049
1553893724.955919
1553893727.721676
1553893730.226944
1553893732.770663
1553893735.248252
1553893737.78117
1553893740.599726
1553893743.299701
1553893745.94209
1553893748.57438
1553893751.262894
1553893754.036501
1553893756.683343
1553893759.115491
1553893761.757897
1553893764.236034
1553893766.703528
1553893769.309854
1553893772.014706
1553893774.653078
1553893777.138676
1553893779.627585
1553893782.414085
1553893784.902704
1553893787.475925
1553893790.067468
1553893792.705467
1553893795.281154
1553893797.587228
1553893800.068467
1553893802.654366
1553893805.199606
1553893807.58955
1553893810.253233
1553893812.905618
1553893815.496607
1553893817.949837
1553893820.466473
1553893823.025389
1553893825.521223
1553893828.072984
1553893830.643925
1553893833.171195
1553893835.486502
1553893838.143684
1553893840.801861
1553893843.428667
1553893845.995169
1553893848.342205
1553893850.889804
1553893853.526957
1553893856.283874
1553893859.204663
1553893861.797214
1553893864.221016
1553893866.841612
1553893869.614101
1553893872.22831
1553893875.337289
1553893878.014547
1553893880.73123
1553893883.414786
1553893885.929247
1553893888.691148
1553893891.262681
1553893893.895669
1553893896.340569
1553893898.915797
1553893901.231831
1553893903.741691
1553893906.388031
1553893908.853709
1553893911.407355
1553893913.974232
1553893916.573219
1553893919.006924
1553893921.442089
1553893923.726162
1553893926.292296
1553893928.882728
1553893931.548436
1553893934.235927
1553893936.983686
1553893939.750922
1553893942.289439
1553893944.956524
1553893947.607295
1553893950.395334
1553893953.045632
1553893955.664935
1553893958.269141
1553893960.933206
1553893963.682987
1553893966.125999
1553893968.716539
1553893971.240513
1553893973.658445
1553893976.394324
1553893978.835346
1553893981.459603
1553893983.978949
1553893986.518568
1553893988.962631
1553893991.235536
1553893993.651035
1553893996.409878
1553893998.838827
1553894001.339164
1553894003.722384
1553894006.061048
1553894008.46806
1553894010.927422
1553894013.345094
1553894016.00095
1553894018.655645
1553894021.191185
1553894023.78086
1553894026.20708
1553894028.64365
1553894031.321867
1553894034.169799
1553894036.928802
1553894039.531296
1553894042.165655
1553894044.89556
1553894047.438888
1553894049.939644
1553894052.409865
1553894055.040891
1553894057.745634
1553894060.247763
1553894062.772129
1553894065.271265
1553894067.929736
1553894070.565426
1553894073.205734
1553894075.867881
1553894078.452543
1553894080.972277
1553894083.739748
1553894086.346516
1553894089.022155
1553894091.792281
1553894094.681553
1553894097.234079
1553894099.874136
1553894102.406407
1553894104.903638
1553894107.595145
1553894110.213104
1553894112.679576
1553894115.151779
1553894117.836575
1553894120.505221
1553894123.31511
1553894125.756441
1553894128.449546
1553894131.02059
1553894133.599764
1553894136.04136
1553894138.803049
1553894141.403123
1553894144.063682
1553894146.66683
1553894149.276738
1553894152.116661
1553894154.925412
1553894157.258574
1553894160.18073
1553894162.789547
1553894165.386832
1553894167.873231
1553894170.61192
1553894173.402931
1553894175.84572
1553894178.511905
1553894181.175566

