-1.71913482141372
-2.4175402873107927
-3.791687773333431
-5.407450778502085
-6.155487390057032
-7.087069851444715
-7.836519250796249
-7.697107941334009
-8.196503444711425
-7.952948996822944
-6.218815525492923
-3.8815976605201894
-0.9426495116195623
2.2760258767501176
3.754968789063471
5.0608770980587225
7.830002003305464
10.786676826154785
13.26255129455661
14.329444078239915
13.378735824978431
11.78964003947334
9.639195694143877
7.725257564843867
5.642161736237105
3.1621999075265568
3.392926779699493
4.724357971983614
4.22156626530084
2.878390337240407
3.4416396232502007
4.234915773005392
-1.533121744178499
-2.3099848545871806
-3.3421234198970704
-4.641432513975408
-4.931912243619786
-5.499779615892411
-6.27374303845944
-5.958100841613855
-6.328712999961997
-5.716443827010631
-3.639520831131358
-1.0302604529562902
2.3117725492645906
5.518247992926902
7.03885384028711
8.369643621802387
11.040256952561728
14.043969752947705
16.552691288566315
17.608046049782548
16.517578861662805
14.651860913487143
11.981168596793548
9.701458000201828
7.563791717105854
4.961931156931429
5.117481594020282
6.361314905303396
5.288945021757452
3.2583139262225376
3.7602016738840254
4.8055612851224305
1.5293544599461764
1.6187634726005768
2.3511832103019987
3.110430097975802
3.9797895759569286
4.798995322595769
4.663082741486795
4.749809382798936
5.179162067032561
5.576263155269647
5.319380393373954
4.3745658813187545
3.426934791627655
2.02241383116661
1.3280018125160746
0.565893311311295
-0.3502734645330356
-1.0581593790630082
-0.7429369067328231
0.1258550578907358
0.46111446621621704
0.6049346585203821
0.7446117625083057
0.5715317877768229
0.43342173517750376
0.15750114278237937
-0.2724419174514055
-0.6605963242857036
-1.3164416844525952
-1.8602695572465235
-2.1688039895823814
-2.1289216784913596
-3.7511284672930776
-3.4166343877314227
-1.8754633425600429
-0.9182601735696522
-0.41556303870241135
0.3589400618464806
0.6412629062077643
1.4546861382517815
2.713233987471255
3.41064088112936
3.7306453134155446
3.9651888774701827
4.385332257802902
4.419831442118297
4.034542314123785
3.3985308681300164
2.1968822766291876
1.3303673455749305
0.19092735929123938
0.08910210587818242
0.6519891482707664
1.0876090725201975
1.6404561988045216
1.95989027450079
3.239704387574488
4.240981730969902
3.7777328552029283
3.0792543484320456
2.4876083768271404
1.73184109026483
1.024364655823786
0.731616894758135
1.181517695170612
1.246379451029003
1.1160152010951452
0.8733656639738001
1.1158764785843152
1.2048180417233314
0.7567474077341491
0.5954353811201669
0.8916906779921494
1.3350259897639087
1.8212513520381535
2.457258021296233
3.07382583671726
4.2487798092278135
4.694010536835815
4.998193175710407
5.4409794459606164
5.135114687538377
3.4841223126854146
2.355664990333328
2.4075424757859163
2.8005171911727995
2.3243468216398084
1.8701853679389466
2.5594889110188848
3.3156503596812335
3.6653571372085727
3.6670152719938347
3.5327523213682315
3.6153716561785973
3.723307151677346
3.479293020219857
-0.4598626623495928
-0.9317974983933852
-1.598937767448136
-2.1981087591397763
-1.7992901768783993
-1.5940303872083585
-2.145535718803877
-1.9175275127599563
-1.8831577324400817
-1.2806503548367918
0.3229044410171374
2.1347950810306044
4.158682345041396
5.3993953327508954
5.594282156506716
5.89663555702073
6.878639918789048
8.137316578276307
9.551475819732948
11.405017349647323
11.542815717648102
10.770367814750912
9.647885212479936
8.311849302298828
6.925284355982949
4.887376710586065
4.3556940938879185
4.512116850132535
3.4049255772486355
2.169867362993821
2.977560571253531
3.9121472166641347
-0.3169783667863472
-0.5093507822684286
-0.8038814331069406
-1.1795907091552693
-0.7342967693216884
-0.5880067352064021
-1.3286247939725349
-1.2584121770553334
-1.1611597592211416
-0.46842393309996
1.0338818045168054
2.658467799569592
4.547558526785115
5.382610245056505
5.384372197261688
5.6177330711675895
6.41431288368078
7.503968228732144
8.903789352113117
10.751158532463448
11.03906327251408
10.418801320755648
9.412349761896875
8.198485231003488
6.873275203769491
4.934018368428312
4.276890645363745
4.228602630704979
3.035551958315696
1.756475178853784
2.453394618615578
3.309295944984329
2.3325685879339404
2.7121585696153727
4.041870761028531
5.498935314712036
6.438477540604166
7.545083334706635
8.262889538411141
8.47830876921812
9.084048125018942
9.060359216710346
7.847163372593496
6.240431144744931
4.47766728879863
2.107547619956484
0.6504230314958498
-0.6373294794584119
-3.0394766869785674
-5.445743799668193
-7.442830641977538
-7.85090114543329
-6.954225895840694
-5.837463455445237
-4.058849261047529
-2.4662875875820003
-0.7293715940866927
0.982821858884206
0.6325439561017522
-0.44297481113562454
-0.5410986842961446
-0.11100248280315968
-0.44867504469387126
-0.6044889758372807
5.981871104465792
6.0171611878253906
5.298136785102158
4.430457375299452
3.6755623062931266
2.8897067059352457
2.42947887847757
1.9635222824192677
1.2122499420098036
0.8428174894316012
0.9448754982681526
1.099774985820871
0.8998340245733133
1.1589639039917967
2.136615586735288
3.1542006043908155
4.59578647403858
5.92586932678658
7.447236880123335
7.146840965803566
6.318932257654837
5.86364751141316
4.4615115025924394
3.099824027740619
1.7381206394601745
0.5792552959407492
0.7047606161280876
1.389900244741789
1.833204346825385
2.1138722685843456
2.294284110121514
2.1287045947469507
0.07536428151339379
0.0017396855444822869
-0.26698096615704214
-0.6826712596928665
-0.5653788085445308
-0.875699179868966
-1.6052674414728751
-1.3662023796326972
-1.27720244525464
-0.3171223052029444
1.6012748933026093
3.861342454020535
6.1742032820629635
7.736113960829628
8.662502765694423
9.347366080932247
10.10637114671695
10.924562383296497
11.39174086105562
11.11784891659776
10.115534659398966
8.708593552758906
6.456873097394762
4.972286659788005
4.225292946511386
3.3058170902168653
3.3925608342247946
3.6475286230109227
2.8766994770844128
1.7933929696072777
2.041906651558228
2.5456161327915114
-0.6352478878387492
-1.2636394420233763
-1.9656248436839847
-2.8347569056421764
-2.800955118487657
-3.1051828450309644
-3.8209874324615387
-3.4131568881924013
-3.566372223078124
-2.6529612597098766
-0.46772987809386213
2.17878612329626
5.350830060421421
7.957987985951572
9.395958624992584
10.594452795808309
12.474664076280408
14.615400914488257
16.257158932856118
16.443078408968063
15.119462323222496
13.238098976708102
10.346244299747251
8.151957662761165
6.613163866872666
4.756045723037472
4.9713510083104335
5.856833686984712
4.656645152718754
2.616627175044643
2.901208131184068
3.842928232384405
-0.6566605925388941
-0.46981260635554206
0.30178600167268194
0.8921399765272221
1.2831398501461666
1.5221193798002126
1.4444613667164872
1.249300559550585
1.2453978165822306
1.3135872057351123
1.3741289274910804
1.5297233677788027
2.079772345785931
3.167691904791997
2.8951581207019728
2.321059345099125
2.098059674643242
1.6244330215765719
0.22713077701421533
0.6259462431098006
1.3654860575457566
1.3621580880122266
1.5829638253718687
2.0694803009041935
3.055842402763581
4.28224343000048
5.15626603980352
5.194961823992691
5.246906049188804
5.450677392499368
5.352085885645018
5.123706611768696
8.393272744531284
7.698296611165865
6.914099558310349
6.574938096787986
6.528784203351823
5.19984934497804
3.6280912197858073
2.881596775063787
2.2447510242311277
1.488005441903477
1.1830753682208623
1.825288196813449
1.7228896875359268
2.6892898527706746
3.8127813127437302
3.6277175826810244
4.150158297068044
6.282755103360538
7.513200115314283
8.20668418124709
9.129705737998455
9.855237488064027
10.32343926415038
11.022860093460226
10.589780254146746
9.510006270179021
10.16694089149994
10.247408016166819
9.748572406949673
8.009653870930336
7.489444195829691
8.592360646607952
4.9918014049251385
4.726245208740192
3.7924451139896216
3.328195695864215
3.6766975932931696
2.201531481303533
0.20211921343859368
-0.6507535991328489
-0.8307028322395836
-0.6846066135398119
0.015369247219111353
1.0959604292894782
1.2073197047981672
2.743959458115556
4.455775627553484
4.879027108955986
5.9721329499904146
9.364906412909868
11.13055657375383
12.05579802796925
13.070720096846673
13.639049569219779
13.855924297325915
14.326726452227629
13.811627236220845
12.087630388201148
12.739315061817397
12.76773225216389
11.621146855867877
8.393068092051278
6.786343224096274
7.725072184199533
3.2422638965487285
3.289356686002671
4.069778987213521
4.091334739549568
3.755002974745858
3.5504557832786334
3.6233575384621206
3.676080945259834
3.3856963474827975
2.7792338782799013
2.2767526315273767
2.294141813915823
2.4010376216729368
2.233196318396128
1.6396307095071843
0.6496942958165358
-0.24399322598878326
-1.272123739350115
-1.833075073836683
-2.027827566180871
-1.54133959326541
-0.7028399903752053
-0.016909928819361517
0.5499881829263908
0.8074282600872155
1.500755215147128
1.774220517854452
1.73677180987375
1.8649951800176654
2.258428272387904
2.469954043262228
2.5640971340961825
1.8052877553236049
2.1018812512245297
2.536251967355754
2.8038749908290774
2.9779495492935983
3.251596040141497
3.2499859192604115
3.3414218384260232
3.4190449193477668
3.415862908063628
3.394397758703925
2.9768573525658915
2.6140864154667214
2.235656764745322
1.5364843528897394
1.336491221009364
1.3620383070105047
1.8021812718336836
2.102765336860907
2.537690281711179
2.527785875336421
1.8697363677236631
2.3464767994396927
3.0445895806011114
3.0388440814960065
2.4054039508837217
1.9881671030033556
2.1804857135547073
2.516939916139325
2.932899070114959
2.9679603137752784
3.1306275625993005
3.8867803526805096
4.058264815058184
3.7076033488764017
3.7610788247148568
3.7440713250162707
3.783247982418474
3.8995300565864617
4.270543156400662
4.168078147020057
3.9252330304745398
3.95862881084819
4.212296586910621
4.173368412327234
3.5158583784201367
3.1336610779109852
3.236454238881009
3.2039778656220945
2.8438158489979664
2.591209273595409
2.451128993436
1.4557780640759317
0.20213452038765645
-0.17741399304429384
-0.22070282828208596
-0.06083461745996055
0.32198353029409055
0.2929663501558054
-0.08445021912543539
-0.3511856664807015
-0.28043420709764155
-0.3486741636606887
-0.2462046560322545
1.95824883607692
1.7579497202764924
2.4742317311624715
3.282321109712434
3.2774921823652106
4.593176127289462
6.50496833074392
7.816553504542872
7.397570795403898
6.4870288969480345
5.399112074990049
4.5096478129672635
4.569615245778643
3.131409597282454
1.4055105585271466
1.2926692992167315
0.2817099078338172
-2.9449474903056383
-5.158017650092246
-6.3160820148685834
-7.573592650414386
-8.539661946428424
-8.537461492006244
-8.422938396078068
-7.87730852527119
-6.466725513076954
-7.095779148540299
-7.55475656981612
-7.0632765173943355
-4.546631691890426
-3.4058614783256966
-3.636928798853894
3.6254022571411055
3.2108633923244527
3.825811056434154
4.606395438720277
4.566121053463944
5.6881729663554115
7.457507206884545
8.670629749223385
8.045979721451179
6.901574685537751
5.645057593427831
4.824461997927182
4.884511808360771
3.3573319951342193
1.5719298227029113
1.3908016662949876
0.33277634586232646
-2.7629143345042833
-4.897933565934171
-5.882093640195324
-7.001212893284686
-7.886286800418208
-7.740245438553857
-7.454962019030844
-6.882479242009191
-5.407650235796792
-6.031635843648214
-6.603687172763172
-6.1544247234432
-3.6969916139528376
-2.5507609879206217
-2.605623901039419
6.9579874834416575
6.408324640186297
6.007302600978067
5.951955637670109
5.864554299517637
5.262721464127061
4.568702948398631
4.322672161678308
3.858041055194964
3.2054957729660543
2.8417267946489
3.178261098203632
3.2220027093609787
3.575983895387041
3.849184723127513
3.5339685245921304
3.541438442394134
3.98904175492195
4.283710468022768
4.446592113000473
4.836169485684668
5.227061737102898
5.614101537511406
6.091764956427567
6.179894351590478
6.0424751124973
6.192437850558199
6.113273169968274
6.092612790705708
5.837705124373599
5.806818625323411
6.354169445097078
3.161438066551406
3.28573878900433
3.469944672263956
3.5019577567729003
3.5333049445132225
3.7195308703972465
3.759321636689596
3.665898299426517
3.85533246059192
4.054367665754296
4.056450965293511
3.974332666025708
3.7568266668915427
3.6562234194799057
3.792874061036216
3.966251076749341
3.935052731292817
3.8541744436714134
3.6939794445590115
3.4696850025030432
3.443013366712961
3.5233566965497456
3.5276496126417607
3.507829035017821
3.551254770996512
3.3312984096849085
3.260775039956713
3.3550560859960887
3.382724740908053
3.3609591170115247
3.4732299035093064
3.553070783319305
-1.702243963150844
-1.950819646598028
-2.6269365563917564
-2.8525143319100197
-2.24768713948985
-2.9145957086030974
-4.007027995405111
-4.091614887026353
-3.4671489345281232
-2.073656663304788
-0.3825877382833965
0.9252283671305789
2.13224107171199
3.183811765732558
3.7511133588844205
4.466965664383393
5.293457530436694
7.4538329509572
8.285529157551483
8.607548194651503
9.046321077085638
9.448096340231704
9.467156883616953
9.310746634476837
9.32800754301045
8.479116880608572
8.339833381849807
8.009213497690467
6.863423189271253
4.969782583111834
3.2546716502579125
2.9135375895124356
0.433064316812399
0.40417125496753653
-0.40878174350293095
-0.772306457167891
-0.12949099227041352
-1.2305116078369933
-2.8653480240434743
-3.276148902480799
-2.836314214508331
-1.6800370426778584
-0.07365420509886396
1.3790106938519118
2.229954151329055
3.7012920969393877
4.9059796546079815
5.6747943435448835
6.869570378366091
10.083959887143807
11.477128675687366
12.137401046629675
12.80017195647336
13.081159135990472
13.08314268254166
13.172278846692583
13.011460654048538
11.593682897826746
11.699821715374446
11.418407491746954
10.101551578445537
7.064320768392034
4.817482523308823
4.974353321845915
2.2707502387134655
2.3923942852061164
2.264535850384163
2.0407609157205706
2.1293372233419707
2.4185903544027822
2.6590374450329035
2.7991607691639406
3.1402481716979453
3.7092739112890443
4.043315505851397
3.880822023637446
3.921228516725983
3.8660597638070042
3.6639077131554245
3.7034509291592297
3.564992673104437
3.7498935160480182
4.122813567145879
4.013778019282477
3.3495731727906723
2.551442817241781
2.2752600148709026
1.9013322933947043
1.4440741576173723
0.8667539900374664
0.5853078492446607
0.8493448114955122
0.9252744201006242
0.7075691754987001
0.6504056851204693
0.5236546471621067
6.6116549195854635
-2.8941351465596252
14.308444344971752
3.774448835455405
1.5715866972179777
5.753473419070156
6.422399581849892
-13.674606715519724
8.988367845995324
3.174508433209924
1.531250276694153
17.53608117502449
1.7059081553657578
10.042905059655137
24.029163068097645
2.533419982311295
-4.8465824693089665
-0.5230825182506731
-12.597213842578524
-4.472401293483409
0.6430781572894748
-0.9935569936848735
-3.1574872803389207
26.515023822808516
-8.836489054399157
-6.659068656902183
-1.7509069581434404
-22.821378514968284
-1.2031917712934388
-9.827838246124116
-24.63490404835702
1.4816297405469823
-0.6685510480038838
-4.486621368149842
7.54639578052529
0.32267775097377716
-0.43161676170457597
-2.6133094989991728
-0.38026743247204525
-8.953403799231866
0.35159711343748334
-5.6160592555534254
-1.2237936466583925
4.215553903645393
-4.716134982648216
2.4024390792626735
1.2967737946213431
-2.582354625757774
0.1653767213734397
8.058704667626857
-5.1089428674192074
2.837112203448344
-0.47126768510936484
0.5983222989721101
2.6565450174471414
3.7820739990700627
-4.528647357539853
-4.5096122597500345
1.586866215366497
7.275409812612454
-0.9138038054850982
-1.104072105334855
-3.967140046965812
1.557987144958047
0.5431215437847517
8.717585428201698
3.5625146080994647
-0.3286731372670002
2.316738620744792
2.2228422275105015
1.8349450061842325
-2.2899969177827555
-3.333251841960307
-1.9509911137649927
-0.25147747543504906
-6.624496985672038
-2.4345026593111805
8.022232072334262
-3.9424804213787925
1.372430877794597
3.6184372736110904
-13.42770727709575
6.616759373119297
0.6947332066923655
7.944648357209397
5.726208448614583
-2.8070965767999456
10.386911834898878
1.3798272196227037
-14.12480376634974
-2.6793672737746914
1.1314767292065047
-6.579632681715551
8.313193406999234
15.842143165052939
0.7170246438294472
-2.4004717455101385
10.865882753733313
-8.207592371008012
-0.41805254560330674
-7.677262732625041
-4.578201352715639
1.5617295112588219
-6.042437658215881
-0.3721561522002991
13.841730561434543
2.691789447745195
-5.2155547105747635
6.512275593939352
-10.042451904774843
-16.61612073222622
1.3485874715017672
6.119349206110746
-2.549003402745273
11.578237716623887
2.310552774215106
3.2204027507396344
8.171558345700966
5.989787796847375
1.5846537323273235
7.734367351652506
4.327743851290233
1.8885862672141864
8.669099249830142
5.6210261371911665
4.971778830263039
16.459539848174355
7.205300877105561
2.735414804971623
8.828557963604133
4.312065568030967
3.686123041007332
6.872287579272718
2.3156825029296795
6.161189028124903
6.938948568369194
4.788408593057457
4.119280161173167
3.2865046504578266
9.086751586456915
7.555756177461724
-1.6011341849608118
1.5724697162183423
5.444976961262305
-0.33890903435677117
1.5259268920856583
-4.571947350748892
-1.560873498925487
0.1391133875046787
3.3105866794246968
4.774239235940202
16.874147826623947
-4.009724951898526
-7.479122631576376
-0.5104246969498802
-17.06401060117299
-2.194523696227694
-4.192249727252084
-19.39035724253819
2.0042534552064226
3.4505014932787352
-0.8241099207391179
8.61113862020892
3.918820555549739
-0.7693672615131716
-1.9273544425111504
-2.650120719262474
-26.20163474907871
7.83792504482861
8.445399630695155
1.2984867162806197
21.430489509064618
1.288914864903283
7.386972437689257
25.23076874338391
-2.1816281460767764
1.7536339822495748
-2.9624863697054478
0.09965717519307074
1.7997388653980642
-1.0560048270425473
-3.514896712558953
0.8836425915743895
3.2419588657788356
9.992776130105577
3.7029500148698298
3.3876765871493886
6.796220797572856
5.591701677361755
5.606049202328553
1.4890833197339433
-2.7016635794769837
