19433.22517550657
16520.083933874368
8607.900379691411
7604.116522960352
7528.549439178796
7376.050317772193
7182.425270498039
6828.682543298131
6882.907107555179
6269.713316346728
6010.798303914121
5813.7913825985
5833.149724733161
5291.504607795164
5079.1216245129835
4946.195740460026
4743.379970419874
4576.81672375338
4450.664950683493
4397.522822637909
4340.117764414732
4289.488851357411
4260.499735624252
4272.710771513336
4199.988842343067
4143.061862494698
4095.661643328021
4072.9529295214697
4045.985076400038
4016.444813575105
4002.8146742047625
3973.2085312956497
3957.740447517762
3952.7780118782252
3923.4680136296033
3912.9657709911808
3888.050803506972
3878.593043610781
3862.2728642269226
3860.7964336162495
3849.1102907848554
3844.355219536172
3841.011940779928
3833.093354471146
3827.6618640253473
3826.0566304496474
3816.7940044256893
3815.380980771054
3805.70286357321
3804.4521629376154
3801.6086743140568
3792.846192791381
3789.6199901947457
3786.0067808215504
3777.2798872850353
3775.1958389322367
3773.4517794975604
3770.4689535526977
3766.0231533701167
3763.4806585600345
3756.699348128555
3756.000304373943
3751.8405072779346
3749.875799921122
3745.1493584700033
3741.9468379719087
3740.8490570890735
3737.503696800528
3735.89640222758
3733.507744239275
3730.04276179929
3727.2210538068625
3724.3507111292174
3723.41186990949
3720.878905527221
3718.6285072921673
3716.3753664098986
3714.32267647399
3712.050634850484
3709.857782829683
3707.557919401232
3705.3848805188186
3703.1180461253243
3700.9766993074923
3699.57422279213
3696.0097697053766
3693.5628045931826
3690.5276135802437
3688.154286525295
3686.299081722182
3684.1123520619158
3683.5115978174
3681.757817660106
3681.4668842783276
3679.4220065258774
3678.7376074063477
3677.3966167061467
3676.2797455898285
3675.2773757494338
3674.371391317168
3673.5170459404126
3672.7620322220673
3672.0392274175215
3671.3689435181946
3670.7324241278184
3670.65568290847
3669.778035910252
3669.415724246314
3668.8665271337104
3668.350621045012
3667.8531062336983
3667.3825973343905
3666.933613878738
3666.4864578977053
3666.1452007061775
3665.496426160807
3665.13222189455
3664.7065417544522
3664.6357518729687
3664.1225501573335
3664.002647669035
3663.596630059245
3663.2103853764065
3662.833044148711
3662.474915789092
3662.1284959792015
3661.796526999581
3661.467049449551
3661.1355646254588
3660.8340026782025
3660.412796212586
3660.1380008523356
3659.6422515558534
3659.227740597174
3658.312028605211
3658.1160072592365
3657.07491644881
3656.9173990625795
3656.5367573014714
3656.219592293298
3655.8183916620856
3655.4668452157143
3654.8544206984916
3654.3299307900293
3654.0846671098825
3653.8369273189055
3653.6154242265266
3653.274208387458
3653.105161986106
3652.8855660720437
3652.6931588845664
3652.527006782111
3652.3282299487314
3652.280614300512
3652.0735939409283
3652.0130196487826
3651.819084972528
3651.6468635181695
3651.4108345757313
3651.2589890702443
3651.097081337834
3650.945044055801
3650.8014639067933
3650.660368561369
3650.5269188608404
3650.394393493145
3650.2683952962166
3650.139744035328
3650.0149927878515
3649.8942496866266
3649.778282124372
3649.6656630035395
3649.557247746971
3649.450198910774
3649.346989602394
3649.2443897571006
3649.144852129537
3649.040300831118
3649.025023919796
3648.8508552045023
3648.7745243187533
3648.679885503729
3648.570162180384
3648.5352399011867
3648.4394135489724
3648.418170551167
3648.319041544438
3648.269335122642
3648.165244995151
3648.0929236544553
3647.8769006288835
3647.2997356555215
3647.054806384524
3646.100461554133
3646.0744965311865
3646.0006526695715
3645.933257956332
3645.8698082014034
3645.8077992996573
3645.7485705759177
3645.689685519749
3645.6325375142064
3645.5757076929326
3645.52114326366
3645.467024465763
3645.4121925514537
3645.3566734597425
3645.303338354194
3645.250480669394
3645.197225241238
3645.15589384679
3645.0297701209056
3644.985066695945
3644.9074098596193
3644.7326451695503
3644.58555426504
3644.5623879074433
3644.4541092062545
3644.415455347079
3644.3464411882333
3644.153341061245
3643.992813934812
3643.9286350822017
3643.8949315840946
3643.8132001674394
3643.7855098351492
3643.7102996836993
3643.693793761594
3643.6268145725994
3643.569901822497
3643.3625811872325
3643.181330698042
3643.1525777260977
3643.0404268178977
3642.967785925684
3642.928582128177
3642.8131035946412
3642.75402647064
3642.694358841523
3642.5875207913364
3642.5331805892447
3642.4873971040524
3642.230960999056
3641.7540462794204
3640.9139943807454
3640.8467545507733
3640.7549786273776
3640.6966437542255
3640.6073046030156
3640.5831801250165
3640.504001168969
3640.4895775167533
3640.4093383262684
3640.387543117475
3640.3173674472537
3640.301858356934
3640.2166063610134
3640.183823809808
3640.1170601394
3640.0980277020203
3639.9332886800703
3639.826213200062
3639.775325842732
3639.5598023769226
3639.545879120712
3639.356241700865
3639.292733581683
3639.2516998465585
3638.959340034941
3638.7062254371917
3638.686351190042
3638.612802331306
3638.5440767384557
3638.484750665588
3638.4256987785466
3638.42166903644
3638.3467978814733
3638.3355635264143
3638.291841863863
3637.8837347239914
3637.5412333242025
3637.488696205428
3637.416740427344
3637.3435445747755
3637.3365798855607
3637.2674662109625
3637.2589655245083
3637.1917521905275
3637.1282537121087
3637.07171028766
3637.015916478129
3636.9615914014603
3636.9066837807727
3636.8521451334504
3636.7979815466147
3636.7441932183965
3636.687813694189
3636.633321458043
3636.5807274071885
3636.528131449471
3636.475044099572
3636.4217016461066
3636.3691194870685
3636.3158182709863
3636.262901137842
3636.207080415107
3636.182667465512
3636.0987533801404
3636.0385935843597
3635.9419024308677
3635.92987135535
3635.8695654782077
3635.8593895897357
3635.3099361729733
3634.91114978998
3634.7251541803957
3634.7105679289994
3634.4275891065713
3634.1910867610345
3634.1602790438683
3634.0924511684448
3634.0282020620566
3633.969568058832
3633.9114253969065
3633.8545505634925
3633.7947197748254
3633.735601947955
3633.6767703275054
3633.669091045819
3633.5744303017204
3633.54602852719
3633.5310150814707
3633.4626198770998
3633.4494016034564
3633.381195267956
3633.3675936276736
3633.3056492107053
3633.294883293982
3633.213901641621
3633.139306984215
3632.992404225958
3632.8969396063403
3632.8311694980353
3632.7672232795826
3632.704828619404
3632.6441553349555
3632.595669823708
3632.472412273029
3632.4553380961884
3632.3577301420373
3632.0559443169923
3631.767585748642
3631.6923643738
3631.681994690248
3631.6204109478576
3631.564556570285
3631.5070837738963
3631.4505511054053
3631.394080437396
3631.3373428572877
3631.2801638228443
3631.2240938597756
3631.165833376064
3631.1619801191405
3631.1063857880636
3631.050540068168
3630.99521660258
3630.9397678812284
3630.8843567154377
3630.8359035205503
3630.727504034625
3630.663314164949
3630.6186475375684
3630.5158156232314
3630.4533328987445
3630.416148718126
3630.2931228197167
3630.188179009017
3630.17359195357
3629.906832692449
3629.6620976970003
3629.651380547837
3629.411149268804
3629.2993702888493
3629.244926983584
3629.1770857963875
3628.9657876650954
3628.833362244713
3628.7619309684032
3628.667247026582
3628.6324505266753
3628.558223911874
3628.5023038542668
3628.4511661154293
3628.4049704207882
3628.3602008204384
3628.3088218227563
3628.300802118185
3628.244700785526
3628.233641934747
3628.180038761854
3628.170623017034
3628.117405720748
3628.1072002512515
3628.0511341346137
3628.0422210699426
3627.9936443497527
3627.946525968647
3627.8997163597974
3627.8525116297237
3627.8076925396726
3627.7514377369234
3627.738899256464
3627.693569444065
3627.6480109854724
3627.603268178533
3627.5598820286214
3627.517099947584
3627.4707542346796
3627.467700224091
3627.42215369426
3627.3776370122523
3627.3280345712515
3627.3189723385613
3627.2630911558863
3627.2529891580934
3627.2067656518593
3627.1626851508927
3627.1571532031676
3627.09950084777
3627.0837747053524
3627.0390993510237
3626.9957887536266
3626.9529755033172
3626.9104988286867
3626.868248203008
3626.826074388147
3626.7836987552723
3626.742339495518
3626.701788538349
3626.660809995577
3626.6185549254756
3626.567489530505
3626.558400220623
3626.5166352709794
3626.475727511622
3626.4297496601116
3626.4257636291572
3626.3847766994627
3626.3424533661578
3626.3005167216825
3626.2586780359034
3626.2555557098885
3626.207206717544
3626.197386892446
3626.147393298627
3626.134528912443
3626.0893207727936
3626.0821846937865
3626.040904851766
3626.001280143135
3625.9588764476457
3625.9556973239046
3625.9077432035783
3625.8976910585466
3625.8572276269583
3625.8171516540424
3625.7636435459044
3625.751108678592
3625.7069851218953
3625.679037362308
3625.5788869259086
3625.4855599909974
3625.216900747947
3624.9815637972893
3624.9570956363223
3624.9162311785117
3624.8842437984704
3624.7453752574233
3624.632947316721
3624.6155463161112
3624.516312782828
3624.4615780733498
3624.426791471671
3624.299831033956
3624.2413724916796
3624.190113553481
3624.13844236633
3624.093946030966
3624.05906759292
3624.020787733229
3624.016236000434
3623.978194833157
3623.9484863582397
3623.8817782136416
3623.826288376029
3623.7070897397216
3623.6192203929027
3623.586454897739
3623.4934263684468
3623.4221276971475
3623.4090823151664
3623.346157372773
3623.312485188871
3623.276582640032
3623.236876054734
3623.2296552235935
3623.1938647068428
3623.1861266971464
3623.066321277057
3622.994799156404
3622.9692165295646
3622.922983351313
3622.9078244581438
3622.874663933186
3622.8429551718255
3622.8134982379843
3622.7734813279367
3622.761765712354
3622.7307238568915
3622.7083373525993
3622.6626455954497
3622.6234700840473
3622.4471937004614
3622.3342560756687
3622.3046352099063
3622.263347217822
3622.2338863670107
3622.208152114952
3622.158652038043
3622.114303638409
3621.995368125024
3621.9183508275323
3621.8854605508695
3621.855878458232
3621.833261902741
3621.7736214076785
3621.720726107309
3621.603226992828
3621.544868283558
3621.5000546576175
3621.4731072167474
3621.449133177052
3621.427115634718
3621.4054296335057
3621.3838876092177
3621.361992487204
3621.3407592081603
3621.3198365914895
3621.2988328678284
3621.276849289566
3621.2727074232653
3621.236555553589
3621.2183324076996
3621.2033885044607
3621.1583623710576
3621.150832249143
3621.145219023168
3621.115833417746
3621.0590739062777
3621.007484176985
3621.004775100174
3620.885351060939
3620.77776481786
3620.773346785456
3620.7233140842263
3620.6816305285156
3620.6785812531753
3620.6331911313723
3620.6103990774036
3620.590393769939
3620.541332967954
3620.5036198136
3620.4817330409637
3620.478526535312
3620.454442503225
3620.4473632474014
3620.4210425637098
3620.4179714062852
3620.4037017930423
3620.3315771723883
3620.3016232056966
3620.275212147597
3620.252772869714
3620.233845341077
3620.2185269133915
3620.197430961119
3620.185380385332
3620.1635907448094
3620.1464298047417
3619.98968520505
3619.849496871338
3619.8422788275752
3619.823226037908
3619.8051536985554
3619.7866124957027
3619.7843946805497
3619.766419050031
3619.7648278129886
3619.7484034603804
3619.7322675491796
3619.716940996503
3619.7022114207
3619.6885530181116
3619.6729888895575
3619.6705772313503
3619.6554993754103
3619.6529568802052
3619.628734728787
3619.6222887455024
3619.6182813917208
3619.603717525294
3619.5900223183394
3619.5768722663
3619.5635267602224
3619.5631964614445
3619.5482768939823
3619.5462953340816
3619.533460288078
3619.520328754989
3619.507191404626
3619.494622022462
3619.4811735134185
3619.4682193833755
3619.4561693675987
3619.4440361317475
3619.430290319437
3619.428248838641
3619.41453485367
3619.4122988934546
3619.3987883523428
3619.3866255485977
3619.369844755124
3619.3539130819718
3619.3316409594054
3619.3219450826796
3619.30977670991
3619.2951652198058
3619.2915240243624
3619.2779531370797
3619.2764710550714
3619.2623357652847
3619.2567188907924
3619.234092878707
3619.2216390829235
3619.2099283746816
3619.1987901786556
3619.187637836203
3619.1758911994066
3619.164625197295
3619.1534234957976
3619.150228859462
3619.1323398812156
3619.1222337663567
3619.111591493397
3619.1008675566245
3619.1005303482007
3619.0845343857573
3619.0799008138138
3619.078461334117
3619.0670034052
3619.0566852141014
3619.0395707148004
3619.0312939139585
3619.0207171636175
3619.0102954882877
3618.998258327452
3618.99645834805
3618.9862791055557
3618.9762842027876
3618.96616854513
3618.9561057808583
3618.9457799437805
3618.9356068496836
3618.9255776865434
3618.915572510399
3618.905665438766
3618.8956264642507
3618.88564411755
3618.8757979452207
3618.866006815575
3618.8561247536236
3618.8463602445577
3618.836727197217
3618.8271507732507
3618.8174721520945
3618.807946366865
3618.7962763730184
3618.794110959378
3618.784799908985
3618.7755150304465
3618.766003131789
3618.7581938334906
3618.7346690941954
3618.717991387446
3618.7071915469983
3618.705174379797
3618.694284986145
3618.6918900105325
3618.6813820036646
3618.6790759761466
3618.668715708355
3618.667113432324
3618.6577508991923
3618.6551570180695
3618.6417478506432
3618.6294488614035
3618.6006996463407
3618.582863867331
3618.5711697237725
3618.5518988779286
3618.549538045648
3618.5339273727423
3618.5010419504856
3618.4722399973475
3618.47036155953
3618.4361252875665
3618.4078941057983
3618.4043772990904
3618.3952958025375
3618.3869788550364
3618.375573785564
3618.3690229483336
3618.361122715791
3618.353503211529
3618.345832262231
3618.342527578079
3618.3331390787453
3618.323938499349
3618.313661288643
3618.304698363713
3618.2598861571264
3618.2206217831163
3618.2167493269167
3618.2044250375047
3618.2000874495816
3618.1926626781233
3618.177566246525
3618.172942780425
3618.1633332500396
3618.1313680671683
3618.126108481896
3618.101684321457
3618.090016761849
3618.083402122981
3618.076290277868
3618.0746075321704
3618.065736250039
3618.0619585621243
3618.0544989098375
3618.052469070683
3618.0459629642614
3618.0400783820264
3618.032390564497
3618.027436051534
3618.015901380121
3618.01375481306
3618.005720496747
3617.971590402129
3617.9418667379523
3617.9381848526978
3617.92620999126
3617.91529509255
3617.8624548823727
3617.8326524413274
3617.8128187295415
3617.802933612277
3617.8008826071086
3617.792752344544
3617.7856985220747
3617.7790338150335
3617.7727354201843
3617.7713855426027
3617.764338619768
3617.763174540956
3617.7577056999985
3617.7525138970827
3617.7473377951055
3617.742398392595
3617.737587586223
3617.7328230817207
3617.7281280777947
3617.7234604911455
3617.718834647314
3617.7140369905196
3617.709296064584
3617.7046484278085
3617.7000180174396
3617.6954969289654
3617.690991054047
3617.686382261454
3617.686259147308
3617.681772183759
3617.677298539541
3617.672834370937
3617.6683856364707
3617.663943429945
3617.654972235204
3617.6528725902463
3617.6506773337533
3617.6455744467476
3617.6451713682304
3617.640414540229
3617.635819264469
3617.631228131184
3617.6266475114253
3617.6221022958307
3617.6175496500155
3617.613035231249
3617.608317334601
3617.608113513103
3617.6036186530478
3617.599115014924
3617.59462130127
3617.5901209556696
3617.585629997696
3617.581149390848
3617.5766738055704
3617.572187610864
3617.567717261249
3617.563234891653
3617.5587637377757
3617.554279413343
3617.549805746456
3617.5453169254956
3617.5408027271224
3617.536271619516
3617.5317879349177
3617.5272871286234
3617.5227976347055
3617.5182846647804
3617.5137807251476
3617.5093216534433
3617.5048729420296
3617.500435361707
3617.4960077823016
3617.491586171983
3617.487178125427
3617.4827165054103
3617.478311252897
3617.473921945955
3617.4695324777754
3617.4651202420587
3617.460756067707
3617.456407312692
3617.452055186602
3617.4475618711554
3617.447183563049
3617.441681205811
3617.4400315401767
