16197.389103147141
15778.94946149655
14403.209904027928
9868.110428142993
6790.987996118951
6682.684147428041
6578.674434019873
6216.204077951776
5891.064039867806
5649.03819019402
5525.610885567015
5145.285314528993
4832.255367045657
4599.768492362209
4404.519037472572
4306.667928937371
4135.451124881133
4049.8401912117893
3952.476959701878
3879.0080335314906
3833.4844472284394
3809.457435317817
3772.2922148162756
3757.9130273680325
3717.9962195582707
3703.199816189424
3682.9722207446757
3680.7222817902934
3671.1487753152655
3651.8604282324445
3643.1276312052496
3631.876000687258
3624.8109869600075
3621.365344613185
3614.795266955571
3608.894763110289
3605.2836334301987
3605.2943223051384
3595.984442457563
3592.902009639287
3585.9844289003872
3581.5239699638696
3575.960289522858
3574.415543158891
3564.690441503912
3562.403263002308
3557.0977099383113
3556.6164416025617
3553.6936897177297
3553.429185316639
3553.247453374309
3551.656360052095
3551.442472843068
3551.3774287164397
3550.537124587823
3550.459628297142
3549.941643601218
3549.470852329288
3548.984866857806
3548.866509745603
3548.373677793292
3548.1126581471726
3547.9037986905983
3547.7346585747196
3547.5827886963775
3547.4491745009295
3547.324024990525
3547.210376245626
3547.101783895096
3547.0006789394156
3546.9340200811116
3546.755510324113
3546.744074226231
3546.5847792170925
3546.3918644226364
3546.37298219375
3546.2051662279637
3546.1042238983996
3546.034084084887
3545.9698919222574
3545.9097525873954
3545.854655019494
3545.8021604568517
3545.7526757067803
3545.705289362983
3545.6602276794943
3545.6172279443867
3545.5768334649047
3545.5378141488018
3545.500620803951
3545.464932593786
3545.4279233305233
3545.4246405885933
3545.3894849985827
3545.3809929648514
3545.3038214173857
3545.2585389299406
3545.2302434161497
3545.166476880484
3545.128883752956
3545.10448072966
3545.060005387441
3545.0305973512145
3544.9969101604124
3544.9623048151984
3544.959767413407
3544.9287193125365
3544.8998376050013
3544.8631212898886
3544.852469666541
3544.8224423951956
3544.8191720278287
3544.7877761908826
3544.757928463188
3544.7266403592826
3544.706765451924
3544.674492484387
3544.6494099279807
3544.5639256492996
3544.4845506433044
3544.479705886831
3544.3934491799946
3544.3767738287693
3544.3126375301904
3544.286070314462
3544.284195028787
3544.261184734369
3544.240297837123
3544.2195866888023
3544.199665391656
3544.179851021515
3544.160805568307
3544.141833586901
3544.1229960968476
3544.1168093130127
3544.0927572403493
3544.0819611945158
3544.054209878501
3544.029079425948
3544.0036721787114
3544.0013745936794
3543.9792638200406
3543.9540874642976
3543.936938250933
3543.9192775340603
3543.9071069775428
3543.86898129982
3543.8347144243653
3543.7710319652015
3543.714954438783
3543.7087980785777
3543.6799031262763
3543.6553373504826
3543.629010240619
3543.6092940533244
3543.587264460871
3543.569591559856
3543.526189612754
3543.5197979792515
3543.483634741455
3543.455111626928
3543.438927255297
3543.4215921927125
3543.406530062297
3543.3898326419553
3543.3876257550223
3543.3726551283457
3543.3596446324887
3543.339961452435
3543.3304064692456
3543.310280156041
3543.3007232008486
3543.284479235633
3543.26971910151
3543.253954908847
3543.2392524454626
3543.219634207582
3543.215960913599
3543.1991417851714
3543.1826083619453
3543.1690947647244
3543.1161721847075
3543.077927724758
3543.062659824334
3543.0325220311042
3543.0269319419667
3543.0038380900664
3542.9448543252074
3542.9230137731615
3542.888524004076
3542.8743768091895
3542.871785732965
3542.8582669055395
3542.8453173613657
3542.8448009022686
3542.8327826594023
3542.831522982159
3542.8159428669865
3542.8067249216574
3542.791388151542
3542.7780141937237
3542.7584539930263
3542.740076307423
3542.7178008943433
3542.6985992237455
3542.670089625457
3542.648861397373
3542.644369663999
3542.6249246502016
3542.6151684248384
3542.603421190351
3542.601807300968
3542.588360058523
3542.575638384217
3542.5589334579463
3542.5461477227864
3542.5247779948686
3542.512104816498
3542.5018562837545
3542.492317292494
3542.482686607515
3542.48250783871
3542.472422267825
3542.471643392979
3542.4622495145604
3542.4529161228284
3542.4435853670334
3542.4343561113155
3542.425023018486
3542.4249142703443
3542.414001340509
3542.4122801939598
3542.4035384265394
3542.3843640784194
3542.373062878452
3542.3626346810656
3542.3608403256744
3542.3511587639764
3542.3426927890728
3542.3243397767897
3542.306944026439
3542.284997763997
3542.264526861278
3542.2035978799677
3542.161828015402
3542.1449539708124
3542.1364000832414
3542.1288999069375
3542.1217658831483
3542.114766563401
3542.1078152730965
3542.100880377189
3542.094010649961
3542.087147897805
3542.0803422541267
3542.0735419686216
3542.0667915100826
3542.0600283877593
3542.0532529939514
3542.046491720316
3542.039813172373
3542.0331260539665
3542.02648821378
3542.0198502242138
3542.0132505121037
3542.006494370039
3542.006269112941
3541.99951401515
3541.999226716659
3541.9925802049047
3541.9860136062066
3541.979495307971
3541.9730268870862
3541.966557677307
3541.9601242688527
3541.953686843335
3541.9472427043656
3541.94079244879
3541.934426225552
3541.928047017285
3541.9217150579257
3541.9153573492117
3541.909039731003
3541.9027605034034
3541.8951598291746
3541.893956558164
3541.8933074746446
3541.8802291773372
3541.8728074650053
3541.8657776738964
3541.8642164640905
3541.8565316283857
3541.853424351324
3541.8460527179195
3541.844298290581
3541.837078307788
3541.835104333715
3541.8282387102117
3541.8277655641828
3541.821109313712
3541.8148845164615
3541.8086777588105
3541.802586455037
3541.7966932555064
3541.789972440953
3541.7894187787815
3541.783370457195
3541.7749183911064
3541.7718291283672
3541.765743894448
3541.7597855482923
3541.753929733175
3541.748123303074
3541.7423786377153
3541.7366842947795
3541.730980301078
3541.7252540073264
3541.7194158311095
3541.718691093357
3541.7110325555905
3541.707936940717
3541.7023335102963
3541.6968002849235
3541.6912616115005
3541.6857796689915
3541.6803332283653
3541.6749133099065
3541.66951306189
3541.6641338601125
3541.6588334039434
3541.6535542002935
3541.648333565922
3541.6429743280532
3541.642897452788
3541.6376201044773
3541.6323928726533
3541.627201614714
3541.6219772964278
3541.6169432770344
3541.6168740471035
3541.6119129459835
3541.6117932244188
3541.6065268256675
3541.601274881106
3541.5961073782246
3541.59095776857
3541.585196381041
3541.584220178114
3541.577944049052
3541.5766188114408
3541.5715823984174
3541.5664933264297
3541.5614712859933
3541.5564177262872
3541.5513653503263
3541.54639904674
3541.541475041844
3541.5365973967387
3541.531730989874
3541.5269013215366
3541.5221049008524
3541.517300082953
3541.5126236065107
3541.507436980882
3541.5066549969793
3541.5018258556524
3541.4971061867814
3541.49209283142
3541.4911227173634
3541.484991707317
3541.4827226160915
3541.4775549198876
3541.472416738702
3541.467341129874
3541.462378677285
3541.4564565618375
3541.4560759449273
3541.4536001854735
3541.447441122492
3541.4418329345813
3541.419269330037
3541.4134601678284
3541.4009871651233
3541.395391468655
3541.3952243209264
3541.3898278241345
3541.3896889916505
3541.384290158497
3541.3839616987752
3541.3786797434586
3541.3745649594484
3541.3639062179914
3541.363500834611
3541.3535575279934
3541.337862550767
3541.3366021994657
3541.3223931328566
3541.3052807943454
3541.3036026230143
3541.291259585242
3541.286667535762
3541.286073930844
3541.2816279452622
3541.281336236042
3541.276834948775
3541.276479924076
3541.2723341838205
3541.2683276143075
3541.2635629939787
3541.2617352191182
3541.2561718177044
3541.2556396872633
3541.253371599922
3541.24482042635
3541.244144410539
3541.2394190217833
3541.2366543557832
3541.229657559553
3541.2270596746052
3541.2232074444964
3541.2116272445314
3541.200810549684
3541.18119401297
3541.1688063881193
3541.161853409749
3541.1615431695263
3541.1344017691363
3541.1233824221586
3541.110724585444
3541.1079137702473
3541.103766527807
3541.1030173097074
3541.097734034202
3541.0957783233052
3541.091900215736
3541.0880460122826
3541.0842658135725
3541.0805861879385
3541.0769843335374
3541.073380261889
3541.0698703794505
3541.0663446432236
3541.0628762190677
3541.0590971191054
3541.0586984434026
3541.0548106886245
3541.051268172138
3541.0405381529818
3541.033087991992
3541.0292687959895
3541.025702403296
3541.0221939367325
3541.0188523531992
3541.015313818525
3541.0150917093492
3541.0113713747473
3541.0109977822494
3541.0084420255644
3541.001415355915
3540.9998658371896
3540.9952327783844
3540.9872941280178
3540.9807035520307
3540.974672978024
3540.969749719261
3540.957451914321
3540.956643588228
3540.946152556484
3540.94079637634
3540.936766525763
3540.9285138088903
3540.927518607909
3540.923678400836
3540.9205927772937
3540.9049958740015
3540.904050092034
3540.891133497821
3540.8871969556503
3540.8838132183823
3540.880637730289
3540.8774442136037
3540.874293875832
3540.8711883807086
3540.868095967118
3540.8650385955
3540.8617509296414
3540.861382710419
3540.8578225607607
3540.8572433112413
3540.85429180822
3540.8513314707907
3540.8484118111614
3540.8456145483515
3540.842458514558
3540.8420660979114
3540.838971489578
3540.838301447513
3540.8339973007833
3540.8317680823807
3540.828707671918
3540.828394113964
3540.824585008086
3540.823635466253
3540.8205909769126
3540.8176531074696
3540.8145029497828
3540.814113434532
3540.810530290813
3540.8097160387183
3540.8064427481763
3540.8061345074866
3540.8029042253866
3540.8025354305414
3540.799616194505
3540.796819605788
3540.7932342957397
3540.792424719512
3540.7896795267375
3540.7863765717148
3540.783178059963
3540.780003906653
3540.7789652966126
3540.7756082993524
3540.77412147367
3540.770754030431
3540.7705674544254
3540.7673346752117
3540.764154680572
3540.7610265536205
3540.758056528987
3540.755231364171
3540.7514720344225
3540.7505497707466
3540.747755482973
3540.7415619054877
3540.7398081058213
3540.736845542086
3540.7327806552944
3540.731747927831
3540.7280936264306
3540.7274563364144
3540.7241745011224
3540.721481749963
3540.7162377470704
3540.711547183363
3540.674305793001
3540.668514274738
3540.6372778872606
3540.635748791048
3540.6313759257864
3540.63047284671
3540.6274015458166
3540.622902504701
3540.6225435083325
3540.6189004252115
3540.612729641521
3540.6113018034075
3540.6070817734935
3540.5992049261513
3540.5977070902736
3540.592088418067
3540.5883580108
3540.588047937571
3540.585056852091
3540.5797375329344
3540.5768611039393
3540.574815722402
3540.5675118714344
3540.5632850801944
3540.561016527107
3540.5559395315454
3540.5558088624957
3540.5522184623737
3540.548903151458
3540.5484838940997
3540.544600142297
3540.5435042074323
3540.540518765036
3540.5395865396863
3540.536192328474
3540.5360490543076
3540.533243763444
3540.5286801627053
3540.5260888532493
3540.523467979802
3540.5233633008297
3540.5205826029937
3540.5179144186777
3540.5155858220232
3540.515553541083
3540.5128199647406
3540.5122335780584
3540.50933613036
3540.5087199486734
3540.506292344322
3540.5039058720427
3540.5038566075787
3540.501554806586
3540.4993139658
3540.496856559014
3540.4967146934687
3540.4944357638938
3540.4922724823255
3540.490056501671
3540.489961977
3540.487839689412
3540.485636288947
3540.4855751537198
3540.483390136916
3540.48316544883
3540.480657743175
3540.4800842853306
3540.4779055945455
3540.475404093022
3540.4750395553933
3540.4729166513157
3540.472872076663
3540.4707759325656
3540.4685736860265
3540.4684459086293
3540.4659332091883
3540.4654514473195
3540.4632953346218
3540.4610876784454
3540.458933857911
3540.45682688622
3540.454652572686
3540.4541204973148
3540.4317879408104
3540.42911624423
3540.412274183512
3540.410831316928
3540.408803883151
3540.3761109500947
3540.3438442491515
3540.3425537300786
3540.339918052129
3540.3396346928944
3540.335878496834
3540.3343924460796
3540.3319361209888
3540.329689739035
3540.3275184179342
3540.325398840108
3540.3238374619627
3540.3193118277723
3540.319080086923
3540.315471390937
3540.3085394253476
3540.3073507601666
3540.3051443657278
3540.3020667011265
3540.2984043288225
3540.2980145016995
3540.2954907640146
3540.2926279260805
3540.2925132250534
3540.2896864599415
3540.28951782959
3540.286616025209
3540.2865313957445
3540.2841639909207
3540.2751465926854
3540.2674260911695
3540.266473522672
3540.2615823307838
3540.257235656058
3540.25292766962
3540.2519955511743
3540.249219933866
3540.2453139938493
3540.245105509901
3540.241809134989
3540.236563537541
3540.2341060274825
3540.231688641158
3540.2282521696316
3540.226448376811
3540.2240811606
3540.2237787324643
3540.2231630122114
3540.2178736360693
3540.21766190693
3540.213247506675
3540.2109946946507
3540.210344377933
3540.2082518010307
3540.20794425756
3540.2076453620125
3540.2047652616766
3540.203633205599
3540.2014738399716
3540.2011915969997
3540.1992635653532
3540.199246139628
3540.1973609382485
3540.197314091235
3540.195356872885
3540.195219122003
3540.193324570028
3540.1932793003534
3540.1914112709005
3540.1913232189836
3540.1895149753564
3540.189420845658
3540.187433485108
3540.1863883840365
3540.184196178306
3540.183859170731
3540.181473939014
3540.1811172958883
3540.180822280289
3540.1781164824497
3540.177459828405
3540.1759036452054
3540.1507379513646
3540.1335682476306
3540.1277096190397
3540.1249647004634
3540.1177704487973
3540.111442203221
3540.110815853033
3540.1069200168154
3540.103435422927
3540.0992186451945
3540.096002259061
3540.0955279100453
3540.0908705081165
3540.088519929173
3540.0862808461575
3540.0830320164832
3540.0821779953717
3540.081069154349
3540.079147717756
3540.0774084463105
3540.0757813993264
3540.0741777364697
3540.0724716077007
3540.072042117611
3540.0699632314618
3540.0693774821602
3540.0676664154116
3540.0675774997
3540.066034885237
3540.064522205448
3540.0629950087223
3540.0629675392233
3540.0614730639477
3540.059990090612
3540.058253688679
3540.057938844163
3540.0557624818607
3540.0554284126392
3540.054948583694
3540.05202534783
3540.050847123428
3540.050341973416
3540.0476473910335
3540.046866769213
3540.0460520704864
3540.044164339883
3540.043325900914
3540.0415606038923
3540.0414727009133
3540.0398289883083
3540.038262165438
3540.038224603612
3540.036546524306
3540.036433045259
3540.034797759939
3540.034622867756
3540.0317624486092
3540.030649859457
3540.0303934181193
3540.028770911385
3540.0271613815344
3540.025572854931
3540.0240178668637
3540.0224854210633
3540.020775376566
3540.02066934733
3540.0191183461106
3540.017412540333
3540.017260893626
3540.017029300202
3540.0148901486637
3540.013589851024
3540.011662950047
3540.0115901348136
3540.009538824981
3540.0094471439056
3540.009021921754
3540.005820968121
3540.005360708934
3540.002699694027
3539.9969872699553
3539.9937385764774
3539.991392139303
3539.9849219179987
3539.9789376312756
3539.9606682627063
3539.944380759305
3539.943910215894
3539.9419448879844
3539.939896669851
3539.9392770516433
3539.9371445016523
3539.936685614521
3539.934653994886
3539.934281204818
3539.932771731371
3539.9307535928247
3539.928931164484
3539.926250015268
3539.9238161132007
3539.918371523915
3539.9135975044555
3539.9120115365063
3539.9108102141986
3539.9088577304997
3539.9080579291926
3539.9065623024003
3539.906204933422
3539.9040653926872
3539.9035700400177
3539.901991140538
3539.8984817804753
3539.8969913661203
3539.895114513323
3539.891784014176
3539.8889758945666
3539.888611591926
3539.88445544557
3539.883135789313
3539.8804959146105
3539.8698937881218
3539.862887048568
3539.860221689232
3539.8588228082212
3539.8535964234297
3539.85157184742
3539.8500231475846
3539.848518169078
3539.8444952530836
3539.8426888992813
3539.8409801510584
3539.838583486347
3539.8383082757914
3539.8362022041138
3539.83608315856
