2.2063196940217242
2.4045302575956162
1.7441337609054428
2.666733088552056
2.5246344290179916
2.6871325513842628
2.3959986560461743
1.8958876927509414
2.261035830241653
2.2350909747409498
1.8236804387184362
2.1521647307226175
1.775729829359717
2.0094015034658157
1.8968362485737906
1.8755702435027108
2.029693621803324
2.667617495517362
2.5617277762740134
1.7555745589363172
1.8366646681226424
2.05280810426681
1.8375918268670048
1.763812108427518
2.1634041483366477
2.4020363373753586
2.038179548881874
1.9346577399708942
2.486441882221702
2.002735133345658
2.3121630633203534
1.7712605556898704
2.562917626590492
2.18008050909487
1.7994332915629245
2.068322774988283
2.4548925847788965
1.952341506085949
2.533833647547554
2.6168524523257757
2.044047895710463
2.6315771449333507
1.9870143134495815
1.9173781587119525
1.984545692866566
1.874593846938086
2.296873536890166
2.2825038257291554
2.022967726298933
1.9167516269123397
2.239913548523285
2.623587724290367
2.610760260420715
2.5392478931924867
2.5632338614541297
2.0639272968820563
1.7774319968471584
2.441235538946393
1.8152780505626092
2.6219197598886135
2.114431904846289
2.244208161896484
2.686695477043072
1.7341298856914207
2.111074890337784
2.613276320109348
2.1394940377247433
2.509883506803998
2.5614155830389347
2.6350553972775925
1.921661956036074
2.492117765575446
1.7222840359725182
2.3539607300231546
2.363137380344779
2.0930931414233314
2.193710189199564
2.4775545964047865
2.078105018573741
2.245520934987516
1.9145481280528884
2.5281206157537346
2.035557908888543
2.561758379296048
2.4088006323219924
1.9563398287460692
2.6672851150627217
2.5547053294019078
2.5561051870801057
1.6909274133212642
2.115151182584133
2.534072965694053
2.5993466291443204
1.9737236290481122
2.577082760611426
2.06965723242014
2.1414181020280547
1.9540828766448983
1.9754267900060245
2.494657420869327
2.608647328367095
2.140242827083154
2.026107599523913
1.9399876309954063
2.091088767445315
2.5304882465776997
2.079065041256599
1.954747158483986
1.8368287533274226
1.7821588011391567
2.00833858016581
2.3979040700024346
2.3388665549701635
1.9215963936664753
2.102668206780321
2.4707211774741333
1.734222444020834
2.600924111705462
2.1985368729623205
2.1844720165616907
2.42909088995796
2.0012470324368743
1.6949050322300008
1.9112127125841487
2.3684851338997825
2.425593782170541
1.7234285292720304
2.397843260870344
2.457257573432254
2.6158782963420837
2.492638168337585
2.5444168027959604
1.7710569731087988
2.0958234192977416
1.9098080901951155
2.403996927251022
2.2916427744096852
1.7930057880108796
2.068094848025943
1.8472188328664794
2.2427006420524123
2.010465785426847
1.951144028605461
2.4789847195145835
2.5257866061622174
2.6864583892499017
2.640890705583221
2.645748858098515
2.447958821884196
1.8006337940051051
1.918457100667797
2.108907703791605
2.2007123728877933
2.1951456293416873
2.337002505713368
2.5048563426268817
1.7284528639387633
2.20800811023382
2.4488998051152837
1.9002970367471976
2.4227012707370097
1.7867169926958044
1.970467734355762
2.1717098484807456
1.725951755946779
1.762479117615303
2.080239269990825
2.356391467383302
1.7769506796269599
1.745849234209663
2.2603434656362626
2.508191134548265
2.205352637491903
1.8331487621372429
1.9360600522470677
1.7388807064044163
2.1691003765570187
1.796266180365813
2.5952988949479714
1.7388690135188622
2.5673879837807005
2.5193652597146734
2.625270271363383
2.265086136400411
1.913311483815159
2.0670924307434904
2.3927579529991183
2.0610802786860973
2.3332765773748765
2.511205272345162
2.1127476680658845
2.554820030302433
2.5005834832440224
1.812286238415029
2.2042781927797086
1.9287700478360137
2.077545546321384
2.548421694148737
2.3180931936903013
1.7421814459683753
2.4013146407922408
1.7609574126758878
1.7537603465180127
2.017755322425834
1.9603191307596635
2.3199224375300336
2.2044629973280605
2.3987666839573416
2.3358442404556117
1.9182179045724632
2.253846264931136
1.8031769327076652
2.2880739172173046
2.6642856212246038
2.6599674407648592
2.425651849772425
2.6204610296242157
2.034153705060245
2.3435664337201674
2.386648800469784
2.2012670688036255
2.3985506183816794
2.034694512410239
1.7077184467054563
1.860260700693815
2.189963933765172
1.8328442918149612
2.4502472162393403
2.341500355328975
1.7692303205237623
2.569445949943697
2.2665904772607837
2.2525906978458154
1.9244194646159507
2.6531068159264857
2.092170243298215
2.58072394250829
2.300294782535609
1.992760770586267
2.3933025566701893
1.7037026612708932
1.7157140049436836
2.0559105797304333
2.3956066654775965
2.2322272496759137
1.7370012945913678
2.4434105997956745
2.1645529234413234
1.705531280323186
1.731894981623872
2.2678340053029045
2.3570094305471336
2.3242726266154454
1.890240583862582
2.4404494998617965
2.2615275161804824
2.685708367929319
2.37015428397019
1.7654371687296817
2.408021105529821
2.2674755204458616
2.5081380603814356
2.5796435996468805
1.9513014241040352
2.558596257706661
1.732649240504812
2.144264496962331
2.2160998379099572
2.212837618492642
1.9578958928442554
1.9058954549576896
1.8566722958224389
2.097444239793524
2.4775711046471924
2.0827988098188777
2.387614143669053
2.3852255670159987
1.785830449975986
2.1430059693747965
2.236661904986412
2.4258858407708326
1.9231950282757733
1.8506112644769501
2.502945575904908
2.0069471796497766
1.8921579445330081
1.9188665076409357
2.411191318400964
2.2966904599225124
2.384134159556713
1.8664909688151277
2.2957598040907694
2.199805916094938
1.9853647131269743
2.0148816856971186
1.7480106068762273
2.1204203004001245
1.8412193671995079
2.6869505589755756
2.36216011534548
2.4988125433447896
2.3201922824141654
2.0179627486704024
1.941115920833511
2.043143407530007
1.9779181645197232
2.422375368183859
2.1762515118459658
2.1051961382444646
1.719278008485827
2.5406233597718693
2.2747041377605752
2.1692379523319185
2.158146875583475
2.1849859812071153
2.0521828066525174
1.724540106635575
1.7457573993830808
2.620292962830902
1.8880121031358794
1.7157481089561732
2.5989318609817387
2.529152513151316
1.764964486629104
2.4208903576835095
1.7577548436014288
2.4105958134560534
1.891225042361372
1.9178032501926745
1.899692869353914
2.223545024216884
2.2390932931703267
2.531355421889555
2.6044711189208227
2.0269486673012342
1.7722067071494467
2.3842261545376324
2.623623664163336
2.5487766632662856
2.366850334727185
2.4032480094757522
1.8087041330388014
2.6357770535548664
1.757168803063678
2.056399419696534
2.495661453604723
1.8381154589075843
1.7580876325451933
2.2718192071394396
2.653031819443582
2.21907965465579
2.041179821484308
2.6199872268661464
1.8641801048050228
2.5883372965160403
2.6700477621258916
2.3170569379649244
2.45918368898694
2.2676360006062186
1.9752332460467128
2.359234974307345
2.0556417775198117
1.9577104022375826
1.9299835743875862
2.251361630287584
1.8222236836026406
2.011959198103968
2.512984392478965
1.8865846465168603
2.356725194992725
1.9384894544935853
1.86150651921666
2.5182899641397345
2.3438641402646407
2.2778207722028467
2.008151975028351
2.457197934480174
1.9196272101836185
2.1688994184884582
2.5991587267839487
2.3273829793117997
2.2920539795765773
2.6087184153004968
2.0020063609893337
2.4177029004775967
2.624376054282423
2.0300307095999264
2.3749527461679474
2.641940876038616
2.0394546045653117
2.2915190811020496
2.2337854427843515
2.4686015328189113
2.536863207534947
2.087483357336109
1.9544474884248701
2.550492740336887
1.979699965307107
2.529265527257734
1.9347491336774458
1.813044064321038
1.8785356589276139
2.071152202823481
2.2338395872711665
2.561758991421989
2.637203386054601
2.3253922597445076
2.683656483913074
2.2745172640500035
1.9563014887809154
2.415977676150195
2.610706962525418
1.7811473434603282
2.093345264480494
2.1478854061861044
2.038244427260317
2.1659661971305915
1.8009494915654907
2.1386923891406435
2.1671285398126385
1.8960257676111631
2.1334355162378262
2.130486749213392
2.4203832687023903
2.1559120080666165
1.7157334433607696
2.614973299240214
2.514860354375678
1.7970932684140946
2.00166876528223
1.836720245792851
2.0619609542872896
2.1675008115280945
1.8943121656665485
1.744610549475142
2.043855962766837
2.09908273472706
2.4097986293560334
2.578461995950475
2.5551043377059983
1.9001234606994977
1.7275004009022425
2.667543510809087
2.1704803414560274
2.2347602802966033
2.012502997942611
1.781929135571873
1.8505738365687667
2.4503373821065004
2.368468823132943
2.5373695613740477
2.6059862485918464
2.211858112141718
1.7695534353370477
2.5402966735706842
1.9826483631974205
2.4763782543577992
2.5436194469300855
2.3804753541814563
2.59820603099753
2.3232920378589696
2.531075607845218
2.4983758568675496
1.8494922962097162
1.9667238349249898
2.079818835652728
2.2903089806594785
1.7261440971691664
2.39040859211984
1.8514889969732755
2.201995659146587
1.8021209976723518
2.2699682728579313
2.587153616149193
1.7550701489610958
2.5780924512849586
1.8542918518674252
2.598579799305832
2.4530202181492564
2.4763129305598603
1.7235503534049905
1.981781086302677
2.4595940937917984
1.7791811898094587
2.2986386004213015
1.7046574557569076
2.489616219694879
2.4523140388419735
1.9434964740030536
2.5292227613855944
1.9952829311448896
1.8614274620002853
2.623663234126072
2.2312283345562447
1.8460756319459326
2.3888083112224576
1.7994549349593645
2.4521192562110743
1.8709669797389756
1.821110333229846
1.8947912353053364
2.1375126528378354
2.346811861703195
2.6385176896970695
2.597862439011811
2.3778202855231223
2.635179643382056
2.445989551304516
2.649005227635409
2.4174309617620704
2.1707380482800684
1.7596186489289434
2.59728963316115
1.8576039590973374
2.0229219732466897
1.852298295822073
2.3711399564862763
2.1370343680245067
2.669302137715661
2.389745283235814
2.334115804078839
2.172116218826502
2.5496874014204636
1.8486803467575987
1.7022238440030917
1.7175165418937437
2.017412170637306
2.1426494492172643
2.1026368303814036
2.657016953831043
2.5791861766079585
1.6907165093459575
2.6150881067474945
2.591085683577181
2.051984283147153
2.219003378820993
2.249286873977484
2.043016888179571
1.8501292320043337
2.2014943866551935
1.9075610187572438
2.2756778635289114
1.9190293479853022
1.7155567707539063
2.1479810063947147
2.105012995027614
2.0421220500102586
1.8410110860714954
2.4332549469566027
2.5988026901949466
2.5266805238079444
2.3668619493182126
2.6286302929324252
2.5507156758078935
1.9850187756942528
2.001712314943501
1.870832228554929
1.8017967278710558
2.5447944615758535
2.6869823299164572
1.856435054167546
2.264056174376525
2.109005220855769
1.8513701643846037
2.4173518583635154
1.7981471488117369
1.9928628347484298
2.437983259236323
1.8678224231648344
2.0441020784640456
2.611967750977157
2.3460616586591527
2.0560612168357726
1.981901472094173
2.1037926370185906
1.838950554903953
1.832491486097959
1.699044694301471
2.4321226467728927
1.8983661843085888
2.392660547346841
2.240326535524411
2.430874844833708
2.2441330274385374
2.667848268097562
1.7250789111481524
2.1882124168015835
2.2414674366373957
2.4349656930672463
2.235074170154469
1.7700213329800552
2.2514110811426464
1.696585061614653
2.4746494957063474
1.943493927453604
1.8325082591308157
2.202478411052406
1.7145553690316686
1.9557603302184086
1.7349266549791231
2.332522859966664
1.7352919708900492
1.7343626748514098
1.7900465313765237
2.116597970654427
1.7747749618836597
1.877517401946365
2.524480115678517
2.6511497318071005
1.7226025709297912
2.647291080442928
2.499386402334639
1.8007477706848858
2.0684652678981834
1.7796297704171755
2.14212123131025
2.2466987080000838
2.128931945201638
1.9919102613705426
1.8608044037941769
2.3654638124989624
1.9095697564685803
2.110249878839832
1.9966631480800665
1.9704302528880733
2.398529583811854
1.9060907484306122
1.976501591710359
2.6584268352356952
1.8388087173132228
2.4172757583347257
2.6112374477048483
2.014622512015538
2.2099396217924228
2.5175140386821395
2.6495391658269263
1.8424902442861042
2.1368129168010803
2.012030678564158
2.6820414238811825
1.7247516904992406
2.1986365777361594
1.8707112881672094
1.9798494968891693
2.026143596394577
2.211900626461925
2.5879465431402817
2.4839556326905985
2.6507222863700726
2.4551461500984715
2.1811986630819455
1.828565900929606
2.0230596717382108
2.362823253649549
1.815092332453713
1.8203887156277216
2.118617680862226
1.8688102059160092
2.5240042094615296
1.9850793876766943
2.5789626854071193
1.7888062366989956
1.876740486116012
2.137449985809741
2.546477647953747
2.004725176099357
2.587623858958498
2.1897662334925694
1.9278728800332663
2.23503462806607
2.4741748696248544
2.012018441223319
2.4446100623068583
1.7680271920947828
2.39252733977861
1.7074836367711965
2.4316695505288397
1.8132393439158456
1.758138016078452
2.6201679569426544
2.038729699036878
2.4397114670501967
2.110992271276068
1.8095623571946378
1.8875315751700852
2.523113224441497
2.488517542371768
2.063063374028768
2.079690989535797
2.2031125379842456
2.331064904840874
2.6375231596146467
2.4207602471737593
2.165825312623553
1.7308464799788472
2.403428259464369
2.0498975826303774
1.9238313773796867
1.9474832993893323
1.8602570728672336
2.667870389597332
2.6169029759875952
2.6543928200059863
1.948138565926541
2.212137922332025
1.8690076126659536
2.342272463260448
2.5201132326498827
2.106900686158443
2.6801283483820875
2.517723565546218
1.7471958764822757
2.289138850656096
2.2918457976850446
2.6737884194404016
1.983508740468377
1.7817802770532296
2.4614852854493634
2.497115417589364
2.556003232127159
2.1509112779334165
2.1427109159230966
2.674356557949414
1.9836231504700315
2.2159859046596377
2.588223450492735
2.519289396100043
2.3649376555984496
2.467705541894216
2.164630426381711
1.7603386423148755
1.998557351208789
2.539383046004815
2.110788750412948
2.5725500447850775
1.7736919314805735
2.2082633636582814
1.8902514884065929
2.613810923171914
1.706545225457428
2.062630514884676
1.883635289919127
2.1318514358021834
1.7147845851666161
2.4621444675701305
2.1479238261712084
2.1669720772033467
2.0763189100525135
2.541999637273939
1.7386257779783179
2.681436197451254
2.350352193348466
2.6487428384701355
2.0782642382359566
2.2230271516051063
2.1851247630347315
2.04137802541735
2.443069857895349
1.8989229085964576
2.3425111541600936
2.577338413230968
2.210131959293343
1.8710317037125115
1.9671378603381828
1.766081888464157
1.9422985807948991
1.8317049987621226
2.1286584915320397
2.677229390503859
2.471240585777398
1.787944999918382
1.816141284777749
1.8038870312815003
1.8552263560635829
2.332446459074183
2.314356686669254
2.213889711312938
2.0023092059084373
1.736379461063117
2.0543894523329946
1.7534234998389064
2.2084663534105817
2.6523089602871703
2.383751549468312
1.8056657968339103
2.415993137175409
2.166952410661219
2.6700145495684255
1.905157415238164
2.355182533079426
2.56928627618347
2.475065588600101
2.5509714138964634
1.9104202788580646
2.5695347682728604
2.580195143235777
1.7148655258179992
1.817764873346052
2.558150863601009
2.239990412500931
2.368569515375974
2.369713520779251
2.5812794848427636
2.6505117948850287
1.8267537257782769
2.0718722991759173
1.7867782422112495
2.0161214875799294
2.2435304000122276
2.017096875278058
2.276351125672398
2.0271253053940788
2.613169465615756
1.9470246677051677
1.9259503641937747
1.8457311412639432
2.4406379510562086
2.060722980523615
2.3373438474667187
2.645000986087614
1.8313386823830495
1.7668068163865516
2.0536402104480187
2.2239807813728154
1.9863830559849982
1.8237052000648382
2.481419689862962
1.765798811384242
2.2055836996464557
2.1989861778906885
1.9614472317281357
2.492374125051036
2.067262963965987
2.470309960803516
1.7955976215153187
2.3484682056875537
2.1181025607135737
2.599789067707942
1.8743636812779443
2.1775297032157166
1.7377512484526374
2.257745915308104
2.3946559182461815
2.543856213435828
2.010182434933529
2.2378578929101023
2.291313587905046
2.306874451735851
2.1941433122405707
2.33673553671128
2.175793229937701
1.6971039283700418
2.3300560721221144
2.4119825360317577
1.9042077160690922
1.7968478668687229
2.0841918905478347
2.6490275927430575
2.5213126182859593
2.4132313310243596
2.212340687183238
2.6233312549779937
2.299310039929342
2.654047835186941
2.5229437737958706
2.5977507295663322
2.389384619674483
2.2791584936101463
2.144888252688679
2.5754947878796584
1.7339200075669379
2.16905948102671
2.1160932758453415
2.565599516380402
2.618932715672937
1.709628298444357
1.8454786859462657
1.9865444194869892
2.5898352467079038
2.3696780422225743
2.042214658380988
1.922151336306842
1.7721376940108113
2.2042654186829873
1.9117306167356067
2.036009291911687
2.212557586619235
1.7774100168599187
2.2440105121832943
2.5438499924508635
1.9577318840054316
2.5254703955522144
2.148726360308944
2.030277918382039
2.0258135558023707
2.1889605467801534
2.200134556592103
2.6141048479061997
2.1485767120491412
2.070930208286313
2.1952184280898566
1.9582686332594574
2.067082313885508
2.3184853240277103
2.0670670410458305
2.522865122380371
1.7412685446111937
1.8407501117108158
2.419712699781911
1.8897026239995733
2.5518583761904114
2.335795167206747
2.3778540222358657
2.6438543981615643
2.542811851164573
1.8381764012885347
2.034556783391496
2.422331377328984
2.5527834103773746
1.9959982808642673
1.6955080514614338
1.7746786883712569
2.210959142638381
1.811979888022904
2.4564639982738052
2.0085112518537955
2.407252466378278
1.7017293177305493
2.4908677137664164
2.3653349293815324
1.7418002749623187
2.400991994326449
2.4162002348289127
2.231924606367463
2.268102275306463
2.4786552321481423
1.77477322117269
2.166711429202067
2.6832663938328913
1.7820910857203793
2.2843097488098296
2.637012386667535
2.6562141315844157
2.4391458182396732
2.3473904660763765
2.0650261248859354
1.836159719110035
2.155454946037134
2.0235394501795643
2.2802938972218243
1.9309620649903152
1.9617180617615204
2.374943664287355
1.7410527256746795
2.055116049919709
2.568479319369149
1.8860707922699793
2.083508628346831
2.0831646647364535
1.7670110978968723
