16197.389103147141
10894.344586125992
10894.944537909068
7533.654860075227
7507.993282916982
6759.940803499593
6699.983330232164
6663.587334760364
6201.951047911932
5922.268334783823
5736.543375713619
5656.478207335875
5609.992378176365
5552.722403370516
5339.059275466605
5327.883637612739
5183.466239345364
5184.101289709319
5064.284832608816
4761.704952019439
4756.4002710890945
4681.051315419462
4605.788159574646
4510.414477512926
4440.8063002827
4372.40721326107
4330.990421883242
4298.346144939419
4244.629421009456
4209.044632200819
4181.930884915182
4160.586417817483
4135.623222134414
4103.716616903004
4102.057898621183
4085.9582414569245
4058.4556833680917
4057.3344351279243
4041.983399289629
4009.0259487309654
4009.7300017307484
4002.4449371523883
3980.515533715375
3970.232469418225
3965.5825024256073
3944.8681643005275
3916.1504483400713
3916.0103399850805
3910.8059139896454
3904.531362413877
3900.896119606967
3894.8508181829498
3888.7976349051996
3883.0066250334703
3877.1622286557945
3856.6327796051964
3856.3809201879544
3847.235573602556
3823.782138187016
3821.1249985245745
3821.2136256417466
3816.4375894436916
3808.5310403656836
3807.622522611681
3802.845187395159
3802.9641960945137
3797.774720856923
3784.277671797645
3776.277509198652
3771.3135827136275
3767.669001949796
3764.7849755845737
3762.559470152649
3760.2387729330444
3758.9693581168963
3757.7089174604257
3754.1952702478793
3752.666303702367
3751.938257486431
3749.6175763051656
3745.1821469869155
3739.4593012028536
3728.7855916645367
3724.267906737818
3724.054213343325
3721.6352568128414
3715.3918857648923
3711.8840637940716
3707.780910595773
3704.590256433182
3702.40058706641
3701.6595625149
3701.659693899187
3698.3051571416013
3698.5214712190464
3695.2569218049316
3687.17546059652
3685.2178335096983
3684.13812217217
3683.5949953499057
3682.412894171915
3681.314991360749
3680.833724246189
3680.873301505015
3680.460252503591
3678.9923920160304
3677.9031644692955
3676.068208625883
3673.8244747165163
3672.647505865174
3671.951541616282
3671.038948210058
3669.627241988784
3668.876918596492
3668.3006570373896
3666.9233125197075
3665.473251926116
3664.0556435676162
3662.9733927282787
3662.6541076787416
3660.0952980750503
3655.9399961291924
3652.877515203954
3651.5575431614825
3650.6714429538947
3649.84310105332
3648.626598328277
3647.091376150388
3645.3634800018895
3644.2932783925467
3643.735075449011
3642.9841712307666
3642.2523817885376
3641.819489557298
3640.7248106777415
3639.3076419645536
3639.034136735922
3638.4364958662763
3637.4847012753894
3637.171646917755
3636.5899500609703
3636.196709086748
3635.8085610685443
3635.5257356029956
3635.257133714468
3635.2630696942547
3635.0069307378835
3635.011180859542
3634.2840882852056
3633.340529543637
3632.775539387292
3632.759959127685
3632.2972104556316
3632.00634123191
3631.6622151535207
3631.7337139073243
3631.5669917795403
3630.623632148933
3630.5576261906353
3630.551086481591
3630.408429029037
3629.9136848492567
3629.29307831594
3629.1274078066485
3629.1444520766663
3628.6137108918956
3628.4718514974247
3628.336667025784
3627.8690241118666
3627.468613254174
3627.259500219681
3627.149047920908
3626.9655945070467
3626.8709715100126
3626.7351669396294
3626.657899701238
3626.558965504531
3626.54156754386
3626.3392692412317
3626.236823098834
3626.097380389102
3625.768698112166
3625.71032194654
3625.2658367693057
3625.0158482046504
3624.8935207611685
3623.846927127451
3622.4750358574192
3622.1245567478545
3621.683674218026
3621.4733429871617
3621.1340197960776
3621.198061597541
3620.9789541771265
3619.5994157143746
3619.4110249826545
3619.35171013416
3619.2811875567336
3619.126440639235
3619.041125296146
3618.849646762392
3618.6466714451067
3618.633957901691
3618.553702158595
3618.434165257143
3618.2907496493763
3617.9407038851973
3617.6351713713725
3617.4726479334417
3617.375535310999
3616.9285310401633
3616.4603271301785
3616.3260411771166
3616.0545171916033
3615.765627680023
3614.4908832936558
3612.854589088868
3612.9493130374926
3612.009390300485
3611.2992782852825
3611.02930639382
3610.398453495011
3609.709035674415
3609.159775077116
3609.2425622901073
3608.881574137305
3608.3438623955144
3608.2214406137746
3608.01780814868
3607.9416886946624
3607.8845883290733
3607.8756553651674
3607.7990075898947
3607.7521091272265
3607.6802256902097
3607.641674706215
3607.6080070500316
3607.522948667481
3607.4870292754777
3607.4348744089825
3607.421992523208
3607.4060359981577
3607.332148044286
3607.237887359633
3607.162699349375
3607.115723285642
3607.066001587088
3606.9895319045368
3606.9437451593444
3606.9071583556174
3606.796847948749
3606.6132301605057
3606.444616638592
3606.412925787735
3606.333785067818
3606.234656703139
3606.191204600747
3606.1339573827954
3606.1415241854384
3606.1258349995796
3606.0272295256823
3605.930564053851
3605.8776707921697
3605.8281133246887
3605.763272616631
3605.765209208613
3605.707471195619
3605.643308237004
3605.594661379306
3605.5161263186205
3605.490338397379
3605.4746088634593
3605.437783224496
3605.3557753707
3605.3441613536615
3605.327469575942
3605.252499891105
3605.24673629083
3605.203715664335
3605.178577814612
3605.1619925820223
3605.116878454143
3605.1052607628085
3605.093943761563
3605.0637965369947
3604.9841738954406
3604.9824728692934
3604.972983958089
3604.9654298885316
3604.9597834202077
3604.9584430546606
3604.944893738761
3604.8963958430154
3604.897598955414
3604.890762877744
3604.888745168687
3604.8834972287686
3604.8860442174314
3604.8744183234558
3604.8319124370096
3604.8335616041027
3604.8344462467408
3604.8125653149177
3604.78784803282
3604.780034495321
3604.749889215581
3604.7464374304272
3604.681606587135
3604.654659638265
3604.6020007834522
3604.5824225367674
3604.537436174948
3604.5452656121106
3604.503959576866
3604.2356444664333
3604.2076242017997
3604.2019252380874
3604.186572487197
3604.1863603009206
3604.179340015298
3604.180620113694
3604.171918182491
3604.1800837279447
3604.1664426518446
3604.099923855512
3604.088973271981
3604.08806794023
3604.0827014922274
3604.068318131229
3604.059725947781
3604.006275207202
3603.982196465165
3603.898542596834
3603.776343418805
3603.787829063711
3603.4233430106838
3603.1538099930995
3603.127604126963
3603.0083801914675
3602.9808771547946
3602.9197286346243
3602.850281282785
3602.714057250837
3602.589048670355
3602.3548704438153
3602.1570291294743
3601.8699431760506
3601.5793240334765
3601.4813710617723
3601.1227421181725
3600.585567456726
3600.4358728612397
3600.265885913541
3600.1728218895487
3600.067803216157
3599.939132057487
3599.8506895477167
3599.6919172023117
3599.711077977815
3599.6452432211913
3599.269275583636
3599.0621988135053
3598.7959141187334
3598.5150246595563
3598.293535182452
3598.036573870871
3597.829211615165
3597.6219111022447
3597.640495134367
3597.4960014802373
3597.3061835129215
3597.2113192769457
3597.040393491129
3597.017304393728
3596.761023770197
3596.5943190773883
3596.163687822794
3595.902792865738
3595.7620380437397
3595.519225785137
3595.5623005864586
3595.407807591145
3595.099566980752
3594.940971683416
3594.735526063339
3594.563994782325
3594.5179957332884
3594.3831086463147
3594.2659142920174
3594.1041067322653
3593.9002002263405
3593.7669118231756
3593.5981627982733
3593.4656006988985
3593.4059083288357
3593.33491754102
3593.4030947004735
3593.3428611546146
3593.2919941021382
3593.2553467469775
3593.034904922527
3592.9511179294823
3592.889599881063
3592.6974228102667
3592.47873117505
3592.286251564992
3592.2802919408086
3592.150944490235
3592.186644496473
3592.139732025935
3592.002822516978
3592.0003860602474
3591.9772828345886
3591.9490358827306
3591.9127346376044
3591.8794445796407
3591.8565590608896
3591.854395853864
3591.8119493006184
3591.7314620265124
3591.710167501912
3591.6788089050183
3591.67516393418
3591.6773497088325
3591.6293461174178
3591.645843469813
3591.6293361064754
3591.656530728187
3591.6519255497883
3591.694543259899
3591.6931558787164
3591.769342864561
3591.7715126911976
3591.5606393419826
3591.537229298065
3591.5425486527447
3591.5379252334196
3591.5439705662056
3591.5398604277193
3591.551003550286
3591.5460109511428
3591.5676645018416
3591.5628635256135
3591.599604376682
3591.594913912438
3591.656911330525
3591.6518915184147
3591.755578512558
3591.750604856366
3591.9258691557366
3591.920947631502
3591.4537915700716
3591.442631606155
3591.459678072751
3591.46372048737
3591.48944552059
3591.4908331444913
3591.5456308459165
3591.524807037538
3591.34943414032
3591.348864964057
3591.3211761629445
3591.329222623426
3591.319173767338
3591.3327214666383
3591.3257830404873
3591.345113488132
3591.3390491092064
3591.3649755186766
3591.359310595496
3591.393931756333
3591.388558693981
3591.4333280764477
3591.4282968406287
3591.486725953808
3591.482128238783
3591.5562656854754
3591.552271511868
3591.6479429324067
3591.6446727734124
3591.7646648441482
3591.7623988159385
3591.916321742111
3591.9151833986566
3592.106556194493
3592.107013968962
3592.351936049578
3592.35408825499
3592.656469938106
3592.6611441448317
3593.0482138203893
3593.055382522766
3593.5299742434077
3593.5410847051703
3594.1496368477797
3594.164239958855
3594.90441377669
3594.9250502436144
3595.876667818777
3595.9017582428055
3597.047142412944
3597.0811472879154
3598.558341016541
3598.5968647463324
3600.349320245615
3600.4001461295206
3602.667670742976
3602.719838835006
3605.35512562523
3605.422070116929
3608.843374542451
3608.9000826178917
3612.7594875684217
3612.828731770216
3617.859915398254
3617.8908567100675
3623.320719533119
3623.3509129523704
3630.480333876205
3630.426492065716
3637.6078342396527
3637.5298467621083
3647.1052808349095
3646.9294801149604
3655.485633688906
3655.304022960702
3667.0672726061784
3666.9391236037545
3675.2826856512534
3675.221056606454
3687.566542283805
3687.557916865088
3693.5622661801876
3693.5308686052904
3704.499027339139
3704.484895755359
3706.7839722292824
3706.7414881039285
3715.1628770305047
3715.143938698697
3713.7549881992563
3713.7128258124985
3719.67242809584
3719.673109256131
3715.633752742561
3715.6227541347725
3719.08887547494
3719.019772016537
3713.9738865449563
3713.9546294802685
3716.829880388072
3716.7936249531786
3710.181062811405
3710.220939605284
3709.685823517412
3709.62128806621
3702.151422822266
3702.1538608480855
3700.8966382297895
3700.8887818661797
3693.7947283014046
3693.7744322108556
3692.4452506276707
3692.443853458952
3686.1327252264996
3686.1226321521012
3685.1167875445612
3685.1356261867627
3679.311620538721
3679.292567440087
3677.7927541186473
3677.781988433285
3672.6504488044034
3672.6465858033544
3671.4951896073276
3671.5094847332343
3666.70497426293
3666.7191018265707
3665.0903582051346
3665.117683002808
3660.442238659043
3660.393871332134
3658.797490192086
3658.843366416622
3654.494295931661
3654.439040432534
3652.8261873611254
3652.8705614656747
3648.879893711353
3648.8286877286855
3647.2235027166244
3647.2635452179375
3643.6270419248326
3643.5809770551355
3642.0126215857695
3642.0482960879867
3638.7505917044728
3638.709341079001
3637.2000767821023
3637.2316978755493
3634.2526388393835
3634.2158060922648
3632.7806083427317
3632.808497885416
3630.1255377263315
3630.092768388839
3628.7407628749334
3628.7652334597824
3626.354844847881
3626.3258007681043
3625.0616885063373
3625.083050801502
3622.9217074799676
3622.8960539575924
3621.721269611854
3621.7398308841316
3619.804687569808
3619.7820946399306
3618.695713565349
3618.711771856749
3616.9811088105353
3616.961257198448
3615.960697293256
3615.974535567962
3614.428024303047
3614.410611298803
3613.492170898082
3613.5040527398783
3612.1228911151916
3612.107634836425
3611.266900587947
3611.277067673214
3610.044022869237
3610.0306647312023
3609.2628171670244
3609.2714882314453
3608.1708772503234
3608.1591829331637
3607.4592221460434
3607.466593078303
3606.4842225057864
3606.4739817942277
3605.8368911993593
3605.8431359070923
3604.966216845684
3604.9572426752234
3604.3781052362237
3604.383377017118
3603.6004262841047
3603.5925533043323
3603.06663137164
3603.0710645556933
3602.3718000301765
3602.3648828729806
3601.8876706210394
3601.891382339199
3601.266617711384
3601.2605291461587
3600.8277843946144
3600.830876371256
3600.272418708181
3600.267047781822
3599.8748085264688
3599.877368803073
3599.377921193026
3599.3731714301034
3599.017761261847
3599.0198658275594
3598.5729363104665
3598.5687240192206
3598.2467495441115
3598.248463834872
3597.848281269052
3597.84453398681
3597.552876631243
3597.554256887406
3597.1956939448537
3597.192349019456
3596.928153116246
3596.929247601366
3596.6077508143517
3596.6047541337784
3596.365412620322
3596.36626270303
3596.077789245442
3596.0750941159745
3595.858232828923
3595.8588739315237
3595.599834775905
3595.5974009181114
3595.4008623577697
3595.4013247907556
3595.168533791312
3595.1663264740205
3594.9881534545466
3594.988463137888
3594.7790915383066
3594.7770808156047
3594.615500461715
3594.615679553778
3594.4272154376945
3594.4253754858837
3594.278783829759
3594.278851269844
3594.1090634968436
3594.10737204183
3593.9743193695067
3593.974291342611
3593.8211975303216
3593.819635352272
3593.6988124388026
3593.6987027745604
3593.5605409057885
3593.559091413027
3593.4493166760244
3593.449137194818
3593.3243404363293
3593.322989296505
3593.2231968836327
3593.222957690348
3593.110132108915
3593.1088669293654
3593.0180957672155
3593.017805501981
3592.915710355998
3592.9145204171155
3592.8319041330847
3592.831570184613
3592.7391004818346
3592.7379765003857
3592.662734237669
3592.662362928197
3592.578534001604
3592.577467930832
3592.5088959684444
3592.508492708901
3592.4324265919167
3592.4314114494127
3592.368875596617
3592.3684450212363
3592.2993583853267
3592.2983881066857
3592.241316792205
3592.2408628692942
3592.1780563789516
3592.1771256903958
3592.1250037286704
3592.1245298601557
3592.0673787440837
3592.0664830544965
3592.0188459953984
3592.0183550979677
3591.966300819191
3591.9654361256576
3591.921865171805
3591.921359747664
3591.873902637764
3591.873065446454
3591.8331828653686
3591.8326650620647
3591.789357796887
3591.7885450552353
3591.752010043856
3591.7514817040683
3591.7119235384416
3591.711132574508
3591.6776375507484
3591.67710025893
3591.6409319067293
3591.640160378768
3591.6094276344324
3591.6088827510293
3591.5757818676943
3591.5750277210773
3591.5468064212937
3591.54625511627
3591.515932280996
3591.515193709625
3591.4892571956448
3591.4887004747575
3591.46089563917
3591.460171053816
3591.436314420577
3591.435753149011
3591.410232476859
3591.4095204765426
3591.3875583972663
3591.38699331953
3591.363546387684
3591.3628457358313
3591.3426105073663
3591.3420422638337
3591.3204795755946
3591.3197891788823
3591.30112896953
3591.300558111633
3591.280708884055
3591.2800277745278
3591.2628050484686
3591.2622320505557
3591.2439422515945
3591.2432695702773
3591.2273596775876
3591.226784947782
3591.2099155495926
3591.209250533961
3591.1945404403737
3591.193964329781
3591.1783897502337
3591.1777317219403
3591.164118867227
3591.163541677825
3591.1491483948093
3591.1501769326214
3591.131441435688
3591.1296413753867
3591.111692023971
3591.110341754175
3591.0940700028355
3591.0927185331066
3591.076369847986
3591.074978574201
3591.060223084167
3591.0588911181294
3591.0440608305644
3591.042685324226
3591.029269159973
3591.0279476044034
3591.0144719211658
3591.0131116725356
3591.000891535919
3590.9995794326687
3590.9873121337155
3590.985965691518
3590.9748150878554
3590.973511714365
3590.962323685578
3590.9609897509595
3590.950796673554
3590.9495013775154
3590.939278503616
3590.937955929072
3590.9286210886826
3590.9273332784383
3590.917974579792
3590.916662349833
3590.9080976370005
3590.9068167760015
3590.898232790396
3590.8969300047356
3590.889057146796
3590.8877827472693
3590.879894123379
3590.878599982077
3590.871349370698
3590.8700809899105
3590.862817260682
3590.8615310515866
3590.854840719028
3590.8535779537465
3590.846876471251
3590.845597559425
3590.8394122810787
3590.838154764541
3590.8319597678924
3590.8306875857456
3590.8249580953425
3590.8237054932833
3590.8179672958663
3590.8167013352095
3590.811383637012
3590.8101356446687
3590.8048099231473
3590.8035497282926
3590.7986044923605
3590.797360831614
3590.792408002379
3590.7911531640916
3590.7865451948264
3590.785305611562
3590.780690285692
3590.7794404353376
3590.7751382062856
3590.7739024680036
3590.769592973247
3590.7683477785463
3590.7643230206713
3590.7630909147515
3590.7590588736266
3590.7597912735037
3590.7512426426915
3590.750017173194
3590.7393059421665
3590.736117776828
3590.7247863534435
3590.720271063286
3590.7089338508404
3590.703650149908
3590.6927460361676
3590.6870535731337
3590.6766585275172
3590.6707807781427
3590.6609963709293
3590.6550486055444
3590.6458131242766
3590.6398638180235
3590.6311838572688
3590.6252615920753
3590.617054490853
3590.61117570663
3590.6034248518354
3590.5975932137453
3590.5902248393672
3590.584440847448
3590.577435434081
3590.571697017742
3590.5649948060013
3590.559297928404
3590.5528817168147
3590.5472238676834
3590.541046641133
3590.5354227550783
3590.529470545145
3590.523878876453
3590.5181149617783
3590.5125504853236
3590.5069638864643
3590.5014257128723
3590.495987715664
3590.4967327471163
3590.481905010495
3590.4624166176936
3590.45224009177
3590.439944196618
3590.4322931251477
3590.431316232744
3590.4245983021565
3590.4119575982945
3590.3705155071957
3590.3221357556577
3590.036894367831
3589.299391329165
3589.0844910348465
3588.750506241086
3588.374015187182
3588.04431205201
3587.8857730717386
3587.7688669808467
3587.4609343976
3587.4142253907535
3587.133034006313
3587.217497134624
3587.239843852336
3586.903281088151
3586.8291215174386
3586.8431388524164
3586.8313354900197
3586.6616148562302
3586.62488957403
3586.5266469259486
3586.4800477473823
3586.378840365303
3586.311574336354
3586.3128390987936
3586.230029621586
3586.2144182588145
3586.230918650184
3586.261848624456
3586.1513142105564
3586.149352069313
3586.1247467479166
3586.0825716659274
3586.109618743423
3585.9932303154283
3586.0265956053995
3585.9446169684584
3585.9437982039094
3585.934632477159
3585.8304007851193
3585.764755192541
3585.7083297418944
3585.6928992251214
3585.651831314237
3585.6416633627264
3585.612962794002
3585.605071122357
3585.585865605026
3585.5798826254195
3585.5669611182616
3585.562220747299
3585.553165097063
3585.553055908451
3585.5382381486515
3585.534616881074
3585.5198912411615
3585.4895133133423
3585.455597718981
3585.4201100019054
3585.390411272885
3585.3498675426126
3585.2830748709807
3585.2227183812292
3585.165961279582
3584.979520175519
3584.899374816139
3584.869260240706
3584.855451717628
3584.8492120855244
3584.8029204351506
3584.7881832135895
3584.785517255242
3584.758105053276
3584.752469526105
3584.742876828834
3584.721437587784
3584.69231494324
3584.694350641255
3584.6782646036277
3584.6799660042743
3584.67022633678
3584.669091627792
3584.6655729436657
3584.6583101316414
3584.659731284515
3584.6444341340693
3584.6445894090734
3584.6198434855696
3584.6139655852126
3584.5821706375627
3584.5752434566934
3584.5549389224097
3584.5340696501153
3584.548814085749
3584.5050998970178
3584.5268086451947
3584.490822928143
3584.492097674213
3584.499777861706
3584.4564081501653
3584.4038755952215
3584.39102472481
3584.3884131992895
3584.376641299671
3584.374306418056
3584.364262766414
3584.361992162084
3584.353725606043
3584.351699807705
3584.344784523958
3584.3429759903793
3584.337071061983
3584.335432390359
3584.330246637361
3584.328712575224
3584.324110386966
3584.322650557461
3584.3185309900878
3584.3171212907787
3584.3134466979072
3584.3120857821596
3584.308803372772
3584.3074888175493
3584.30456072359
3584.3032946737167
3584.3006662534444
3584.299445231713
3584.2970735421895
3584.295893821321
3584.293730979269
3584.2925866584383
3584.2905973284087
3584.2894827986297
3584.2876311232844
3584.286541205462
3584.2848017043807
3584.283731444359
3584.2820785084427
3584.281024184277
3584.2794404228257
3584.27993987323
3584.2752190513584
3584.2712912330944
3584.268628457875
3584.268907550914
3584.2630658042344
3584.2656932892364
3584.255843050308
3584.242152028042
3584.2374824366552
3584.2371897789767
3584.2361781723416
3584.2280075750573
3584.1950955620114
3584.198002649633
3584.1976692810317
3584.1883798158206
3584.088674207033
3583.9789501473297
3583.9625126809824
3583.967394860532
3583.9535439993338
3583.9772342895108
3583.987546084005
3583.919066601871
3583.93064405544
3583.9144735364443
3583.924905831655
3583.89862990294
3583.895323043038
3583.9009542118415
3583.8564426835856
3583.792962436654
3583.7865311783453
3583.7560228604934
3583.772303806875
3583.776564019756
3583.7627493649093
3583.785620303234
3583.8159401594457
3583.847484889645
3583.4050326111364
3583.5752105809456
3583.559365552228
3583.803028459097
3583.8425361795157
3584.1894630579445
3584.2634945119726
3584.7759772002655
3584.8886755616245
3585.685171739631
3585.8389293110054
3587.1530523693496
3587.378675087554
3583.6797071234605
3583.3279198760897
3583.3950414236033
3583.1581954206194
3582.8362209059956
3582.681301839497
3582.6463021234017
3582.5739666314225
3582.5612526187065
3582.5311322517678
3582.5224011352857
3582.5096345162606
3582.5105650327764
3582.499294809825
3582.4940528832194
3582.462927849976
3582.4467124348835
3582.3726677419286
3582.3492928631927
3582.351795602898
3582.298891737637
3582.2892116232856
3582.2676179806253
3582.2505159178772
3582.2515911518026
3582.2532699947674
3582.2491435680463
3582.247909542847
3582.2466189921347
3582.2474622596733
3582.2447000654724
3582.2379548991603
3582.235080699047
3582.2333880723922
3582.2313721061278
3582.2301555455433
3582.221670378069
3582.2199774532323
3582.218118362683
3582.198526486622
3582.1841035522243
3582.1799689091276
3582.182402489593
3582.1893752121514
3582.168775932729
3582.137691625515
3582.1341157410025
3582.1249927125796
3582.1060940680186
3582.084797120165
3582.068929452344
3582.0610957520466
3582.0528765421386
3582.051861134196
3582.0495074983655
3582.040735359701
3582.06348942394
3582.049834029035
3581.991282364957
3581.984385662648
3581.982225712917
3581.955120768514
3581.954309501357
3581.955190258239
3581.9375132556283
3581.937857721493
3581.9349754948853
3581.9409639548903
3581.9424757711477
3581.947291175424
3581.9495780311245
3581.8958790925544
3581.870969121643
3581.8695854096504
3581.86828321669
3581.8701308085347
3581.8718272758615
3581.8759860369887
3581.8814937882494
3581.8752866897707
3581.871065314259
3581.8554140373426
3581.8427645216802
3581.8370795760984
3581.8348542655544
3581.8324813578747
3581.829565030954
3581.827009284164
3581.8280745644934
3581.8260866832943
3581.8296853591883
3581.82941344053
3581.8337171799003
3581.8339951915405
3581.8374631813786
3581.832603633875
3581.8394351039215
3581.837400160585
3581.84965796394
3581.8491408725163
3581.866586197971
3581.866225378316
3581.8905646038356
3581.8902443111324
3581.9239191896454
3581.923771972712
3581.9700407273717
3581.970057968607
3582.033451120654
3582.0336391531296
3582.1204609088572
3582.120854662995
3582.2396581419703
3582.2403397706144
3582.40297007492
3582.4040337270217
3582.6264049163415
3582.628012702644
3582.9322365060443
3582.934552061366
3583.350055470426
3583.353390215111
3583.921188311332
3583.925817889544
3584.6996666681566
3584.706190363231
3585.7611422251975
3585.769989661531
3587.201931755781
3587.214248183825
3589.1568163261504
3589.1731575669432
3591.789564298519
3591.812073039962
3595.327726994496
3595.3567442027534
3600.0242601939494
3600.06362818711
3606.2239766763128
3606.272491763036
3614.2415574478396
3614.305675498128
3624.4909703044987
3624.5642708056407
3637.160839506917
3637.2535663636304
3652.5034080634127
3652.596791501241
3670.1273307621855
3670.238367958626
3689.752186966138
3689.841988744128
3709.95499467464
3710.0559334598775
3729.98589265415
3730.037865018171
3747.716364492685
3747.779020999302
3762.9023131382114
3762.8994668660894
3773.718759718738
3773.738159390497
3781.2401410760053
3781.193235856822
3784.295225713004
3784.2851234300815
3784.911371007817
3784.8413638945526
3782.147361200406
3782.122807976888
3778.2219015556357
3778.1448033156476
3772.0987496269563
3772.0690455979848
3765.7867452665187
3765.7114025834962
3758.1351155852217
3758.104889807893
3750.857765239448
3750.7883454542125
3742.7785468909965
3742.74993255645
3735.343874345057
3735.2820520877394
3727.429038592867
3727.4029801275237
3720.257882495389
3720.20406563877
3712.7991208355334
3712.775985779204
3706.092358348048
3706.0463003864215
3699.215824070746
3699.1956686312183
3693.0547432428534
3693.0158511092877
3686.7981442559303
3686.78083903333
3681.200438193897
3681.1679470404906
3675.5553151666318
3675.5406230074145
3670.5056003296518
3670.4786872220257
3665.4402664254676
3665.427899329192
3660.9066811954294
3660.8845396520405
3656.378697383757
3656.3683559630804
3652.3219856545634
3652.3038692732566
3648.2849806231493
3648.276377795145
3644.6634943040617
3644.648737431746
3641.070893047216
3641.063765998802
3637.84334384787
3637.831367432652
3634.6503764098575
3634.6444912601114
3631.777321243299
3631.767630258439
3628.9420553490513
3628.9372078053484
3626.3866543506288
3626.378831009529
3623.870464465686
3623.866478465378
3621.598814319604
3621.592509547568
3619.366522053384
3619.363247466313
3617.347739455385
3617.3426639660343
3615.367563014436
3615.3648729628526
3613.573721943149
3613.5696376475394
3611.817117278816
3611.814905366521
3610.223103206264
3610.2198153053373
3608.664547492796
3608.6627251110435
3607.247867480319
3607.245217403966
3605.8646162556065
3605.8631100473663
3604.6051893049585
3604.6030485321285
3603.377026679718
3603.375776223228
3602.256969495277
3602.25523423999
3601.165963296434
3601.1649190234584
3600.16938087681
3600.1679675656087
3599.1996497713026
3599.1987711282923
3598.312436353309
3598.311277823564
3597.449932846276
3597.449186696078
3596.6595863234857
3596.658628659031
3595.891897467325
3595.891256722401
3595.187348769767
3595.18654869286
3594.503515097332
3594.502957572393
3593.874972876145
3593.8742956273077
3593.265325147846
3593.264832626722
3592.704135370558
3592.703553015369
3592.1601481030516
3592.1597056030555
3591.658667631356
3591.658157730765
3591.1728279845765
3591.1724232016286
3590.724310838742
3590.72385542915
3590.290001190966
3590.2896240958594
3589.888496067018
3589.8880808810563
3589.4998886133108
3589.499531158515
3589.140146241421
3589.139760117622
3588.7921081253794
3588.7917640348837
3588.4694974323347
3588.4691318516584
3588.1575053855595
3588.157169985617
3587.867937817695
3587.867586520736
3587.5880018400594
3587.58767188957
3587.327863833119
3587.3275224503077
3587.0764598507353
3587.076133318412
3586.8425535562737
3586.842219206214
3586.616565012951
3586.616240778121
3586.4060571760547
3586.4057280333727
3586.20272502056
3586.2024025398937
3586.013103292774
3586.0127781901433
3585.8299832524995
3585.8296622733237
3585.659018679626
3585.6586968179517
3585.493944389979
3585.4936247688393
3585.3396587853385
3585.3393395649487
3585.1907095238216
3585.190391143501
3585.051346686337
3585.051029629797
3584.9168188046383
3584.9165015533754
3584.7908189101818
3584.7905036350303
3584.6692004387523
3584.6688842172302
3584.555177230122
3584.554863437998
3584.4451253176053
3584.444810049945
3584.341845822565
3584.341533296855
3584.2421667464455
3584.241852391813
3584.1485333253513
3584.1482219247996
3584.05816488636
3584.0578514400618
3583.973199410343
3583.9728890599313
3583.891195450949
3583.890882944753
3583.814025407153
3583.813716087856
3583.739542265398
3583.7392307595487
3583.6693885878058
3583.669080321519
3583.6016732442363
3583.6013628197293
3583.5378396569163
3583.5375324943684
3583.4762193726883
3583.4759101215955
3583.41808305483

