1554358919.728253
1554358933.706083
1554358937.001048
1554358940.481329
1554358943.790864
1554358947.144164
1554358949.658979
1554358952.403716
1554358955.672531
1554358958.241891
1554358961.866928
1554358964.512736
1554358967.098646
1554358969.663082
1554358973.308655
1554358976.745242
1554358980.223499
1554358983.669551
1554358995.125877
1554358998.542633
1554359002.114666
1554359005.464053
1554359008.842725
1554359012.349481
1554359015.688969
1554359019.011542
1554359022.428455
1554359025.943931
1554359029.26645
1554359032.62129
1554359036.15696
1554359039.575565
1554359043.081228
1554359046.536978
1554359050.131861
1554359053.591166
1554359057.140255
1554359060.817386
1554359064.303529
1554359067.895633
1554359071.403218
1554359074.674835
1554359077.971513
1554359081.381962
1554359084.931497
1554359088.246146
1554359090.80214
1554359093.363227
1554359096.919205
1554359100.347253
1554359103.032997
1554359105.622405
1554359108.33425
1554359111.695829
1554359115.031147
1554359118.238719
1554359121.633835
1554359123.988383
1554359126.258365
1554359128.553242
1554359131.007913
1554359134.367003
1554359137.778372
1554359140.454046
1554359142.936016
1554359145.469349
1554359148.987506
1554359152.655981
1554359156.179533
1554359158.724241
1554359162.194669
1554359165.721786
1554359169.167299
1554359171.774696
1554359174.404111
1554359177.18378
1554359179.753327
1554359182.203709
1554359185.290128
1554359189.731146
1554359192.38038
1554359195.127354
1554359197.772624
1554359200.535141
1554359203.216657
1554359206.678592
1554359209.324482
1554359213.029697
1554359215.965144
1554359219.618506
1554359222.323866
1554359226.081703
1554359228.739885
1554359232.476149
1554359235.140136
1554359238.846467
1554359241.403251
1554359244.963321
1554359247.874483
1554359251.76254
1554359254.445826
1554359257.969782
1554359260.396861
1554359263.922393
1554359266.448577
1554359269.831598
1554359272.721738
1554359276.562954
1554359279.169222
1554359282.635936
1554359286.090102
1554359289.619789
1554359293.062431
1554359296.496265
1554359299.928843
1554359303.234966
1554359306.712602
1554359310.435744
1554359313.855655
1554359316.457478
1554359319.095229
1554359321.897373
1554359324.581633
1554359327.209221
1554359330.560126
1554359333.242168
1554359336.611528
1554359339.171358
1554359342.814659
1554359346.10714
1554359349.90189
1554359352.518423
1554359355.94273
1554359358.64921
1554359362.145489
1554359364.735928
1554359368.235889
1554359370.983029
1554359374.413769
1554359377.028354
1554359380.531679
1554359383.303955
1554359386.696326
1554359389.190088
1554359392.703424
1554359396.453392
1554359399.115574
1554359401.746553
1554359404.315449
1554359407.03045
1554359409.694207
1554359413.214871
1554359416.724808
1554359420.435624
1554359423.952778
1554359427.535171
1554359431.199858
1554359434.696679
1554359438.23827
1554359441.740997
1554359445.390897
1554359447.996853
1554359450.668824
1554359453.220483
1554359455.930364
1554359459.507031
1554359463.151232
1554359465.857388
1554359469.524282
1554359472.920677
1554359475.428545
1554359477.949029
1554359480.584037
1554359483.224546
1554359486.536702
1554359489.102378
1554359491.792463
1554359494.332936
1554359496.888075
1554359499.504176
1554359502.24144
1554359504.855076
1554359507.458321
1554359509.958377
1554359512.511623
1554359515.209173
1554359521.961137
1554359524.457322
1554359528.025183
1554359530.543329
1554359533.174408
1554359536.761955
1554359539.359589
1554359541.894573
1554359545.233483
1554359547.865647
1554359551.389668
1554359554.033702
1554359557.363341
1554359560.065318
1554359563.427216
1554359566.902765
1554359569.465637
1554359573.107845
1554359575.836055
1554359578.482035
1554359582.108037
1554359584.967484
1554359588.517655
1554359591.246794
1554359593.894783
1554359596.55176
1554359599.095229
1554359602.45587
1554359604.976222
1554359607.731191
1554359610.287934
1554359612.842596
1554359615.401559
1554359619.078672
1554359621.673348
1554359624.254951
1554359627.669057
1554359630.431495
1554359633.948836
1554359636.623382
1554359640.209815
1554359642.837287
1554359646.041499
1554359648.485406
1554359651.607084
1554359655.251118
1554359657.878505
1554359660.530193
1554359663.19353
1554359666.872368
1554359669.49822
1554359672.169856
1554359675.707369
1554359679.288273
1554359681.863043
1554359684.493918
1554359687.128848
1554359689.950432
1554359692.955444
1554359696.190494
1554359698.844939
1554359701.689928
1554359704.342643
1554359707.787098
1554359710.334312
1554359713.072675
1554359715.64015
1554359719.095359
1554359721.611518
1554359728.466641
1554359731.857355
1554359734.452722
1554359737.958051
1554359740.605573
1554359743.198458
1554359746.51262
1554359749.096159
1554359751.614238
1554359754.977137
1554359757.540651
1554359760.299003
1554359762.741037
1554359765.070792
1554359767.48892
1554359770.879236
1554359773.419179
1554359775.949694
1554359778.484418
1554359781.203026
1554359783.65726
1554359785.976736
1554359788.287845
1554359791.778172
1554359794.382249
1554359796.984546
1554359800.379909
1554359803.894391
1554359807.358231
1554359810.775397
1554359813.419966
1554359816.068409
1554359818.584586
1554359821.314698
1554359824.126953
1554359827.875626
1554359830.497019
1554359833.110072
1554359835.461398
1554359838.656201
1554359841.106924
1554359844.518492
1554359847.131434
1554359849.954839
1554359853.471235
1554359856.054203
1554359859.570454
1554359862.262236
1554359865.543041
1554359868.062388
1554359870.576688
1554359874.021331
1554359876.58409
1554359879.044249
1554359882.408541
1554359886.1316
1554359889.506004
1554359892.992578
1554359895.519747
1554359898.174936
1554359900.701288
1554359903.285308
1554359905.832245
1554359909.718027
1554359912.417986
1554359914.94971
1554359918.253731
1554359920.922935
1554359923.552786
1554359926.071389
1554359928.584996
1554359931.204886
1554359933.779152
1554359936.286213
1554359939.68335
1554359942.396123
1554359944.943297
1554359948.320943
1554359951.76495
1554359955.474453
1554359958.97596
1554359961.588996
1554359964.188997
1554359967.884456
1554359970.484359
1554359973.134062
1554359975.855524
1554359978.726825
1554359981.360498
1554359984.724105
1554359987.092411
1554359989.611387
1554359992.745541
1554359995.456819
1554359999.116336
1554360001.927543
1554360004.583089
1554360007.986757
1554360010.480613
1554360013.199866
1554360015.757022
1554360019.125057
1554360021.766971
1554360024.44501
1554360027.077162
1554360029.72647
1554360033.090766
1554360035.765376
1554360038.320814
1554360040.896964
1554360044.40011
1554360048.12846
1554360051.64409
1554360054.259017
1554360056.783077
1554360059.476041
1554360062.082612
1554360064.480726
1554360067.73575
1554360070.321495
1554360072.790584
1554360076.240821
1554360078.833144
1554360081.575338
1554360084.911878
1554360087.439038
1554360090.787567
1554360093.565202
1554360097.799959
1554360100.330925
1554360103.031477
1554360105.878457
1554360109.24524
1554360111.757192
1554360115.165457
1554360117.928302
1554360121.356875
1554360123.932074
1554360127.349643
1554360130.090588
1554360133.508622
1554360136.059036
1554360139.392365
1554360142.026742
1554360144.573512
1554360147.126486
1554360149.664223
1554360152.311644
1554360155.681067
1554360158.26734
1554360162.55737
1554360165.268285
1554360167.832563
1554360170.292967
1554360172.856305
1554360176.27554
1554360178.777907
1554360181.344423
1554360184.809974
1554360187.508803
1554360190.072085
1554360193.473511
1554360195.990781
1554360198.71339
1554360202.004766
1554360204.477234
1554360206.93432
1554360209.528446
1554360212.016225
1554360214.514123
1554360217.835524
1554360220.516602
1554360223.009666
1554360226.534384
1554360229.363967
1554360232.293088
1554360235.61804
1554360238.255518
1554360240.814711
1554360244.389046
1554360246.924092
1554360249.491045
1554360253.086478
1554360255.92749
1554360258.656127
1554360262.34566
1554360265.124134
1554360267.802777
1554360271.325089
1554360273.945384
1554360276.474493
1554360280.003603
1554360282.520642
1554360284.969957
1554360288.281055
1554360290.891317
1554360293.16085
1554360296.141884
1554360298.609986
1554360302.029036
1554360304.630676
1554360307.173162
1554360310.51281
1554360313.231042
1554360315.82924
1554360319.235986
1554360321.820604
1554360325.438643
1554360327.91535
1554360330.407312
1554360333.851254
1554360336.540894
1554360339.0837
1554360342.488094
1554360345.240609
1554360348.838009
1554360351.438412
1554360354.035366
1554360357.433579
1554360360.070795
1554360362.572658
1554360365.954643
1554360368.531783
1554360372.032456
1554360374.653143
1554360378.752263
1554360382.288152
1554360384.773255
1554360387.318659
1554360391.615627
1554360395.066897
1554360397.566571
1554360400.059901
1554360404.430927
1554360407.964503
1554360410.627155
1554360413.232119
1554360416.867919
1554360419.46868
1554360422.709287
1554360425.161178
1554360428.469262
1554360430.92351
1554360434.247648
1554360436.789333
1554360439.536043
