-2.163530552282854
-1.7852143493683925
-1.4049516543428182
-1.9338217356248162
-2.691674551451687
-3.147506588448597
-3.389516928681609
-3.0413165010091143
-2.947057878898416
-2.9982576592243078
-2.486220883469675
-1.669408799632762
0.2599345571934388
1.2875805172132475
0.8334652085145459
0.38672778655857865
0.287766418728321
1.5515958730031894
4.947384242765768
8.467798049836565
9.971733454462084
9.431109167968996
8.125867663287027
7.226682100322636
5.798550563978799
3.318246927862355
3.245578993839177
4.292503014288593
3.1329248633838995
1.342985802822842
1.2857890805588832
1.9745489806849117
-1.8852466887066637
-1.0751938669316554
-0.03620700138182207
-0.26830296049931335
-0.8168680855392774
-1.255530439042937
-1.798757090261714
-1.7896051762340601
-1.844122232762461
-1.7290357317062524
-1.3111503573975614
-0.8526462836383922
0.4337019272244443
1.755797017517189
2.1757348270331587
2.4469016198935227
3.0914661010676854
4.549992185068971
6.863309027346039
8.664456302729086
9.308614319270307
8.819374584918297
7.122767830226784
5.598607460788808
4.8133735106578195
3.597178161600876
3.969889180667211
5.013114505978401
4.110326236455613
2.509242168672356
2.0185319278350837
2.1259982559964254
2.025798743671813
2.2811798314696228
3.2480282302421846
4.135405092782863
4.599656937763778
5.126795583326558
5.223454305555864
5.32814326576861
5.684227999187296
5.8154227782901176
5.372394328412947
4.440198897652705
3.622437046281396
2.050062812683574
1.1799287104699048
0.5496368040627773
-0.2879632269941326
-0.8898875614446555
-0.32348415489820576
0.681206716516611
1.068530787009535
1.0563832968165083
1.4312277578744215
1.9824359035556403
2.1442030955078066
1.8138858591564453
1.0453896089678927
0.516784144671085
0.08439298176711249
-0.2311722882875377
-0.5072967779087162
-0.4659682956789773
-1.8936505471722387
-1.3859426255771012
-0.47019025726887437
-0.504276059021837
-0.5966712858388417
-0.5402366001128087
-0.9603145666088678
-0.7778330069315307
-0.5372857375128027
-0.13089498110941747
0.44702556694954676
0.9912349557684423
2.017819917416475
3.177102227904306
4.057185992098327
4.627266310605742
5.057237157358177
6.08858176311431
7.269310426794995
7.536453886247419
7.578486208887034
7.3203689577570525
5.442285752276319
3.6620811335073267
3.581539776085541
3.1214471499621297
3.2887074330184642
3.961727739788996
2.9755800143641196
1.3657590176818466
0.6738734297109419
0.7071387463924874
0.5952556555287388
2.7900482867399146
2.7833373673302124
1.715933265188318
0.4771338492875706
-0.8303895300159071
-2.531404506314956
-3.424711330792269
-1.9955142314749337
-0.2910138249958851
0.21335122085204133
0.4016292573760914
-0.1624224203282248
0.5735296166013913
2.9729244270905553
4.894993901775933
5.274078262386097
3.91992349162931
1.4793351818236657
-3.7891711850668384
-5.52712733244468
-4.254899054451389
-6.083731138695994
-7.981773813597613
-6.562639490707521
-4.421562088865793
-3.8465471400860296
-3.914422741872091
-3.0575197289693037
-2.523708838159388
-4.064854148164667
-6.912449757942469
0.8389668116577822
1.3426309420368987
1.137321397631672
0.4934698974824024
0.4008695422900718
0.49024415772064095
0.2658339566573049
0.7440369249294578
1.7787551389264096
2.583001669383569
3.4849981764342925
4.721162458128483
5.289424710953055
7.135808891421163
8.552611713183804
9.1017371900741
9.096131006533126
7.9748518704244855
5.005679329114387
2.1229163390259527
1.141964469154144
1.4574796150481657
0.7517592286280821
-0.04706743687607479
1.4008649664278314
2.8376712892780405
3.4929191333093974
3.7940926229978604
3.979057012824052
4.129850992190284
3.8922493767745583
3.031572799966232
-0.031054779367146394
0.3625894176308149
1.4125326082137668
2.027838742886711
2.569626952022815
3.2078249611872445
3.178456095270445
3.7475453611589646
4.731110657959347
5.382538537250935
5.921465789687757
6.463523594198755
6.884722572669736
6.97943655211599
6.9630828256129975
6.745657200205737
6.107380123480254
5.340954690715249
4.200669787973726
3.8556912893639437
4.044013996620318
4.274310827646208
4.188341349315112
4.121743285537252
5.049221923752229
5.443015279295673
4.911139531801996
4.365949415894859
3.6705940750612744
3.153106109689243
2.941981024008418
2.845411262233766
3.6978446945518537
3.970471287686182
3.4547052932980673
3.1182331504646212
3.368918952020176
3.6088685607434168
3.545486607085115
3.625425609688797
4.501774500966282
5.170717072501936
5.2238380169916185
5.409431539364045
4.358512730284313
5.17575150080532
6.807750724914436
7.841465936304076
8.030760834026136
5.927274079926214
0.5239994093854891
-5.216964767657949
-7.365162436208893
-6.449921045550005
-5.796583628032601
-5.65093312445974
-3.1209720601172943
0.38158350600627033
1.2830996637304073
0.8521404202988231
1.964844308358563
3.3961778975042867
3.04269598744456
1.5930733185062649
5.66867262477546
3.6820023852296053
3.049203982564269
3.540091585118147
4.007254428187388
4.5104164527945425
5.8937884288341875
6.022586623783169
3.894516556032843
1.7628975359254757
0.6028196752913163
-0.39983631735740327
-0.8435819399262152
-2.422173979109322
-4.564804073916751
-5.9401188584890665
-5.812331694996116
-4.027100612016843
-0.38048461405423695
4.4474187093966115
5.667216778133517
4.388486640178709
5.651427856584128
7.015763148480438
4.710558990791795
2.1144721493528404
1.687120079083039
2.0965337081917266
2.054938926333136
2.202657240017754
3.6874397773034473
6.147479063770466
-0.3301119624231518
0.57002284899088
1.4201289433849273
1.58868925630037
1.6905932473001002
1.7886726883624644
1.3040278555175544
1.7054672284281496
2.678521732865934
3.433939360568841
4.221490900620732
5.135261812074354
5.659871023935443
6.149582075372512
6.681323574954169
6.751842169630334
6.118984534758259
5.220135465774251
3.8642950514845382
2.7576148943596253
2.6636761255184798
3.03703776332155
2.2626080249091864
1.4491418437827575
2.303846773869525
2.8517961135442342
2.647948700728408
2.4304134350307516
1.9657964322849093
1.6226834794183749
1.3170388819948269
0.9666694069780035
1.0298623880765572
1.4922063134046806
1.4295255361168209
0.8448957205452773
0.47939322954728564
0.05808039719131555
-0.6066576585184181
-0.6081492487452085
-0.033175836179916915
0.6710416234279234
1.4573477045000112
2.5266974653640797
3.482303347769418
4.952562511777614
6.075410024380972
6.80385076069301
7.196870790044244
6.991218182607531
5.885178721979644
4.262034806545703
3.6031094310647567
3.496404463679427
2.321582736016452
1.3537163776383152
1.885479639791909
2.4787216542613564
3.0116103645556462
3.3537264449354067
3.2336426639854308
2.9152714908610693
2.611948586785207
2.1685084494573297
-0.018237755414825002
0.08819613436557147
0.7396370926268927
1.2220179530098376
1.5075894378540713
1.678411384402331
1.624417900740884
1.5475235278837876
1.4658111202355917
1.487789261806112
1.5147798204331868
1.7101947909454724
2.353647890325857
3.365961648809982
3.1743957581827216
2.695035614572631
2.5042955276257777
2.0669021742325087
0.661782988028733
0.7349999887147842
1.2941290840197115
1.3462955745529863
1.5587354549548913
2.174059977388919
3.17298555926983
4.155200440810561
4.7796466189292035
4.831894938748702
4.846832788278943
4.935455917317319
4.865334742897079
4.84567110173075
0.9637175299920372
0.9909226929604683
1.0951611235535763
1.048265507180007
0.7631904468497894
-0.03136639314172504
-0.8007550293548807
-1.2750812893345245
-0.6679954250630985
-0.08193703435055055
0.09941072056340243
0.03855373341627665
0.2255656492027465
1.3664589792004447
2.0917547810099495
1.6527159775108329
1.79340538167902
2.9462179636520043
3.768890393704061
4.163660598102851
5.286517287110771
6.494205348507342
7.057278809379042
7.083959481241258
6.557874293422826
5.675730067611091
5.812416658937156
6.548180480839624
6.791714848115833
6.000055836778011
5.602207390453451
5.539180862276906
-0.5312961357486784
0.11622837678630606
0.5816355089634728
0.4018237253837937
0.4400920718832218
0.13158018233310584
-0.2600768180089493
-0.2720832875070402
0.8332027799200691
2.035751327012779
2.7901291701673125
2.3595293963428783
1.8699593773259942
2.8458318892005288
3.692309716789991
3.8025570632718204
3.8918675616410954
4.676741846934608
5.123063964217299
5.247815770352331
5.813882691066398
6.150971228815519
6.154072129274121
5.950439311614167
5.64628313160022
4.652644321296248
4.73728070128284
5.507771884135321
5.788623768178301
4.532481551317675
3.8842317092020826
3.96833637388448
4.646759337324076
4.867447832423007
5.093158453710759
4.9966214243225355
4.803270007325176
4.8154441177533736
4.8429504664181975
4.834042357882018
4.360563548853154
3.7006783788270567
3.2267623363779485
3.1593965820849235
3.1192718158022763
2.8458231333751693
2.5889139921347115
2.133988255088799
1.472138657988443
0.7819525251748558
0.4417571833224374
0.2410099476328748
0.6623651545867447
1.0597398791858814
1.293042555877532
1.665582580101075
1.8326491131354532
2.2282357350365913
2.3423054141664426
2.121868027915825
1.966524468466116
1.8631481539443084
2.0288235023760666
2.1686210781951027
-1.7963630346244839
-1.0886201012229064
-0.6602748348461702
-0.9708249392041599
-0.7565963465865011
-0.8056691268035424
-0.9424126465935637
-0.6542341599379954
0.6724533520532922
2.2924706436456055
3.5769548994780154
3.664865506398041
3.543825607622576
4.088292520398879
4.170842964927752
4.2785600254956355
4.473748986488683
5.038441995442529
5.147032102303141
5.1273676861778865
5.226669333274405
4.945903722525514
4.654250258159871
4.385083460353575
4.857061701191679
4.566400497738346
4.027716926174453
4.2019845468824135
4.791560355372802
4.305206908689395
3.3095474998704506
3.0101758292404304
3.705350373845239
3.960973126443348
4.047317257954786
4.312584731838421
4.401859484969389
4.586580797245914
4.788211744792001
4.746865579018909
4.348256010846539
3.9823554288462755
3.646108259448578
3.497600701236892
3.5454900613175027
3.485563225935644
3.5444449893766508
3.766989599422435
3.7387733201605164
3.3615474386235182
3.0597609682309272
2.619105511112531
2.3404505286672244
2.09275635381405
2.0970009780045022
2.223240960358565
2.2067093639464557
2.362440826284605
2.45750000150092
2.1985180772915354
2.0187548936295405
1.9550697335290061
1.868757294962597
1.714732198852637
3.469554260878167
3.5169566581016403
3.6351719083397764
3.834801090223181
3.732804736475668
4.181781874308403
4.8907882847876305
5.150581471294209
3.9952133441995707
2.3573071744453795
0.966041512442331
0.7190483152090259
0.17561704163971242
-0.797369816570991
-1.1363728495550465
-1.1188942628281968
-1.3313029798671316
-2.3505630256925447
-2.9932651417920093
-3.374722472318777
-4.286112342684477
-5.235727605978619
-5.582539620124797
-5.368755511238476
-5.509566783937777
-5.108050981119805
-4.8396886168465
-5.185679411471446
-5.209937373072718
-4.664385777383573
-3.990476860099969
-3.4103882879762133
7.2743601707642425
7.545605415513058
7.569838473584784
7.673124799050707
7.510889473299396
7.546487863461684
7.591822461976155
7.504269167471904
6.565652178153272
5.269359175051301
4.109021403376294
3.904889327313964
3.6860326211510435
3.040106512864449
2.7623831605443763
2.5864488251228597
2.2362093498030675
1.86980779297136
1.6054555328705507
1.6060786239173008
1.6316626808185672
1.3365844891868695
1.4582621680119716
1.8643580821080192
1.5972150974391506
1.7336625590169668
1.8425752971065221
1.4376669457044204
1.2265677715494392
0.982482286699297
1.0751813112981954
1.593754671583563
-0.09900905604771443
-0.16470285969415618
-0.12579713183352415
-0.15889042350295207
-0.25166795711661183
-0.8577208055915946
-1.6694449580323039
-2.132769874174439
-1.3480759289295416
-0.3869170223874344
0.2911845583342271
0.4562875010217151
0.8066231139402223
1.8743914861511077
2.419713851926323
2.172018206128329
2.3333249572857193
3.274057156296278
3.948900097971014
4.313599787697056
5.2663304816197805
6.354534977238107
6.828110885955616
6.782708786142443
6.810191336055621
6.231005514253284
6.100985492068425
6.582822249186493
6.775542292944818
6.224978331700242
5.63670873342289
5.4630545108588455
3.8438799434182123
3.7866734592620093
3.7433439031996474
3.7694375619536604
3.8502972063671206
4.070905195968396
4.155966072173131
4.135663501469214
3.9713108400612938
3.8637931300790407
3.7828029569043555
3.752116697493988
3.716397996519446
3.673730412388859
3.815569237573383
3.9932420032372056
3.965864710331651
3.7204338255218405
3.522194000620684
3.228220340197857
3.177290694884122
3.2210310499071233
3.2203190196476577
3.2577308720846827
3.4017626655592776
3.456089003997989
3.366048014567832
3.2951308082361224
3.302240064526613
3.3123784325978542
3.3346139213921693
3.2843914314888116
-5.023520610362506
-5.510722559697015
-5.620619130724346
-5.716766106932275
-5.3832182842184135
-5.414647186482291
-5.620127718802735
-5.440213133841523
-4.037400232539914
-2.214426273934083
-0.5570940785732247
-0.09847119443050587
0.19517137403834464
0.9329458793482768
1.0486973571378828
1.2693385507898576
1.717314388678548
2.2972384057167465
2.5880269260211146
2.4640487717185002
2.3326982692598874
2.5638273628523076
2.537976302736415
2.2188379086030396
2.797543867515886
2.490190575233724
2.178354824463217
2.561892356483264
2.822909965471497
3.482848318554083
3.520871475498695
2.9380144070842444
1.9597487202258967
2.134190286850764
1.9312213159555418
1.8255763593796586
1.7710188610845963
1.3450726278786769
0.8100559365988599
0.8764073388146346
1.4139025708307156
2.001423862567411
2.5282208247443694
2.935333752013412
3.45988812215315
3.977396011689697
4.1277372280259605
4.0353436045049795
4.078505383375968
4.627712400496154
4.86119464918335
5.005941616972736
5.41918448125931
5.703350344791241
5.742491064300721
5.575233038664778
5.443558975769631
5.157363589603079
5.000150183945312
5.000052771737989
4.833877030520987
4.0336374284631376
3.200818426814499
3.023266136414474
2.617536757493056
2.7142169108745
2.474677934534629
2.3682986716648395
2.4273123883311083
2.6342901066394746
2.8380681661008245
2.9810032272723332
3.1052227197887183
3.4984555929165553
3.803948013772321
3.797909250664472
3.9250405482456037
3.620320768388176
3.3276343950110823
3.4426420248143588
3.3141229563219214
3.2597986330252398
3.2910114526161713
3.044000780181497
2.25254854558477
1.3977812688034306
1.1945288849754931
1.0139586851022009
0.7290927268035523
0.5543165811011694
0.39016649173400203
0.38371271379780864
0.24278679975602002
0.12264194675467703
0.13554128645544236
0.030699290691738674
0.9421027087993398
-4.661491992806997
6.8871717629093165
0.21305708434419615
-3.8333374193361247
3.2664281684297727
3.7856431453346278
-8.706429657564344
-1.238023401945543
5.275704864714343
0.7347809561389
16.207113903238273
3.7697893086584
6.969829542252648
14.995880144835509
-0.009907526663158936
-1.9614707849769029
0.7305614824177947
-2.744097616573724
-1.3191370000795206
3.0515566394274196
-3.0429253655117914
-1.8607406910155164
21.672120377944726
2.314262715723745
-6.409808233143741
-0.7719015507723005
-7.032396564165493
0.43677276813740745
-5.914672511169608
-8.103291214146468
1.5375136285284996
0.14082069803800612
-14.028617908757704
14.318229466445505
-1.2300811880992664
-2.091871122480748
-0.9225183377270552
-3.3738117970552652
-8.00505345189696
0.1256769221092234
-4.779077299553533
-2.01692811378307
1.1507210669351242
-3.1846387226196646
2.5007325131695786
6.970420172431181
-0.6222392938854938
1.4158705876223396
1.0502893388352934
0.13640926702393996
3.2925638109516036
-1.9793869596680846
1.4599759182540313
-2.5985579117347535
-17.715165982269994
-0.17906289574064832
7.217406036586851
1.4987847322714627
13.096232064309577
1.7758201984833621
4.57294971308449
10.32432631640492
-1.0787108488243529
0.20360358278597548
14.81849879334516
1.192324936297809
1.6171631599445722
4.9248301757976245
2.146303427750062
6.374815622209769
7.029796647890649
4.0989450035614485
8.191674481995515
3.0771324064858065
7.809851606417743
9.812160970004262
-2.1282202897137714
-1.451501428632153
4.033344270122448
3.351552221136056
-9.28818428865099
13.411321234514759
1.4044594452920751
4.07136498247174
4.518098110524322
0.6189800714620995
-0.6137247007198046
1.5659248929591467
-2.801978318619426
-0.5920777831280744
8.64037242345641
-0.7591357467777444
8.46936895546314
15.83791708716721
3.494608630374782
1.8573903755368715
16.343371735658746
-5.79145129644344
2.3923031106918726
3.0092415472301113
5.0781072682157395
7.612210272504068
14.577910691463783
1.4324189537513403
2.976792347205175
3.2845756892206377
1.7951381495835295
5.724555476937162
-4.055204683655156
-7.386351372659505
7.1295974295664
1.396815289273823
-5.995479968806825
8.828660575803442
1.3092670430328122
-0.6524567432815009
3.4381364383970228
1.5980150671949347
-2.1819265595982054
1.984356993030765
3.915090167397027
0.840063313468308
16.915163889228243
5.352301883590907
5.990402461512769
16.017284583924372
2.3332612911938027
3.034868637701292
11.253208091515798
3.7452193016283624
3.1423830624655444
7.503662162498192
4.016646852314868
7.20311263149723
5.613568946362687
6.579061751841388
8.881282826574687
3.783967448939046
8.062116913539125
10.08151371610479
-1.1566732230303807
2.6500481685852773
6.002383341956649
2.970301439359296
7.779533461138385
2.854791643330889
1.45457051721771
4.188742071599244
7.012175879956075
7.797043602863069
16.108423858945063
1.4819049837763767
-4.526697993944139
1.4540700805766351
-0.41201030988895804
0.6342590589264209
0.21133336622485252
-3.0049164202119143
6.2257944162570835
6.487850485719087
-6.239479872203907
9.052702240311099
2.052608833428168
7.924092908314342
0.5685364926958585
1.2378366601560402
-4.232382889103708
3.322413627215174
-7.140853448032608
-1.0591810646939979
-15.53109357688519
-7.7149814030460595
3.16673821007665
0.7808129877412755
2.0979023933908834
0.0843522369323926
3.11269218914108
1.3807131351250819
0.3509717031040918
-4.04759744134981
-2.6757365009781497
1.6608149348418628
-0.38727248330374653
7.831189546626486
5.8890028929042195
3.6497412018108495
9.091393744709256
7.286536141802493
12.58543634219765
2.1918623172751333
-4.216855819093928
