1.4991959264209296
1.5274539401881344
1.3819593267421775
1.104375604874068
1.4232236803684415
1.550001353501958
1.4301205890276845
1.196686011606714
1.024475191162762
1.0433995399567122
1.230928559959279
1.606899033743457
1.711076934747685
1.5542108097564973
1.1684319898961513
0.6596793478921245
0.3789082392398649
0.027938429022551524
-0.6473801079117432
-1.2028437572985347
-1.5765295752339037
-1.4705376446337908
-1.2168089148728383
-0.2924723480051716
0.7192361760628386
0.8755555104242633
0.8822158013927295
0.930329487756112
0.8870653959786481
0.9807433445863564
0.8864168183890666
0.9123956462777167
2.3785001166096422
2.3239315970158514
2.2248148761585536
1.6183461103868544
0.6594312570940459
0.12340685738216424
-0.14124986285295005
-0.3209462306127483
-0.3339348451371284
-0.24233179626105922
-0.1521642776805898
0.06700679386868344
0.1587517580624235
0.34018533326888617
0.6705683878035852
1.0030029336175137
1.1452503214448198
1.437214971275285
1.7664646710040952
1.8714585465407851
1.8004865885066619
1.8241777296539108
1.678743195570466
1.0136474605886274
0.5297965214117079
0.28880464932121075
0.22633790449422447
0.12958910396621573
-0.13311114688530254
-0.2642488451587237
-0.18806405702443368
-0.17159335845235663
1.304794987700874
1.2428778917868264
1.158946266348047
1.3401737808688625
1.409788737626356
1.386739019976758
1.5612138685441233
1.7131393659455596
1.607526959729624
1.4996685438014905
1.2468173746867672
0.8716578948731359
0.6169456203930976
0.2911533108227105
0.010846109265260381
-0.12296651139866001
-0.0018004769359677136
0.15800550341666655
0.2814822188434511
0.628441733398329
1.2220963935380305
1.6174817071086116
1.943295188594031
1.974551240145984
1.7483731542429979
1.6299434970912385
1.4823204917994794
1.2649689031040536
1.1659633619708154
1.4743428101636826
1.8291463297853099
2.113017299942821
1.6204908076125146
1.4774531614983857
1.5861762481770016
1.4392740554587948
0.8605470846299159
0.6049600821474616
0.6550265164509512
0.4510318901164138
-0.10122238407971958
-0.6309198059079156
-0.7838064690922298
-0.19480360688568218
0.23578453817466669
0.5613331773351422
1.0810099804376618
1.0415631530029787
0.8019024948101052
1.1974991990256034
1.4125468055563781
1.1597448119970508
0.7078034845423354
0.48516007523078936
0.7014297782069874
0.4601088661960902
0.3832007426676191
0.507240652028916
0.5907401582312682
0.946478568579119
1.2385152339791565
0.9578248515772722
0.8223405306225654
0.6875522615132249
0.9432374497871873
1.0146167262174093
0.9621407871358353
0.761231815842407
0.5187903560818131
0.5521410246299819
0.6671018915219789
0.7705472075235734
0.9157936143392434
1.163628830451195
1.5222984329592264
1.7395283545089149
1.9739281273232496
2.003733952494383
1.7576729826573694
1.77295877121088
1.9209756254325425
2.013605100101588
2.2205620847616534
2.1109293693445434
1.9319481392940776
1.8099270558799636
1.3502485917277516
0.7150689622115999
0.3419187428595186
-0.03836466164087044
-0.3396670276616892
-0.502827175480203
-0.5978669385846268
-0.6459458532537348
-0.5924464593353044
-0.5696792693089515
-0.2462419512922407
-0.44096820956614463
-0.7406233988119221
-0.9249043719112332
-1.0179176336397036
-0.9245638169928443
-0.8940241732955609
-0.8434593161393071
-0.6455339541248775
-0.2951227365800076
0.013063721386936195
0.36029766224844784
0.5068577221064301
0.6835199125024779
0.7810328609331675
0.874938716253402
0.8833555072383531
0.960720451959838
1.0867208109336306
1.2195223948129041
1.3025293525173025
1.379688780599258
1.3947425659310353
1.4615013181952594
1.72361900045068
1.672571322706836
1.6570345425792998
1.8868474426080248
2.0819620396042016
2.0249351436433236
1.5053503473642955
1.3256380758886424
0.776663823137437
0.7000664335359883
0.7583962785765352
1.1600072912932942
1.9194371380643322
2.2623287292907976
2.4029704457995957
2.4767537114832865
2.3615200165931642
2.1354465141688945
2.0273987530473274
1.9320527466072086
1.7998840951487407
1.556862429740655
1.2957301174829399
0.9875804373235985
0.681322581697285
0.1346132228452467
-0.5096527317472712
-0.7134202661724196
-0.6985312683661778
-0.6233909382980902
-0.3481035600326157
0.352813242855374
0.661598462435032
0.5714657108939155
0.3746160096341816
0.22135415659434035
0.17772461272226053
0.16525224992303106
0.23539834343046787
0.14175356156059335
0.988179600245303
1.0173313904692545
0.9408012236462902
0.9155275161626879
1.140753400616051
1.2870147405433752
1.3853561729854267
1.428564298139204
1.4032538476966492
1.4534496526602918
1.726357922612482
2.0066476475840584
2.0442932113574663
1.965537848811842
1.7947293762326
1.7446775131870544
1.6348715321829415
1.237544723305951
0.9376358255888373
0.6931728951073944
0.28006855657302543
-0.0630826457505172
-0.30456494990133093
-0.39423166417855615
-0.14159788416419733
0.041633873373146196
0.1762863247094205
0.1704031974737509
0.13898920352937558
0.08235206849846378
-0.15944464966686675
-0.19827138381003753
2.2468127725620035
2.1215081260018365
2.1287979570875675
2.241147166053688
2.018966126177077
1.82978559162934
1.627138789996572
1.4866815181479227
1.3654203061896828
1.0867593814886345
0.5353675327938142
-0.3263615673102038
-0.8598855745194888
-1.0609978843131767
-1.1428991492162182
-1.2368150908005604
-1.2182932782417655
-0.9087685109152356
-0.6266076936556746
-0.42621749478979293
-0.12753515373323462
0.06084629751854401
0.3289553441602284
0.355201438847648
-0.12858372490113495
-0.23642795291514865
-0.17586815604617637
-0.0907811918934106
0.04861233229029999
0.3771735548523338
0.9210338784023955
1.4305383664020237
0.3541724382100653
0.37965264050925457
0.4479126340348817
0.4935864551626005
0.6327540974345542
0.7496411072339476
0.8633424902426643
1.0755965810871182
1.3949936687240463
1.5528959334147958
1.4653116197676999
1.290687770948659
1.2337879804416192
1.2205892285778506
1.1937137592411735
1.0338170431983609
0.8962914455794606
0.9440266195107044
0.9957417660921707
1.1358297918604552
1.4981554549180562
1.5558583885334099
1.4207279629848475
1.4713173046613544
1.5803821660151474
1.6254979161093788
1.6988137414747255
1.7010804762421492
1.6375422553425336
1.4524222135530531
1.0647663652586756
0.8631065354773418
-0.02059539378153667
0.08834975091338018
0.289076602120202
0.5275589802944262
0.6509388275531091
0.7008575596399935
0.6905521306184081
0.8392012170090652
1.0964388193855674
1.1474250102825871
1.1178030041663656
0.9444575206557693
0.9035364135851851
1.1576137690279809
1.6364704126386673
2.0649340431312515
2.259201958488942
2.3515670774313344
2.531257628400275
2.5492719283487726
2.3217984934425524
2.004003769781579
1.7342080447925186
1.5421270581489601
1.2023601872823253
1.0619715029446635
1.1020334558430258
1.1694019282968464
1.2374314574591794
1.125147798589706
1.146112607356259
1.1246599719173387
1.6223326343361024
1.5543146711027462
1.4584730259462788
1.285383337787631
0.921877580340411
0.6207374232227135
0.1729087062366959
-0.32410522250966084
-0.5700612835589492
-0.6047655809908836
-0.6556973957555925
-0.6022231844336391
-0.49549619884273344
-0.3063585951134405
-0.12104538470401399
0.08197436388225457
0.1766016855699344
0.2846756722168342
0.48511794208556874
0.6827768694307011
0.6936819153193137
0.6777025100746744
0.8436535266508733
1.0614757636577596
1.270863595760202
1.6956106787147902
2.05096245374268
2.288737084130608
2.4352210003714143
2.509333161057406
2.545765737089567
2.538882107606526
1.6028051008457787
2.2912612664174903
0.5292805251263304
1.4095883796856763
3.1130924737715926
0.7282761591232779
1.9175453875841437
0.26810314815630554
2.2542285455822317
2.147819833424863
-0.23508864009580988
0.9927198239318121
0.4794868244255857
0.8212269099393291
1.9152939632465513
0.962943659962473
1.6147726647250498
0.7697720656325003
1.4952279423601282
0.5470335977302818
1.532501712427232
2.547802057941657
0.41552655391426097
3.3548918271856105
2.015749259859166
-0.32492716617259465
2.2224516489236854
1.5042437789124983
0.963586934128715
0.430760503295086
-0.6229212911852067
3.238580824973671
3.3249527677403763
1.3846466503919503
1.3135166362443185
1.152300063870609
0.010211838992802836
1.8819453273262028
2.031101230159673
-0.3219974189696406
1.212899797124852
3.4151635803555704
3.6961458030289758
1.6173869955309454
-1.97806295677784
-0.15639964021540315
0.3964210675975323
4.722250911962933
0.5239854045907093
1.3019326279861523
0.2393542853569411
0.051487519316076744
1.5347022908500434
0.8565796569783094
1.1621224007993662
1.5007315397196632
1.061963581930806
0.439259586720011
2.8221897394263458
0.6774228210196165
2.8092864262933763
-0.897538391691493
3.0511483280748086
-0.5470584737055263
2.169807510197675
3.167845687833888
-0.3765695604905459
1.3672322072583178
1.6924230709636343
0.24152063499569115
1.6996790722002293
0.9838514281302684
0.3268921235142585
0.22024545051559663
1.880962806794725
0.8677455020686569
1.2964862927500336
1.6631240246032928
1.3904822334187301
1.0062868853320437
-0.5491573137024006
1.207370065680713
1.7536449082315617
0.5316769311561
0.6731848056760703
0.17323347069956996
3.0074538407399833
1.6159633898673254
0.8840092100680387
0.25896908257218737
0.76478024223112
1.5085035482824547
-0.09202013621620019
2.1492155230186576
2.85274429924392
1.0409931694750552
0.019121551516767404
1.2820837998894092
0.2044938409737055
1.209591387034944
2.26305168668171
-0.7325266367693677
2.9943353373689177
1.0168471463235036
0.82135647444778
2.5765293630898407
1.6364779079957936
0.6293331521041158
2.945435256574106
3.0781061324014973
1.3477793744000133
0.6045721718328264
-2.0299442777550554
2.4185634328108567
2.4248154235414194
0.8525296368840725
0.7707457693803342
-0.5267296985028241
3.5394260659029384
0.9020041839867993
0.771907343857067
0.21076009860957964
2.0052808488056835
0.9635951884927326
2.7907442441389727
0.27963648543439384
1.2866666621615657
-0.7626207823094887
-0.21981123719450935
1.9166854619878073
1.5180183401177598
1.1438946495938185
0.9892318307966149
1.5618724098975867
2.011581899565125
1.1337583401463533
1.2595895876908165
-0.4065936056092499
1.1989383196768688
1.5752446628339523
1.8829547948628598
1.2629388337988492
1.0413637802676137
1.1203707290809932
-0.02950672948928853
0.8707891002110625
1.481282533612661
0.6090002475885163
1.0628351460699306
1.1017332115054241
1.0942124226281345
2.2986760554297274
1.1697632707865984
1.311509882749321
0.9285157501026553
1.0933829725203936
2.2622421154713623
1.439255835752723
1.1968332856949402
1.570308230432727
2.4228442204897247
-1.4849846035014374
1.5179776958761755
-0.34091976514917854
2.3023773701537267
-0.009170472169552711
1.8815504912863092
0.9172817132480999
2.186475331954418
2.1828040650862715
0.796989666185099
0.5652293841982251
1.2792154333278174
-2.3239296319379443
0.05930253796049955
0.5924919432929114
0.3852818898893612
2.5111409730548973
1.7737844747185836
0.34064556788374567
2.5570818249993086
-1.7562004773244941
1.0757502420672755
2.738301249504805
-0.22111166120189515
-1.5401309295865664
2.2458103537913967
2.9454100816024673
-1.843754244320678
-2.3466522763932542
3.3316095449148317
2.251392807597339
-0.760523173014246
0.11168793216364575
2.419204047211044
0.40224143399317247
0.044014704267444284
1.438164033905087
1.7292541554914698
2.038885921970452
0.7189396703709785
1.681016675328538
-1.523900483396117
0.5485114811726326
0.4073713927184151
1.0494337035094115
0.7288849419639174
1.0674693320651163
-1.3548396515185015
0.31446273646002904
-0.975133908678496
1.5808948215564738
1.0104170575711817
0.27822202494395426
-0.009855149577219361
-0.25921192195796394
2.100074255588227
3.5055089068996765
0.3106086163791736
0.3605826531142668
-0.2630782658612579
-0.6271146430988014
0.2576188605110922
1.4951417805013478
0.7843473383364881
0.488727786197297
2.758543040855811
1.0166089463491763
2.0242698383019655
1.368168622459254
0.8944805861401253
0.2476449612626891
1.2736121475383855
0.7997382627169706
1.4403739922197718
0.6694909918934527
1.2017924930208865
-0.042313725184978786
1.2851954215253292
1.923523636472604
0.054751204977907884
-0.3320722786141312
0.7358326435247858
0.6416888207128248
1.4744843803816132
1.9133840458795408
0.6064866903751813
3.662716177977859
-0.014555070832543307
2.1001996064686894
1.0233669498797027
2.392772859367938
-0.02276595850284323
0.84895530576863
-1.1362895526287626
0.5785086070600597
-2.7252309377713306
0.4748500127551359
-1.8798206037271996
0.37838956961399756
-1.2952543323079473
-0.7848744175841197
1.726069459630423
1.0799446891979632
1.7703293241781606
1.824407717635128
2.3981658839543107
0.4629617630565209
0.939285541276999
0.5880015198360814
-0.2470918341458997
-0.44393824648308267
1.060825997622904
1.1190094485323618
1.890494271154741
0.22142052031550155
0.6435127089309535
0.5955629321730449
1.1815274084956975
0.05203216310135539
0.48896018292628657
-0.35137795580669884
2.3137123012244936
1.2074962883712774
-0.08441234353427311
1.1335226204352917
1.2169126271712327
-0.8382336993923829
-0.9416345085116389
-1.0385192737512803
0.04614031374586649
0.9705567690954064
-0.4597889629784808
2.926203308703513
2.5948380026951168
1.4100537186742501
0.18492144442848882
0.9249172084634651
0.5350126536326852
-0.41421990317108914
1.6693396562959746
2.689844861542028
1.3840450432694793
0.4696501808477665
-0.6754511370568251
2.108456375413291
1.4885644154053042
1.1864928641653347
2.4558069039253274
0.8469568002756631
-0.4021584642011655
1.5597523964500155
2.2757393243262496
0.011566059995175274
1.0678983657451528
-0.7655430604005408
2.0940397328228832
1.6380256420508525
0.5676549174104291
-0.2066383816676483
3.309479537103008
-0.7646595060980118
0.7070839017376813
2.916793427324023
0.6377229214162975
1.0134448895768728
1.8193583831668971
0.4224294626659459
1.6957448868196683
1.6353414319086201
2.6792160314243594
0.8678798253708123
-0.0643975641801912
1.8324958319673261
2.914368597715089
-0.6092425998704595
0.46031855519988535
0.4521181931895652
0.9837638352158824
0.29303042773649207
0.525393181926106
0.8976307277592033
0.8286966733665115
0.6743449328649167
0.7771128191606846
0.4740377036481808
0.06974591958133662
0.307964628475251
0.8487903232712837
0.42019602767941694
0.881957322051546
0.0830992087470344
0.5176706409247498
0.19965876567305307
0.9232182004383824
0.01595250272388922
0.3720377921511446
0.19304256718558777
0.441258713068652
0.02419186243307732
0.7715517448365985
0.4573311034376772
0.476379354469816
0.38572618731898206
0.8514069145404077
0.0480330552447791
0.9908434747177215
0.6597594706149339
0.9581501157366037
0.38767151550242546
0.532434428871575
0.4945320403012003
0.3507853026838183
0.7524771351618171
0.2083301858629183
0.6519184314265611
0.8867456904974367
0.5195392365598117
0.18043898097897193
0.27654513760464366
0.07548916573061808
0.25170585806136
0.14111227602858345
0.43806576879850806
0.9866366677703267
0.7806478630438665
0.09735227718484345
0.12554856204420983
0.11329430854796123
0.16463363333004355
0.6418537363406511
0.6237639639357222
0.5232969885794063
0.31171648317490547
0.04578673832957838
0.363796729599463
0.06283077710536737
0.5178736306770502
0.9617162375536383
0.6931588267347788
0.1150730741003712
0.7254004144418771
0.4763596879276883
0.9794218268348935
0.2145646925046243
0.6645898103458934
0.8786935534499383
0.7844728658665694
0.8603786911629323
0.21982755612452465
0.8789420455393295
0.8896024205022455
0.024272803084460406
0.12717215061251297
0.8675581408674773
0.5493976897673996
0.6779767926424416
0.6791207980457181
0.8906867621092325
0.9599190721514967
0.13616100304473777
0.3812795764423857
0.09618551947771085
0.325528764846398
0.5529376772786956
0.3265041525445264
0.5857584029388654
0.33653258266054736
0.922576742882224
0.2564319449716283
0.2353576414602352
0.15513841853040433
0.7500452283226771
0.3701302577900833
0.6467511247331863
0.9544082633540814
0.14074595964951042
0.0762140936530125
0.36304748771448686
0.5333880586392834
0.2957903332514586
0.13311247733129905
0.7908269671294299
0.07520608865070315
0.5149909769129244
0.508393455157157
0.27085450899459634
0.8017814023175045
0.3766702412324549
0.7797172380699844
0.1050048987817798
0.6578754829540212
0.42750983798004255
0.90919634497441
0.18377095854440495
0.48693698048218587
0.04715852571909864
0.5671531925745719
0.7040631955126488
0.8532634907022965
0.31958971219999727
0.5472651701765703
0.6007208651715141
0.616281729002319
0.5035505895070387
0.6461428139777481
0.48520050720417
0.006511205636502746
0.6394633493885824
0.7213898132982257
0.21361499333555245
0.10625514413518404
0.3935991678143033
0.9584348700095251
0.8307198955524278
0.7226386082908272
0.5217479644497065
0.9327385322444617
0.6087173171958096
0.9634551124534088
0.8323510510623393
0.9071580068328007
0.6987918969409499
0.5885657708766139
0.45429552995514805
0.8849020651461275
0.043327284833399336
0.47846675829317914
0.4255005531118103
0.8750067936468713
0.9283399929394047
0.01903557571081811
0.15488596321272663
0.29595169675344984
0.8992425239743724
0.6790853194890414
0.3516219356474563
0.23155861357330232
0.08154497127727227
0.513672695949456
0.22113789400206696
0.3454165691781554
0.5219648638857033
0.08681729412637988
0.5534177894497623
0.8532572697173324
0.267139161271892
0.8348776728186831
0.45813363757541276
0.33968519564850735
0.3352208330688388
0.4983678240466222
0.5095418338585713
0.9235121251726681
0.45798398931560985
0.3803374855527814
0.5046257053563248
0.26767591052591827
0.37648959115197583
0.6278926012941788
0.3764743183122982
0.8322723996468395
0.05067582187765476
0.1501573889772767
0.7291199770483794
0.19910990126603378
0.8612656534568806
0.645202444473215
0.6872612995023328
0.9532616754280316
0.8522191284310421
0.14758367855499555
0.34396406065796453
0.7317386545954521
0.862190687643843
0.30540555813072884
0.004915328727894784
0.0840859656377178
0.5203664199048497
0.12138716528936504
0.7658712755402726
0.31791852912026325
0.7166597436447459
0.01113659499701047
0.8002749910328846
0.6747422066479991
0.05120755222877973
0.7103992715929168
0.72560751209538
0.5413318836339311
0.577509552572931
0.7880625094146099
0.08418049843915103
0.47611870646853655
0.9926736710993591
0.09149836298684048
0.5937170260762967
0.9464196639340023
0.965621408850883
0.7485530955061419
0.656797743342844
0.37443340215240334
0.14556699637649584
0.464862223303603
0.33294672744603265
0.5897011744882921
0.24036934225677542
0.27112533902798125
0.6843509415538225
0.050460002941140523
0.3645233271861776
0.8778865966356173
0.19547806953643976
0.39291590561329975
0.39257194200292206
0.0764183751633332
