0.6738315690512682
1.091318393817211
0.8127988326062577
0.9338757559563101
0.6972854893948643
1.1047036023773051
1.424923283478103
1.059180410704536
1.3822170171412314
0.6259451556709644
1.3852296680475296
0.5466201196472203
0.5266765851937726
1.3724286097560388
0.7483001828924633
0.4725163113096284
0.9570454300258701
0.7606823523073286
1.3242172993473198
0.9286839133397501
1.3249167585188113
1.2857276185330129
0.47721290212239115
0.8884142185636071
0.9097764515735457
1.1717551880986181
0.469471808758763
0.8944943335119849
0.6571024613115075
0.8977369722600789
0.9314182703109336
0.7982894619404018
1.1333404513144232
1.377519022364666
1.0003674370635183
1.0858578249824196
1.0756842096728945
1.3741536534735879
0.679381441486381
1.0088487286469998
1.2327636656272092
1.0387067286323015
1.3886758526399197
1.187373254560975
1.146931726961677
0.725928462047905
0.5125385214386085
1.0798969595014505
0.5362750368462493
1.2995531297108815
0.6343780353785622
1.0886815152064142
0.5567471779328984
0.5199962028779357
0.5149879638278783
1.3265106635185546
0.6278350040768627
0.7931665466293883
1.3653970055188775
0.43261712077954
0.9478625591565689
0.7573911081741554
1.1129883305916626
0.8643903419405651
1.4312063515127296
0.43422547073495604
1.0131252900958694
0.5454993251171935
1.1404830503859151
1.3777367223546753
0.5618086443475497
0.7086381236444403
0.6299918398537337
0.8290196987520123
1.1489416761038327
0.6169584778661471
0.5398991515477872
1.1169437454447073
0.8460015695096538
0.5838830632439139
1.081475673906941
0.5846797896809662
0.5447228704528732
1.2058459056601563
0.5014923492671925
1.080603803322962
1.40590915310031
1.0506544919282599
1.225417131258324
0.7130951849420264
1.2839427901636915
1.3637910023555735
0.7657275938872464
0.49515066927509066
1.0099626536653126
1.025317422228227
1.148695670136369
0.9194622280511046
1.0377164510749546
0.9563579202532208
0.6718619784994975
0.7455087277161594
1.2447676225250413
1.3931429293831181
0.6898640016806346
0.6551828055438091
0.46768071059457966
0.712966762109557
0.5281900648020065
1.1471091184307243
0.8687473461306204
1.2699587811867077
0.44332072716015475
0.9746675017762292
1.128024582551253
1.142400302476513
1.2461544784402068
1.1187244693247056
0.5781843906774896
0.8996995681753946
1.2127599986961357
1.192210413782723
1.024743369412515
1.217812252133799
0.5785636986426445
0.8926263546846459
0.5981529398415534
0.7973365117965637
1.2457110366765032
0.6527617091405991
0.5480396242879627
0.6528387264866298
0.5857843729075601
0.9074943222195547
0.53108621357327
0.5768127625883711
1.1350491018549524
0.6792244425830147
1.4220888933187519
0.433799746406246
0.6688088532420768
0.6672298709789644
1.3190367978006972
1.0687927584112764
1.1627028779282638
0.813217381872665
0.9995110214160225
0.981979647395439
1.3272788131240332
0.8487959518222404
1.1002273504049578
0.62644786080479
0.803907483047683
0.9992302018690917
1.0220666690481925
0.6323042732540665
0.8298885987601289
1.409215634668059
1.3064235608351367
0.8407180859539815
0.7812619572376286
0.7356728156254428
1.0188853563522284
1.0501233809947095
0.6391443893767712
0.5115791120847186
0.9815240114460693
0.898001053611046
0.816724190589874
0.9618735221250606
1.1232271224187533
0.895810218859762
1.3331667125864453
1.3451636998201875
1.3244981274556742
0.9348264108419125
1.020116876155047
0.5865239263095293
0.8821392507430005
1.350366780200623
1.4282631993744945
0.5520386888866146
0.53827288763045
0.4879453426228117
0.49190619081539544
0.6461790624200018
0.46530848586663986
0.43299669913072375
0.7474252185005213
1.1529027668242802
0.9072226502055817
1.1979182058560207
1.369564040042392
1.0236955464778805
1.0859543448152258
0.4433722665488922
1.3000399854288833
0.4577077323149093
0.9478155277679242
0.9198970578137043
0.7235853753095065
1.3683437484697856
1.3278366780020696
1.1612274387789157
0.9346307929494618
1.051464043852492
1.3387484396473686
1.0236850234015638
0.7812270690363404
1.169582785112782
0.48431928240342653
0.7284030716549312
0.6640487641392674
1.4235040103782035
0.9398294650942861
0.4821306502974367
0.9455575101757975
0.7395460731542325
1.0141067106229456
0.515546441015833
0.7775889887682882
0.6032313703024136
1.2751941654860706
0.7895114138987719
0.8665258091100706
0.6671006398557582
0.4534750583441543
1.423642824541488
0.6639764355473559
0.936164071235864
0.7706788187044996
1.3262625566179178
1.1179563758588875
0.9641213726806134
0.9447353762088789
1.145327589895802
0.5383047454734616
0.6631176208596765
1.3934072893650216
0.4687077529502594
1.2949957058419792
1.176782548774705
0.5177818816987512
1.3035469678827507
1.0964246152019168
1.275748042842888
0.4957621616422212
1.149226322827456
1.0733471336850724
1.3025180156532188
0.9883839706071187
0.8892056352748433
0.5634638720326873
0.5253245871870816
0.665537493404676
0.8345029772478739
0.9704954274049098
0.7866290762586768
1.0933486678708135
1.0741895979703018
1.4238522359133032
0.5744910492125103
0.5895057893053562
1.0634642075705716
0.7335641430024382
0.4670229561188681
0.5785589040111855
0.6649405688499814
0.6719695112830346
1.2619611876558237
1.1849889335319936
1.3223146681233655
0.818791391614729
0.9935087983831522
1.2758963843086395
0.8266431317236683
0.8562329661245408
0.5603364918275996
0.6926555851449996
0.43255355632847975
0.6059067288889773
0.6968044908567621
1.000893500500361
0.8418663772701304
0.5984466598359731
1.2452591629828906
1.1849527983474637
0.9667999127235668
0.7660264531538751
0.8666514001083342
1.259295993892473
0.9540852823228595
1.0786151727161037
1.312129888936438
0.6816864554027315
0.96235678455663
0.8273648334131444
0.516748103947777
1.4244197057426708
0.5679592969904926
0.6207170796185456
1.0837243238612033
1.037690932186481
0.45105192781257847
1.3611877433146562
0.9503184145006472
1.3576908781047945
1.1781675808214715
0.7331918696237145
0.972999207638392
0.8938292299078517
1.306092422585587
1.1862991202460855
1.235546887499423
0.5535435376347283
0.9046330771774503
1.2634912550435353
0.7502929731097497
0.9301701785770836
1.0252200132768112
1.4318657994505948
1.4318657994505948
1.4318657994505948
1.4318657994505948
1.4318657994505948
1.4318657994505948
1.4318657994505948
1.4318657994505948
1.4318657994505948
1.4318657994505948
1.4318657994505948
1.4318657994505948
1.4318657994505948
1.4318657994505948
1.4318657994505948
1.4318657994505948
1.4318657994505948
1.4318657994505948
1.4318657994505948
1.4318657994505948
1.4318657994505948
1.4318657994505948
1.4318657994505948
1.4318657994505948
1.4318657994505948
1.4318657994505948
1.4318657994505948
1.4318657994505948
1.4318657994505948
1.4318657994505948
1.4318657994505948
1.4318657994505948
1.4318657994505948
1.4318657994505948
1.4318657994505948
1.4318657994505948
1.4318657994505948
1.4318657994505948
1.4318657994505948
1.4318657994505948
1.4318657994505948
1.4318657994505948
1.4318657994505948
1.4318657994505948
1.4318657994505948
1.4318657994505948
1.4318657994505948
1.4318657994505948
1.4318657994505948
1.4318657994505948
1.4318657994505948
1.4318657994505948
1.4318657994505948
1.4318657994505948
1.4318657994505948
1.4318657994505948
1.4318657994505948
1.4318657994505948
1.4318657994505948
1.4318657994505948
1.4318657994505948
1.4318657994505948
1.4318657994505948
1.4318657994505948
1.4318657994505948
1.4318657994505948
1.4318657994505948
1.4318657994505948
1.4318657994505948
1.4318657994505948
1.4318657994505948
1.4318657994505948
1.4318657994505948
1.4318657994505948
1.4318657994505948
1.4318657994505948
1.4318657994505948
1.4318657994505948
1.4318657994505948
1.4318657994505948
1.4318657994505948
1.4318657994505948
1.4318657994505948
1.4318657994505948
1.4318657994505948
1.4318657994505948
1.4318657994505948
1.4318657994505948
1.4318657994505948
1.4318657994505948
1.4318657994505948
1.4318657994505948
1.4318657994505948
1.4318657994505948
1.4318657994505948
1.4318657994505948
1.4318657994505948
1.4318657994505948
1.4318657994505948
1.4318657994505948
1.4318657994505948
1.4318657994505948
1.4318657994505948
1.4318657994505948
1.4318657994505948
1.4318657994505948
1.4318657994505948
1.4318657994505948
1.4318657994505948
1.4318657994505948
1.4318657994505948
1.4318657994505948
1.4318657994505948
1.4318657994505948
1.4318657994505948
1.4318657994505948
1.4318657994505948
1.4318657994505948
1.4318657994505948
1.4318657994505948
1.4318657994505948
1.4318657994505948
1.4318657994505948
1.4318657994505948
1.4318657994505948
1.4318657994505948
1.4318657994505948
1.4318657994505948
1.4318657994505948
1.4318657994505948
1.4318657994505948
1.4318657994505948
1.4318657994505948
1.4318657994505948
1.4318657994505948
1.4318657994505948
1.4318657994505948
1.4318657994505948
1.4318657994505948
1.4318657994505948
1.4318657994505948
1.4318657994505948
1.4318657994505948
1.4318657994505948
1.4318657994505948
1.4318657994505948
1.4318657994505948
1.4318657994505948
1.4318657994505948
1.4318657994505948
1.4318657994505948
1.4318657994505948
1.4318657994505948
1.4318657994505948
1.4318657994505948
1.4318657994505948
1.4318657994505948
1.4318657994505948
1.4318657994505948
1.4318657994505948
0.5894293875276294
1.2976116235091157
0.9232711878895637
0.6557350264118056
1.3030077260996205
1.0491172110416824
0.7086473328484657
1.1484462778738234
0.8513541427457852
0.9716737968389062
0.937886000156675
0.5354192225226785
1.242278344810733
0.4682776340541461
0.6907034196989958
1.081433625478514
0.5023123987944542
1.0440453548936306
0.9590073445634936
0.8752040058704696
1.378983699695783
0.9661430449255816
0.9683108125468025
1.1294593269394233
0.9604838760090323
1.4128081719491674
0.4507011430267261
0.6954492493631577
0.8982235465257161
0.8839580007312152
1.057467697473465
0.6828864418465639
0.9122588169732176
1.2869501530364622
1.251556164822703
1.3588180768190035
1.3103443118770017
1.1823448014146396
0.43492903221859663
1.3695324430442026
0.7143359526378252
1.0162041015383994
0.4388863946954638
0.5135212682084453
0.5632531985314929
1.0424573028712503
0.5175157100607979
1.3414441720223764
0.8401694633719904
0.9966744136250861
0.48282228969454727
1.2402259249827305
0.8390065926598921
0.7376155758719345
1.3043766083450414
0.7984113123214432
0.853314507008278
1.200408016162597
1.108168365018908
0.5700583242323972
1.196507397456712
1.384372327754685
0.504459593493118
0.4607135749479186
0.4559705524507032
1.2543540790932686
1.2493793932212562
1.1520688782080026
0.9264148389618162
1.1261068844878368
0.7009943758209949
1.2251005368012602
0.717497859296222
0.923299296381407
0.8994170407997514
0.4993904452349061
0.6412284629090905
0.5143852945358425
1.309274511057506
1.423922133444016
0.9535955279994061
1.314005490776616
0.9397897165817767
0.825076623827378
0.9736802091819021
1.3845195898773426
0.8213128050206778
0.6000362797865048
1.2737771172689127
1.1858281343301216
1.0310824613278782
1.049958482675932
0.4988909153349947
1.134825509107921
0.6626754219468007
1.3815519667787202
0.7415971265608501
0.47919688724334336
0.8655861862271531
1.1242235076660685
