1.202506825909912
1.2522360788113136
0.8500436750855629
1.305630376747343
1.2190984746307403
1.325983644966382
0.5281764408673756
1.1239768439843565
1.0230805745016154
1.068775731052229
0.8581406262487771
0.8752906748455511
0.7285345565285887
1.0303936787084556
0.4165932801123361
0.8592903116556422
0.9527337451356265
1.0278123001146657
0.4201769787752246
1.2951994566927478
0.6060627230448444
1.4010259651744454
0.5280942370141876
0.9165176555027543
0.8954679092906191
0.6994056533538678
0.8970218443412201
0.9687559870655034
0.9335335288890241
1.3973175320999836
1.3477689735114653
1.2433829417558655
1.3322175972231718
0.8859279177469624
0.6603631607355407
0.9889281035776599
0.616187275700854
1.0774000986281937
0.7405140799968414
0.4616177690019256
0.6775953457172317
0.44009218143287926
0.487551991861758
0.41932903378943415
1.239548354040118
0.49610151899568944
0.5397697994024818
0.8093229035468692
0.4710581137418453
1.0770829544065343
0.5411476310343408
0.751378349586624
1.2231858173344312
0.5495988270695451
0.985580973763541
0.545768962749576
1.1089461626373145
0.9969507173399859
1.243642819310837
1.0311084971069535
1.128347715561803
0.785333927655043
1.350881348461386
0.6548356287438862
0.7607928786546169
1.1350858196055826
1.354515131332797
0.9694515886525507
1.087844058293471
1.147560677712708
1.3419140262514024
0.8710690506243215
1.1151126413182686
1.2088610405224467
0.4274452099255099
0.9859861259702555
0.8105472734785194
1.284520791352734
1.3912011832148292
0.6662677518305664
1.1857728895519029
1.3052263740544978
0.45436933062840973
0.7307751262314083
0.4247977353450064
0.6403938066897524
0.46581837766251893
0.7112556986332771
1.1236622718038756
1.2541474441466427
0.9227042231305225
0.748741633219796
0.42766239090956565
0.8779582732350182
0.7198542944753693
0.5073645670954205
1.0715267366766483
0.4448557585996203
1.2058225435484908
1.0985705957042873
0.5693657705445516
0.8321372443147416
0.44942587300925746
1.089129205111361
1.3095216032047947
0.9648356959099679
0.9696793366064262
0.6269219603621112
0.44255782575220465
0.7118789605225603
1.299290134967069
0.5475197191551011
0.5387026328673635
1.198965881074928
0.9508707802434379
0.9151269412932321
0.5357936301203345
1.3679855120036801
1.1436838267888707
0.6905735440365679
0.9378550919857066
0.6142850321906798
0.9655973797668294
0.8268827233886709
1.2821901903422643
0.7846606390242372
1.1069383001876645
1.1521097982513655
1.1445248384757025
0.9700536913096118
1.271848525881038
1.1105672369082698
0.9673031235188657
0.609421018587429
0.9732832727310583
1.3475179474184638
1.0798496541144218
0.6665212000594852
1.045923044824008
0.6659829147441154
0.847076177289568
0.9900030693901011
0.713116503729901
0.6787045033973239
1.02102033694603
0.8633977003176885
0.6314740973501629
1.1728033179390387
1.1823899898866586
0.49816728367818486
1.1735365650655825
1.154418599167676
0.8313737289774141
1.3094961759699015
0.8735500757426581
0.7856351074022903
1.2156742549779993
0.5303998591111083
0.8199294531532397
0.5642530514152131
0.740625490957829
1.3695149079091047
1.324816083127582
1.0973656673235395
1.3301758288291519
0.466344266570754
1.1624812322856004
1.2951371320669058
0.5958880829216702
1.0234855451297065
1.163813417232357
1.2753464413713613
0.8974115862044235
0.47591924873104363
0.7242934365622294
1.342194793256555
0.8959421018033797
0.47014288101369905
0.8566915974089631
0.9356038225520148
0.460647754464882
1.318954207670426
0.8874268166132557
1.3993796597144925
1.0141640194236008
0.7052434408819944
0.6115557424635043
0.5421448079377713
0.9083017187731514
1.0393768957019025
1.16140864273289
1.3759523403352358
0.5238334559758449
1.3448596160710558
0.9320519945044089
0.4826989601101476
0.5183246676807703
0.7217207443344049
0.7147598395099799
0.736991557815841
0.8001438756408301
1.133679371678896
0.6743197649360404
0.7929839510562335
0.9325422240224173
0.6190688504748241
1.2651403530795793
1.1842650846639389
1.0820581806165408
1.1050343983425979
0.9158929262574165
0.8975983788933236
1.035397405412528
0.5804118386125867
0.46273106403316344
0.530883760813709
0.7030901355287842
0.9031934042219621
1.2348462260855555
0.9667146576704948
0.720867386524628
0.5792953066316879
0.4765468886972181
1.339786851820413
1.261221516015424
0.46361583835884074
0.8544286238416922
1.2398479574334114
0.7503940784581912
0.7429485406647713
0.5876304155089443
1.0092919399685494
0.4288089375510231
0.6576131002561842
1.2818458248461932
1.2701187093165807
0.6314598898266103
1.0389968119141026
1.1244952454215684
0.7396373863280604
0.7913674306349492
0.7760842454669068
1.3457161212373414
0.7214348501944396
0.8568384840026938
0.5955000878923207
0.9807633638975393
0.4565938537980486
0.5332939236136341
0.7559051871949992
0.45941644528002673
0.8404547765439001
1.3535195947280967
0.4248384811296172
0.8232531395845333
0.5734486513041243
1.4109139833110165
1.4112145537753444
1.4110750955246376
1.411127906884877
1.4110079696888957
1.4110184590941992
1.4115785339107012
1.4112657061931622
1.4133775341321873
1.4131346236334115
1.4135860257833581
1.4134441330264793
1.413458467479251
1.4134884850834408
1.4139604285820766
1.4142107618164357
1.4148369875036995
1.4136518905684692
1.414873672442939
1.413871000292423
1.4147478960302415
1.4149034718655518
1.4138736413852346
1.4147628841695128
1.4076592398477952
1.4077745584119932
1.4083091849752751
1.407744526484267
1.4074823003196657
1.4077411225633152
1.4082954172579774
1.40765241268405
1.410154714186669
1.409902030907661
1.4101147810729797
1.4098101173563486
1.4099821093437221
1.4101299059373633
1.4099543625556186
1.410007424638304
1.408543791554366
1.4083229434097368
1.409377533990037
1.4083524990014453
1.4084454798513806
1.4087197022486664
1.4087221235207006
1.4084152968521761
1.4143941732534628
1.4141485245451215
1.4141462677235221
1.414148542696817
1.414478600624656
1.4145082676112117
1.414273206936848
1.4146085366205314
1.4137768364405339
1.4138721370533962
1.4129574686203914
1.4138865548467487
1.4138277899128053
1.413778171959219
1.4134298463573491
1.413498036524565
1.4160708206956982
1.4158439401199248
1.4150192357760456
1.4156859157087396
1.4157258233871164
1.415732452728486
1.4154678204771631
1.4158379614031074
1.4068820380167024
1.406432424763401
1.4074591512832932
1.4062623489604154
1.4062362369460364
1.4069121421174697
1.4062415491645999
1.4057629320892688
1.4068909208809124
1.4070685390679953
1.4076289332297651
1.4067966613768428
1.406634692480696
1.4069916127555666
1.407169099305628
1.4064589781647143
1.415678011488554
1.4149177146467822
1.4152293075905864
1.4153081925704825
1.4156591243307826
1.41560920331105
1.414805575472998
1.415483695050978
1.4149711894940935
1.414263032619725
1.4144344855295838
1.4142628973117024
1.414709746668799
1.41482087630157
1.4138030368393493
1.4144148493882938
1.4063943420839116
1.4070962715543198
1.4072798200373273
1.406437504371802
1.4056756784944417
1.4060732293262803
1.4073508457638328
1.4058406671069636
1.4093995438773985
1.4094372267641664
1.4096613293847677
1.4093200059591064
1.4092621722322445
1.4092755251271774
1.409487949800575
1.4090944766167472
1.4146991397261741
1.4141446924458172
1.414588265930327
1.4145366234598782
1.4149483157643568
1.4149195165642212
1.4146691106968563
1.4152027814502377
1.0917099928620277
1.0968281734873109
0.9971431137315536
0.5413180792600306
0.8729800959745264
0.4783468564397304
1.3750632115897319
0.6220871750222824
0.5307801300284692
0.90338166884497
1.1762901210754924
0.43555119523113994
1.002777173854617
1.1107617124640414
1.2402825716564099
1.3919675907726181
1.332135058496214
1.1143555475327886
0.7283586688902918
1.3774646954390894
1.2817305559930667
0.9531848421941366
0.5207625617325514
0.9233944093625545
0.9082963052687248
0.5307096918936259
0.4704867302572846
0.8938362083439723
0.6882831422411969
0.915089082867288
1.2863550114708324
1.1581034882970347
0.8484385554146783
0.4345861557657566
0.7412312002565485
0.6143399127737583
0.9249630157998382
0.9636028892791778
0.5151744651044163
1.0772905337663723
0.6254129742962181
1.0642338722404514
0.4627097063051541
1.211692465171511
1.1188374224062174
0.775335498127341
0.4969471849176571
1.2570118787495848
0.8828531002200768
1.2300195282253905
0.43106756418541337
1.3398138339187098
0.5999456544854513
0.8988847180449033
1.015246168325924
0.9419263201176142
0.9844156050322707
1.1650042087470789
0.6808296608560824
0.8928269922290952
0.7435991434898396
0.6641429753794611
0.4537049590491255
1.1237247086953497
0.5486313931535346
0.45225970285931055
0.47026841102335315
0.8223931295883026
0.8162352723828439
1.0062600472455985
1.2909392813983345
1.3130995867208084
0.4208014970919501
1.3275081303036371
1.2291225330276847
0.8935176737814416
0.9903411121813992
0.49021736447075087
0.8105757441605367
0.6813267928798974
1.4111459606909262
1.4111119669070977
1.411168127144398
1.4112383507149138
1.4112151936808188
1.411250340089336
1.411216062210814
1.411219658333093
1.4113255613182336
1.4113079365929928
1.4131947134895926
1.413237782696161
1.413447761019722
1.4131745667720805
1.4128738404569618
1.4127142201990766
1.413338300017101
1.4133026913642026
1.4131661499931931
1.4132122548563062
1.4140662957244146
1.4139413249741961
1.4140308500323482
1.4136926313085987
1.4135499169784014
1.4132380295118123
1.4142807337019663
1.4141406107709265
1.4137235682041756
1.4138647085913458
1.4082942530471676
1.4082272391772697
1.4080270896333478
1.4087508976399168
1.4089738784703583
1.4090301257398383
1.4082012351992008
1.4086513829165264
1.4088146758548532
1.4086995762448964
1.410132050459618
1.4101033340082016
1.4101061157047927
1.410268935952041
1.4105207645411366
1.410524880048015
1.410202435862307
1.41042232161799
1.410383207735981
1.4103904519365338
1.4090434163669778
1.4089671467326874
1.4088192922281173
1.4092262537629332
1.4096172509307137
1.4095747155577707
1.4090371926202427
1.4094059694310093
1.4091022114377807
1.4091121678017906
1.4139979604893207
1.4137514374910776
1.4140910949054728
1.4135817086935005
1.413500784878777
1.4132734970735834
1.4140571620929645
1.4138849344019184
1.4137518567535714
1.413821161933328
1.4132831763319136
1.4132685995003829
1.41378457508022
1.4131852971417742
1.4129347013306128
1.4129585621210896
1.4133515384769155
1.4132864736557613
1.4128888193585833
1.4130869235283523
1.4149548564723327
1.4149488701811006
1.415449349990977
1.4146351546397908
1.4142380166684998
1.414081939642432
1.4152427188178414
1.4149440075953337
1.4148667651463405
1.4150379479406763
1.4072086737446456
1.4071482471879841
1.4068629539603077
1.407804143909416
1.4082237619895415
1.4082042531227237
1.4070932212664922
1.4077475232220156
1.4074429085414644
1.4074779892987874
1.407521944395177
1.4074819086819383
1.4071868667538718
1.4080285900585943
1.4084372935582345
1.4084906724600714
1.4074715287169663
1.4079806403257404
1.4080450633373924
1.4080145060873415
1.4147559591587768
1.41464300639706
1.4152202694339244
1.4144503683863858
1.4139001915372913
1.414210172291908
1.415126437570257
1.4145771575458417
1.4143450540080287
1.4144750107173532
1.4141244455032722
1.4138934805859191
1.4142836825434462
1.4134578416874028
1.413636071769408
1.4133983596448723
1.4142675228802575
1.4141043993037232
1.4135793278413935
1.4139415053194937
1.4070558007727494
1.40719444692185
1.406707968511276
1.4078750591601235
1.4079619531827485
1.407932784809239
1.4071124125767276
1.407781406667235
1.4078059441041046
1.4077463025250536
1.4097239629012428
1.409483379864452
1.409410029911259
1.4097916665285979
1.4101151578412408
1.410089220111677
1.409711653471714
1.4100070908529838
1.409772559171013
1.4098350904755959
1.4143702781274368
1.4141566387061641
1.4143393097572636
1.4139379955169105
1.4137493535446495
1.4136449076420075
1.4145609222360285
1.4142625367112935
1.4137637668521918
1.4139309323305012
1.4101948433702038
0.49200739857155945
1.1811625222530668
1.1352190102880517
0.9195998603984077
1.1956829183705076
1.0951728681672546
0.5956864417679043
1.392861911956026
0.6111632126236178
1.1760571974043539
0.9612020480214231
0.6972532653174014
0.45721648239652063
1.361342317314028
0.5504223811018419
1.2968815933446616
0.8723802242949302
0.7000546693014256
0.5922266815535258
0.9009781147443989
0.6306276617026696
1.2904868505586948
1.181728179407515
1.1846346606778968
1.0971041423934254
1.4059571815914202
0.656456838828416
0.9502611706771656
0.8091977118353089
0.6060931616970563
1.2939563271308139
1.1605098988955393
0.47989553487751313
0.47021375266817306
1.2837018517441379
1.2333727448183875
0.8234093778356515
0.772423266676572
1.2596457795321916
0.6728951733169725
1.1423543117477546
0.4144065457716023
1.2755697192421906
0.5069296746015537
0.7147570850382398
0.7832610261153419
1.3798826060289004
0.9987796132121481
0.9127908505325182
0.9281024395726372
0.5221701099850985
0.8891135130737535
1.1567078258876637
0.7961417583255644
0.7557422241726297
1.2153362099023044
0.5540609791082071
0.5169262667012298
0.7584822280930201
0.4845078034927615
1.0032454009400826
1.1287554281275345
0.7421757785566602
0.7056973627590379
1.06537690669465
0.5456771476017536
0.8198798057973169
0.9485292414990516
0.8032930690313832
0.7765523916084189
1.094499325863313
0.9041344595509582
0.9921473693043563
1.3795288528883085
0.6201753895956906
0.5139659710872594
0.4457789941817612
0.5359857419119927
1.2845294520691706
1.349276048747056
0.6713458940350321
1.2914680295671388
0.6469701302826715
0.9818005593788725
0.8917744911270338
1.0514476126176031
0.8589205738349021
1.263817457187699
0.6676902231431062
0.8014126457207257
0.492973973432157
0.8589146623355921
1.0619814674156411
0.7459708600885349
1.3293253433364047
1.2978878855034695
0.5618688700851971
0.8753670777319211
0.5663893346141506
1.1118720517356382
0.5446878892249685
0.453368305674766
0.7358178302407403
1.3963654277378241
1.2022618629137485
1.3855961008025999
1.1214929612632736
0.9247389878568495
0.483195608103978
0.48136253534686885
0.7923627878726556
1.2038252499062632
0.8205873282913463
0.5317290487262888
0.9700730959082935
0.5256403356178067
0.540450271224492
1.2178305625381551
0.703496273412117
0.6106387330443099
0.42077058272221035
1.227334071516861
0.7908125987204175
0.5852412465905601
1.2578943338262778
0.7858148854818758
1.2945770093538778
1.2787979664424214
0.942168710419391
0.529883330845577
0.98949855495652
1.3820453465726439
0.9724021134640433
0.6635408294285035
0.6266667014746734
0.9845605655263191
0.6974789614063688
0.46028541156378716
0.7696167793820027
0.6208008240897089
0.4735230885314633
1.084786230507991
1.011016350062919
0.7186253137821518
0.6404645806976933
0.8801544423452439
0.8790549002533825
0.9098681122969596
0.8980763021467226
1.2898298203500669
1.2513145913720831
0.41230723802485914
1.1275488570077652
0.9519633112175583
1.276417246550172
0.6851031946390607
0.5975392858366951
0.8923622205580292
0.4253499926416137
0.44420827845285116
0.426743390170192
0.7149461134298777
0.5909619653472789
0.6115328748056579
1.1152324633741302
0.7781233157302606
1.2686592208282232
0.7906606421915535
1.1440138762919991
0.4635330104745104
0.5356195648836218
0.5250974577009244
0.7411875558633212
0.5714692239914901
0.6467247060671718
0.6115229511756614
0.49071546505342295
0.4258975641378619
0.6766938176318836
1.0020721113086517
0.6030404858997257
1.0783694831418529
1.1369052588923858
0.43306630833248505
0.687777815013583
0.741306907137533
0.812996707399657
0.48973065028223656
0.9239204024153413
0.6946090551822793
1.1721013457896234
1.1764329703715986
0.6406176151223614
0.9450337241019762
1.3668459000465434
1.3785227147250934
1.057659051135458
1.301715855304828
1.2978169615386586
0.6938066390288461
0.8161859378363282
0.6507409493786677
0.8925424725682553
1.1381339811663955
0.9552213268955413
1.1974621967654757
1.1034703767295748
0.7504080858025073
0.5363100670661431
1.1204329103983168
0.6723663113844455
0.8281842961740197
1.1221275234985344
0.41738104452990915
1.2136578888783573
1.2989041165352557
1.002458847396716
0.5534001843352636
0.6950142813455942
0.9244726778518699
1.2390647294943082
1.2991239380580717
0.6517755685767478
1.2318383525870553
1.2822812723459502
1.2798559472831519
1.3794147976833426
0.5898365085238595
1.2931392909596673
0.7469807579717915
1.1627945051237139
0.45897786579827804
0.7370872293308232
0.9176625285252148
1.16621000668316
0.698005528340651
0.8783559823279771
1.0896553751508578
1.0632841802535005
0.5500661780549915
1.411463676170857
0.8159583036262584
0.7945818857640543
0.5182855685113762
1.109844665907402
0.4380301220448477
1.0990317406737748
1.1583738309928255
0.8738792652176313
0.9060760138385997
0.9048229721988271
0.5802819778238812
0.7448610212832021
1.2578056728457108
0.7010559507574156
0.6792568104163769
0.8313252799937105
0.4765486348727734
1.2181372942809128
0.6737412253567953
1.1199146045489108
0.520533579880649
0.4663583821110109
0.9485461518177095
1.2985689151736106
0.42990363573384216
1.2312060284324229
1.2893538324363956
0.7469988442411072
1.3438411510592037
1.209946338652575
1.3530075005657762
0.8068306209266742
0.5731458286873421
0.8986088424971241
0.8622036250316177
1.089976089284399
1.1409781484841242
0.6535604005884502
0.9058365441362117
0.9366233838652438
0.8498559152431254
0.48958124827611127
1.214286940454354
1.076644438268383
0.5490168137778021
1.1736827235912142
0.6914573216945804
0.8819098772915357
1.0684464069114832
0.8706007557343582
1.1731744933104935
0.45983023044089916
1.2499097883644068
0.9146243633073698
0.5556884118043404
1.248210758047487
0.8384260928497478
1.32085393630834
0.42996744969736667
1.340810642443859
1.2030365138687962
0.7696837910756495
1.0443333198916696
1.0184579338970488
0.6103781418894246
0.9758576935326179
0.6655011277572402
1.302539038607476
1.3210924857389978
0.867244343774639
0.6217372281052426
0.9201410922712836
1.1218375702856367
1.180870553104252
0.7977526265258831
0.7845414582856218
0.46457978731257255
0.8735872902975526
