2.8570680565440947
2.7383683678691932
2.5956069079824
2.542476904344597
2.49188141668587
2.534511302164076
2.7166122228135636
2.63125354683426
2.369116970366423
2.000577924765115
1.5127536200772917
1.0823759233607715
0.7875260362810413
0.6812203742098304
0.5219269900836505
0.3797850889644535
0.30404734750310636
0.1687073044479029
0.09250116086018846
0.15762624793887672
0.20528464060939322
0.21988981158001672
0.5055398480730905
0.8392603282073531
0.9108860076885674
1.0133145419704415
1.272381646009113
1.4856785901177394
1.7078761863306084
1.9026540220293686
1.9357717968262784
2.0003572895426642
-0.5938431679163695
-0.6028225396149883
0.06792309310488573
0.48316401016583393
0.643552715557676
0.8209003758081641
0.8661582021105693
0.768572063452455
0.6374573605963704
0.35339194670396684
-0.03031029556688491
-0.32425726148715023
-0.0529052990600198
0.5031790643101889
0.13954427000630273
-0.315199277046402
-0.3725340144799346
-0.3722548632326584
-0.7102796875629216
0.0724144152806792
0.9964229826811555
1.43984228241016
2.151865392633658
2.7752277709898134
3.047483430638826
3.186951586555367
3.4323126110020015
3.4610919338574533
3.3170138159879468
3.206534652739967
3.223666346743885
3.34044658290467
0.5433779418386734
0.24006019045417926
0.17967554270297947
0.43785560308393007
0.8097706796773825
1.5393773352457873
2.110809591217288
2.806616074506018
3.64555501648177
3.9724434515575324
4.08463822794406
4.120683293881208
3.818858277442601
3.449934903380257
3.067358440280685
2.3707338461065395
1.0820718327287475
-0.3770806070141144
-1.821424812490861
-2.1931482937778513
-2.2387623992316397
-2.1803089903883994
-1.5902348519944847
-1.0824897325706941
-0.13899214774735952
0.5510557410126681
0.5515592876269996
0.2623793632514041
0.14286943098296992
0.3062853000973638
0.2707545869092138
0.2893733149652308
-0.7415151779928046
-0.3195459751438395
0.7311549306378538
1.1022147898221508
1.080956830412741
0.8965250440115827
0.5895822038652945
0.45553080831494785
0.169089806934209
0.08410418876666935
0.30667924898347965
0.5018774926115118
0.9102990280531943
0.9926408544361183
0.9265055743733024
1.164546802276376
1.9577523908783834
3.2330310094790784
4.723797306213711
5.999213630154854
6.535690208197687
6.509221699132176
5.923305601155945
5.2070727100371315
4.444845990152673
3.620121193873688
3.189195592904648
3.0939460813802215
2.679439850964539
2.141196624715532
2.2023504976090824
2.2465425065055724
0.9230586411431797
0.9594147695479337
1.6673563177234365
2.1030808037110402
2.2287282512762294
2.3847428383348617
2.493036083736808
2.511855665553049
2.3357015899529614
2.021967706485412
1.659060538767993
1.120020205143013
0.6324102730959758
-0.4461468069610333
-1.060068487074406
-1.2849981847735938
-1.238221591785521
-0.5924397572219062
1.0121497208960981
2.569582993999901
3.2067841582526486
3.3784063163632045
3.67483658093295
3.622013409319431
2.7455001280742315
1.6323486417600888
0.9638328062243872
0.7551534984322192
0.40470486845776665
0.04570214256649236
0.15283654861836554
0.41610166026123896
-0.12802574315588228
-0.2511095676120867
-0.04332452158935804
0.3321514662116581
0.682985090613731
1.2929848683009153
1.7092232734889463
2.246021575133271
2.967504546823498
3.247152863473412
3.3324130849956903
3.2925726478011157
2.9588673475128697
2.47967522229326
2.003608883215258
1.30366962210687
0.17696769633232068
-0.9944485065710775
-2.0126721977280297
-1.9376103668151214
-1.7531229214609392
-1.6459981073233343
-1.046431945787797
-0.5734206975192963
0.1059134354650904
0.5475114952052009
0.3990392918676714
0.025574321548209746
-0.11642943919636273
0.06501774309536314
0.08024100793923347
0.07574130949834867
0.4244463498813195
0.1646962239417003
-0.6105786570787876
-1.0543427976604671
-1.0756679847814021
-0.9580060210125486
-0.8066303369165019
-0.33914245799472836
0.27531529329604537
0.8364591798158053
1.7227049504289333
2.8231632603139665
3.3514386590819623
4.14952766955632
4.744452552338306
4.952651121118724
4.6905184811032665
3.959475370883098
2.468703729362335
1.1779292235723369
0.29389790028005747
-0.32094879902000417
-0.9061683123635628
-1.1877671398405143
-0.4301932409752534
0.3044044715371386
0.5638458295793806
0.6035474140251583
0.807664610375304
1.1277973464283828
1.2103180074652389
1.058820498140261
2.8623744113512597
3.0164146230129796
2.374275340270665
1.7887179112641116
1.4061327368895171
0.8812852333089428
0.5244279758674476
0.16997924856528418
-0.11186949027075548
-0.07511694231190319
0.058788829504443835
0.3659798298472329
0.5711674246357104
1.2304121871210791
1.9773276407156417
2.6023380131873712
3.133127575439673
3.186135034599813
2.634506448527508
1.2001628002691889
0.4155232523099677
0.20457119619235178
-0.5331485582477591
-0.9549505623051222
-0.7832033621222164
-0.3066457116276162
0.169653423015385
0.528843320403811
1.0047197962493157
1.363881641867681
1.3093453964626993
1.070035574756171
0.7440121051213966
6.253271704115277
0.519868306545529
-0.17700074028814855
2.129901181411479
4.454392879363272
6.254236508874181
1.583097283675
-4.03241739369723
5.072345554783487
1.3954444896343121
2.9183061123300518
0.7592111874385126
-0.4233396207026902
2.0334668362785853
4.4780703453563255
0.28604408344565263
0.16779753581092097
0.5193291923687201
-0.5245495712451583
4.8660434368204015
2.805761612710661
1.4848246151252578
1.8512715244115676
1.108288523683386
-2.423892599374352
0.2084458392617344
2.6189625999207333
-0.574786857467063
0.9839989643419057
1.1404124402930922
0.017343714916063065
1.9156883324289202
-0.722834262217929
-1.682287517236863
-0.20204785684540758
3.0454374041911394
1.6235789713930584
2.0996968499663278
3.096671953662834
3.0815398050279055
2.760103292028594
1.1399418792597864
0.2752305817112457
0.8023754222233302
-0.4138183115761717
1.5951166600645674
2.0537290553669307
-1.5324464929742299
2.0607292282564456
3.52435337538136
-1.048223968039672
3.9851686926471577
-1.7311941354975178
0.9102349351779958
2.29398769934198
0.5456291266946434
-0.26825459510158856
-2.5186825544309515
15.296708683134682
-0.40157711862562295
1.6137041440891728
0.107328431705566
1.2850681093227263
2.9073198025173292
2.9463391299090773
-1.195556537491763
-0.441736821855681
7.742659685231142
2.411994359935394
4.110668433093213
4.498503353273853
5.766043292634993
0.31602421552451676
-1.7492875658446119
-0.1010378406268687
0.27689287176018496
4.429719105243579
0.8383342705327866
1.5490522016096369
1.5979012216004898
0.10657603687102682
0.1235530304113416
1.725226029880367
-0.16011142036114254
2.2869060930768788
0.439285832794945
0.5209355107102136
1.8427025162890898
-0.8149160166992844
6.246213288805341
7.3139015574840185
-0.9250335635335182
-1.9445005767882133
3.526341628465817
-0.10224086409469099
0.6333547459496296
0.19649608192826595
6.668147244078527
0.7019311712328404
0.4511885705264135
0.9048813063046595
-0.22452236963228997
1.4239079420256493
-0.6353329219305135
3.856480311942084
0.4728817647246008
0.303171425990647
-0.5322773833834031
-0.0966673399034718
0.7197866758073961
1.0250722025330272
2.7372530212840624
-0.34862845004972004
5.309909242684406
0.6838418153064788
-0.5710533471434003
-4.179734711089562
7.383213448602376
-0.7649338425965243
1.2095976733695604
1.0249964618189757
0.46609890299784007
-0.0368900323318451
1.7491473634552723
0.5807701706649944
2.091460615629479
1.908481439069204
6.380664488446932
3.324131628296013
0.2758030713984963
3.5566128232589587
2.798494122753919
2.0490661175414435
4.242383380476269
3.9473318200715197
1.3285377014068174
-1.4592996265444818
5.873661982887969
-0.11547549163331779
5.96145289290415
0.7576452954413628
-2.528102693148467
2.8489192880845784
-1.423654633839802
0.47267840199400946
6.230136852887191
4.884911999614815
1.7369287791753805
8.065410514831884
-1.7906650634272214
2.1054834184022218
-2.2032925550748
1.297195554913983
1.9574464387512465
10.85238246272027
0.855941007566139
0.7598318257909432
0.5939666837147588
0.8163202242745008
0.10305895621527117
-2.358036862596773
1.0949269812439189
-2.3881258862755423
-0.4608423800817641
-1.1058526677523233
-8.480883668346967
-2.4888643796500216
-2.1235263342983113
2.9279287884274887
-3.230570929552273
4.6921977922539755
0.7376020210967968
-0.13846877985339887
4.053805734198779
-1.8595949193825063
0.8136072389822573
5.897303041760655
2.8203553203728324
4.054683610092703
5.758595606595866
2.393325907338911
-1.5635889016739557
4.7448888456579
-0.9239756950045712
6.0202997794133655
2.50422662757354
4.00031202488121
5.48315070467062
2.0613935941589454
-0.32049980460971406
3.1021123049154378
-5.041044502935522
0.2621341336279809
5.6966162953067645
8.779332900321313
1.4248067315918245
-1.0888671941066164
0.013219891863963301
1.5558391165413228
3.4706920241973407
2.452768346788254
2.16542717462575
3.0599084295461023
-0.5464956799367492
-0.5719136231048858
3.975318573195306
-2.2132900784500165
0.7227016941341041
0.914040821005728
0.43841104788313606
1.2013788075447955
0.17132201898608904
0.4432609548557768
-0.1001253902740889
0.19124582862627323
10.257148618517
0.5784423668097857
-0.0903010949958546
5.644468161804454
5.47067314050138
0.8728720077701622
-0.43168899978186565
2.6480038706715723
2.3000053918545644
-0.9330465984933337
-2.0460461021651373
0.5836281471728408
3.107271753854419
-0.8837293182977736
0.08091350607766025
0.7570430488064994
1.1347052219637674
-4.958275087045632
1.3347984948602905
-0.32015263007197015
1.222030177402956
-0.20622975823331371
1.7803841954178679
3.415617730739097
-0.036993045377763406
0.10957373230133484
0.5564121151970707
-0.19437813324195105
1.7170101247121103
-1.177265626774843
0.10604523753680435
0.8284243195572998
0.8527350425710962
0.37850123086168996
3.2241683828415515
0.9568482664247006
-0.07129206035438651
-0.1553708737014241
0.8413054465193615
-0.13431397402042294
0.25688938019118207
4.435245563299533
0.751939177070805
1.9937452018925335
4.094635936378383
1.011664852212505
0.553890516377088
1.8393523371825333
-0.46842704068394286
1.1552777095070261
0.6100132379158733
-0.7410410785989928
6.1835854098574785
0.19850601527386885
-1.2168421840946602
-0.47348028500575173
1.045543178368923
1.4062976205659166
-0.629746231596129
0.8880770437762575
1.1995593434212921
-0.7960465991057147
4.44976053779082
4.630012604006968
6.272547324063864
2.4029636087549986
8.627334771415338
5.468200621172868
-1.8003384209655668
-2.987180981101954
-4.071654112644775
5.698277603269025
0.7271609661064315
-0.2781726543124314
0.7459973313870213
11.068824765827104
0.013973446153262386
-0.45367953113858495
0.8543161229480883
-0.4019024650834545
0.4818153816182384
0.9909097571332142
0.24205651459150362
2.5472389938246405
-0.28932156120777547
1.921749244731255
-0.6551346103167387
1.688962741161972
2.2277443312237666
6.412813192058148
-0.44121282270271384
-1.9402459779987224
0.5730217361023023
3.1892195415220894
0.11245333886589906
0.286603786320074
-0.1610104157262846
0.8947308945684705
-0.4444770009936121
0.8566995722166194
0.1116558433864206
1.0461230786423703
2.1465111250973172
1.2735188534624793
3.544600595379872
-0.15073797101941203
1.6897325647846813
0.18418740208989173
7.2040968023425505
-6.069595091447864
-1.9826821366869558
-1.046976433199652
4.344126918142254
1.7984372090324168
1.1907132789418027
-0.1297754343658026
4.003030534403827
2.056937522219249
0.7048144357306814
-0.6096493111685344
-2.1258156834637574
0.7456193712899889
1.7703704642882598
2.302109754033064
-0.5261145881687878
0.6565519975541789
1.7941477605412046
1.1915126058448842
0.21212086481212364
0.23194842938063934
2.264577561274219
0.9491787381895679
2.182907472671051
-1.0832236434660485
5.640996174147229
0.4812231401703339
1.2041568505228295
-0.6125338713526857
7.215125205125868
-3.9416633835896797
0.2513106537032951
0.10037370928876349
2.0571694820910063
1.4764071007696697
0.4244979409231763
1.368952315789192
1.0232040933165185
1.7733556766497351
-0.5345265900270968
1.199703375533798
2.334742655761276
-1.0817651605114689
0.9644373509767789
0.889960610666618
0.915532504474393
0.9198978559226688
0.9862432930025555
1.0218417018417947
0.8822112422826973
0.8792876470413569
1.0042527386572457
1.097263612554133
1.2099867520860101
1.2301107816402128
1.2722845902273106
1.39340957946878
1.3307740349246335
1.2354077579158222
1.2511121672967815
1.46781911167559
1.5611521054649773
1.664739220621323
2.1087466301257485
2.5501955807493046
2.7607049966022177
2.8885498533740566
3.0255973421386586
2.9035006779913166
2.735858379853035
2.6609211586208965
2.689192932836182
2.6841692231902403
2.643392450172932
2.637268549650465
1.4045942871411718
1.768963492329113
2.118239659967512
2.2538040855910455
2.3982179642694814
2.7146438438863068
2.935722766860482
3.1511791017161896
3.0749303501265475
2.843093172608966
2.5120884121909097
2.2716759048111412
2.1304550527649533
1.8427493355517561
1.5463234209178542
1.516255784139828
1.2839976819382983
1.0393501482275371
0.8966043838992986
0.7874862439956699
0.7185155288848154
0.6265375907673982
0.7670092457560684
0.98479374301004
0.946334549070427
0.90004037106431
0.8716549469701692
0.7077145615042382
0.5541036846468184
0.4208165662272796
0.47112758596773807
0.5316080680543742
-0.8283172865629451
-1.355545516950136
-2.0432498910332755
-2.09307928799701
-1.974043939244839
-2.156722092671629
-2.3892172974549415
-2.402997754885003
-1.9915947022482203
-1.307658641328051
-0.546169309239069
-0.0890109015676576
0.3151453717275859
0.7378405037024371
0.9864231603071275
1.4147194762958906
2.1694980377739848
3.0757588591204676
3.5490127256009085
3.7067100990398067
3.5104731102876863
3.1201485750286304
2.8149592057049673
2.445495485423879
2.4297290302918815
1.9724368747167664
1.576295044201057
1.6057122958756938
1.7107190505425034
1.8868654835438345
1.6144938707714935
1.3495770166698156
0.04078949900101723
0.6587945954030405
1.519400610393335
1.735202670650501
1.7156208126534036
1.8131070614577438
1.8253428735614545
1.5846237058648105
1.2250589246780599
0.7454723842891324
0.3278165846812215
0.09665889743691865
-0.17240392352557127
-0.24497089859945306
-0.21411053090221277
-0.7019383359073773
-1.6278240765085827
-3.1704267314195516
-4.173731821346832
-4.692345303629781
-4.660169782362953
-3.910093071232154
-3.317061685768826
-2.732279506338099
-2.2150810091910067
-1.1743205442520843
-0.28040120871690966
-0.214495686771336
-0.5836173946014295
-0.7323480519792605
-0.6312767502119958
-0.4809142459664032
-0.951910252720103
-0.9237768865322198
-0.7225601277893947
-0.7080562435617549
-0.5490837643017868
-0.42585749522986405
-0.611021442317149
-0.5928505090767411
-0.37679489516202724
-0.18589060071405544
0.06724947183360057
-0.025682574388870408
-0.01151988549541333
0.11594697452266742
-0.046070271414593675
-0.2043312807872066
-0.2734968095360108
-0.0033137067525353912
0.11255370203704756
0.4170055252818478
1.389962945319194
2.3485415389619004
2.7957471205227766
3.053699121497374
3.2978825378483414
3.2270108608381536
3.0544628381227548
2.9159124522902733
2.843020390123559
2.7181338510333477
2.628975485251826
2.5651072226961125
0.8928905151456257
0.8790869294592081
0.9345759182020719
0.9393053519829296
1.0913033215474928
1.378218865783259
1.5490027953200418
1.884489283007553
1.9600327028091171
1.8498694960905133
1.6980791495443788
1.449075810991443
1.2801757586111098
0.9560209701472668
0.5400462228546664
0.5459262449896746
0.5396699320304879
0.8701684207667292
1.1150421716880436
1.3908621072533764
1.8411859964020925
2.005870084578754
2.1503361073449296
2.312590518893941
2.2202093496844126
1.85507435884073
1.5022675258208344
1.2870288804771455
1.2423634410760453
1.2689448105982288
1.4507137777041095
1.50586533545905
2.223677107971271
2.5638655147466665
2.814621645517665
2.819579414712334
2.670120644457234
2.695486258096946
2.9106711585134963
2.8951717143077866
2.5723264949074816
2.1950132187000007
1.7461989272132792
1.6267586900360547
1.4324202929453893
1.0691537014354824
1.018109757619998
0.8850008353169111
0.4004154331390644
-0.4625598589939886
-0.94363662577516
-1.3295151255736317
-1.9621058427863338
-2.4102696365550753
-2.5018126781294674
-2.4536106587275435
-2.5068351809577982
-2.076322424596715
-1.7245005667420614
-1.674476112305185
-1.7649648175430022
-1.8346326757452502
-1.7152761135472734
-1.54890039277733
2.486455565216018
2.428662052785339
2.2189904085778704
2.1324061893517396
1.8628789297237185
1.6125754203698113
1.6301743780675197
1.4221678099504829
0.9717134552631618
0.5517203148973229
0.17703560505360807
0.306685374743833
0.253387363594682
0.017621429660099795
0.2303177258441546
0.2869029552624161
0.1685760025896434
-0.2980504898692749
-0.5324910244278408
-0.8041636062637861
-1.6254271405998322
-2.399413087564717
-2.794293524492928
-2.9825036261495743
-3.0985719103390914
-2.7600146056759094
-2.464734393857028
-2.382428901302315
-2.3965678233736742
-2.357226209025883
-2.193332847888329
-1.9846165716068358
-0.14054146133476034
-0.25666052773140047
-0.4428546385241729
-0.36309959153018223
-0.12023179948057541
0.0029806520164551657
-0.0033428532000381165
0.21243492018648508
0.6229082104064417
1.141887962860639
1.6585852044313993
1.8425503715568172
2.0680191578029734
2.2789128005871717
2.212457461012763
2.402192929777964
2.6738101856945793
2.9727987453488147
3.057760713366888
3.0134581964369143
2.9555235102959885
2.9078496543102554
2.9487426387979916
2.9155179417061214
3.0258472785857697
2.7818280095130636
2.533011356179076
2.441148121206832
2.343089133475426
2.4109700702255332
2.189573104859349
1.9529009738067087
0.6142394482806203
0.5983903153166049
0.2416079485041284
0.1256359215498033
0.11543179847914152
0.09269622010395093
0.23675792565216658
0.4613677650252798
0.7144259799852828
1.142216099306045
1.4475806347794036
1.5849472190251135
1.7793241004083151
1.7844633526608489
1.8013541847260288
2.066384963371499
2.306705142285177
2.6037446236825748
2.78721697098916
2.7139045724326283
2.1711515545134055
1.4245788709928886
0.9893620592178777
0.5554278865182846
0.20008908724023683
-0.15269932311659534
-0.4535157014693828
-0.4605987870158899
-0.41642429159143585
-0.5905509890125117
-0.845247792525737
-0.9777609369175787
