2.56814695590232
2.486543802987144
2.163308547447283
1.9542776846214225
1.7623779522930731
1.6541674236332293
1.761760836226445
1.7445304316405925
1.5236179178438516
1.2504273781157726
0.9432367044392784
0.6979880902580577
0.35885067616473026
-0.05881514871174237
-0.025575711921388626
0.07594446331128898
0.15300359797517124
0.28779167861674854
0.7564222324398514
0.5322452867146862
0.07253157460974266
-0.22323554903476453
-0.43500375117606227
-0.5588452606887897
-0.8555121248825135
-1.1171726314956718
-1.1388306188973334
-0.9706172340652246
-0.8081582486222433
-0.6975256094596324
-0.6173548673967122
-0.5347929497456321
1.6546224473710633
1.0867076005181089
0.7469807437196639
0.6283798636134214
0.6628817881257224
0.8364665228211489
1.2069935001610492
1.340007477336891
0.9488738292459032
0.4624807441431167
-0.003364873707178073
-0.40558464062839583
-0.42799972240606643
-0.1024577338253294
-0.08902531539585817
-0.07966993550863738
0.03392738310183771
0.20765190519950272
0.25229592896434805
0.3903245757729406
0.4688141785983538
0.5150913509440848
0.781457852221508
1.0824453542590036
1.261768643882326
1.3518650014495937
1.8481381681640092
2.261089988489759
2.2215670712514903
2.0698622071443626
2.177264349972062
2.570698055489196
-0.5331454552463416
-0.33729106732664665
0.06190801984541971
0.38527114503474247
0.6647837107733456
1.0056436124110628
1.129403402761906
1.3035624943991848
1.557635457692985
1.7801963916836365
1.9817538924912146
2.0072249608623207
2.070898692295916
2.0225983878962297
1.8072397333065437
1.654950400521435
1.106484786381387
0.25384572437726005
-0.6373724568943234
-0.8739339861923021
-0.5052779218431772
0.05577286328485639
0.3362567036315003
0.4837508243894938
1.0665354579843596
1.6826585817166377
1.8073203693332958
1.4876460335825525
1.1400208806647942
0.887412581825483
0.6200938147436325
0.45842545721647193
1.4771154076387343
1.1898956773390597
1.320601797212017
1.3196563059043613
1.3369847562945223
1.4084345635217248
1.3804478819952184
1.3439568574630696
1.5132207714164418
1.4926114464929465
1.1155255941391158
0.7421404009752737
0.4834892370783112
0.151936321462636
-0.16359031289030576
-0.39348253095503133
-0.5873002802850118
-0.7526873171129591
-0.895890941433758
-0.6362906825814546
-0.2865125959334231
0.06830875147182804
0.6582226824414676
1.1259955826736292
1.1927855489774615
1.0835955843066558
0.9273610608806168
0.9171425158954695
1.0580216380952039
1.142449418695449
1.3852257913070969
1.5118850704656053
0.7723794943562069
0.3929162327171089
-0.029567110366802377
-0.15807449340755297
-0.16932169119161097
-0.1283742790606561
0.0048290542044388
0.10425254872156535
0.07746708252471897
0.114240867974366
0.2668976634880291
0.4769609861269778
0.7576214184136937
1.054094836764506
1.301719977723828
1.6576768658458632
1.9604115329434695
2.4468091948442625
2.750820438942923
2.593433934462661
2.3583430046393463
2.125858354298146
1.8607402199100234
1.7343141279995202
1.7126263401987916
1.3930551448680224
1.3139307399336442
1.3875598738474098
1.287933276811354
1.095840839099313
1.143573844282687
1.3689936216538021
0.2637858931912462
0.1267731467625212
0.12871894068718312
0.06628354172849972
0.010843522555738528
-0.010295769576266161
-0.032874359747173176
-0.0714784162151373
-0.1480255276104968
-0.32978044723505906
-0.4332256245845466
-0.3181957988735119
-0.06969661759772455
-0.12028165140835612
-0.30197761712273913
-0.34983898719549616
-0.11267446806643754
0.5246783617223726
1.465046955180159
2.230155222542145
2.5261533043102116
2.465722563246681
2.5651231013504674
2.509981965369098
2.16511853878992
1.7410491101487162
1.5085627895938387
1.5357892792176258
1.4750975911738469
1.1857573075626835
1.1285096389365845
1.2829174583397427
0.9829021782802413
0.9164608428319513
0.6955301707861968
0.6075424219293281
0.4943524887059496
0.24324236170652147
-0.03488975556040534
-0.23678830574557616
-0.27156337694640004
-0.33823257989456584
-0.20939540127289616
0.4443241706813615
1.006309457572501
1.598493660162922
1.675774289821984
1.3902100979525616
1.3475160632117122
1.211319480839233
0.6996710319731676
0.24734797326000943
0.2331844735573326
0.36857812639362836
0.46291577509657333
0.8316182754847511
1.3609953860940889
1.8190714781707236
2.0011119530641017
1.9200608494077223
2.137329788182551
2.4594263963126126
2.3931724783003756
2.2740216734384378
-0.03686408289170007
0.07482135191795408
0.5037137485162955
0.5748783672862113
0.6923134692936886
1.048706079404331
1.4354222004114228
1.8164499956386992
2.132151211685682
2.28884488617365
2.1205182198916006
1.5674948385033007
1.1230587521137494
0.8549601684566779
0.5649681500846552
0.2691169842136041
0.09441547063524396
0.20169591084158903
0.5448205354248037
0.8436333008648664
0.7954169809349538
0.5201707775503692
0.7356774344724063
0.8713595648376945
0.7226303065357054
0.2334340633484087
-0.0017970813472930587
0.49625583541825136
0.8469810419030365
0.8860001947348721
0.801456734219004
0.7887028562721556
0.6571467695951378
0.6469882470981116
0.6113454720764425
0.6813820122992058
0.9086121573365578
1.273324326246733
1.5932462722634613
1.9949660018034774
2.0170938010071597
2.020287645026454
2.0569421035136677
1.8104188980447138
1.5594429731551083
0.9849545888726576
0.7749545622495849
0.9462180723333081
0.683916813745453
0.5158357045093483
0.8905474758212424
1.4127664165766465
1.4919906441394404
1.3972452833422842
1.4066977566507135
1.219711681755791
0.931239659682889
0.5750205925024163
0.45512196459382676
0.2912734327180059
-0.3473702779470299
-1.0495347486960733
-1.0881390531957704
-0.76151866071624
0.4667458795991504
0.3871674265094338
0.06681232539047292
-0.06439520636059397
0.016692271965781366
0.11796268263088262
0.31213903147050526
0.6175745538059506
0.8998094137033477
1.2738708600048316
1.6235261329008317
1.9435929148487838
2.1912324047877485
2.1786381712405465
2.1032923616481676
2.191370569672043
2.1797736168814996
1.9908730258687835
1.779622202349291
1.5417797984381336
0.941490776937893
0.5698559100040492
0.6175622225978868
0.5444854072969683
0.5634495903393862
0.47884300877109065
0.3375108193761908
0.3130024494633106
0.11592728010042673
-0.03056556065924241
-0.11598276109309508
-0.1633222181694009
1.5360599027267534
2.034475396196955
2.246462903417522
2.2287514866008755
2.0352060947906816
1.6688570672609926
1.1906077038736493
0.8477482212791307
0.8505610652598211
1.010324246135814
1.2207946622954877
1.4070543131211097
1.304693251015889
1.418654418773211
1.7780786260881465
1.9669104025291921
2.180770963044384
2.0721052184350848
1.6454175003852918
0.986643905237237
0.6440526767151328
0.46391646302244255
-0.1453802984625029
-0.681337595735531
-0.7803666303409619
-0.4868941045905992
-0.45893095333876865
-0.5627844091428478
-0.2565719823096305
0.2501412394096654
0.23753475083376083
-0.1496124541172102
1.8636262054081394
2.2008367742030424
2.548379780236135
2.660413325080036
2.5133049057037504
2.2785934877841365
2.1288205107894553
1.7517640307571039
1.3698633637257887
1.0385328915908099
0.5618953993094052
0.03372285014898188
-0.6140823564135478
-0.7170660289345286
-0.5594801963193713
-0.6732517215075582
-0.586824464358677
-0.5449123585536741
-0.5278018864456243
-0.45922543776776165
-0.3877161438344609
-0.342282533451317
-0.3169490154732893
-0.21488688703848313
-0.4205483573243984
-0.4988590874666167
-0.2786210591502124
0.0358507734941664
0.4652779560592154
0.9524629449436274
1.2142801374213041
1.1842071541622967
-0.44838223301530417
0.9440112450391627
0.38795245958775076
2.3425819940005566
2.9334791463944776
0.3838253382897571
0.4463836598700975
0.8498395710064458
0.8502227866466692
0.79027122006709
3.274573861174626
-0.7218124384155074
-0.2176140683391925
0.0688503961952775
0.4916689761630454
1.4180232511091828
3.0351373437723828
-0.023617673849473768
1.0125601174911034
0.6731713168323599
2.1742965219363395
0.0036773185596885444
3.038647325152231
0.8765070695686998
3.4484822286982184
1.4004903235358115
1.294697551266447
2.4463398086645944
-0.49053170451258626
0.5695050511302827
3.494359781758987
0.8081360105471699
2.899650344346871
-0.24512947062485763
1.547005721893227
0.21407037957613737
-0.25486557962990425
0.3404966226064074
1.1932681655613586
0.8266340458085184
2.4185336905028336
0.7383486575149464
1.3385886622971357
1.544275391038545
0.7007043312334046
-1.7440286287376927
2.1913483125474364
-0.3256518346580167
0.8267691296791009
1.7616136561815932
-0.7636900758639424
0.10862536816882028
1.4508362664077974
0.5990131895989277
2.872832836085531
2.0021047651141837
2.6958089571341293
-2.302392185521317
1.8556937997471668
-0.1796352888087817
2.4641869609443794
-1.3506359473905911
1.8970102697791005
-0.6411846983261374
1.7418646800782616
1.6951355995504136
1.285104606758742
1.3461054745877412
0.6174791410653803
0.24112576085487042
0.37970563666317947
1.0097333632106444
0.7611189785198176
-0.10185279347925395
1.0129138224268683
2.7111705838861315
0.46020438141696995
3.690374219228782
0.856223444452414
-0.8204625976175836
0.1409602739147743
4.381027328088221
1.258539832465375
1.5825470552263987
-1.256856587963701
-0.7566410957535203
0.8391929822939498
0.525339164165902
4.139753934238649
3.4497523953652327
-0.13489313162337568
0.12575836128712561
1.0489008769235406
1.8814303126498146
0.9174723167780822
3.2811649500405746
0.25352696308880207
2.298302149133114
0.6606661298160251
0.7422977120923413
-0.028360539299850787
1.5940698018906916
1.8339334120782234
1.8186444350809154
1.8717780448017827
1.48463780726932
2.5983897566427037
-0.002799366575489541
1.7474793350128237
2.342280112986137
2.0362193997206504
1.4361529131819566
1.7259583521005388
-0.17734127630397842
0.6224629339374464
-1.3395909326911484
1.1959868741791888
-0.053781580618271735
0.006510555722933858
3.559135328924977
0.12485823749328787
0.968102146564758
1.1802279944227385
0.9573478511688882
1.3098837390732334
0.9657025734044735
0.7498917816825433
1.0434159053110366
1.2731560163907378
0.6929137987388126
1.3126983172834488
0.4875922563678172
2.200284496005059
1.668747633224884
2.9494202883993332
0.1802310045123772
1.9150891682777913
2.9735357254547754
0.8706405475950475
2.8225717827615915
-0.5720968533191955
0.33297439524390005
0.10650914298723359
3.771378582839589
1.760996211248748
1.634865340779295
3.9837358996702497
2.1636835274476645
1.8576478290011702
2.28736668614696
0.016679492340079927
-0.7252254824387914
0.6680714359040529
0.07049233654351097
1.0210947212431232
2.3925484141826447
-2.323600855811224
2.630537038810344
0.397033113708529
-0.020925869906312875
0.2597469163494026
-0.7586134207927394
0.783941673569009
1.1916068175394428
2.59761405982284
2.8555126881645365
3.2304082454407714
0.12968986343135525
1.9869763900773576
3.1294774633490734
1.030575509100151
-0.18147338883781503
0.9082841758343293
0.4607676674938704
3.5446469296764858
1.5085892559421696
1.7418547494625127
-0.5259213716126645
0.3075984424763612
1.6092910736486197
2.1039609807333504
-0.30585181403097633
1.378911067426443
1.8180020563245365
1.3250229250863033
1.1573665137636173
2.410700382233664
1.8564576863228868
1.869941412433522
-0.9538200829792524
1.3008941082032854
0.6477301606737421
-0.8487277309041752
-1.402109317580805
0.2501120831296661
-0.5615312755873744
1.3776840888041106
0.24927563199069108
0.34824486345797484
-0.12133679105214808
1.2017805631904273
-2.8412244339129935
0.6041347040647324
1.4605679045450228
1.7314363126081513
1.698645566510653
-1.7738050870684554
2.061267436763545
-1.6560466919344232
-0.28289686171805345
-0.651504349337116
-1.0988289524036
-0.23172028212741203
-0.09542197861995305
0.8362192949268248
-2.13518619706872
0.6702652199330499
-0.15575220104530468
0.44979264036253835
0.033394516485118785
1.5236219801701962
-0.649643240998378
-0.9636717253776216
1.3267767622621578
-0.9116844919762207
0.7551753536097452
0.24073196834113425
1.8864155410830874
0.5211160873376002
1.3899916966021073
0.5096205024651002
1.2480992470089824
2.9791107768284455
1.9390940889355817
-0.16023992779394522
2.2660735794467515
0.535620319691268
1.6190236305962225
-0.4303805610121841
0.041031906262805486
2.7785771656292177
2.4684599358410435
1.9348894114824082
-0.20231595320048396
0.9953254497315223
1.202081653044104
-0.07517847394786864
-0.20401800118830365
1.8489280839069375
1.77067172647787
1.0599229499123684
2.0519161879953
0.9618196936939171
0.734403391428209
1.4215514361918375
0.5609914603171057
-1.5257462203594214
1.048607804438201
1.7539647506953562
0.3630863405984003
-1.095383715179077
-0.24724201603383478
2.875415850324831
0.15535979664684463
1.128147637929753
0.638693422247618
2.669403151477028
0.5397764921316986
2.1510717278561
1.339851036505064
0.8930945015685697
0.8799424705365924
1.6235290468310393
1.5312322004694496
2.2724528247595646
-0.9266434858554083
1.2801784434266912
1.7879659806639614
2.3975363836650057
0.5483861807399207
0.8843307502742648
1.7822577318648278
-0.6844203706352784
0.7223049894345903
0.01094902831989926
-0.46348178876999935
2.1350378831234424
-1.7733645869769412
2.124042558262295
1.3532877555399179
1.9693991990071718
1.0598691675310832
1.7676913822728282
3.783687075276241
0.8016237242818519
0.4047636274376226
-0.1395928159550534
-0.639422132045894
2.235227607110829
-0.53091672315188
1.869586752892189
1.3365673733133259
1.758724907632217
0.3381355068631352
-0.975177723098251
-0.2785267485906707
2.570116642967784
0.6842376472500922
1.1210885049304666
1.2575192124341723
-0.4148016098954243
2.342829816149437
2.0966909379869314
1.5851570278981089
2.1237124958506777
0.6524485510323014
0.2701089498291801
2.6599825158754706
1.1049833108625715
0.32197429999323063
-0.36628588268020795
-0.31952801041585216
1.1977906681168056
2.4375511800701046
1.4587921502290186
-1.2091041428621496
1.313054506697536
0.12662201001245538
1.5554955094416978
-0.004506976911965004
3.1622101727383507
0.4284475485405562
-0.4795576281658151
1.029501738240385
1.7746658864710791
0.8900014427688112
0.4603185553609189
0.4521181933505988
0.9837638353769167
0.29303042789752565
0.5253931820871403
0.8976307279202376
0.8286966735275458
0.674344933025951
0.7771128193217189
0.4740377038092144
0.06974591974237067
0.3079646286362846
0.848790323432318
0.4201960278404505
0.8819573222125803
0.08309920890806845
0.5176706410857841
0.19965876583408718
0.9232182005994167
0.01595250288492326
0.37203779231217815
0.19304256734662187
0.4412587132296856
0.02419186259411136
0.7715517449976328
0.45733110359871076
0.47637935463084957
0.38572618748001564
0.851406914701442
0.04803305540581302
0.9908434748787558
0.6597594707759682
0.958150115897638
0.38767151566345903
0.5324344290326093
0.49453204046223387
0.3507853028448519
0.7524771353228514
0.2083301860239524
0.6519184315875954
0.886745690658471
0.519539236720846
0.18043898114000603
0.27654513776567724
0.07548916589165212
0.25170585822239355
0.14111227618961755
0.43806576895954163
0.986636667931361
0.7806478632049008
0.0973522773458775
0.12554856220524394
0.11329430870899528
0.16463363349107765
0.6418537365016854
0.6237639640967565
0.5232969887404406
0.31171648333593904
0.0457867384906123
0.3637967297604966
0.06283077726640142
0.5178736308380845
0.9617162377146726
0.6931588268958131
0.11507307426140524
0.7254004146029114
0.47635968808872187
0.9794218269959278
0.2145646926656584
0.6645898105069277
0.8786935536109726
0.7844728660276037
0.8603786913239666
0.21982755628555875
0.8789420457003638
0.8896024206632798
0.024272803245494447
0.12717215077354707
0.8675581410285116
0.5493976899284339
0.6779767928034759
0.6791207982067524
0.8906867622702668
0.959919072312531
0.13616100320577187
0.38127957660341927
0.0961855196387449
0.32552876500743155
0.5529376774397299
0.32650415270556
0.5857584030998997
0.33653258282158094
0.9225767430432583
0.2564319451326619
0.2353576416212693
0.15513841869143843
0.7500452284837114
0.37013025795111687
0.6467511248942206
0.9544082635151157
0.14074595981054452
0.07621409381404655
0.36304748787552044
0.5333880588003177
0.29579033341249217
0.13311247749233315
0.7908269672904642
0.0752060888117372
0.5149909770739587
0.5083934553181912
0.2708545091556299
0.8017814024785388
0.3766702413934885
0.7797172382310187
0.10500489894281385
0.6578754831150555
0.4275098381410761
0.9091963451354443
0.18377095870543905
0.48693698064321944
0.047158525880132564
0.5671531927356062
0.7040631956736831
0.8532634908633308
0.31958971236103084
0.5472651703376046
0.6007208653325484
0.6162817291633533
0.503550589668073
0.6461428141387824
0.4852005073652036
0.006511205797536745
0.6394633495496167
0.72138981345926
0.21361499349658655
0.10625514429621809
0.3935991679753369
0.9584348701705594
0.830719895713462
0.7226386084518615
0.5217479646107408
0.932738532405496
0.6087173173568439
0.963455112614443
0.8323510512233736
0.907158006993835
0.6987918971019842
0.5885657710376482
0.4542955301161816
0.8849020653071618
0.04332728499443326
0.4784667584542127
0.42550055327284386
0.8750067938079056
0.928339993100439
0.019035575871852152
0.15488596337376073
0.2959516969144834
0.8992425241354067
0.6790853196500757
0.3516219358084899
0.23155861373433642
0.08154497143830632
0.5136726961104903
0.22113789416310106
0.34541656933918896
0.5219648640467376
0.08681729428741393
0.5534177896107966
0.8532572698783667
0.2671391614329256
0.8348776729797174
0.45813363773644633
0.33968519580954093
0.3352208332298724
0.4983678242076558
0.5095418340196056
0.9235121253337024
0.4579839894766434
0.380337485713815
0.5046257055173591
0.26767591068695185
0.3764895913130094
0.6278926014552131
0.3764743184733318
0.8322723998078738
0.05067582203868868
0.1501573891383108
0.7291199772094137
0.1991099014270679
0.8612656536179149
0.6452024446342493
0.6872612996633671
0.9532616755890659
0.8522191285920764
0.14758367871602965
0.3439640608189981
0.7317386547564864
0.8621906878048773
0.3054055582917624
0.004915328888928782
0.08408596579875184
0.520366420065884
0.12138716545039908
0.7658712757013069
0.3179185292812968
0.7166597438057802
0.01113659515804445
0.8002749911939189
0.6747422068090334
0.05120755238981365
0.7103992717539511
0.7256075122564143
0.5413318837949654
0.5775095527339653
0.7880625095756442
0.08418049860018507
0.4761187066295701
0.9926736712603934
0.09149836314787453
0.593717026237331
0.9464196640950366
0.9656214090119173
0.7485530956671762
0.6567977435038783
0.3744334023134369
0.14556699653752994
0.46486222346463657
0.33294672760706623
0.5897011746493264
0.24036934241780952
0.2711253391890148
0.6843509417148568
0.050460003102174446
0.36452332734721116
0.8778865967966516
0.19547806969747386
0.39291590577433333
0.39257194216395563
0.07641837532436725
