2.469850755120643
2.668061318694535
2.0076648220043545
2.930264149650976
2.7881654901169117
2.9506636124831815
2.6595297171450927
2.1594187538498524
2.5245668913405717
2.4986220358398685
2.0872114998173474
2.415695791821536
2.0392608904586287
2.272932564564733
2.160367309672702
2.1391013046016214
2.2932246829022414
2.9311485566162814
2.825258837372935
2.019105620035229
2.1001957292215536
2.316339165365727
2.101122887965916
2.02734316952643
2.4269352094355665
2.665567398474277
2.301710609980791
2.198188801069805
2.7499729433206213
2.2662661944445754
2.5756941244192726
2.034791616788782
2.8264486876894135
2.443611570193789
2.0629643526618366
2.3318538360872
2.7184236458778153
2.21587256718486
2.7973647086464735
2.8803835134246953
2.30757895680938
2.8951082060322704
2.2505453745484916
2.1809092198108635
2.248076753965476
2.138124908036997
2.560404597989084
2.5460348868280738
2.2864987873978513
2.180282688011251
2.5034446096222034
2.8871187853892866
2.874291321519635
2.802778954291407
2.826764922553051
2.3274583579809724
2.0409630579460702
2.7047666000453123
2.07880911166152
2.885450820987533
2.377962965945207
2.507739222995403
2.950226538141991
1.9976609467903506
2.3746059514367017
2.8768073812082675
2.403025098823662
2.773414567902918
2.824946644137856
2.8985864583765117
2.1851930171349854
2.7556488266743657
1.9858150970714459
2.617491791122074
2.626668441443697
2.3566242025222492
2.4572412502984826
2.7410856575037057
2.341636079672659
2.5090519960864346
2.1780791891518
2.7916516768526547
2.299088969987461
2.825289440394969
2.672331693420911
2.2198708898449797
2.9308161761616405
2.818236390500829
2.819636248179027
1.9544584744201916
2.378682243683051
2.797604026792973
2.86287769024324
2.2372546901470227
2.8406138217103467
2.3331882935190573
2.404949163126973
2.217613937743809
2.238957851104935
2.7581884819682463
2.8721783894660153
2.403773888182072
2.2896386606228303
2.2035186920943177
2.354619828544233
2.7940193076766198
2.3425961023555164
2.218278219582897
2.100359814426334
2.0456898622380684
2.2718696412647272
2.6614351311013533
2.602397616069083
2.1851274547653867
2.3661992678792387
2.7342522385730526
1.997753505119764
2.864455172804382
2.4620679340612397
2.4480030776606094
2.6926219510568794
2.2647780935357917
1.9584360933289282
2.1747437736830597
2.6320161949987013
2.6891248432694606
1.9869595903709585
2.6613743219692623
2.7207886345311727
2.879409357441003
2.7561692294365043
2.8079478638948814
2.0345880342077103
2.3593544803966595
2.1733391512940265
2.667527988349941
2.5551738355086036
2.0565368491097917
2.3316259091248597
2.110749893965391
2.5062317031513306
2.2739968465257645
2.2146750897043725
2.7425157806135028
2.7893176672611375
2.94998945034882
2.90442176668214
2.9092799191974352
2.7114898829831153
2.0641648551040173
2.181988161766708
2.372438764890523
2.4642434339867125
2.458676690440606
2.6005335668122873
2.768387403725801
1.991983925037692
2.471539171332739
2.712430866214203
2.163828097846109
2.686232331835929
2.0502480537947165
2.2339987954546725
2.4352409095796643
1.9894828170457073
2.026010178714215
2.3437703310897424
2.619922528482221
2.040481740725872
2.0093802953085746
2.5238745267351814
2.771722195647185
2.4688836985908216
2.0966798232361543
2.199591113345979
2.0024117675033284
2.4326314376559375
2.059797241464725
2.858829956046892
2.0024000746177744
2.8309190448796215
2.7828963208135935
2.888801332462303
2.5286171974993294
2.17684254491407
2.3306234918424065
2.656289014098036
2.324611339785014
2.5968076384737953
2.774736333444083
2.3762787291648024
2.8183510914013543
2.764114544342942
2.07581729951394
2.467809253878628
2.192301108934925
2.3410766074203013
2.811952755247658
2.5816242547892205
2.005712507067287
2.6648457018911595
2.0244884737747997
2.017291407616925
2.2812863835247517
2.223850191858574
2.5834534986289523
2.4679940584269793
2.6622977450562604
2.5993753015545313
2.1817489656713747
2.5173773260300543
2.066707993806577
2.5516049783162225
2.9278166823235225
2.923498501863779
2.6891829108713448
2.8839920907231353
2.297684766159163
2.607097494819086
2.6501798615687027
2.4647981299025448
2.662081679480598
2.298225573509157
1.971249507804384
2.123791761792726
2.4534949948640907
2.0963753529138724
2.7137782773382595
2.6050314164278943
2.0327613816226737
2.8329770110426185
2.530121538359702
2.5161217589447347
2.187950525714862
2.9166378770254053
2.355701304397133
2.84425500360721
2.5638258436345276
2.256291831685177
2.656833617769107
1.9672337223698206
1.979245066042611
2.3194416408293503
2.659137726576514
2.4957583107748325
2.000532355690279
2.7069416608945938
2.4280839845402427
1.9690623414221136
1.995426042722801
2.5313650664018232
2.620540491646053
2.587803687714364
2.153771644961493
2.7039805609607157
2.525058577279401
2.949239429028238
2.6336853450691082
2.0289682298285934
2.6715521666287403
2.5310065815447804
2.7716691214803557
2.843174660745801
2.214832485202946
2.8221273188055824
1.9961803016037416
2.407795558061249
2.479630899008876
2.476368679591561
2.221426953943166
2.169426516056601
2.1202033569213494
2.3609753008924423
2.7411021657461117
2.346329870917795
2.651145204767971
2.6487566281149175
2.049361511074898
2.406537030473715
2.5001929660853306
2.689416901869752
2.1867260893746847
2.114142325575861
2.766476637003828
2.270478240748694
2.155689005631919
2.1823975687398467
2.674722379499883
2.560221521021431
2.6476652206556315
2.130022029914038
2.5592908651896877
2.4633369771938574
2.2488957742258844
2.2784127467960364
2.011541667975139
2.3839513614990424
2.104750428298419
2.9504816200744943
2.6256911764443984
2.762343604443709
2.5837233435130846
2.2814938097693207
2.2046469819324224
2.3066744686289242
2.241449225618634
2.6859064292827783
2.4397825729448845
2.3687271993433825
1.9828090695847551
2.80415442087079
2.5382351988594936
2.4327690134308373
2.4216779366823937
2.448517042306034
2.3157138677514344
1.9880711677345029
2.0092884604819927
2.8838240239298223
2.15154316423479
1.9792791700551007
2.8624629220806583
2.792683574250236
2.0284955477280158
2.6844214187824282
2.0212859047003406
2.6741268745549727
2.154756103460283
2.1813343112915855
2.1632239304528253
2.4870760853158025
2.5026243542692455
2.794886482988475
2.868002180019743
2.290479728400152
2.0357377682483584
2.647757215636551
2.8871547252622562
2.8123077243652075
2.630381395826103
2.6667790705746715
2.0722351941377126
2.899308114653786
2.02069986416259
2.319930480795451
2.759192514703642
2.1016465200064958
2.0216186936441054
2.535350268238358
2.916562880542501
2.4826107157547077
2.304710882583225
2.8835182879650656
2.127711165903934
2.8518683576149613
2.9335788232248112
2.5805879990638436
2.7227147500858586
2.531167061705137
2.2387643071456234
2.622766035406263
2.3191728386187287
2.221241463336493
2.1935146354864976
2.514892691386503
2.0857547447015516
2.2754902592028854
2.776515453577886
2.1501157076157713
2.6202562560916443
2.202020515592497
2.125037580315571
2.7818210252386546
2.60739520136356
2.5413518333017646
2.271683036127268
2.7207289955790928
2.1831582712825295
2.4324304795873775
2.8626897878828688
2.5909140404107194
2.555585040675495
2.872249476399417
2.265537422088251
2.681233961576516
2.8879071153813425
2.293561770698844
2.6384838072668657
2.9054719371375355
2.3029856656642287
2.555050142200968
2.49731650388327
2.7321325939178305
2.800394268633867
2.3510144184350263
2.217978549523781
2.814023801435808
2.2432310264060176
2.792796588356654
2.198280194776357
2.076575125419949
2.1420667200265244
2.3346832639223978
2.497370648370085
2.82529005252091
2.9007344471535204
2.588923320843427
2.947187545011993
2.538048325148922
2.219832549879826
2.679508737249114
2.8742380236243377
2.04467840455924
2.356876325579412
2.4114164672850227
2.301775488359234
2.4294972582295102
2.064480552664403
2.402223450239562
2.4306596009115577
2.159556828710074
2.3969665773367446
2.39401781031231
2.683914329801309
2.4194430691655353
1.979264504459697
2.878504360339134
2.778391415474598
2.0606243295130064
2.2651998263811475
2.1002513068917623
2.325492015386206
2.4310318726270137
2.15784322676546
2.0081416105740537
2.307387023865754
2.362613795825978
2.673329690454952
2.841993057049395
2.8186353988049198
2.163654521798409
1.9910314620011713
2.9310745719080065
2.4340114025549466
2.498291341395522
2.2760340590415282
2.045460196670785
2.1141048976676777
2.713868443205419
2.6319998842318615
2.8009006224729673
2.8695173096907665
2.475389173240637
2.033084496435959
2.803827734669605
2.2461794242963307
2.739909315456719
2.807150508029006
2.644006415280374
2.8617370920964498
2.5868230989578884
2.7946066689441387
2.761906917966469
2.1130233573086277
2.2302548960239004
2.3433498967516453
2.5538400417583964
1.9896751582680947
2.653939653218758
2.1150200580721865
2.465526720245506
2.065652058771264
2.5334993339568497
2.8506846772481134
2.018601210060008
2.841623512383879
2.117822912966336
2.862110860404752
2.7165512792481756
2.739843991658779
1.9870814145039186
2.245312147401587
2.7231251548907167
2.042712250908371
2.56216966152022
1.968188516855835
2.7531472807937982
2.7158450999408927
2.2070275351019646
2.7927538224845145
2.258813992243801
2.1249585230991963
2.8871942952249916
2.494759395655163
2.109606693044844
2.652339372321376
2.0629859960582766
2.715650317309993
2.134498040837886
2.0846413943287567
2.1583222964042474
2.401043713936754
2.6103429228021136
2.9020487507959887
2.861393500110731
2.64135134662204
2.8987107044809752
2.7095206124034346
2.9125362887343287
2.6809620228609896
2.4342691093789877
2.0231497100278553
2.86082069426007
2.121135020196248
2.286453034345608
2.115829356920984
2.6346710175851955
2.400565429123425
2.932833198814581
2.6532763443347323
2.5976468651777584
2.4356472799254214
2.8132184625193855
2.11221140785651
1.9657549051020191
1.9810476029926711
2.2809432317362237
2.4061805103161826
2.3661678914803215
2.9205480149299623
2.8427172377068795
1.954247570444885
2.8786191678464146
2.8546167446761017
2.31551534424607
2.4825344399199114
2.5128179350764026
2.3065479492784884
2.113660293103245
2.4650254477541127
2.1710920798561553
2.53920892462783
2.1825604090842132
1.9790878318528338
2.411512067493633
2.3685440561265323
2.3056531111091756
2.104542147170407
2.696786008055522
2.8623337512938662
2.790211584906865
2.630393010417131
2.8921613540313444
2.8142467369068145
2.248549836793163
2.2652433760424184
2.1343632896538396
2.065327788969968
2.808325522674774
2.950513391015376
2.119966115266457
2.5275872354754436
2.372536281954687
2.1149012254835147
2.680882919462434
2.061678209910649
2.2563938958473404
2.7015143203352423
2.1313534842637454
2.3076331395629626
2.875498812076077
2.6095927197580715
2.3195922779346896
2.245432533193083
2.3673236981175085
2.1024816160028643
2.09602254719687
1.9625757554003986
2.6956537078718124
2.1618972454075003
2.6561916084457584
2.5038575966233294
2.6944059059326273
2.5076640885374557
2.931379329196481
1.9886099722470807
2.4517434779005023
2.504998497736314
2.6984967541661655
2.498605231253388
2.033552394078967
2.514942142241565
1.9601161227135804
2.738180556805267
2.207024988552515
2.096039320229727
2.4660094721513253
1.978086430130596
2.219291391317319
1.9984577160780532
2.5960539210655837
1.9988230319889788
1.99789373595034
2.053577592475436
2.380129031753345
2.0383060229825714
2.1410484630452755
2.788011176777437
2.91468079290602
1.986133632028719
2.9108221415418476
2.762917463433558
2.0642788317837977
2.3319963289971
2.0431608315160874
2.4056522924091683
2.5102297690990025
2.3924630063005554
2.255441322469453
2.124335464893088
2.6289948735978808
2.1731008175674913
2.37378093993875
2.2601942091789775
2.233961313986984
2.6620606449107727
2.169621809529523
2.2400326528092696
2.921957896334614
2.102339778412134
2.6808068194336445
2.874768508803768
2.278153573114456
2.473470682891342
2.7810450997810596
2.9130702269258464
2.1060213053850156
2.400343977899999
2.2755617396630754
2.9455724849801017
1.9882827515981687
2.4621676388350786
2.13424234926612
2.24338055798808
2.2896746574934945
2.4754316875608438
2.8514776042392023
2.747486693789518
2.914253347468992
2.7186772111973903
2.4447297241808643
2.092096962028517
2.286590732837129
2.6263543147484674
2.078623393552624
2.0839197767266326
2.3821487419611445
2.1323412670149198
2.7875352705604493
2.2486104487756045
2.84249374650604
2.0523372977979077
2.1402715472149225
2.4009810469086594
2.810008709052668
2.268256237198275
2.851154920057419
2.453297294591488
2.1914039411321777
2.4985656891649883
2.737705930723773
2.2755495023222365
2.7081411234057775
2.0315582531936944
2.656058400877528
1.9710146978701242
2.695200611627759
2.0767704050147566
2.021669077177364
2.883699018041574
2.302260760135795
2.7032425281491164
2.3745233323749857
2.073093418293549
2.1510626362689957
2.7866442855404165
2.7520486034706875
2.326594435127684
2.3432220506347146
2.4666435990831643
2.5945959659397926
2.9010542207135663
2.684291308272679
2.429356373722472
1.9943775410777762
2.6669593205632878
2.3134286437292944
2.187362438478598
2.2110143604882433
2.1237881339661446
2.931401450696251
2.8804340370865145
2.9179238811049055
2.2116696270254526
2.4756689834309444
2.1325386737648646
2.6058035243593674
2.7836442937488024
2.370431747257361
2.943659409481006
2.781254626645138
2.0107269375811874
2.5526699117550145
2.555376858783963
2.937319480539321
2.247039801567287
2.0453113381521413
2.7250163465482817
2.760646478688283
2.8195342932260803
2.414442339032335
2.406241977022015
2.9378876190483334
2.2471542115689416
2.4795169657585565
2.851754511591655
2.782820457198963
2.628468716697368
2.731236602993136
2.4281614874806303
2.0238697034137876
2.2620884123077003
2.8029141071037356
2.374319811511866
2.8360811058839976
2.037222992579485
2.4717944247572
2.153782549505504
2.877341984270834
1.9700762865563557
2.326161575983593
2.147166351018038
2.3953824969011013
1.9783156462655436
2.7256755286690493
2.4114548872701267
2.4305031383022655
2.339849971151431
2.8055306983728596
2.00215683907723
2.9449672585501725
2.6138832544473853
2.912273899569056
2.3417952993348745
2.4865582127040256
2.4486558241336502
2.304909086516267
2.706600918994268
2.162453969695369
2.6060422152590124
2.8408694743298883
2.4736630203922623
2.134562764811422
2.2306689214370934
2.029612949563069
2.2058296418938106
2.095236059861034
2.392189552630957
2.9407604516027774
2.7347716468763177
2.051476061017294
2.07967234587666
2.067418092380412
2.118757417162494
2.5959775201731023
2.577887747768173
2.4774207724118567
2.2658402670073547
1.9999105221620468
2.3179205134319116
2.0169545609378186
2.4719974145095005
2.91584002138609
2.64728261056723
2.0691968579328215
2.6795241982743283
2.430483471760138
2.9335456106673448
2.168688476337075
2.618713594178345
2.832817337282391
2.7385966496990206
2.814502474995385
2.173951339956975
2.833065829371782
2.843726204334697
1.9783965869169267
2.081295934444963
2.82168192469993
2.5035214735998497
2.632100576474893
2.6332445818781696
2.844810545941684
2.9140428559839484
2.0902847868771883
2.3354033602748343
2.0503093033101614
2.2796525486788473
2.507061461111146
2.2806279363769755
2.539882186771316
2.2906563664929966
2.8767005267146755
2.2105557288040787
2.189481425292686
2.1092622023628547
2.7041690121551283
2.3242540416225315
2.600874908565638
2.9085320471865335
2.0948697434819605
2.0303378774854632
2.3171712715469357
2.4875118424717337
2.2499141170839083
2.0872362611637496
2.744950750961881
2.029329872483154
2.469114760745375
2.4625172389896077
2.2249782928270463
2.7559051861499557
2.3307940250649035
2.7338410219024354
2.0591286826142308
2.6119992667864724
2.381633621812492
2.8633201288068615
2.1378947423768553
2.441060764314636
2.0012823095515495
2.5212769764070226
2.6581869793451
2.8073872745347486
2.2737134960324465
2.5013889540090206
2.554844649003965
2.57040551283477
2.4576743733394895
2.6002665978101995
2.4393242910366197
1.9606349894689692
2.5935871332210336
2.675513597130677
2.1677387771680032
2.0603789279676348
2.347722951646752
2.912558653841977
2.7848436793848794
2.6767623921232784
2.475871748282157
2.8868623160769133
2.5628411010282606
2.9175788962858604
2.7864748348947908
2.8612817906652523
2.652915680773401
2.5426895547090647
2.4084193137875975
2.8390258489785793
1.9974510686658677
2.4325905421256286
2.3796243369442593
2.8291305774793236
2.8824637767718566
1.9731593595432846
2.109009747045177
2.2500754805858993
2.8533663078068243
2.6332091033214926
2.305745719479905
2.185682397405753
2.035668755109723
2.4677964797819065
2.1752616778345177
2.2995403530106047
2.4760886477181536
2.0409410779588306
2.5075415732822126
2.8073810535497845
2.221262945104342
2.789001456651135
2.4122574214078623
2.2938089794809566
2.289344616901288
2.452491607879072
2.4636656176910217
2.87763590900512
2.412107773148059
2.3344612693852302
2.4587494891887753
2.2217996943583684
2.3306133749844244
2.58201638512663
2.3305981021447466
2.786396183479291
2.0047996057101054
2.1042811728097273
2.683243760880831
2.1532336850984843
2.815389437289333
2.5993262283056664
2.6413850833347836
2.9073854592604835
2.806342912263494
2.101707462387446
2.298087844490414
2.6858624384279035
2.8163144714762955
2.2595293419631783
1.9590391125603612
2.0382097494701688
2.4744902037373
2.0755109491218153
2.7199950593727236
2.2720423129527125
2.670783527477197
1.965260378829477
2.754398774865336
2.6288659904804503
2.0053313360612304
2.6645230554253683
2.6797312959278314
2.4954556674663815
2.5316333364053816
2.742186293247061
2.0383042822716018
2.4302424903009863
2.94679745493181
2.045622146819291
2.5478408099087475
2.900543447766454
2.9197451926833344
2.702676879338593
2.6109215271752952
2.328557185984852
2.099690780208946
2.4189860071360525
2.2870705112784817
2.543824958320743
2.1944931260892266
2.2252491228604314
2.6384747253862737
2.0045837867735914
2.318647111018626
2.83201038046807
2.1496018533688903
2.3470396894457486
2.346695725835371
2.0305421589957837
