1.4626054347652566
1.5370384489637385
1.7253324046883196
1.8327733623650395
1.704705939532895
1.6185892605884293
1.6040141032123545
1.6426228042097186
1.5574041759103783
1.3393972562621874
1.1378609682214889
0.8960836905456752
0.8050907810231942
0.7168507063477101
0.7262406711417474
0.777635100670676
0.7809593808380969
1.0036556485421515
1.3118137069470999
1.5237001429154793
1.6462556548885732
1.5770462732264947
1.5642473225408056
1.2366153366108559
0.8527719518366341
0.7578905035883102
0.7696427464136065
0.805072446295091
0.9383108261299727
1.0396977554066829
1.2317218974377886
1.3954231153629175
2.596697500010494
2.57747654339437
2.6040069946153515
2.4819471383139504
2.3994692314637227
2.237401707480385
2.120958276236543
1.9959191493873976
1.8159639868206159
1.5896904421069082
1.406150265019472
1.1174600212712713
0.9002562845027064
0.6936862498616052
0.48457293611147334
0.2440386237273519
0.09482107873279465
-0.0033738490615512957
-0.19580913670755815
-0.44580675468844055
-0.5588327301429192
-0.5651082380131259
-0.518816757912727
-0.46850688215198394
-0.578275153970781
-0.613021851006926
-0.5434992964077636
-0.5507246111086318
-0.6503496164210859
-0.48895949672645994
-0.08425944420953661
0.2503425020557958
1.6894624552597723
1.6709987737320793
1.5524786361233973
1.561289478593767
1.6298482117192452
1.59649100014842
1.481601688543506
1.3426201492910146
1.2774457238027719
1.273289097149958
1.0055449554196352
0.5651899811825869
0.3184440962602606
0.08326026337935918
-0.2584871687251359
-0.5112216327598539
-0.5297219495745936
-0.4973825204010881
-0.5403900485337838
-0.3560701723831856
0.13408398213897452
0.529304990998647
0.9251545465507421
1.3320426103781513
1.4824842144565986
1.5821939103922182
1.605559809485475
1.533888010391468
1.5054605975244104
1.6933326717157249
1.8057859260768216
1.985523200549071
1.2127205180405523
1.3053268629286363
1.5186604236234555
1.4237635051891715
1.024173294066462
0.9049603685839487
0.9482437659603072
1.004374414628543
1.044464234069353
1.0063858135459256
1.04194250360591
1.1086935587362623
1.1610706127952417
1.244309657620741
1.455931053266719
1.6192526559135796
1.6020412174371732
1.8086499640132911
2.1690512552543355
2.20705255025931
2.162756849985253
2.0459919662868367
1.7946903821097997
1.1209800959814558
0.5649960891946297
0.2945850221266744
0.24337239383558673
0.27323080131572336
0.2834674748513777
0.22236129570437416
0.29808975717545394
0.3546667436107937
-0.5981099708305139
-0.707980298347446
-0.8936355659509432
-0.842034327488589
-0.5530871872993869
-0.3178711280618501
-0.23819574081932446
-0.18723590233296947
-0.04430528923635643
0.12102314884472151
0.34233405080019264
0.5566013492324193
0.6788553335314117
0.9588111037683306
1.335516010503168
1.5141487905255766
1.5227688090583735
1.3911730596686769
1.211518804821989
1.1225192045175902
0.9778829025771244
0.7782789567570487
0.7248920271759953
0.9451685847124309
1.3036568379046676
1.5670403976723386
1.814921462966909
2.0925551197098353
2.4010039449497937
2.3429741771978163
1.83949035949947
1.7371364428639124
0.5198955276363955
0.5117595973983955
0.4209392628244005
0.7516252339277586
1.686759483317837
1.9545347806508448
1.9944921475777935
2.050863050588429
2.025922329390937
2.0108071864078023
2.0399518932402674
2.0126351377270257
1.8824006477136797
1.5818116431182416
1.1097354856837394
0.7998211235115804
0.6936973207291013
0.0674251505161539
-0.6226343516737656
-0.7314768742439943
-0.7060005133286317
-0.5435075246478853
-0.31479461294197914
0.7602585543299569
1.4211154012288691
1.342921311685509
1.0779434953638367
0.8352903521842648
0.6167588413483704
0.6983695978373338
0.9017953659980794
0.8763678875937769
0.9104133916619377
0.8803997563026708
0.5931878378838228
0.2151726634510499
-0.18159014971027507
-0.23130399117751396
-0.07101402977250428
0.18043950082479954
0.5166313564633961
0.9309564280656061
1.3242951271352248
1.4997759058726836
1.7497582368462352
1.9206350496583704
1.8674336449801339
1.8412647876396842
1.8501453147497962
1.9164271208837202
2.069392261865139
1.9605874546239788
1.8574615916723118
1.6688417700665887
1.2790761773853907
0.64923831462201
0.3655828775891562
0.2370893059004225
0.20392163480384856
0.21256331077769333
0.23727841938178051
0.1646420622542875
-0.17154214792817676
-0.30123257672491655
0.5707237977016961
0.45965284780410104
0.5988273483603089
0.9039607043602081
1.1346164709232993
1.3350665677284024
1.4014906222322434
1.3320111773359868
1.1992902180651648
1.0108618259796704
0.8455951961244751
0.9400410124571074
0.8817254162933882
0.9149443830258029
1.111685596337104
1.2265702898648656
1.3268956970948536
1.3846408741675653
1.3144245391911005
1.266484472085575
1.1730177884066897
1.1939910136692762
1.3061508101383419
1.5762487103779377
1.6983168002594602
1.6603726411844029
1.536603912839617
1.378753636121366
1.1981257406553467
1.0051523347374876
0.9579946185576229
0.844569102440559
1.2430885473016595
1.2653221064662556
1.3308609939015157
1.182635150842618
0.7903123952078
0.6254162411889812
0.41030849429470706
-0.15288850546308258
-0.7483931346484043
-0.960404589565137
-0.7966057126963059
-0.018348681522640655
0.4801789494472984
0.8326651222315639
1.226748752519201
1.4326324792831087
1.4907383093536486
1.5912072957710657
1.5643795947710413
1.1717425657960336
0.3221732334157617
-0.15631402934800492
-0.317932591399095
-0.35897599330778984
0.09461998886523022
0.7157389805248707
1.163649882900768
1.489436477616274
1.6804249940517375
1.5023667554335498
1.3119341857537008
1.0806054783068582
1.5732413730697277
1.3208357050757313
0.9052629834598847
0.3702202478183498
-0.2167576153012394
-0.6483401113002284
-1.0542013033572986
-1.2700750621958716
-1.1765512171150279
-0.9485069841351241
-0.7944849244700329
-0.6374702069593886
-0.5212602262217024
-0.22375240222972573
0.11756910380965295
0.3640133636237665
0.40551774140587654
0.522291080670245
0.6519732828580846
0.7838692696743322
0.7178763469095663
0.6962627554890913
0.8674230621302415
1.0186875397541355
1.2308712228196506
1.4506735082604294
1.7310673747304721
2.047512754084305
2.1777294172154393
2.231641020674762
2.13054782842426
2.114845222330377
0.013253675318348245
2.5781315349354736
2.656491673339108
0.2258625376452856
-0.6866962972995595
0.49801239442146455
2.4656963714518554
3.3810417125121823
0.840943745396403
2.5352963396189203
2.2900229990396324
-0.12020823901304359
4.028681993939741
1.4887108184771276
0.300302634336136
1.3171067613826475
1.1234324652784693
0.7890553853736488
1.730916146947234
3.526790447811353
2.266274195359064
4.660690727027061
1.4000779608362885
0.8469054344108764
1.944290952575069
1.8223222774803256
1.353160148553623
0.10089198856680204
1.178787320631557
1.4773451402521398
-1.1718756249211941
0.030602994879840997
2.2860862043438996
3.5800702224620613
1.3063409840999296
1.6343371758986558
2.4537013405195554
0.9140012690748754
4.177172605185567
3.521133474141653
2.1194401136102536
2.0219019389471704
-1.6300591801291955
1.2578046553726852
0.9962413299855142
2.3081441285409534
1.4188208942802742
1.8843035241152595
-0.0820809667110004
1.0656369356707671
2.4990000461149102
0.5231411601505893
1.795918602259577
-0.02997351019833956
2.58626175096185
1.7617047553907283
2.3914491405795433
0.6721679415461348
0.24924089382978828
0.48897061010196646
0.777658314105136
-0.5734122550508842
0.396842652012838
1.7994646008539377
1.6381715427736079
2.1076604170729594
2.4006979443071708
2.4739537422684204
0.418166583894459
0.21336328259887824
2.0853132436124944
0.07224968343065082
1.649625241317846
3.2080768535826647
3.2341320889568785
1.8575901429123804
0.887745165524272
1.0278120040375505
0.9767475367720001
0.1473889097310082
1.6726540919016792
1.8726560831434953
0.030369635043000758
0.9829233686739071
-0.6343888955014122
1.7593785406087419
2.315721502124317
3.2676382077400037
0.49833068517834
-0.10143545962556198
0.1932184270236196
1.5775316326515414
1.954162277270333
2.912260586646901
1.7585213177990522
1.6580335063268923
-0.4656997095682008
2.2486444852879472
0.9860352494015541
2.1220127945028717
2.73880273437186
-1.1296986654571513
1.4890147582252156
1.0533555226172178
-0.5302795841043328
1.4908573756209802
1.8589320922481725
1.6230738281721366
0.7816439675485318
1.408840850852184
1.0995046212654307
2.4981937978538555
2.0977481710291332
1.722405957580361
0.03588545714129077
1.0675310192663652
1.6675722869737195
1.7058696203153763
0.929567951707746
1.3667949754081639
2.166060678746944
0.5574146464681924
1.4829803124117267
1.3610629328584927
0.7326840036852388
1.212317211886788
1.95982105748746
0.6468426724159656
0.5693361797881631
0.22137149002256531
2.390464831682463
1.8926889235945084
0.3776841964669154
2.2907319724930346
-1.345150213790761
1.7602431382178652
0.0711622006020243
1.386253017767646
1.0308912548312745
1.8736091860165542
0.59579537897995
3.2481044928010028
1.0379897757728822
2.206438556954912
-0.3635575533147373
1.241938268569576
1.6438046424930168
0.4037658864940241
0.5084231368661583
0.8061051603926974
2.5018707864199707
1.7842958637473554
-1.116866143783837
0.6481917300745254
4.531222256830303
3.744074523921445
-0.2771869923478802
-0.31036558745797876
3.2541675773346106
-0.12236915237379425
1.189907426140182
1.8717321412040826
1.7077017460437198
-0.16857834972158411
3.9480560196737997
1.9366819384844036
1.4066590670729722
2.056962472920321
0.5651835175145691
0.7559486982203723
0.10417594396211852
-0.7573807520102989
2.1867897531680582
-2.263513162584724
2.08747292754351
-1.814722928802792
2.3263636888352996
2.0252674406226943
0.860264041913374
-1.962505783939161
-0.8967738126907804
1.453239155445695
1.2384421314661582
4.542438497131444
0.8170262071266513
0.43720070130805744
0.3385229037719702
1.154404071853852
0.29342476425132924
-1.2862154312393417
2.16456867553417
2.7076514835762886
0.7101313374378248
1.4186214249112636
-0.5612435867077368
0.768674313465504
0.7432828219973752
0.9534267334808226
0.17240961723869752
1.6191953834076875
0.12772210902765269
-1.4365977310563371
1.4954825902532494
1.2520641491495703
0.7722516820988908
-0.06610204436611399
-1.9793045477760598
-0.9440142223770559
0.6444539293485528
2.2046328732137352
1.3846353405606762
2.210402962298277
2.420946350017476
0.17650356800629488
-0.4729184456816227
1.5671713361230764
0.9507587901377157
2.5606524873428604
-0.42398770663012547
1.5534265477973277
2.123406151322567
1.2018455504548986
0.7958821913557445
-1.2349263610354941
0.02993810892888271
0.1844434070872911
2.213408529170666
1.6103716738465848
-0.716534928366804
1.7430085775780366
0.7418707207692619
0.9229704880935709
0.8554918478096515
1.2141174410737035
1.9107452232449709
-0.546005824270881
0.14156009280783316
0.3803027338292108
1.7592706832654055
3.1728856091095023
0.9752000205497838
2.320817935661068
0.6303673660781015
0.0014161602118077897
-0.5357766452638042
3.650020774307791
2.2999113259938304
1.455153312640742
-0.4212505531336586
-1.0589963502015678
1.7443760857942412
-0.2835420673412239
-0.5038831710225696
1.0158614388972653
2.618444334896912
1.0932895561992093
-1.1474417674109625
0.18399783715535847
-0.22115734477071253
0.8088355248448933
