1.36194590867022
1.52164241873601
1.8174823058808087
1.898028279914147
1.8115362059609696
1.9845108133760894
2.2582524552262027
2.3122502095289605
2.3119674566173174
2.0570107844602097
1.5030720369194113
1.019239254515417
0.45805727063056306
0.06161138559816034
-0.431178659629058
-1.109613620622388
-1.697121391976014
-2.5478460278795736
-3.1652963761467743
-3.3593235215448463
-3.1897992456590964
-2.8696900458107515
-2.3798952178811836
-1.8205878336662416
-1.2800486534379474
-0.5946032758738545
-0.4371997020630994
-0.3308142074770983
0.34192054474561157
1.227876312368394
1.266581985594783
1.0395513469749655
3.136735472525244
3.240863131473656
3.3114842955662924
3.2484320639013675
3.0270415948521507
2.8578116690774547
2.740480399823352
2.506832684389729
2.277845913812714
2.0062779207180346
1.6490011063003416
1.4655796582330538
1.181558119343075
0.8417892853049536
0.7349770011334866
0.588704174580173
0.47103739126641975
0.27156324981063756
0.2725267107032418
0.1408941184939684
0.14804765260871508
0.2827870887646235
0.3691699587701268
0.5248316455903012
0.5901232781425748
0.7321545472702919
0.7916629080194509
0.8311857236125209
1.086116806430724
1.3491271622442347
1.3971424663692196
1.3704290187266455
0.5050389464795075
0.33216631561392584
0.5492281290669774
0.6389120146305243
0.6301654185669623
0.6455403255506468
0.6949536167690359
0.5744463400511148
0.48030710253312414
0.22075714644715094
-0.10098400744577055
-0.23135223934509191
-0.15621341772184172
0.3343907269116277
0.14641933602098323
-0.3843028956377718
-0.5616727875254955
-0.6369906047079791
-0.9149585080555721
-0.599408296841951
-0.009523625718544294
0.38381355432890835
0.9720489954028246
1.631670301571943
2.01322411490822
2.23887501959197
2.572276980782412
2.8360852213494545
3.2016371520392095
3.549575679940809
3.759980360011535
3.9445911638510065
0.7667078105093976
0.8447691329588546
0.6830719168426825
0.6199398447339061
0.5900215499295602
0.45185994777109656
0.25553459949105783
0.19689759506954388
0.13802955815092424
0.22787124324531696
0.46393184261826725
0.6305635121663851
0.7335292707136025
0.6119955169760477
0.9679022574495384
1.5932646963145527
2.0734556734805842
2.6880202972914637
3.29994460776929
3.2364193329760274
2.8938712749474593
2.595499150309827
2.0343391541242344
1.3841125621929615
0.8587668142185321
0.29574943254608216
0.028292635373542246
-0.057045257659033954
-0.4506969380324332
-0.951650371842582
-1.0615113930412874
-1.0621319866170844
-0.5078090635085228
-0.33360228992063806
0.23124353300167347
0.5470188123173637
0.7419862914658203
0.8899482314402613
0.7229651897837709
0.691485622883971
0.851502370203049
0.9191315989941587
1.046682921566255
1.2608066389520702
1.7082128493386641
2.3369964569669093
2.365807211984927
2.196500380173382
2.147658449995382
2.254834603656045
2.028647418107461
2.156645224797645
2.5549765636045727
2.845466924639873
3.1787567156080874
3.463099224682243
3.852970523092355
3.9099016028530578
3.9700945696336554
3.8595161371053597
3.4983896174371005
2.9048272994595488
2.7256368583666766
2.9080019815337312
1.5597970739490175
1.625100399424978
1.5838112628650733
1.7186272956623634
1.9725499737052892
2.3111821990053802
2.4783819598310206
2.7837427763422258
2.974645279630932
3.1111518407496965
3.216270795284704
3.136708335727931
2.875234114000881
2.494645682515991
2.583551237513402
2.8212997582714996
2.6174755363641555
2.1910487863503723
1.9153839450091654
1.3266391314505468
0.8018548351545165
0.601963849683859
0.37179591504914894
0.11714552290917385
0.1413665707939653
0.056452696154037106
-0.1545508919532123
-0.42993912165314835
-0.8693309798977487
-1.2048443461052634
-1.2243617065467691
-1.1298886754572892
-0.07687017098093725
-0.35538170099976735
-0.44236965080666535
-0.29467590583472164
0.03388278213377737
0.4007974499840579
0.6539638341417482
1.0625065240790612
1.4404718697481174
1.7393704344775263
2.0488938970865163
2.2606968069306177
2.484950661185849
2.710518170127089
2.6414657547343836
2.585802013308245
2.3424095148836197
1.9821555721033361
1.4095626472004912
1.3341729113515042
1.3198655175725293
1.280050110193231
1.4916296108324483
1.615777353075556
1.9581965498126694
2.1304601109709647
2.0531147849627547
1.8867479057364849
1.5893866916329424
1.385425984926755
1.318619474364995
1.4104940565564066
0.8422474283312683
0.8662217327496881
0.9021198172712714
0.9447571468764853
1.1080043316118067
1.298822844241694
1.4127635884706313
1.6813069117608848
2.0004249090202175
2.340888428185482
2.643271067894278
2.7850732265452445
2.868136223184267
2.886288308587036
2.822412275785327
2.811720193187002
2.6954887164225196
2.6207367416340017
2.547903044593077
2.5219637656958707
2.343003580958131
2.104979123672052
2.06131109957667
1.983315965417789
1.9641664658592888
1.7751377583659183
1.5645781561689085
1.4972300660977413
1.4013062082936734
1.228871433025983
1.1155071027660248
1.1408472459954522
0.06023232877984999
0.10501077124369701
-0.053699134497999755
-0.26593137820144164
-0.4695653622060115
-0.6163516719244261
-0.712209612327808
-0.9132633693101421
-1.1430316591057643
-1.3710043514757229
-1.49212290407948
-1.3244716652850237
-1.1397942633141995
-0.4636078900819476
-0.2021964196267402
-0.19564123230319844
-0.062243494820822566
-0.46980047894524574
-1.4916188690297234
-2.2807125290599704
-2.4391746662249156
-2.3349950954368675
-2.647552922127323
-2.709868569563791
-2.0343523436033046
-0.9655150530018156
-0.2898504206860005
-0.0923323007629955
0.36801639496066757
1.1643438483596824
1.3502750850864282
1.0569426510353845
0.1710584365459288
0.1734875620930617
0.49814431545698684
0.44963313305939645
0.19532088434867892
-0.16075387944456462
-0.4067917375047039
-0.9981546297424354
-1.6730135245996027
-2.3312383823706195
-2.9517712149458735
-3.4230892854141417
-3.4716137898857813
-2.9829354712026492
-2.865714310306913
-3.0061020050978873
-2.6893086255844794
-1.940016334133237
-1.3094937713983987
-0.5524416351932183
0.20352439154771043
0.578788699946977
0.8374850020927612
1.1883106099191434
1.0041311832861568
0.909841354523812
1.5800858818523098
2.118626432286736
2.363210039228929
2.1483830746045727
2.2307904643706733
2.5192618909573845
-0.8195785991256509
0.6300152558621914
1.8603530946233837
0.6596990614658768
0.08441805114728984
1.2795679590913966
0.6256927395625097
3.331288203866131
1.3909866798538888
0.3543245090960339
0.5149499586788931
1.7441938700309965
1.4628495656777967
2.6751547434480702
2.125017903499797
-0.38003383160986215
-1.7195507452646774
1.5804447360148353
2.7306331999587257
-1.4773449383400272
6.87487013614199
3.290950217968857
-0.32464388818446627
-0.5339337391377033
-0.7099391360163052
5.141601972856681
1.0014800187911805
0.8828135790904452
-0.009984156530071266
2.4792057285855504
-0.3250894371170972
0.3528299927240297
1.7753265185827332
0.8649653852243581
-0.1846022254417307
1.0935817235751317
0.40858505456751987
3.341747970216232
1.6689941878696153
0.3869159367090119
0.4388521943140131
0.5141213687596909
2.724981032662045
2.2544138111281145
-1.3320095369576237
1.4747118801106018
-1.1247163996640765
3.2481727323145004
1.9507297449456746
0.6554790316145891
1.100130952608108
1.01628681695835
2.2046371402825233
1.7204662487944375
1.158250886224288
0.9514832457901864
1.235271116795351
0.3842488409019072
0.4656513841068111
-0.5604518955965655
0.4063642554467015
2.624348528519162
0.9663716400090664
2.6456704017611794
0.27770027218652704
-1.0126726960060504
5.393533784930531
-0.1776397870071117
-0.2578426701644533
-0.5546714998088944
2.908411401923756
-1.0665202837163783
3.4097030952737732
3.6942142604948485
2.2493289595990498
4.558207079915323
0.06724240600379258
0.8831067621360279
0.44145820072877007
5.456185675729778
-0.7460983465612411
1.8983920500426699
-0.28344749549322384
0.3543543376604085
3.506698683122013
-0.9242472653891236
-0.0593878156603351
2.9360455105299446
2.1470888458199764
1.4450262438512387
3.3133223548871773
0.18071586227792324
3.118361348325312
2.7246371475221802
-3.428224396533056
0.6716225857088904
2.840095072562368
2.3380155214306444
0.28779831696457886
0.9617004807788456
-0.1608579573531363
0.9797069473303494
0.18402842013544984
0.10121968765321358
0.7101038688970508
-0.5726417009009905
0.5266128715207681
2.6229732468152704
0.5844405481972826
0.4160242919497655
3.7558235576557837
-0.6614103256984735
2.3281282031797312
3.5315209595755657
1.914120531310135
-0.1406571073049801
1.6822404544763394
3.944062745572074
0.28060099269411853
1.3175519014324377
1.8876078059630912
2.311081747576055
0.5331438008394425
0.7941795977196783
-0.33301617230734976
1.8227123689665878
1.6137843784257961
0.8322050003591637
0.15772162529149847
2.313642151192722
0.1794509397624267
0.19771816059034072
0.31899390335318184
0.2719306019836134
0.8181944537355457
2.185955143619744
3.0740806269510004
3.2124268913231395
5.469593696149526
0.4327297323131084
0.6578161741309237
1.1889386866821814
1.5317642136939789
1.2539204819234036
-0.08333370528276841
2.959044395436752
0.6082516629156249
0.5414930693256382
1.900954262262791
6.546084047646665
0.17212161581207422
1.2409853225147518
2.0263084582509143
1.139310763008252
-0.8309369571308596
1.3964045988395757
0.7488512964856187
2.312931850626783
-0.6870008123559908
0.10329676563820497
0.21186686566567273
-1.4404996238145713
-0.21076560889726673
-0.919810409153037
-0.8923846091288957
0.21239913123750218
-3.5704039784737094
3.6012391989395436
5.323219864681536
0.7105466747313912
-0.17300089046254652
2.1288015973449173
3.2044153714157253
3.085095799707187
0.1729526411169256
1.5544872200223145
1.186210769243089
2.541703706456015
1.5310765403630449
0.42885816764122825
1.119446740864058
0.26186471223902663
2.8874548576194456
2.2382933533595835
1.578985976602188
2.8183103090471007
1.7883157540342303
0.1482360630321214
-0.6718748339954644
-0.8954797077961607
2.692347016021091
1.5140060413690144
1.87606451130884
1.8359083192176526
-0.09578979318078863
1.9890049719077574
-0.03652494844172704
1.1432121224414262
0.5524541294618912
0.3050101943273008
2.011988420361014
-0.36367757122188776
-2.0148352969575143
0.15284412778485199
-1.3218989713252882
-2.6894381429236898
0.011085945890996826
0.9102018476423098
0.47389004783057775
0.34101911454123096
-0.022224229512876947
1.1499461692424258
1.1461160665797123
3.127322351225079
1.9897771873984542
-1.1736681517790735
1.3172950402387014
0.7041967786864676
1.062594158567435
-0.8899438900965297
2.4699982050993827
1.4927746707208684
-1.2723998714954652
0.5254529953179311
-1.7733377923695222
2.8236557678733436
0.5571041260484932
-2.734374520393697
-0.9610589374150051
2.7903296090273053
-0.09311111496141743
2.610549765398936
-0.9779324885141084
1.7408156766483593
1.906436390961903
-1.1989633115499883
2.265430826306756
1.1650294018570722
1.0057729292967759
3.309463227901711
0.8491328375268504
0.44122006118333107
0.3929075036724474
1.0632664197250403
0.012662913517923162
-0.24234305645443788
0.9432486234891542
-0.3238302562649951
0.027699900600625122
-0.010633199119539815
0.34807318766256085
1.622571585401548
0.2720574994993125
2.144913233332531
1.4062814212339079
-1.157161304340174
2.185484702251967
-2.718003134390285
0.5333700677948917
-0.16825164958739489
