2.8540438718336243
2.9729021349070144
3.3780458851008435
3.3464860925866016
3.5103203916055117
3.330637448795274
2.4823557409210917
1.8183788707262998
1.636040614184217
1.5043661750861843
1.3934056202725764
0.6041338278640404
-0.04783100096017443
-0.5163573597134427
-0.544438919168786
-0.4206859751733652
-0.5871316608650684
-0.5664217638807266
-1.0583666579229511
-1.9681454296767251
-3.0161695858469835
-3.948615595953953
-4.668247689286099
-4.7436846327400275
-3.7588757138166042
-2.6163628075118526
-1.4200210048995117
0.036310716009541326
1.041273407909587
1.24905320645471
1.1103203241240618
1.2513372662905293
-0.023267060447076857
-0.20135473932066647
-0.3877717152701278
-0.33674244158951305
-0.059306787494170725
-0.04536609742179245
-0.12685994302902548
-0.32663391440544765
-0.31985391792915
-0.10159944278781037
-0.14261149356712716
-0.44892254759519984
-0.7567796067633704
-1.1881379304746058
-1.8100774244202738
-2.5085867957524575
-2.70568840972675
-2.9821256976957673
-3.423254286600558
-3.025490384488442
-2.3071534979208064
-1.504250477362009
-0.3669238503583496
1.0769483241807936
2.0971053984495542
2.607392131154441
2.88811606958331
3.156901413293978
3.4735905314714075
3.3768987694200527
2.826610990733619
2.566761199178569
1.459088633181148
1.4806755319983043
2.132317109551805
3.34977742156968
4.829822686145966
5.281067330610013
5.564460907866535
5.530893110430546
4.746509461064217
3.9306598032103115
3.485022517109057
3.0117544987587634
2.4293994439240083
1.5309167029751771
0.8313863424542861
0.23523367520414107
0.03536414164247979
-0.5464415544727989
-1.5091866796971076
-1.5587766788297972
-1.3848175926242319
-1.42781086297766
-1.545671124141192
-1.2034413409630955
-1.3509594962337603
-1.513857343553654
-1.777730054086519
-2.0756142068383503
-2.3079333742643544
-2.4741734837112235
-2.0866860101623623
-2.1596498901663987
0.5820627195192879
0.5975433862919637
0.6355196463987643
0.9281914562476626
1.0342048339321495
1.1981919031560382
1.4651957596518792
1.4987674860878393
1.342478900250366
1.2503987499144924
1.1853940126953042
1.287921249023852
1.3093351812475844
1.3108850581091636
1.2330672098177136
1.1747067886721574
1.350325045092749
1.4948376486101007
1.7657889313713697
2.246852853712936
2.7265276378238776
3.067900101538639
3.26859441384725
3.1622835328616548
2.714671773042735
2.36656686498291
2.082531483300472
1.7489342654329825
1.536762521792197
1.5263578449863873
1.4988774131900322
1.4312716446898066
1.5055416861402005
1.6300538720452247
1.8150464038996408
1.4821803002534537
0.8887415282978773
0.4987021899766942
0.17507147788779312
0.0589906082407639
-0.022242978740495894
-0.1778497711542203
-0.15850894665263518
0.057752296201007206
0.3253163842575371
0.8278100700133507
1.552083732422508
2.335711084759345
2.583638160644945
2.899131069057997
3.2070882553098325
2.7905184057435743
1.9343227875735074
1.1031187418020336
0.16796246502092183
-0.9336292008953297
-1.533861262492113
-1.7406627598130597
-1.6692447364632024
-1.5154336236188366
-1.6384621371701666
-1.591884377631612
-1.160703685781335
-0.9638611660516433
1.6070486846153116
1.4108646668224176
1.175946711596468
1.1344028862013913
1.3775978581247426
1.321407377845085
1.137236735614861
0.9019316784659017
0.874341199788959
0.9768222802923517
0.853025562566808
0.34848886805414536
-0.12529646132311906
-0.731222072608132
-1.5060596290085173
-2.36146731864472
-2.709422849624129
-3.077783915821299
-3.6293255525040307
-3.3993134785496024
-2.757034202793586
-1.96330131770822
-0.7481155280695155
0.8289058129936151
1.9022229934940296
2.45053899263775
2.755765173866905
2.9899523060614563
3.259782845692738
3.2911340542154117
2.9981919651552045
2.921380630800742
-0.00734340226341983
0.05385707976473705
-0.3223771064811949
-0.590537822076074
-0.24075726946940382
0.09340170829858127
0.23400710036295147
0.6604295664868686
1.2681566247203906
1.7160786664534673
2.0796069780729933
2.4312139643057655
2.8009441728831193
3.234002103523694
3.5815146197691297
3.916937813289337
3.849776692135158
3.4764457701857947
3.2083051311518496
2.6505297676178126
2.1305517881682614
1.698580610691186
1.2662659330212218
1.3827667390627725
1.6629453982131617
1.4855018646254767
1.2831809619502428
1.1151191359497536
1.0760979415352956
1.245628971368068
1.3053985336581662
1.5115570036465993
1.2653618815205485
1.2780603615006663
0.8217260451522199
0.1920163285077725
0.21600513538934513
0.34532264849254135
0.32706716163018046
0.8209247868341283
1.5830146813600579
2.0680856064154596
2.432656676576385
2.6965199521576397
3.0616270138199395
3.5272854626233228
4.017659882107825
4.464595307081569
4.272251664312717
3.914213097892798
3.521169132170001
2.5465211605994904
1.6197358237515396
0.841093064804076
0.07545842313760968
-0.11689974208522755
0.18906753663392759
0.11942298493271783
0.04138168653170867
0.032139016043340414
0.01891215140214617
0.1271664613149882
0.185558976188193
0.4843038119805775
-0.004832061793346708
1.4538066598778083
1.8258770877345922
3.2815847442307784
5.424957154194589
-0.28685447117992346
-2.2966282569291017
2.7807968116372646
-0.8782769047781039
-2.0100363393506124
0.23037100201233285
4.645306072794027
1.0702221500750737
10.701165832332217
2.0809170947407227
-0.20136055276820508
4.293794773351729
-0.7718736413773672
-0.0072106512615474115
1.8095520710190995
0.24964255830815396
1.5108580998906371
-0.30462088949646754
4.088383675284495
-0.06123005343247195
2.900140141830826
0.44394896095918546
3.9088033122239505
3.163632401175737
1.349284612053366
1.7504761856462403
2.161925340508009
1.9051212725663078
0.4206378665374427
-0.03976664558756715
2.816533051592312
1.2529015278702542
-0.24755337260805163
-0.22406990290060927
2.3939199329845087
2.110057913980817
0.5264728970982104
-0.3447476243428415
1.2152943167947332
-1.006367297745931
0.0792401818707511
9.318372078203138
0.49742222985162443
0.014233590479811733
2.3799259161164774
4.876254536846158
1.1752177648370556
1.3135152331245594
-0.5488033666900535
1.0883907036296827
0.650246010447009
1.2612653314690698
0.7683998800993416
-0.0033728333317483462
2.7355596216838154
0.28080905967577374
-0.07640091907935469
-0.31125528754609083
3.0524468713150315
0.0025019049383015516
0.49821192312229823
3.042155577586709
3.7317136996614413
4.2332657616035405
-0.04634088100767255
-1.1282925432118762
1.9443236623774818
12.36564644489209
9.174303659295862
0.017968008843780383
0.8560640840043098
3.583077634312986
0.5672964423236149
0.12302369709461716
0.422648224438902
0.22820230777129857
0.21707649321502678
0.36204873442099533
1.954233213689951
1.34987979009419
0.3768252345414324
0.9147312628207818
-0.5099510302329797
-0.4047656263961734
-5.288803938835282
0.021784079771119503
1.9448022215556522
0.8356759938055399
4.749942990952494
-0.1005060996460493
1.1336369610569177
-0.15197634216417893
0.18609024319527437
-0.022488784274857353
3.038758851522154
0.5546891962396271
0.29807253040721626
-1.913917607885795
5.434901561953125
-0.049762452073151615
-1.9435175252877974
4.9232252573202
0.25424145961216066
1.3910419372583418
2.010397995244435
1.5328087570167956
-2.0530537347703133
-0.01625082118665382
-0.34986145294929716
-0.11181553685378026
2.3043434232835014
-0.13735120305256268
0.5964436572320567
-2.6377528449338223
3.7186598210871664
0.02328541613977451
0.8029865367157037
13.86729852321832
-0.1807532560305053
0.641334354122217
0.21003374575207082
4.304890207113418
-6.87368838997392
-0.17291642882386624
-0.0184726390125961
12.000548170764366
1.4493162430912858
-0.3604582077771243
-0.45114340697666827
5.129618553065938
0.045658326333592056
-0.3140780749901488
1.2305854414414552
2.2704832123040344
2.009032048187504
-1.7920897339104085
6.679793271456769
3.810517452138183
2.2973549847428107
5.707519682692105
6.191528658529671
0.1686688228774654
1.744378720722565
1.1554649629541403
6.210399076587824
4.03624645346818
2.4231068511526628
0.21439354816366113
-1.8193644678983325
3.574753966375979
-0.2937075732048977
2.8114492416143664
-0.2730288103569685
1.0031042372812606
9.708139552534147
-2.5420807397144958
6.881616216473649
-1.4460471573136668
3.531809271728731
4.320157088953881
3.438128962454252
4.7536517984973745
-0.9395989774280016
-3.7269211313677397
-2.817683599763852
-0.49150242267149935
4.427274384595734
4.828830560120259
-0.23205829922667914
-4.647034317516603
-0.14390198019217337
0.800038487398733
0.17602658608424324
8.40287203998878
0.12380778032720448
-1.379550626361736
0.12252321732062303
2.3932695336920937
0.9005890657630928
-1.8047845921971108
0.3143855909658514
0.275426550685534
6.416964577956798
2.834622906973471
2.752486439919392
-1.558388600804598
1.0605594576209727
-1.4372074703345605
3.569074769578019
2.934114587688288
3.8158503834064823
1.03359793643344
3.7346419504301984
2.250529553969358
4.7345215634050355
11.020838137478624
3.995614247605165
-0.09266183664264441
1.4275414615734678
1.0494346157361925
4.2866244704961325
3.280527803667775
1.7335094427625908
0.16825710117646353
1.2872317777223747
5.045359590959768
-0.03620670841815913
-1.4954612512375827
0.5524013680670132
0.2660103091355078
0.6916053473956689
-0.08268687045915704
5.556560832627315
1.3317922399656883
-0.5761323715921336
0.24350895404418846
11.108608236987275
2.769176717447041
1.6801997202392749
2.2070480734838256
-0.4834812673709912
-2.229756731771231
0.8479914820320624
4.678458582337603
-0.9300822751557066
2.002922704414656
0.09639058407798666
2.076515975544844
2.1968124556520072
1.8621005028482538
1.6583894846090121
0.08437246113071004
0.6629236696579429
1.1916357662576018
-1.2610488220128975
2.7232334229607105
-0.05723733124990631
-3.294561294951162
2.3149576783847845
3.0645883077012788
1.4237252438187842
0.7540560481300055
3.9840477185577763
2.8631679694154983
2.56951384246314
0.7616452148492938
-0.06413810180810514
2.2367633833777676
-0.3869321055138233
-1.7023709397903894
-0.35434603112705226
0.205300341764155
0.5327764763019422
0.9416255533000084
3.728686525530419
2.2125964294033147
2.907879454471098
-2.6846692725554373
3.1230141942630865
0.7268981941500445
4.163877233057651
5.615552374933161
0.6764168471501354
0.02505941244345732
0.30367660202775326
3.2894532356004227
-0.03516027942668158
-1.3629211936047365
3.1566002066377057
0.015703022577644853
0.5446109695500044
-0.10826656280549596
3.7616495355346307
1.4168343064078295
-0.7175703898738738
2.5890608304384943
0.03410847096454585
0.9885128603662956
2.5666088373663167
1.2830772069950338
1.1144586780282384
0.1483194669185748
0.8703744793215827
-0.010485609153386045
0.3351170230596127
5.003480086976753
-0.09470086736014724
-1.1931804274572004
-0.28078205081908714
-0.07691102840594306
0.39143872724302853
0.087065586566705
5.161768604580182
11.700711607979311
5.898155356694607
2.12706779976339
-0.4967972715589231
-2.8724826957428897
4.395270034614369
1.7165022182468535
4.386763403486654
5.27936285049748
0.45411590207007524
0.4856481622445368
0.7744941238613638
2.327400057230783
-0.38835606735209915
0.8311159824979867
1.2739695802214692
0.168109650714462
0.4343795162689404
0.3967200263221515
1.0758500572677494
2.59857545205791
-0.3675693663813799
1.6587516506542157
0.11405629678582048
0.4507599155366444
2.279115848629731
6.556081949409046
1.1244847183149376
-0.06276690385133604
1.0008057521803537
-0.40743311478775407
2.3286612427878604
1.7471674095709635
0.23386960664191417
1.7175581540519753
-0.3481954322065612
4.831497301360433
0.5097413171136356
1.2871703195640496
-3.054405023256391
0.03651825187656515
-0.28105055117529953
5.268529995920542
0.25172821198458767
0.46132310449264624
1.1613457413841104
0.15294998401229182
1.5405770356592798
0.5704774322754368
3.6206817185106783
-0.03874937660705923
-0.40042099081771726
4.237794803685748
0.022900013172748698
-0.17618050957211154
0.5614381249833573
0.390079043237609
0.240799309372598
0.22193254055024553
3.1988953051279783
0.44327761957012274
4.963704175395336
-0.222339946175208
0.44386299071670754
9.072227598103806
5.2868987466786805
0.132440273450333
5.4494942037247505
5.019707283916173
-8.312204044815537
-0.21711658661489744
-0.741696713455907
-1.1928882683892876
-1.0287562493753362
-1.111314450155942
-1.4131583632048288
-1.2999120942690607
-0.980599232371954
-1.2578856261185005
-1.4096025669698553
-1.792028537226419
-2.3598061819612295
-3.1536255578229615
-3.616256952869689
-3.2821103575232558
-2.9219413453555685
-2.7883023692073308
-2.306794895341958
-2.0024403820387042
-1.22746072253855
-0.5538556050158503
-0.24593785192064563
0.7529204597931128
2.0072027346878025
2.849837925406137
3.192732334753415
3.0734003306332545
3.0736905332871682
3.175084792597055
3.677487283177032
4.178229187382378
4.407922589459825
1.9393699632251793
2.168107061736742
2.3368229199661443
2.2954316055437514
2.4752068695232734
2.7061964072248266
2.9235588345955996
2.9632811689851617
2.7723827446199607
2.3714099871844243
2.0032889851963516
1.929705134619498
2.11799594667929
2.0996793365344932
1.6319838447409478
1.1498578196088696
0.9220463064785704
0.7476820227011842
0.7272563968218383
0.40978178700057416
0.12471967893947572
0.0710907486612001
0.10552527244372206
0.30615341147210134
0.4357840589318206
0.2626297094049747
0.02410945750878218
-0.24556484176737733
-0.5871560915701828
-0.6551117623636757
-0.5844359309369049
-0.3894036066726813
1.5874836737694853
1.4135858239281733
1.4128689645274353
1.759527323654425
1.99727695276551
2.0399504164866222
2.057168341742673
2.1765273913975562
2.01913169535666
1.7308857425421524
1.0777973564842849
0.43418276088849517
0.07846543833781842
-0.09915899477360905
0.1735392838237943
0.4331858400482532
0.5200904298132061
0.8211384954073161
1.1366439057728959
1.4753466261683827
1.8551371072937048
2.0700071923163716
2.4250555411812535
3.168687193655541
3.4004823295817133
3.356540550882119
3.189924758014481
3.0336225520383375
2.9497483280390955
3.05764753125521
3.2118761556561717
3.310462221085079
2.211724536742366
2.3171092093743093
1.9766079804913612
1.0039142191820232
0.044160504012499414
-0.4399774020145152
-0.4565375284442837
-0.3358880927935163
0.49733266314200714
1.9477423274356631
3.345353336772484
3.6551409142573443
3.802919364615001
3.515208105045419
2.0861910922910623
1.281940106519107
1.4157848778242377
1.4306198842363664
1.1745900165808336
1.1055811670331959
1.4420027257162742
1.4938294801070673
0.6247936211522116
-1.166899066757806
-1.974468410150973
-2.5530085870067563
-2.6875378761223954
-2.6220516078128555
-2.3363370983321214
-1.951109430462309
-1.5016824771643478
-1.0545730642928102
1.716641015148737
1.7367380000932002
1.7848939615996953
1.6648316037829654
1.4805766900247415
1.4332600273714784
1.3591516916686588
1.2549503491159386
1.3844909335990412
1.5874018974930157
2.124529396197592
2.635316628994422
3.004951545564518
3.185371269149114
3.1801477451763946
3.1912800157662637
3.165161429823066
3.0114537320602355
2.9043824248806684
2.7399989548743946
2.498113768437672
2.212417671405162
1.7480136608902215
0.9224762669448906
0.3998908315528089
0.3030833826321188
0.451305342175495
0.6233673556457604
0.8448030192293711
0.66298518719114
0.49289938696102364
0.34918181956881666
0.9567701276236628
0.960160016703793
1.112055252950136
1.349840427246454
1.5950459517123434
1.7267198280375413
1.603029870249688
1.554520805388578
1.4636887288860185
1.2767160473716046
0.9685739730177393
0.8444539611360502
0.9785238726557851
0.9560621145035294
1.0346676682084905
1.2851342094962261
1.4060704407490754
1.5595205180818412
1.8429248740186357
2.050779344399028
2.3137383183736575
2.4117964399280245
2.261808622014141
2.353043345141053
2.2503882793251018
2.0822884951842355
1.9623478288195337
1.8034044700434861
1.6766980597692658
1.516408124049153
1.363643382007719
1.2025451372262868
0.9348928525601868
1.490117237776004
1.778606416267453
1.6421939575435247
1.7259085394964901
1.7877597493941677
1.0935723981578862
-0.11920282013263679
-0.6756881932698601
-1.0055275610913668
-1.519784842433248
-1.3760561182860391
-0.7916394343683302
-0.350309627091495
-0.5012875904169094
-0.795148472519035
-0.8680976913586661
-1.0537647771795842
-1.2538018889120173
-1.9274969748776956
-2.5035180442617233
-2.6978623350057864
-3.1992621903433878
-3.221924763313649
-2.951699395106044
-2.3421869806797195
-1.7340454064114523
-1.4456983486540567
-1.3812093246892152
-1.5292854349322962
-1.749891466425003
-1.728048890556387
2.5335123471486636
2.5064901841048473
2.2767256872980326
1.851480965316912
1.5259955804162602
1.4592159445544457
1.7365263706154415
1.7081954317194892
1.7207842928925272
1.8462909905540108
2.127631499678159
2.204783932494115
2.0924649655847753
2.128776319342911
1.7679206891156662
1.0609428165601453
0.6460469234768449
0.25748876523798614
-0.23358064871446402
-0.7764360441829832
-1.2811371990307563
-1.3990456483841107
-1.202666022490023
-1.2844462306863689
-1.1390405849773508
-0.9798765770446282
-0.8379440617761538
-0.659307351896327
-0.5537918480532606
-0.34661056154839176
-0.03817824105997195
0.41147583207758165
-0.12908240268712007
-0.1678850156607276
-0.03370455454384639
0.06231570422931448
-0.017355704754534105
-0.05223359343749505
-0.33276648087377775
-0.5435404705268867
-0.3532634511306537
-0.053675990512383163
0.617028083974175
1.332505093491657
1.8056631618514851
2.1264508295871583
2.587440274277184
3.097367210729742
3.28397398303959
3.192786031692569
3.1388753522328776
3.085316788510035
2.8531606333283692
2.5399463038806536
1.8792389363641169
0.8815887903777453
0.1653119791296348
0.09580383659314863
0.3789673702855745
0.6596208601257418
1.0090490700794135
0.6545778228089139
0.19520066978573675
-0.3174437437573371
1.0153976626705046
1.2431971686069725
1.3884238120960697
1.030741039114473
0.7625606430392095
0.7607430411823386
0.6841834590903454
0.547916659407229
0.8648250740724137
1.3326338565496463
2.5208078227445787
3.7265102892421798
4.526756124963842
4.817165267916309
4.385564760161449
4.083550757895432
3.956641946407718
3.4928115152092913
3.186494163229454
2.7404605987093325
2.2170289996406303
1.8088940170075367
0.983648685443839
-0.412505371431999
-1.097380581865247
-1.2937219781339377
-1.1628975930426662
-1.0526830207423918
-0.9772297080217631
-1.3545248067877176
-1.7251672300924203
-2.0478134774234062
