1553859232.505274
1553859236.19531
1553859239.529425
1553859242.939457
1553859246.443434
1553859249.753764
1553859253.065632
1553859256.383618
1553859259.678543
1553859264.187071
1553859267.675779
1553859271.145365
1553859274.560096
1553859278.072402
1553859281.473018
1553859284.833901
1553859288.286589
1553859291.518529
1553859294.913525
1553859298.391453
1553859301.75859
1553859305.138906
1553859308.614294
1553859312.145634
1553859315.397445
1553859318.596063
1553859322.0096
1553859325.424219
1553859328.878272
1553859332.371977
1553859336.004783
1553859340.792513
1553859344.173242
1553859347.592357
1553859350.946502
1553859354.425826
1553859357.911083
1553859361.366266
1553859364.834959
1553859368.400702
1553859371.803535
1553859375.226211
1553859378.690395
1553859381.989705
1553859385.451609
1553859388.832419
1553859392.281296
1553859396.003564
1553859399.431209
1553859402.82048
1553859406.125874
1553859409.612646
1553859413.30474
1553859416.94103
1553859421.195203
1553859424.702088
1553859428.140191
1553859431.386191
1553859434.695062
1553859437.952606
1553859441.1846
1553859444.445656
1553859447.755226
1553859451.011155
1553859454.278782
1553859457.383928
1553859460.539134
1553859463.636011
1553859466.77809
1553859470.203319
1553859473.45076
1553859476.767412
1553859480.17561
1553859483.283523
1553859486.411705
1553859489.748526
1553859494.832559
1553859498.23644
1553859501.443504
1553859504.782445
1553859508.200597
1553859511.794979
1553859515.056628
1553859518.285088
1553859521.535785
1553859524.861477
1553859528.538309
1553859532.095633
1553859535.566173
1553859538.844134
1553859542.128428
1553859545.364794
1553859548.602732
1553859551.905212
1553859555.183776
1553859558.370839
1553859561.87893
1553859565.100944
1553859569.97615
1553859573.060396
1553859576.474171
1553859579.886559
1553859583.224415
1553859586.460813
1553859589.87736
1553859593.131128
1553859596.486054
1553859599.714574
1553859602.881463
1553859606.199755
1553859609.609855
1553859612.893433
1553859616.355131
1553859619.561863
1553859623.075759
1553859626.521434
1553859629.658471
1553859633.021661
1553859636.605703
1553859640.029702
1553859643.986409
1553859648.073771
1553859651.555918
1553859655.02603
1553859658.531987
1553859662.077212
1553859665.520751
1553859669.000376
1553859672.303614
1553859675.515223
1553859678.995423
1553859682.310551
1553859685.46311
1553859688.823811
1553859692.111017
1553859695.432104
1553859698.887766
1553859702.534102
1553859706.263156
1553859710.128704
1553859713.683237
1553859717.250566
1553859720.752317
1553859725.857253
1553859729.596719
1553859733.34715
1553859736.953243
1553859740.511454
1553859744.111804
1553859747.751949
1553859751.393801
1553859754.640741
1553859758.211188
1553859761.764508
1553859765.306633
1553859768.890715
1553859772.450833
1553859775.890453
1553859779.433074
1553859782.933929
1553859786.43443
1553859789.888595
1553859793.246939
1553859796.875978
1553859800.507386
1553859804.803988
1553859808.399097
1553859812.032321
1553859815.656248
1553859819.194951
1553859822.849921
1553859826.614971
1553859830.232022
1553859833.757735
1553859837.490549
1553859840.999234
1553859844.658997
1553859848.253408
1553859851.885165
1553859855.584685
1553859859.285878
1553859863.016246
1553859866.517844
1553859869.695139
1553859873.06283
1553859876.538941
1553859880.104782
1553859885.347725
1553859888.57916
1553859892.115345
1553859895.435652
1553859898.698349
1553859902.461645
1553859905.892362
1553859909.475334
1553859912.959543
1553859916.490426
1553859920.13155
1553859923.776901
1553859927.33053
1553859931.093401
1553859934.764397
1553859938.496498
1553859942.063465
1553859945.842379
1553859949.705819
1553859953.506295
1553859957.271342
1553859960.719303
1553859964.782365
1553859969.498474
1553859973.088333
1553859976.765618
1553859980.216357
1553859983.742267
1553859987.189181
1553859990.80834
1553859994.58062
1553859998.034363
1553860001.702147
1553860005.307575
1553860008.86939
1553860012.232069
1553860015.930308
1553860019.473721
1553860023.197259
1553860026.946671
1553860030.450268
1553860034.011923
1553860037.496904
1553860040.897695
1553860044.493194
1553860049.235804
1553860052.962452
1553860056.444029
1553860059.942806
1553860063.744527
1553860067.435841
1553860071.062433
1553860074.557636
1553860077.956001
1553860081.108419
1553860084.664116
1553860088.06521
1553860091.522801
1553860095.002182
1553860098.653728
1553860102.165334
1553860105.75849
1553860109.192906
1553860112.716716
1553860116.308866
1553860119.6457
1553860123.205614
1553860127.594912
1553860130.968459
1553860134.31176
1553860137.681726
1553860141.283676
1553860144.639822
1553860148.041621
1553860151.641148
1553860155.213492
1553860158.593012
1553860162.093186
1553860165.476008
1553860169.11971
1553860172.505128
1553860176.209351
1553860179.989494
1553860183.417224
1553860187.054396
1553860190.448413
1553860193.982906
1553860197.542187
1553860201.011322
1553860205.192491
1553860208.944259
1553860212.410379
1553860215.829543
1553860219.384502
1553860223.070049
1553860226.454802
1553860229.723546
1553860233.339285
1553860236.820612
1553860240.280297
1553860243.960801
1553860247.664564
1553860251.314153
1553860254.794929
1553860258.222556
1553860261.878209
1553860265.063518
1553860268.45322
1553860271.949593
1553860275.247431
1553860278.786043
1553860282.231574
1553860286.863736
1553860290.343416
1553860293.933596
1553860297.347675
1553860300.637367
1553860304.188426
1553860307.767811
1553860311.216132
1553860314.53474
1553860318.055241
1553860321.711208
1553860325.377676
1553860329.061404
1553860332.828827
1553860336.338084
1553860340.102911
1553860343.783023
1553860347.249469
1553860350.526771
1553860354.072788
1553860357.541194
1553860361.083433
1553860366.252509
1553860369.966769
1553860373.613245
1553860377.280982
1553860380.754674
1553860384.180391
1553860387.656849
1553860391.335789
1553860395.123115
1553860398.760813
1553860402.158885
1553860405.934646
1553860409.596707
1553860413.106543
1553860416.745684
1553860420.497267
1553860424.090676
1553860427.523169
1553860430.86324
1553860434.525524
1553860437.839784
1553860441.119385
1553860445.622481
1553860448.995371
1553860452.452185
1553860455.645435
1553860459.253418
1553860462.918133
1553860466.620748
1553860470.147821
1553860473.550925
1553860476.901358
1553860480.410507
1553860484.25756
1553860487.86106
1553860491.228276
1553860494.802612
1553860498.345911
1553860501.9935
1553860505.665798
1553860509.221868
1553860512.813529
1553860516.467377
1553860519.949652
1553860523.294451
1553860528.055764
1553860531.64688
1553860535.330258
1553860538.905123
1553860542.486184
1553860545.987987
1553860549.419172
1553860552.744138
1553860556.132152
1553860559.552141
1553860562.894378
1553860566.432916
1553860569.908871
1553860573.40967
1553860576.790324
1553860580.115007
1553860583.438797
1553860586.963343
1553860590.339966
1553860593.862453
1553860597.360972
1553860600.844759
1553860605.505147
1553860608.862652
1553860612.143948
1553860615.526329
1553860619.137617
1553860622.518277
1553860625.617866
1553860628.980331
1553860632.097898
1553860635.243541
1553860638.623174
1553860641.942127
1553860645.280053
1553860648.65089
1553860651.94035
1553860655.214249
1553860658.585143
1553860661.755504
1553860664.964063
1553860668.255877
1553860671.88123
1553860675.204786
1553860679.902017
1553860683.330622
1553860686.52921
1553860689.815552
1553860693.127486
1553860696.37675
1553860699.575902
1553860703.014418
1553860706.676943
1553860710.168124
1553860713.702789
1553860717.0873
1553860720.698266
1553860724.116367
1553860727.388201
1553860730.793793
1553860734.283045
1553860737.650405
1553860740.992176
1553860744.20019
1553860747.319313
1553860750.590127
1553860754.110187
1553860758.119705
1553860761.519066
1553860764.762885
1553860768.070467
1553860771.3119
1553860774.676844
1553860778.181081
1553860781.312218
1553860784.690063
1553860787.916764
1553860791.243776
1553860794.719335
1553860798.093061
1553860801.709484
1553860805.117056
1553860808.581316
1553860812.021568
1553860815.428988
1553860818.93551
1553860822.413562
1553860825.890036
1553860829.287797
1553860834.233035
1553860837.695524
1553860841.35582
1553860844.712057
1553860848.355706
1553860851.615883
1553860855.097203
1553860858.454185
1553860861.813916
1553860865.287819
1553860868.598872
1553860871.768873
1553860875.092825
1553860878.280363
1553860881.535294
1553860884.85385
1553860888.336115
1553860891.481284
1553860894.771086
1553860898.183639
1553860901.745014
1553860905.157282
1553860909.903501
1553860913.249573
1553860916.671129
1553860919.972028
1553860923.380202
1553860926.889479
1553860930.051052
1553860933.369093
1553860936.724141
1553860940.115131
1553860943.573511
1553860946.880985
1553860950.355328
1553860953.572025
1553860956.759874
1553860960.144184
1553860963.736267
1553860967.145992
1553860970.592472
1553860974.167927
1553860977.735599
1553860981.280722
1553860985.905244
1553860989.305623
1553860992.472731
1553860995.90484
1553860999.498732
1553861002.873687
1553861006.262848
1553861009.800324
1553861013.195522
1553861016.503455
1553861019.890855
1553861023.312077
1553861026.705781
1553861030.163892
1553861033.695476
1553861037.140111
1553861040.658246
1553861043.885621
1553861047.298477
1553861050.528959
1553861053.787551
1553861057.264324
1553861061.088557
1553861065.254461
1553861068.429679
1553861071.578084
1553861074.945516
1553861078.363652
1553861081.599226
1553861084.921851
1553861088.246972
1553861091.649095
1553861094.948612
1553861098.296811
1553861101.700945
1553861105.180158
1553861108.629662
1553861112.072966
1553861115.792592
1553861119.201409
1553861122.340476
1553861125.799328
1553861129.186092
1553861132.295507
1553861135.649645
1553861140.370038
1553861143.655399
1553861147.015953
1553861150.160442
1553861153.507964
1553861157.096689
1553861160.469933
1553861164.005443
1553861167.182636
1553861170.659872
1553861173.875874
1553861177.346209
1553861180.583564
1553861184.083643
1553861187.279118
1553861190.744509
1553861194.141464
1553861197.418601
1553861200.596101
1553861203.993854
1553861207.51842
1553861210.791004
1553861215.337666
1553861218.796401
1553861222.042392
1553861225.305328
1553861228.75092
1553861232.036839
1553861235.539813
1553861239.132283
1553861242.561767
1553861245.795871
1553861248.927569
1553861252.099377
1553861255.50342
1553861258.863982
1553861262.26164
1553861265.65186
1553861268.85595
1553861272.145817
1553861275.561266
1553861278.951103
1553861282.303526
1553861285.718656
1553861289.945116
1553861294.09311
1553861297.685706
1553861301.019624
1553861304.461112
1553861307.829849
1553861310.953043
1553861314.412782
1553861317.825959
1553861321.072181
1553861324.523382
1553861327.934716
1553861331.206781
1553861334.863806
1553861338.463092
1553861341.93434
1553861345.251884
1553861348.538035
1553861352.009573
1553861355.472963
1553861359.039344
1553861362.503624
1553861365.839547
1553861370.468112
1553861373.918732
1553861377.423722
1553861380.835197
1553861384.458414
1553861388.135094
1553861391.589656
1553861395.363178
1553861398.701776
1553861402.133487
1553861405.510135
1553861408.791337
1553861412.117575
1553861415.506119
1553861418.809443
1553861422.279782
1553861425.801133
1553861429.481638
1553861432.904774
1553861436.34074
1553861439.850556
1553861443.474481
1553861448.130204
1553861451.542376
1553861454.846463
1553861458.218709
1553861461.480764
1553861464.87955
1553861468.07268
1553861471.292942
1553861474.72525
1553861478.078956
1553861481.588896
1553861485.060338
1553861488.541441
1553861491.987355
1553861495.346821
1553861498.660461
1553861502.041195
1553861505.54381
1553861509.095338
1553861512.376375
1553861515.707654
1553861519.227355
1553861524.035522
1553861527.555629
1553861531.049584
1553861534.407394
1553861537.607366
1553861541.206352
1553861544.716259
1553861548.124277
1553861551.627113
1553861555.069981
1553861558.6059
1553861562.050411
1553861565.484764
1553861569.038037
1553861572.796655
1553861576.33916
1553861579.898725
1553861583.505676
1553861587.067991
1553861590.592288
1553861594.20927
1553861597.567728
1553861601.275912
1553861605.978698
1553861609.522915
1553861612.895651
1553861616.411702
1553861619.699025
1553861623.221951
1553861626.648516
1553861630.183352
1553861633.626856
1553861636.96468
1553861640.212947
1553861643.773455
1553861647.000116
1553861650.173401
1553861653.768533
1553861657.211935
1553861660.606514
1553861664.035678
1553861667.53456
1553861671.152887
1553861674.657212
1553861678.13089
1553861682.499392
1553861685.815132
1553861689.111237
1553861692.409615
1553861695.698605
1553861699.034445
1553861702.351935
1553861705.778865
1553861709.114109
1553861712.553849
1553861716.046948
1553861719.441046
1553861722.755147
1553861726.454422
1553861729.749641
1553861733.009172
1553861736.483908
1553861739.815323
1553861743.021057
1553861746.418976
1553861749.962148
1553861753.316167
1553861757.992999
1553861761.509003
1553861764.86839
1553861768.21736
1553861771.475922
1553861774.866959
1553861778.222216
1553861781.575847
1553861785.09828
1553861788.603537
1553861792.032627
1553861795.552615
1553861798.879876
1553861802.342969
1553861805.896166
1553861809.760242
1553861813.293995
1553861816.912849
1553861820.254159
1553861823.68979
1553861827.123583
1553861830.737572
1553861834.527167
1553861838.891296
1553861842.28086
1553861845.84458
1553861849.388058
1553861852.954437
1553861856.450815
1553861859.81288
1553861863.21101
1553861866.605106
1553861869.963414
1553861873.549316
1553861877.267622
1553861880.849272
1553861884.366343
1553861887.807668
1553861891.38169
1553861894.871202
1553861898.349015
1553861901.781999
1553861905.110951
1553861908.655865
1553861912.039857
1553861916.744874
1553861920.273567
1553861923.830309
1553861927.510662
1553861931.003779
1553861934.660535
1553861938.334837
1553861941.912116
1553861945.168862
1553861948.557332
1553861951.803041
1553861955.533001
1553861959.060436
1553861962.31609
1553861965.770647
1553861969.383187
1553861972.964544
1553861976.506491
1553861979.942848
1553861983.410142
1553861986.879907
1553861990.420383
1553861995.760118
1553861999.322895
1553862003.019443
1553862006.484047
1553862009.941392
1553862013.298378
1553862016.693366
1553862020.214526
1553862023.67164
1553862027.213085
1553862030.547799
1553862033.831423
1553862037.320516
1553862040.771095
1553862044.181431
1553862047.612646
1553862051.08832
1553862054.718874
1553862058.255327
1553862061.838914
1553862065.358849
1553862068.82242
1553862073.966468
1553862077.463879
1553862081.066217
1553862084.742757
1553862088.395134
1553862091.909957
1553862095.257188
1553862098.750673
1553862102.256757
1553862105.693743
1553862109.302967
1553862113.019106
1553862116.675465
1553862120.235335
1553862123.844535
1553862127.470643
1553862130.998488
1553862134.630581
1553862138.255482
1553862141.955948
1553862145.726557
1553862149.34983
1553862153.269883
1553862157.835082
1553862161.362374
1553862164.893844
1553862168.358966
1553862171.884335
1553862175.312419
1553862178.802871
1553862182.30902
1553862186.032582
1553862189.752151
1553862193.312816
1553862197.004015
1553862200.489432
1553862203.996374
1553862207.477078
1553862211.082827
1553862214.547037
1553862217.959176
1553862221.498334
1553862225.039629
1553862228.543092
1553862231.96077
1553862236.744979
1553862240.350134
1553862244.023266
1553862247.596374
1553862251.112143
1553862254.78824
1553862258.230835
1553862261.609734
1553862265.068761
1553862268.614906
1553862272.211506
1553862275.802287
1553862279.605182
1553862283.08331
1553862286.567489
1553862289.977392
1553862293.516592
1553862297.180012
1553862300.668919
1553862304.258741
1553862307.793757
1553862311.411535
1553862316.140383
1553862319.862158
1553862323.371703
1553862326.954914
1553862330.517362
1553862333.998113
1553862337.47349
1553862341.16204
1553862344.572304
1553862348.09181
1553862351.3808
1553862354.884381
1553862358.510663
1553862362.130115
1553862365.625749
1553862369.072454
1553862372.584435
1553862376.325376
1553862379.900487
1553862383.322583
1553862386.86335
1553862390.352387
1553862394.356862
1553862398.748865
1553862402.391981
1553862405.899916
1553862409.591524
1553862413.011197
1553862416.425542
1553862420.007256
1553862423.459137
1553862427.138837
1553862430.564987
1553862434.014811
1553862437.516393
1553862440.962535
1553862444.419361
1553862447.992163
1553862451.573341
1553862455.102993
1553862458.593299
1553862462.181104
1553862465.63339
1553862469.092936
1553862472.526
1553862477.218544
1553862480.963173
1553862484.570256
1553862488.138284
1553862491.401184
1553862495.097973
1553862498.643404
1553862502.110477
1553862505.631717
1553862508.937556
1553862512.435645
1553862516.182294
1553862519.682065
1553862523.061688
1553862526.504794
1553862530.086842
1553862533.439332
1553862536.891684
1553862540.470996
1553862544.095355
1553862547.581728
1553862551.160623
1553862555.838288
1553862559.403566
1553862563.034512
1553862566.552373
1553862570.084681
1553862573.628509
1553862577.223502
1553862580.881293
1553862584.350918
1553862587.837595
1553862591.244083
1553862594.722795
1553862598.291143
1553862601.909228
1553862605.586754
1553862609.223701
1553862612.878872
1553862616.513209
1553862620.220287
1553862623.755855
1553862627.286859
1553862631.044065
1553862636.243177
1553862639.660962
1553862643.126303
1553862646.648698
1553862650.111643
1553862653.642253
1553862657.119393
1553862660.805295
1553862664.362814
1553862668.093046
1553862671.515717
1553862675.022537
1553862678.574424
1553862682.13603
1553862685.443251
1553862689.015747
1553862692.532126
1553862696.127459
1553862699.565702
1553862703.269747
1553862706.728149
1553862710.194952
1553862714.058673
1553862719.056164
1553862722.518928
1553862725.955357
1553862729.487835
1553862733.03411
1553862736.606414
1553862740.24977
1553862743.793348
1553862747.308811
1553862750.996068
1553862754.668642
1553862758.487593
1553862762.206419
1553862765.630738
1553862769.32342
1553862772.906482
1553862776.658723
1553862780.192694
1553862783.690066
1553862787.428463
1553862790.915361
1553862794.505975
1553862799.444541
1553862803.036597
1553862806.680032
1553862810.316691
1553862813.958864
1553862817.841335
1553862821.433501
1553862825.174244
1553862828.695769
1553862832.24025
1553862835.655648
1553862839.31989
1553862843.108488
1553862846.878977
1553862850.413744
1553862854.035556
1553862857.616721
1553862861.414126
1553862865.079752
1553862868.529952
1553862872.225959
1553862875.723785
1553862880.922388
1553862884.563371
1553862888.259129
1553862892.010427
1553862895.816244
1553862899.509926
1553862903.252269
1553862906.884672
1553862910.443518
1553862914.062484
1553862917.510968
1553862921.091167
1553862924.711646
1553862928.359812
1553862932.082286
1553862935.834216
1553862939.508256
1553862942.919718
1553862946.425425
1553862950.186975
1553862953.702873
1553862957.290742
1553862961.367052
1553862965.38228
1553862968.989327
1553862972.477829
1553862975.898265
1553862979.653714
1553862983.294192
1553862987.059633
1553862990.563656
1553862994.213615
1553862997.925631
1553863001.8552
1553863005.390126
1553863009.132017
1553863012.812768
1553863016.62863
1553863020.115425
1553863023.431338
1553863026.852346
1553863030.360676
1553863033.867393
1553863037.308808
1553863040.712712
1553863045.392959
1553863048.875477
1553863052.721993
1553863056.209473
1553863059.629731
1553863063.188888
1553863066.668365
1553863070.330788
1553863073.773576
1553863077.186128
1553863080.563906
1553863084.098028
1553863087.359438
1553863090.748149
1553863094.187282
1553863098.044963
1553863101.6609
1553863105.314854
1553863108.859645
1553863112.46217
1553863116.103066
1553863119.681539
1553863124.452742
1553863127.895492
1553863131.423368
1553863134.96567
1553863138.437211
1553863141.963403
1553863145.508822
1553863149.049634
1553863152.631713
1553863156.215585
1553863159.822636
1553863163.459526
1553863166.960017
1553863170.444398
1553863173.979888
1553863177.552461
1553863181.11234
1553863184.752993
1553863188.348867
1553863191.859257
1553863195.309605
1553863198.817432
1553863203.537898
1553863207.006854
1553863210.581645
1553863214.017558
1553863217.484852
1553863221.279975
1553863224.831593
1553863228.305647
1553863231.918911
1553863235.581073
1553863239.111297
1553863242.77465
1553863246.382785
1553863249.943878
1553863253.505373
1553863257.073326
1553863260.663075
1553863264.250956
1553863268.002448
1553863271.624467
1553863275.222355
1553863278.834142
1553863282.693788
1553863287.257409
1553863290.603294
1553863294.226922
1553863297.608638
1553863301.075037
1553863304.552747
1553863308.096838
1553863311.538862
1553863315.12056
1553863318.672139
1553863322.40183
1553863326.161432
1553863329.759969
1553863333.328688
1553863336.931746
1553863340.402149
1553863343.818533
1553863347.261202
1553863350.85539
1553863354.375782
1553863357.990214
1553863361.449592
1553863366.24653
1553863369.838207
1553863373.329722
1553863376.783407
1553863380.226501
1553863383.489768
1553863386.93857
1553863390.526893
1553863393.874364
1553863397.402349
1553863401.07941
1553863404.692427
1553863408.226316
1553863411.706941
1553863415.03381
1553863418.544504
1553863422.342832
1553863425.913972
1553863429.595465
1553863433.308194
1553863436.568699
1553863439.991387
1553863444.742727
1553863448.224813
1553863451.593211
1553863455.105976
1553863458.681852
1553863462.507322
1553863466.071248
1553863469.400534
1553863472.952574
1553863476.425679
1553863480.01354
1553863483.546257
1553863486.90847
1553863490.46419
1553863493.845808
1553863497.251755
1553863500.913779
1553863504.44575
1553863508.052937
1553863511.546842
1553863515.178339
1553863518.648843
1553863522.59753
1553863526.875441
1553863530.371796
1553863533.926926
1553863537.288487
1553863540.693098
1553863544.164758
1553863547.583412
1553863551.213645
1553863554.728663
1553863558.056456
1553863561.696767
1553863565.263574
1553863568.753119
1553863572.223637
1553863575.502408
1553863579.028363
1553863582.526533
1553863586.309164
1553863589.918567
1553863593.342292
1553863597.132946
1553863600.423103
1553863605.582132
1553863608.983636
1553863612.331716
1553863615.826869
1553863619.258393
1553863622.785643
1553863626.192959
1553863629.925569
1553863633.572105
1553863637.113589
1553863640.700855
1553863644.16542
1553863647.632322
1553863651.007888
1553863654.387829
1553863657.955648
1553863661.464773
1553863665.011082
1553863668.787142
1553863672.373438
1553863675.593209
1553863679.053761
1553863683.708421
1553863687.118228
1553863690.644924
1553863694.229667
1553863697.624908
1553863701.163909
1553863704.736819
1553863708.272345
1553863711.80905
1553863715.261663
1553863718.749309
1553863722.274411
1553863725.948168
1553863729.469501
1553863732.955656
1553863736.543809
1553863739.816335
1553863743.182458
1553863746.528027
1553863750.08342
1553863753.684739
1553863757.348967
1553863761.917452
1553863765.302715
1553863768.732449
1553863772.192066
1553863775.653479
1553863779.331322
1553863782.917074
1553863786.646648
1553863790.21647
1553863793.757911
1553863797.234798
1553863800.541916
1553863804.061369
1553863807.859014
1553863811.461402
1553863815.085102
1553863818.584044
1553863822.226733
1553863825.671705
1553863829.377666
1553863832.902626
1553863836.369536
1553863840.464328
1553863845.086466
1553863848.809294
1553863852.344627
1553863855.668265
1553863859.165666
1553863862.72952
1553863866.351816
1553863869.885306
1553863873.712214
1553863877.128653
1553863880.536174
1553863883.838749
1553863887.289891
1553863890.813384
1553863894.276938
1553863897.64808
1553863901.180497
1553863904.953393
1553863908.493954
1553863912.035145
1553863915.393943
1553863918.924218
1553863924.071336
1553863927.706087
1553863931.302844
1553863934.856413
1553863938.429481
1553863941.878647
1553863945.304833
1553863948.843212
1553863952.175253
1553863955.489829
1553863958.973786
1553863962.307408
1553863965.567679
1553863969.21113
1553863972.923782
1553863976.381432
1553863980.003008
1553863983.562586
1553863987.030569
1553863990.320121
1553863993.627024
1553863997.139122
1553864001.618704
1553864004.842204
1553864008.363498
1553864011.870958
1553864015.277778
1553864018.621343
1553864022.002572
1553864025.357965
1553864028.744181
1553864032.179785
1553864035.736552
1553864039.398089
1553864042.958918
1553864046.488374
1553864049.961688
1553864053.727087
1553864057.369946
1553864060.974585
1553864064.80398
1553864068.367966
1553864071.821636
1553864075.052607
1553864078.938313
1553864083.140392
1553864086.708746
1553864090.371786
1553864093.94108
1553864097.65628
1553864101.244379
1553864104.762188
1553864108.331761
1553864111.953516
1553864115.560608
1553864118.895142
1553864122.157189
1553864125.662077
1553864128.982583
1553864132.459891
1553864136.253758
1553864139.82143
1553864143.191344
1553864146.690667
1553864150.129289
1553864153.750952
1553864157.120662
1553864161.665675
1553864165.171802
1553864168.489018
1553864171.947014
1553864175.168176
1553864178.788467
1553864182.332982
1553864186.086171
1553864189.594388
1553864193.251174
1553864196.662585
1553864200.194025
1553864203.699303
1553864207.213728
1553864210.75015
1553864214.332946
1553864217.814939
1553864221.34488
1553864224.789896
1553864228.441159
1553864232.051269
1553864235.685228
1553864240.730891
1553864244.196077
1553864247.866186
1553864251.457396
1553864255.004698
1553864258.564467
1553864262.127733
1553864265.724407
1553864269.038746
1553864272.73024
1553864276.352582
1553864279.882952
1553864283.377776
1553864287.119084
1553864290.587401
1553864294.062001
1553864297.598219
1553864301.118951
1553864304.586095
1553864308.236137
1553864311.978612
1553864315.538723
1553864320.585577
1553864324.27207
1553864328.064191
1553864331.765845
1553864335.581977
1553864339.23697
1553864342.847473
1553864346.394834
1553864350.05183
1553864353.603858
1553864357.303286
1553864360.997812
1553864364.597641
1553864368.177581
1553864371.733124
1553864375.249391
1553864378.858136
1553864382.489499
1553864386.100256
1553864389.622093
1553864393.09479
1553864396.797687
1553864400.875196
1553864405.65831
1553864409.480309
1553864413.110822
1553864416.511779
1553864419.860805
1553864423.447586
1553864427.086266
1553864430.609303
1553864434.278383
1553864438.049464
1553864441.797951
1553864445.467938
1553864449.093954
1553864452.623949
1553864456.297324
1553864460.01494
1553864463.465146
1553864467.013261
1553864470.725643
1553864474.445361
1553864477.971839
1553864481.48315
1553864486.342607
1553864490.065614
1553864493.542328
1553864497.073494
1553864500.907047
1553864504.506925
1553864508.027745
1553864511.756263
1553864515.52151
1553864519.212292
1553864523.108457
1553864526.873787
1553864530.32299
1553864533.984384
1553864537.298966
1553864540.98395
1553864544.791173
1553864548.579776
1553864552.289197
