20621.919922519555
16904.839292520508
9402.77461942989
8038.124946043566
7756.81445488236
7616.442414492619
7563.00191074388
7550.3081878762205
7540.017586801405
7537.919382049588
7534.837158783174
7529.410835713814
7370.926545927635
7066.014197264292
6994.948336135794
6939.532577799658
6887.737812691483
6856.173595192243
6827.191736528806
6796.17585138392
6763.98377558767
6725.873016631706
6685.5207906332425
6630.79688199292
6571.637835042035
6477.202943298174
6357.025368602076
6351.378234921338
6290.024894533923
6228.7976191914795
6213.551835118484
6199.278873579617
6185.402010147286
6171.1485164970145
6155.265125530038
6138.6825430821345
6119.262813617277
6098.700880986262
6072.513041337854
6044.160336547484
6001.325250962887
5952.545321298255
5846.5942285501715
5665.136059534124
5620.365775649688
5578.903827787926
5559.17045064603
5542.985916120431
5539.440689146489
5535.614481183272
5432.259610379975
5339.841514878984
5328.446654188107
5327.168932771207
5324.8798511640725
5295.852161430627
5273.718284493353
5268.21083428068
5264.49400877892
5263.6135597043285
5262.396484010056
5260.175185738901
5186.652247203333
5179.1712043560965
5178.317900170496
5177.095354744454
5174.122438950615
5170.0513299299
5165.992257831388
5162.306333459698
5158.578189837514
5155.133852217499
5151.632017949639
5148.363626139684
5145.032487213648
5141.902471934928
5138.707261016065
5135.690268246062
5135.0967578868085
5134.398132480585
5133.480442315663
5131.815045317981
5083.562383485017
5041.3051845305845
5039.38528321257
5038.735966147138
5037.846905915693
5035.485560402928
5033.8316382426165
5032.909042151943
5030.025909521779
5028.325367991997
5027.175062868242
4977.699323122413
4918.831083185045
4916.857895391858
4913.779310080513
4907.776705274599
4898.400093135048
4887.614420883132
4884.085025219585
4881.477980544781
4878.028902947851
4874.7037930469905
4872.230482595119
4869.691974221426
4867.682261789111
4865.468748083682
4863.645469172845
4863.2085588706495
4862.730103758145
4862.180463944046
4861.454695603031
4857.502478315745
4856.478466202137
4855.103319600511
4853.808588482963
4852.71699494209
4851.747862081969
4850.937513320611
4849.564417175246
4849.1138852979
4848.612361114733
4848.006518521945
4846.887670903477
4845.569321611068
4844.373367716093
4843.015045535464
4842.4298811508115
4841.428775823043
4840.35295415525
4839.387985397959
4838.386619649098
4837.499785593061
4836.6846689246595
4836.038024827224
4828.27092194235
4826.505125412377
4819.722758190875
4817.9672315472835
4817.303671972061
4816.789064344154
4816.116692153359
4814.203718367375
4813.499125893562
4812.1212633422965
4811.692291683136
4811.222036534345
4810.6743558313365
4809.831753415891
4809.054622958318
4808.43678225978
4802.218322289666
4800.542830563555
4799.708414192981
4799.024932192829
4796.690928164697
4794.18477416747
4792.108336706527
4789.860154783207
4787.930785460336
4785.831133603831
4783.9937301978625
4783.598134283341
4783.176229199169
4782.7158281668435
4782.186667681007
4781.442029445398
4780.546192717311
4780.053830340891
4779.445018661811
4775.862908554434
4774.538161319529
4772.770598492311
4765.711935917893
4763.967022733058
4761.362857972937
4760.009372965665
4758.312209912954
4757.222621257134
4755.902518170778
4754.693886149972
4753.155487974391
4752.465963035041
4746.0306826295
4740.613824565783
4737.6758124649505
4734.627925961929
4732.24294125828
4729.753330201728
4727.68744349459
4725.536195554558
4723.721383105187
4723.306877210755
4722.857316334628
4722.350125746077
4721.7096163235165
4719.20121492686
4717.6747808440605
4716.334689729695
4715.202786342792
4714.196293550875
4713.325158331387
4712.433550756479
4711.857487071629
4710.878133808188
4709.986898204967
4709.303125184483
4702.31085642101
4701.32621290017
4700.510900691044
4699.027582887764
4698.579230001346
4698.070372485191
4697.418545648547
4694.65886720121
4693.146452676357
4691.801308918632
4690.5273646248015
4689.135874017115
4687.810767443819
4687.11051277415
4686.112976006617
4685.303655163256
4682.902142444757
4680.421661387442
4678.261332900968
4676.023747842028
4674.020166674632
4673.616838207967
4673.180934888113
4672.693895611955
4672.103892297227
4671.096310253276
4670.160741868193
4669.509472288424
4667.690550421231
4665.8657350403355
4664.789424881243
4664.227186490107
4663.384627543044
4660.880607279613
4658.304563096517
4656.065910326103
4653.756224947952
4651.689093355377
4649.551458126021
4647.603501989522
4647.1891856117645
4646.73657086754
4646.219771068605
4645.553659874101
4643.690058330017
4641.823521830212
4640.199307421519
4639.746197080416
4639.228590085246
4638.561472180331
4636.763000545691
4634.872999818117
4628.6816346375
4628.245918187153
4627.760093187069
4627.1782194775205
4626.2772745574275
4623.8634057236195
4621.385749645914
4619.18765652574
4616.9257411788585
4614.874207178802
4614.466627811746
4614.02266027433
4613.519454997528
4612.889047120946
4611.651612879995
4610.55460189398
4609.712750905256
4603.290900069528
4602.734811802751
4601.943108491206
4565.414770193226
4457.88132727521
4453.4901668283055
4449.852780181585
4446.525269522771
4445.525337507972
4433.052147400893
4431.857063824899
4428.935889518113
4426.103830745923
4424.257909755206
4423.841977131575
4423.373410642543
4422.7979040201435
4421.816226004224
4420.113983508111
4419.69339299644
4419.220435363665
4418.640910043317
4417.643220205429
4416.432343642887
4415.9231232436005
4415.238282361228
4412.4074529911695
4411.233923624454
4409.526173697545
4408.521180926578
4407.8374659739375
4404.762141270946
4403.567557924972
4401.818648461301
4400.810857155378
4400.202966011557
4398.948675156457
4397.7860240933705
4396.7550011515095
4395.725835258074
4395.142762760465
4394.080771337756
4393.0821620609795
4392.463496552722
4391.090601850591
4389.704805701599
4388.369090920214
4387.059303871496
4385.813917762515
4384.665262106929
4383.655894689027
4382.5937944675925
4382.036340883242
4381.126159316973
4379.4615828031165
4379.047395065781
4378.581900419804
4378.011531824917
4377.023699137476
4375.906463634506
4375.377047953708
4374.600320278299
4310.719091893818
4295.178316668302
4293.225913219851
4292.8594764437585
4292.461392407759
4292.011176730377
4291.445100242872
4290.226221965925
4289.286366406187
4288.580239372921
4226.776902790093
4225.98740628559
4223.677789743593
4221.588152435112
4220.12937850233
4219.770096195969
4219.372983289854
4218.89633517584
4218.031051965276
4217.28493101556
4216.740047045753
4215.2493214495535
4213.829809518404
4212.785458637839
4211.830315874186
4210.717378675424
4209.70576366215
4209.02970706515
4208.643878227349
4208.215703507191
4207.697547155785
4206.671185905972
4205.443188372497
4204.940126716651
4204.057965966301
4203.097249051839
4202.226273293095
4201.2840421780575
4200.431572538299
4199.530767262302
4198.720365364265
4197.923599557462
4197.240374147999
4196.430521804626
4195.964648601482
4195.303871818049
4194.348454806748
4193.918471794887
4193.3912100807165
4191.768145399412
4190.541404146272
4189.069707880352
4188.300492296346
4187.5548106566675
4186.927702415875
4185.683845760615
4185.298521203487
4184.870115597135
4184.34440313246
4182.1217585383
4180.986105928645
4179.397406116551
4178.591442754958
4178.14243638797
4177.541920346024
4175.950757224779
4175.59833701543
4175.221363059895
4174.806744702277
4174.315335387934
4173.41630521837
4172.026339795569
4171.394020037823
4170.662191900415
4170.20167474612
4169.5351810503025
4168.90531490337
4168.397350210897
4166.539912791257
4165.444024412997
4163.90776778205
4163.290651106403
4162.784515673083
4160.462622414324
4159.378245158676
4157.860730880703
4157.251749397086
4156.740070495031
4152.097075126521
4150.55032429801
4148.36671513722
4146.166830310328
4144.363658905721
4142.538631096107
4140.9780828344465
4140.626289222143
4140.251458596581
4139.842675147342
4139.369697107236
4138.648154930849
4137.1434065348485
4131.179663111518
4130.322479614162
4129.699955509516
4128.302478550104
4127.247186475653
4125.783411898895
4125.226972260601
4124.737624572959
4071.83562268377
4071.444990428804
4070.4873683722026
4069.413968616964
4068.966098047689
4068.354338606713
4067.9013818957687
4067.266129186203
4066.8396267571648
4065.9550237183553
4065.4970312000883
4064.2563199528263
4063.4236157699315
4063.0075352406107
4061.70283221135
4061.0455627657348
4060.6347858318736
4059.6096024035637
4059.0582300846736
4058.00298744193
4056.6100981210375
4055.9939457093938
4055.619277409944
4055.21490658556
4054.476760664416
4054.1168188369425
4053.731054390688
4053.307622300536
4052.034533309436
4051.345493305877
4050.9700085728587
4049.7026838507786
4049.3198168035783
4048.79516962175
4048.2050722083177
4047.822850305217
4047.026105510121
4046.6347805144915
4045.3242615896415
4044.7698645863143
4044.387950631603
4043.749834331879
4043.386761817916
4042.8159028865794
4042.468760498526
4042.101422794782
4041.7152261592682
4041.351915756726
4040.9727788517307
4036.136966192043
4035.6671199587367
4035.2920164539737
4034.9397325205487
