0.8993604309095931
1.3578636810472322
1.129084828035642
1.2830438866826053
0.9697907856761789
1.2507550096540951
1.8060197549385995
1.3003083740797035
1.4607688371156384
0.7364214982939281
0.922476582059129
0.3915317604182556
0.2584791919337799
0.5163729503103275
0.1417231480252888
0.01950828112439988
0.43043537457048503
0.10533234835005416
1.0039936197306083
0.5417069767951267
1.402782593093124
1.3371588501387197
0.7159485740672199
0.748235998277685
0.7511009482515622
0.7186347739190506
0.047982557788747916
0.6977331475140242
0.5961996082331956
0.9801591950877454
0.9201414888240548
0.8530956482677404
2.1781740571287385
2.1415802019051062
1.9456374798182754
1.9776071354664144
1.8628383817905503
1.968031376689789
1.7438445167173073
1.962029803803734
1.795897158007839
1.5302783616437425
1.0807619068089211
0.8517862515556338
0.5087020740176108
-0.202371983723177
-0.21413254192479203
0.005232119993350972
-0.47694594249814226
-0.16375276485087634
-0.5277192669457936
-0.37115799266187083
-0.5219422029653458
-0.46453650446847616
-0.260232718416569
-0.10887931352419403
-0.33516007901965955
-0.25999364277272197
0.17548738804314565
0.026372945176799327
0.31688235526009956
0.32340231168757877
0.294979445744907
0.2329355931395689
1.1092971255073603
0.38039755140349857
0.8052927791829126
0.5169396204010931
0.9692835858939806
1.1274806322992943
0.5108780413632712
0.48842602941143176
0.651181907729649
0.9061268726658633
0.8066714631748698
0.5602941215316948
0.5652671316778481
0.6360158896829203
0.5196640566661493
0.3084101423537535
0.4802811310847813
0.1143401594091436
0.2729339369148621
0.7939138642697581
0.5704425708136927
0.9044778331016732
1.8367572567681905
1.7903809665617547
1.7604276915844101
1.0529941671400112
1.4573189236335629
1.4719333860677823
1.1755871368252857
0.9325876595059772
1.4619012252945875
1.5993646051929558
1.0852380295067467
1.0250694767018558
0.9287499985876979
0.8493446136470706
0.6505913063638616
0.5919254418645198
1.0387313187126574
1.0221747784351005
0.5984102859411974
0.6981929713095935
0.23880002782917556
0.754506335039512
0.615124102584553
0.5411241168700816
0.34443512275524013
1.1863349152063922
0.2839099898696556
1.2788032351098706
1.5326921064591796
1.5934641904276092
1.6650664978867677
1.2956906837496358
1.042308858166641
1.377856341789523
1.2370265758100945
0.7839711744393256
0.6970240715231625
0.7246661259366278
0.46600213194844475
0.5489237127420158
0.30565971442707196
0.8007599540685474
0.3206180069726083
0.20979073108103513
0.030547919215022656
0.0629390114719771
0.11372905005047523
0.41508700482649
0.09583093726100927
-0.0635728011672012
0.5909752952386333
0.4988866626175777
0.8255403838563153
0.5303863714109135
0.8946875049239517
0.9591313413037604
1.3974990216393444
1.648145029914029
1.8052608588910832
1.7895820503931879
1.6002374958753696
1.462125227460189
1.4756183184497456
1.355496535713358
1.3301777341063281
0.8954511357817257
0.8451381760130723
1.0189990513226632
1.4652707086210301
1.0969186116131788
1.2719680413196928
1.559498303422726
1.6762286959821486
1.129053216351235
0.7036774981693471
0.8326903803236793
1.0477405217328888
1.0203266896351428
0.6568390645173494
0.7348404839621364
1.0619991789430705
0.9530676086347654
0.9819950821159831
1.1715110378421352
1.4035847116872526
1.3441392583325567
1.8077803341262886
1.8010817026594776
1.4632334114470607
1.2340324302921053
1.3097918794947145
0.7753302589972475
0.8031301821167814
0.8117344751042838
0.6064046403100422
-0.13057920015599384
0.004700980916015777
-0.17682666103447375
-0.014959916908337242
0.24994290940812583
0.04695188734051368
0.30667256261355685
0.5346039532477564
0.6728032098023978
0.22920524910088663
0.5846492164892274
1.181369471782867
1.04552095226621
0.9179799705336781
0.46142418705362753
1.184191590662058
0.641700334719282
0.9602537282223944
0.7393146691975461
0.7962637685250686
1.4493781119320936
1.5155601222716932
1.561099597920058
1.4370483408906438
1.338147824213494
1.4539847212658137
1.2520972174722493
0.7794909333502016
0.8784793574350407
0.19250904606980027
0.051663067058818686
0.10260249579247362
0.7054543663337984
0.8402070720146045
0.6932197368546057
1.162443720711423
1.230105600528832
1.190164662554343
0.5718770173933482
0.8900582267283271
0.6265826470725852
0.9045237665912735
0.510999853992258
0.48763386398532027
0.6200994661001399
0.3531408754738115
1.3359241078700816
0.6473397733256384
0.9152785454296191
0.7029610711949511
1.0981731210874517
1.0627064983634869
1.052056640890997
0.9251041114370298
1.3448948534523275
0.7594852830214113
0.5103995326792333
1.1879701624548247
0.7010726958618605
1.3904827638821389
1.4569355224771667
0.7378215685340647
1.435015077383485
1.2822387806356095
1.484242156170748
0.7403834416382099
1.3316948345489017
1.053135328191418
1.0936600123725313
0.8535580576576581
0.7087577468288108
0.47728590070924604
0.2908530774963838
0.37545454059760003
0.5568676113564143
0.7826695154959782
0.7948228883277795
0.9007635453771429
0.8726072201568252
1.1846247638971645
0.5302922060278428
0.5503893280633514
0.8370138596994159
0.5240798683283687
0.3954649659184501
0.19378824910354678
0.7792084184116421
0.9134009887681699
1.6207538982772074
1.4632658287783251
1.6505055727166744
1.2153614097827794
1.3001278566154213
1.1455120879497662
0.31246483578293355
0.2084727868547343
0.11246250618606637
0.3081336174566447
0.012487533505710623
0.4190844193692332
0.8725889308149977
1.2406510305135208
1.2368833855457986
0.8942666818151634
1.2747495595558105
1.1703900602310573
1.07935020502427
0.7222791528652287
0.9889257273144244
1.3972449851154425
1.0509316385725815
1.1654281708631788
1.1868230320153734
0.7571620748177535
0.789756057260037
0.565598709824488
0.44714949327603576
0.6977857937681416
0.37847359118610757
0.3985924650396888
0.402820836823294
0.5689708259390185
0.29989717930766946
1.2382809082491153
0.9618575390120798
1.5513458116494243
1.3742574616716767
1.025061273169111
1.3273824031920174
1.2215838288754695
1.1874131033115376
0.9440321845458726
0.8086157026016768
0.3898846435857147
0.858816966546167
1.2990868824768877
0.7657973787180216
0.8563962229405181
0.9729085798965692
0.6425149466791029
-0.13850535934719732
1.479736565124798
1.6968987753953741
2.236546498232922
1.488610872937175
1.354792952834343
1.7046361732511173
1.341964280854484
1.130288019510789
1.09611349857809
0.5147054295135883
0.5473323359483028
1.674688116839642
1.9440232620978295
1.961362616444735
1.4556780800953402
1.7757010607950028
1.6547300948774508
1.4291929331612911
1.7746012760499426
2.851996402641536
1.30168853581426
0.7990116735932264
0.23068621107576495
1.8860577277616177
2.1891819605796123
1.1107213399088354
1.5972585158602868
1.103147599452206
0.6053870741261134
-0.17584699425370734
0.7261014029279894
1.1928655991924755
2.1884914941931317
1.7154532795181467
0.9421669732926509
1.7810474314970632
1.2606481722642404
1.0406196617989643
1.5902031845090714
1.1184871052671115
0.5275029635050054
1.8534570344008967
1.4115326455492017
1.0258062588149794
0.6936729902880073
1.369813295942053
0.9764751081970894
1.8495763061743817
1.1244163983820814
1.1781664200063247
1.3886489789352394
1.448086195453005
1.0568503457471683
1.2414654029372214
1.1245544895092134
1.1432797851999783
1.0844219541771674
1.0146785965498883
1.0084041377738504
0.9674021053859749
1.8461315603822863
1.5554772596092539
1.7441388278242598
1.2813087097757867
1.5446627415387315
1.4038977315677634
1.532112475654956
1.4858631865210357
1.7274627319867846
0.30621281659840816
2.0642686960582486
1.855409732191823
2.0418310795491763
0.6282527262854484
0.7508956053290194
1.6024087088789745
1.1182731592341537
1.8135547553730607
1.2682909742517432
1.0054758379662032
1.4636578160772633
1.50201109143656
1.959556268304924
1.5345213243466296
1.4218370535282208
1.5044490829141253
1.7045309388030607
1.5272011052064578
1.8922336509360442
2.520793008917265
0.7562748437759329
0.8599686322485737
0.4118515477560797
0.6092168834249386
0.8461183885129437
0.6989609120553169
1.2111778890138696
1.1653664865593725
0.8773518921419446
0.3661015072663815
1.1286808185423307
1.1977930996968444
1.4340416740412918
1.217106331154835
1.5379585577557549
1.5832649284202707
0.7195077075271442
0.8305661879264458
1.860441254298453
2.216786584947816
1.8360003451260705
0.963919938353227
1.1743557825399913
1.3857027116023946
1.5761843355447027
1.267024489859374
1.2367656408597054
1.3938655799374582
1.7949833861036202
2.3745691224649956
1.630989324458037
1.4684521500279024
0.7488934322744881
0.8784831990144303
1.4279835168170982
1.4395504145512936
1.2497349445215145
1.608578658839814
0.0962672523416948
-0.5549917375637778
0.08888106697452662
0.12565236009207126
2.3388665290187847
2.5929881510071136
1.9183598216688582
1.238024590220802
2.5097952250269877
0.05736751256007541
1.1615520335571214
1.1681548561402983
1.6955016358374846
1.4770762694289756
1.2689655321183322
0.6950607914369809
0.7233233964009667
0.6522654215481539
1.8562943029410524
1.4060870170493907
1.7147240095423493
1.3590623068593208
1.556333190358685
1.5063058956838076
1.1192686863223404
1.6829691936197366
1.5323553628723308
1.5917515290879005
1.2138347200723782
1.3224383674876852
0.5631638294562509
1.7627584044438835
0.8660152172430302
0.6938727038450272
1.537848848834688
0.8732964557520511
0.48716276774416944
0.9989663052055754
0.7689418240431956
0.8806699708083234
0.6135631213928469
0.3298417907514954
0.8579643070697117
0.4146834400531385
0.7609565059981046
0.858468985932295
0.1361741754804685
0.8419017852012851
0.6381638974286498
0.604425753014941
1.5764968493887446
1.8265894856717817
1.1231267947293966
1.1768464224774529
1.0595692859987327
1.2787807781624416
0.4244104886435718
0.6082792719391371
0.8396432864428179
0.8808983048139469
1.0789719321641207
1.3416244601015392
0.7973283002253265
1.2637978532010397
1.2827230856430019
1.2460343732501071
1.1384155421620294
0.9727322931285058
0.3883747297222349
1.2759601681360304
0.8224693432799757
1.800853445923709
0.3218380173905422
0.44054391787525166
0.41656933907879967
0.6028315619765824
0.22018587418575858
0.9793612981437211
0.7077835286745866
0.8899011315963087
0.42043585903089836
1.7767141682104544
0.684475507617536
0.7640332137513663
2.0902612994592036
0.9019030373074872
0.9378405489410415
1.1815393931169926
1.6160968281818837
0.47235930747960914
1.2323529757288434
2.195028620346176
0.3453628601020992
0.407837421517586
0.8514155935347426
1.0860223751573637
1.1505506361442628
0.9862613285962807
1.0215854732964023
0.9819122002291044
0.7215215056106252
1.9400086574722706
0.5807912715189646
0.9184598278910777
1.2317882660116544
0.4353315277331077
0.5411213795603057
0.380255329928123
1.414950791177191
1.3445489050692907
0.8592875902502181
2.0921631107324634
0.6868746585212913
0.5907918317608676
1.0398222433116515
0.9623397826683995
0.5568332445420653
0.12780439686825867
1.2581347253521378
0.89114343759946
1.0551673877996852
1.6839584255098072
0.4733780157075527
1.1237165263453286
0.7479758423412488
1.2286506438713243
0.5852084499098026
0.2784229587461104
0.8115981980786923
1.047790791018829
