20621.919922519555
14634.646991921316
14635.306359390635
8036.858555707881
8020.8665858751665
7738.035554356382
7677.073380700065
7528.5528012123605
7256.922866513258
7179.157425043083
7090.208541155017
6791.463385324865
6279.628284981198
5925.3028030694495
5725.857799117958
5549.551360126482
5471.36951719785
5358.9071668859815
5283.379388188236
5215.244360114186
5023.9152852310535
4877.630341606973
4793.858841427585
4725.588624637997
4689.607210717592
4675.432378645985
4669.2916866075375
4604.992037756916
4495.363079503291
4385.901733795298
4366.617236119739
4366.5459447817475
4298.3645930914445
4257.166170694915
4215.793540539708
4174.356225062324
4163.9687758753125
4153.326460349549
4148.693275237134
4137.819137613348
4127.197792050259
4115.37188807132
4097.1370303398635
4096.566975881381
4089.706067938883
4076.522817590445
4061.595661903055
4061.6378636697727
4054.8155933798243
4037.9443024602188
4019.5741502905166
4007.4789420177535
4001.561363868209
3993.9903602213576
3992.035385842794
3989.0980159717506
3985.110159344382
3985.239809728652
3954.6373215438725
3955.1187941508215
3941.407695759027
3907.0445466645697
3887.1002154978014
3876.210340536192
3869.9138463046766
3864.6093418113865
3860.5858369230705
3858.932182526689
3855.3790074367434
3852.9555082290376
3851.4397758497935
3847.3651529646954
3842.972601522659
3838.339504193575
3834.852445046494
3833.2901942109625
3832.5648617448837
3828.5820306240103
3828.0652580494534
3821.7036487232494
3812.06016120132
3809.6786797019436
3807.608200995497
3803.8600178729516
3803.4353019334812
3801.3758395200357
3799.133076709922
3797.698939459962
3795.6996059442918
3794.880920127152
3793.746789245143
3792.705151603878
3792.425532929666
3791.2872828043774
3791.309278138255
3790.343034009537
3787.5691258002907
3784.3288353663756
3783.1669500186426
3780.7991128789504
3781.8333177576405
3778.2826236752558
3766.3970781943895
3765.4317590563887
3764.8952278058196
3763.439962627918
3763.5821505624704
3762.9071973882483
3760.2716802915397
3759.652596299305
3759.36615261543
3759.099244316477
3757.595797783193
3756.4879894456844
3756.3014694512613
3756.2010779961984
3754.836444811538
3754.6941257965086
3754.9602655951076
3748.9897004749782
3743.704046302646
3741.1620033664462
3738.8855539371343
3736.402929591602
3733.6817865348353
3732.6997571602315
3731.166321712951
3726.3999828827386
3720.2433824084474
3718.8405417154477
3717.8988933458086
3714.2974835301693
3711.7996647381988
3711.385515608651
3710.637738239248
3708.567430653959
3707.1883367688483
3706.0790587132824
3705.218832097196
3703.4743894988405
3703.2036373969795
3703.151821113482
3702.173047191095
3701.11095954541
3700.8119429214375
3700.896891230268
3700.807963174778
3700.7352313356846
3699.7412569277144
3697.9101459624976
3696.6458185923816
3696.2559013229575
3695.9927217362415
3695.565329903262
3693.9545537211584
3692.136073680766
3691.1125337717986
3689.0804451038935
3688.5133614367537
3687.9024686974176
3687.138516734011
3686.9102791042283
3686.5554573836553
3685.473769939469
3685.050824017699
3684.0924450710204
3683.457201651649
3683.0646577897096
3682.530497304209
3682.2652999615443
3681.9471403143525
3681.750317240063
3681.5913214081534
3681.49651956504
3681.307229046398
3681.2060600295117
3680.7488034439734
3680.8433438292077
3680.444369204774
3680.2110020687232
3679.7813752239126
3679.397198123847
3677.9315624350775
3675.444801458828
3674.18727218353
3673.1946738449365
3672.44983500917
3671.420906378791
3670.35464881189
3669.401931500349
3668.740432173219
3666.7357942841654
3664.3944764046
3662.955051434404
3659.7720735330877
3659.206549438518
3657.5337107049368
3657.488162630177
3656.796660301351
3654.7025237848316
3654.5264351537976
3654.180656038071
3653.6545375157693
3653.5874053731254
3653.045254461583
3652.800317458475
3652.585407608796
3651.797453911046
3651.5457115554204
3651.1751474094835
3650.4999876505385
3650.136657407647
3649.841056535531
3649.849550588339
3649.574310973942
3649.4417739236796
3649.3281049271604
3649.2217225019363
3649.1222814482617
3649.0901924351465
3649.0138172730117
3649.0678702863215
3649.0251298790176
3648.6681152138794
3648.633073958027
3648.5863410559964
3648.36664572104
3647.8418587930882
3647.4923881660875
3646.3710077958117
3646.6924471224515
3646.3055216020944
3645.128256852672
3644.1737519735366
3642.4678946628896
3641.160017103261
3641.0209746053993
3640.602064784847
3639.4586359261475
3638.8193677157615
3638.394676000835
3636.014344347601
3636.415443841459
3635.60244445451
3631.5329559914635
3630.9805639373985
3630.6158689061986
3630.121411337927
3629.7320254654664
3629.6404107778158
3629.0719307794743
3628.9245359959095
3628.4964969385624
3628.201576862854
3628.423668845322
3627.3763806962966
3627.537632170365
3626.9670774374276
3626.712539315822
3625.3934311423577
3622.585826115294
3622.5966070588925
3622.4410331038393
3621.8630409497655
3621.713148940211
3621.4834327747453
3621.345664579468
3621.154108424157
3620.703803898193
3620.655343482589
3620.5727214979843
3620.5507435213444
3620.487124206359
3620.5024186920987
3620.4033578839976
3620.1070688915884
3620.0993569025345
3620.0416490002376
3619.886719400554
3619.7081796435955
3619.3252478467407
3618.7118359392125
3618.20569610731
3617.7975773729827
3617.053400294762
3614.844268553268
3612.2514862718413
3611.6414971641157
3611.3166316460583
3611.4794015583493
3610.906525186612
3609.755666417171
3608.553587336321
3607.8310147438942
3607.3697697798716
3606.9834130071754
3606.545032293033
3606.107399938301
3605.6468857966247
3605.4700830600523
3605.162475054839
3605.330931961569
3604.7347119100664
3604.6655079029083
3604.591258523844
3603.053453561577
3601.7416743920703
3601.6425075460365
3601.4445109057156
3600.551425146452
3600.0716433057855
3599.8418494830225
3599.491321463252
3599.493191080091
3599.2785806813413
3598.559795160146
3598.6226201485133
3598.521899601482
3598.3484230646955
3598.318910209809
3597.6593344602175
3597.2692118926852
3597.1646978439
3597.0452884250717
3596.939798867891
3596.876244843884
3596.8389820214434
3596.7814887344343
3596.6555705090177
3596.330524775523
3596.342474191043
3595.8631604367138
3595.2813168597954
3594.982799655291
3594.9880629994605
3594.7125004186155
3594.3000211049566
3594.1440069972614
3593.970199159061
3593.9478934453614
3593.7747115360357
3593.53919304228
3593.418334708616
3593.3318081780403
3593.2793620653515
3593.254202581033
3593.252111048788
3593.0057494734247
3592.7581775278695
3592.6784793023035
3592.642789331766
3592.6160292105574
3592.4693939455024
3591.9690195372364
3591.7955455822425
3591.659521684565
3591.3910970450793
3590.8836599515384
3590.0401228835462
3589.545384247302
3588.9755633630816
3588.5803452395967
3587.924917727964
3587.666372993386
3587.7989453975038
3587.599171091404
3586.953534788886
3586.8569277021847
3586.370040879333
3585.194319936994
3584.8170981563553
3584.403335604437
3584.3896081791454
3584.2903144961215
3584.065094358831
3583.86312293756
3583.711393692329
3583.658369578127
3583.5715269456928
3583.465742802482
3583.396851177619
3583.3117357345673
3583.2424743143865
3583.163954066027
3583.07804699448
3583.0314676850653
3582.995712817067
3582.9274216103063
3582.8678386353704
3582.6748240000074
3582.289157097963
3582.0546353278705
3581.9585704350857
3581.980003174175
3581.6953011977357
3581.391890090981
3581.4541103275506
3581.4197323098983
3581.366707897508
3580.988944877714
3580.354270787397
3579.7619172955287
3578.977521800226
3578.750042612001
3578.437477107829
3578.1512376088635
3577.821893097172
3577.4830116698627
3577.225729507174
3576.983674385182
3576.689179704063
3576.533023476795
3576.45693699128
3575.8214776445698
3575.4503200511435
3575.113467254177
3575.1128907013103
3574.7883964058724
3574.831285309503
3574.4179727145374
3573.4912624510384
3573.397996829751
3573.376505783632
3573.408460573691
3573.3406686177277
3573.3158503940153
3573.3504769736287
3573.3976937222915
3573.3087561836564
3573.0769532125682
3572.9792179346073
3572.936510007123
3572.925416835622
3572.8966839495524
3572.8289010699873
3572.7763110560313
3572.7304915230097
3572.7113042547066
3572.6409033374384
3572.656957455072
3572.6272661621238
3572.5021770781827
3572.3061498803017
3572.230945859141
3572.1906360013218
3572.080812325922
3571.959562840108
3571.86079831242
3571.772759597113
3571.716490384852
3571.604789494614
3571.443344369578
3571.4688948002545
3571.410266921925
3571.186176933414
3571.209227665289
3571.216190052586
3571.188594308774
3571.06100337981
3570.952390078015
3571.0400560854723
3570.791566263092
3570.701723246793
3570.5072023714333
3570.339068135361
3570.252014989261
3570.2118292517916
3570.1713432776105
3570.1635867375376
3570.152197501732
3570.159373422364
3570.1434622558545
3570.1782366484376
3570.164147404184
3570.238715498212
3570.224438783217
3570.3610681811792
3570.346457672351
3570.587027207237
3570.572664925604
3570.979674452351
3570.96931159596
3571.6479641692536
3571.645333142552
3572.742363532097
3572.75308285309
3569.874183580796
3569.7936225866056
3569.899220317437
3569.889153529505
3569.5926974064955
3569.5912470017956
3569.58130360691
3569.5655532573987
3569.537980659452
3569.5036701481317
3569.450835088197
3569.393580245817
3569.303016431081
3569.2185808360205
3569.2386325769803
3568.9042340574365
3568.3839422475376
3568.008107267098
3567.2577964821985
3566.794532735749
3565.7516878780166
3565.5250429943862
3564.628978523964
3562.6899666231643
3561.092005519202
3558.9527233496246
3558.8876302955673
3558.8985052848284
3558.8069215830396
3558.8654199247867
3558.783163233122
3559.0408524819577
3559.0358506024254
3559.467779646692
3559.389951963627
3558.238511477623
3558.202647222187
3558.090982940127
3558.036274810575
3558.0331558927246
3558.013749360876
3558.0173752915557
3557.985368792853
3558.0017136350043
3557.919519228205
3557.7223702394144
3557.737120592271
3557.689374449645
3557.706110346385
3557.674705739419
3557.6914103622194
3557.67670442716
3557.722552168852
3557.678110080006
3557.2622563923305
3557.199097916822
3557.1490717975457
3557.058574566695
3557.0263484779125
3556.9682506921417
3556.920964990397
3556.8823229055183
3556.8141237288264
3556.715950359629
3556.7446675231818
3556.7554823975124
3556.8136006754935
3556.6021546778156
3556.286164908466
3556.1660805073434
3555.967208764066
3555.8607929339805
3555.788057122472
3555.710754148507
3555.722683599949
3555.721131263758
3555.5274195487586
3555.4435211988566
3555.351669312098
3555.4498373048727
3555.3812273272492
3555.2124366866715
3555.0477552252014
3555.0541669802597
3555.0157852630014
3554.6669524645113
3554.452364650173
3554.2901576253
3554.1781100360313
3554.048453982826
3554.031337919318
3553.998704847514
3553.9220388880262
3553.8909562952967
3553.929423351313
3553.908410621526
3553.774191738427
3553.7087531399625
3553.685403539426
3553.659096612397
3553.6607808292124
3553.6542613574243
3553.6244794131203
3553.613568629826
3553.602203832648
3553.5881059614067
3553.5410338409483
3553.5033102456864
3553.495837020927
3553.480711974017
3553.4389245140355
3553.4668126251004
3553.4362508323834
3553.322138413009
3553.1516659425965
3553.187300450569
3553.1675211142506
3553.2985350687736
3553.3153954053746
3552.9527216294996
3552.977452289479
3552.953264866773
3552.9545306132563
3552.932388857597
3552.954760524956
3552.9780000192795
3552.8503261448564
3552.770614932305
3552.7530030494277
3552.743915161133
3552.731492661717
3552.722952235527
3552.718210247006
3552.703749445835
3552.696627158551
3552.6705787190194
3552.6328457391023
3552.435613543043
3552.185756582957
3552.109625761481
3552.120677734902
3551.9860765697094
3551.787119558916
3551.7063915430135
3551.6334278928484
3551.530092006571
3551.355667836896
3551.224766746644
3551.1521866418643
3550.936494792014
3550.8789135163433
3550.4029804239162
3549.2649390138026
3548.9906138535134
3548.944495422937
3549.4977517121943
3549.8116617875203
3550.147387445798
3549.9823440430087
3549.9412193840267
3549.9268470703346
3548.653007307775
3548.5517997893776
3547.98243364914
3548.8939078430935
3548.7327909010205
3550.687385720152
3551.4242655740563
3548.7667806101717
3547.947368330444
3547.4374920097625
3547.4351142138407
3547.3569214771437
3547.122174249444
3546.989123332344
3547.041641082034
3546.7464674950147
3547.055555303083
3547.003882122281
3547.101717340251
3547.290647300668
3547.2127992241103
3547.2327617649607
3547.5271791739165
3547.2818606887213
3548.1764718577947
3548.085036088333
3549.7990221760065
3549.923727077817
3552.1777584013817
3552.619904614396
3556.0744769311614
3556.5609571510336
3562.283526848457
3562.942079133046
3571.3012174813493
3572.415056258439
3585.9109759131698
3586.335080669703
3609.631239865287
3608.7205966901197
3646.3971680540094
3647.9175838874144
3693.026020834153
3696.3225699665077
3751.767579162371
3753.342717421289
3807.6215631122495
3806.672172705704
3866.6359972237256
3865.90791842815
3896.8313721613913
3896.8213280326786
3927.3380101914377
3926.696970111446
3921.238361893837
3920.3384738970526
3927.273351421684
3926.487810305407
3903.997711436098
3903.2914513507008
3899.3151772586907
3898.6837192091443
3872.385393542709
3871.7731143060823
3864.3775152803414
3863.861974681035
3838.825108203477
3838.3161711001353
3830.2282920959256
3829.810942486828
3807.4979629922336
3807.0848930026646
3799.3039414853897
3798.977812403264
3779.586481311666
3779.264897246491
3772.2136594582767
3771.965965814156
3755.348591310265
3755.108519472005
3749.051817539996
3748.8730661110367
3734.9391972291264
3735.0459247493295
3729.0259308182085
3728.8895838939634
3715.017707491074
3714.774087391997
3705.4699740848355
3704.7739623008956
3687.1606545456893
3687.3845201141708
3695.103812622885
3694.3724183528325
3708.306824399586
3709.161812881139
3722.287564459218
3722.982639294054
3724.531860162328
3724.865162857838
3730.2760997426103
3730.339086323616
3725.653315639546
3725.57287717376
3726.453526996194
3726.312275055012
3718.3443924933067
3718.164800208655
3716.3382888953624
3716.1629418075427
3706.773593715711
3706.5833785496575
3703.2843627944135
3703.116401789715
3693.478187373377
3693.3037950258713
3689.331236549362
3689.184422550824
3679.93817435712
3679.78932469867
3675.625032045539
3675.50312237786
3666.952349987121
3666.8304837309297
3662.743510565679
3662.6452908784986
3654.904231482046
3654.806963284507
3650.938826989993
3650.861203474173
3643.942487653473
3643.8661922570727
3640.2853588333373
3640.2248555011024
3634.0900195577256
3634.0309697488406
3630.7648119168816
3630.718169474496
3625.3064186129227
3625.2612431254965
3622.314727229846
3622.279144503367
3617.523647188253
3617.489521754011
3614.857602165058
3614.83086606084
3610.6691007380578
3610.643914575213
3608.323074808209
3608.303856900171
3604.6918966933313
3604.6924395554943
3602.593828718798
3602.5696881689337
3599.2705074669507
3599.208240051247
3596.8607215407787
3596.833330424506
3593.3380269013264
3593.3418854146457
3591.302682538288
3591.3255769087327
3588.6838856413515
3588.6883607205186
3587.1520240277196
3587.1446252166656
3584.9412364180303
3584.93278323703
3583.6068375943787
3583.5963120796164
3581.6633824794303
3581.6535360601038
3580.4670277068553
3580.456773028759
3578.7366651494913
3578.728115109078
3577.6587507097706
3577.649853225799
3576.1121840022765
3576.1046343943176
3575.1385779543766
3575.1307566884752
3573.7538361851894
3573.7470980222997
3572.8735807340095
3572.866566116638
3571.631660530093
3571.6255488289653
3570.835567613068
3570.829180613145
3569.720063348191
3569.714445273243
3568.999756479331
3568.993864037731
3567.996418691733
3567.991190604468
3567.3443268401916
3567.338822466066
3566.4405937537185
3566.435671206151
3565.8499249388556
3565.8447199279985
3565.03470482565
3565.030015861032
3564.499350680072
3564.494370039912
3563.7628706161317
3563.768736952145
3563.2742449904877
3563.301959949745
3562.5929773670296
3562.543843255939
3562.0832585874864
3562.061312920666
3561.440655628715
3561.4573007793288
3561.0268424057867
3560.992845322568
3560.421106044923
3560.4453577764284
3560.044518558263
3559.9997048698974
3559.473921878048
3559.4553740168485
3559.1057917626963
3559.0957671395863
3558.628261128583
3558.6373172567082
3558.3115454762515
3558.2911331733467
3557.86189602528
3557.851823466055
3557.565435964318
3557.558864997342
3557.1746497662334
3557.1822057042323
3556.914734679055
3556.8978463668277
3556.5453238923706
3556.536462141755
3556.303573521174
3556.2975269739936
3555.9824687096057
3555.978035978022
3555.7691434389803
3555.765177353243
3555.479373272491
3555.47590807495
3555.2869910447935
3555.2835334970127
3555.0230327835625
3555.0198137114344
3554.8486930354265
3554.8453762524873
3554.607562923864
3554.604410647501
3554.4495011878103
3554.446230185931
3554.2289976257634
3554.2258662317845
3554.085828055884
3554.082578471526
3553.8840920371285
3553.880970850676
3553.7546117500087
3553.7513779970513
3553.5700016738065
3553.566889234958
3553.453135256725
3553.449916596431
3553.284183574715
3553.2810806647685
3553.178964061812
3553.1757609141864
3553.0243558411303
3553.021263681024
3552.9299144361507
3552.926727465507
3552.7884717871684
3552.7853916180497
3552.7040298231504
3552.700859728574
3552.574698662508
3552.571631668574
3552.4995603602383
3552.4964078392713
3552.381398437734
3552.378345747444
3552.3149440410043
3552.311809791729
3552.2071100020166
3552.2040727014282
3552.1487893902276
3552.1456741150737
3552.0505328991103
3552.0475120409146
3551.9998596816104
3551.9967640895
3551.9105125001115
3551.907509111721
3551.8670586403764
3551.8639834477085
3551.7860266237453
3551.783041713093
3551.7494175548786
3551.746363486438
3551.676173491835
3551.6732080523157
3551.6460837124946
3551.643051502669
3551.5801609155897
3551.5772159316907
3551.55631002965
3551.5533004246668
3551.4972966137148
3551.4943730659643
3551.479445784355
3551.476459544673
3551.426979556591
3551.424078427011
3551.41492833174
3551.4119662352437
3551.368692222004
3551.3658144995134
3551.3622756966297
3551.3593385416434
3551.321993658911
3551.3191403447017
3551.32107993249
3551.318168541397
3551.286513258881
3551.2836853717413
3551.291001152949
3551.2881163755883
3551.2619451525306
3551.259143733458
3551.2717621513766
3551.2689048680486
3551.2480431268496
3551.2452692436723
3551.2631435128114
3551.2603146373503
3551.2446159862993
3551.241870737698
3551.264979119503
3551.2621796017766
3551.251523278488
3551.2488077972157
3551.27715200569
3551.2743828327134
3551.268671299098
3551.265986754495
3551.2995904459012
3551.296852643332
3551.2960093056204
3551.2933569051365
3551.3322642154058
3551.329558847319
3551.333525850469
3551.3309068406193
3551.3751809475575
3551.3725091156202
3551.3812451861595
3551.378660851351
3551.428382511107
3551.425745352194
3551.4392236239128
3551.436675285101
3551.491941327791
3551.489340010252
3551.5075458270776
3551.5050348380996
3551.5659565491096
3551.563392267751
3551.5863208948435
3551.5838486373586
3551.650550040229
3551.6480240089486
3551.6756782406455
3551.6732461167994
3551.7458620577145
3551.7433755009474
3551.775763107523
3551.773372531273
3551.852046584016
3551.849600725072
3551.8867317218605
3551.8843841074554
3551.969266207936
3551.9668622561862
3552.0087459560355
3552.006442704275
3552.0976865218117
3552.0953256558796
3552.141967475733
3552.139709957238
3552.23746993126
3552.2351532810403
3552.286551285619
3552.2843408219596
3552.388768854188
3552.386497479102
3552.4426386450154
3552.4404764865913
3552.551718257744
3552.5494931224757
3552.610349304709
3552.6082366056035
3552.7264274871427
3552.72424943483
3552.7897730614322
3552.787710852064
3552.912971420349
3552.910841142896
3552.980960634748
3552.978949790882
3553.111380926599
3553.1092989327058
3553.1839138956448
3553.1819551059907
3553.321632725096
3553.319599306011
3553.3985755301605
3553.3966692613885
3553.5436386871997
3553.541653881873
3553.624818254723
3553.622964715327
3553.7772347721348
3553.775298330111
3553.8624337223414
3553.8606328253927
3554.0221697251804
3554.020281071396
3554.111121331004
3554.1093726580643
3554.278093809111
3554.276252008625
3554.3704772252167
3554.3687799907
3554.5445478395623
3554.542751565532
3554.639983754442
3554.6383367733483
3554.8209528870834
3554.8192003922036
3554.9189998039305
3554.9174014631735
3555.106601007881
3555.104890102258
3555.206752351095
3555.2052005873024
3555.400647437292
3555.3989754724844
3555.5023297371713
3555.500822021151
3555.7021047620697
3555.700468624352
3555.804677113438
3555.803210443711
3556.0098394649153
3556.0082355787385
3556.11259450337
3556.1111654097404
3556.3225713614943
3556.320995705239
3556.424737916688
3556.4233424764475
3556.6388763369637
3556.6373244705223
3556.7396239756777
3556.7382578408933
3556.957192765027
3556.955659871278
3557.055638281742
3557.054296720583
3557.2758318589395
3557.2743127985573
3557.3710477981926
3557.369725748484
3557.592992129085
3557.591481508186
3557.6840172703696
3557.6827094065065
3557.906777921701
3557.9052701714063
3557.9926296405415
3557.99133045023
3558.215221880461
3558.2137113463914
3558.2949101468203
3558.2936140182687
3558.516310977888
3558.5147920168974
3558.5888537015426
3558.587555015695
3558.808015571726
3558.8064826537657
3558.872454872242
3558.871148101157
3559.0883207616907
3559.0867685719145
3559.143739751944
3559.1424195554364
3559.355259190567
3559.353682728806
3559.4007986955435
3559.3994600157125
3559.606944308645
3559.605338982664
3559.641819002424
3559.6404571520084
3559.8416030092967
3559.839964718262
3559.8651164269427
3559.863727166843
3560.0576066160324
3560.0559318202245
3560.069164492128
3560.067744097422
3560.253499163924
3560.251784938937
3560.252620650055
3560.2511659601946
3560.428021992771
3560.426266065601
3560.4143483791645
3560.412856832297
3560.5801339413592
3560.5783347086076
3560.5534345738865
3560.55190422453
3560.7090264402423
3560.7071829670263
3560.6692017157297
3560.6676312335508
3560.814133205188
3560.812245207033
3560.7612145740336
3560.7596032290535
3560.895134308085
3560.893202114868
3560.8292813543762
3560.8276289853693
3560.9519546777697
3560.9499791851213
3560.8734495247977
3560.871756496196
3560.9847573890906
3560.9827399978644
3560.893996659165
3560.8922638080785
3560.9939321312
3560.9918746787603
3560.89141686694
3560.88964544239
3560.9800795170568
3560.9779842027897
3560.8664034569406
3560.8645950549417
3560.943991949444
3560.9418612589734
3560.8198286167694
3560.8179851132586
3560.886631858097
3560.8844684873666
3560.7527209044156
3560.7508443890215
3560.8091080854874
3560.8069148683417
3560.666241317955
3560.6643340308524
3560.7126512470654
3560.710431087963
3560.5616587502836
3560.559723022831
3560.5985888373516
3560.596344650184
3560.4403255400625
3560.4383637417072
3560.4683207031003
3560.4660553589756
3560.3036536709983
3560.3016681627655
3560.3232955067006
3560.3210117887106
3560.1530922232314
3560.1510853183813
3560.16498862946
3560.1626891965047
3559.9901064058763
3559.988080337595
3559.9948818746416
3559.9925692343613
3559.816158540101
3559.814115437008
3559.8144452623274
3559.812121750851
3559.6326911732094
3559.6306330406946
3559.6251210407213
3559.6227888100602
3559.441112419016
3559.4390411277523
3559.428309986188
3559.4259709984676
3559.242783572959
3559.240700851707
3559.2253600013228
3559.2230160279405
3559.0390089637876
3559.0369163979267
3559.017556947929
3559.015209573335
3558.8310279277607
3558.8289269611
3558.8061175444905
3558.803768174253
3558.620008791803
3558.6179007314686
3558.5921842337193
3558.589834104408
3558.407044662666
3558.4049306870165
3558.376821801108
3558.3744719930733
3558.193150889221
3558.1910320564357
3558.161015567158
3558.1586670180413
3557.979263943791
3557.977141202323
3557.9456709198394
3557.943324438923
3557.766241554103
3557.7641157534053
3557.7316140412554
3557.729270323896
3557.5548638959654
3557.552735798084
3557.5195935784095
3557.517253220639
3557.3458356511974
3557.3437059409484
3557.31028311786
3557.307946629613
3557.1397887628314
3557.1376580587894
3557.1042842928664
3557.101952111217
3556.9372857279554
3556.935154592102
3556.902130331982
3556.8998028331325
3556.7388232835633
3556.7366922308315
3556.7042899721214
3556.7019674820667
3556.544836380985
3556.5427058870723
3556.5111715888966
3556.5088543932416
3556.355702326416
3556.3535728357942
3556.323127426205
3556.3208157794857
3556.171744983835
3556.1696169158217
3556.1404578975425
3556.138152029875
3555.9932389968503
3555.9911127515556
3555.9634158187537
3555.961115942717
3555.820413932274
3555.818289895831
3555.7922105583134
3555.7899168750173
3555.6534583242915
3555.6513368726405
3555.6270120592603
3555.6247247623473
3555.492523543583
3555.490405046131
3555.4679546766406
3555.4656739564975
3555.3377275181183
3555.3356123405165
3555.3151408297426
3555.3128668761788
3555.1891582115513
3555.187046717784
3555.1686444179277
3555.1663774232206
3555.0468769101094
3555.044769464452
3555.0285140291753
3555.026254189272
3554.9109212664375
3554.908818234679
3554.894775904177
3554.8925234206436
3554.781308131453
3554.7792098816103
3554.7674366779274
3554.7651917582225
3554.6580361257384
3554.6559430288207
3554.6464858656677
3554.6442487242666
3554.5410880143672
3554.5390004443807
3554.531898144162
3554.529669002202
3554.430432836649
3554.428351171001
3554.4236354029263
3554.4214144884277
3554.3260278450443
3554.3239524639994
3554.3216485891853
3554.3194361367564
3554.227820219965
3554.22575150634
3554.225879344306
3554.223675594478
3554.135748609497
3554.1336869480465
3554.1362614572695
3554.134066655677
3554.0497444597954
3554.0476902368764
3554.052722126584
3554.0505365234944
3553.969733211378
3553.9676868135134
3553.975183079754
3553.9730069287243
3553.895635299023
3553.8935971126266
3553.9035614952086
3553.9013950524386
3553.827367014779
3553.8253374246806
3553.837770820411
3553.8356143432216
3553.7648412393132
3553.762820628303
3553.7777214166626
3553.7755751622235
3553.7079680331813
3553.705956780012
3553.72332111973
3553.7211853437975
3553.6566551180513
3553.6546535969046
3553.6744756341036
3553.6723505900563
3553.6108082293904
3553.608816808249
3553.631088867511
3553.6289748040763
3553.5703313916683
3553.5683504310514
3553.593063133564
3553.5909602940146
3553.535127083811
3553.5331569349523
3553.560299296249
3553.5582079158844
3553.505096325552
3553.5031373297516
3553.532696792426
3553.530617098208
3553.4801386945296
3553.4781911806804
3553.5101536266425
3553.5080858342744
3553.4601522609687
3553.458216544377
3553.4925662680794
3553.4905105809335
3553.4450334653607
3553.443109845862
3553.479829491759
3553.477786098498
3553.434676943474
3553.4327657037143
3553.471836183213
3553.4698052565427
3553.4289752985587
3553.427076702259
3553.4684770707954
3553.4664587650377
3553.4278188283324
3553.4259331184358
3553.4696404472456
3553.4676348967855
3553.4310952247574
3553.429222621162
3553.4752118329734
3553.4732191499697
3553.4386892344155
3553.4368299326115
3553.4850736321164
3553.4830939047592
3553.4504823058537
3553.448636474223
3553.499104757775
3553.497138048033
3553.466352212622
3553.464519991305
3553.5171802405157
3553.515226582488
3553.486172658342
3553.484354156732
3553.539170841327
3553.537230239114
3553.5098129067237
3553.508008201296
3553.564942658238
3553.5630150842085
3553.5371373826406
3553.5353465158805
3553.5943567353256
3553.592442128147
3553.568005304145
3553.566228282067
3553.627268700878
3553.625366963771
3553.602270321808
3553.600507112274
3553.6635284047065
3553.661639404496
3553.639780196078
3553.6380307275267
3553.702979611193
3553.701103175992
3553.680376492614
3553.6786406521587
3553.745459711117
3553.7435956295053
3553.723894337615
3553.7221719698764
3553.7907994792286
3553.7889474993835
3553.7701621882684
3553.7684530946176
3553.8388228960184
3553.8369827243087
3553.8190017026045
3553.8173056396927
3553.8893470174044
