2.956360883920669
2.853272678412391
2.897062390433758
2.9280394803473233
2.8419617555062353
2.8885220523720645
3.1347854958354513
3.079727900929613
2.722965066221228
2.175149638190045
1.5371907845006578
1.0113800397701218
0.5048094990871729
0.13006811191243478
-0.23291243113836013
-0.7196032822901213
-1.123380646902954
-1.4676830671314365
-1.5449350688459698
-1.382144035255955
-1.1059004119206781
-0.7536293866629832
-0.23811722153876824
0.28429454520065023
0.39577857502983294
0.5879696809140035
0.8479822925559992
0.975266357351868
1.2585369636960066
1.6592595591367116
1.8577413168011676
2.015022609238874
2.276655871456645
2.386083782122778
2.560891273868152
2.6059011947854698
2.57873944406848
2.7477138447808054
2.9553607074144477
2.9878654618997067
2.835030128600889
2.488958704647283
1.9762304057625215
1.4854005300857946
0.968625936880317
0.534553983382452
0.26605061981597794
-0.1112644946825629
-0.5756318308597974
-1.0615061847043736
-1.289656758277657
-1.4502347854371844
-1.3759267078706923
-1.047770710417757
-0.7275072343778713
-0.46028527192420976
-0.35535201221528046
-0.14037388286127453
-0.014442694050818524
0.021071634761136313
0.18635842763250057
0.41099428437913416
0.45217298576985354
0.46589818341350914
-0.25003427097462555
-0.3368141250596973
-0.3559446947629243
-0.2604138569647815
0.04027384389065289
0.22424775996817617
0.17230089582203817
0.47237508565579733
0.9105792996258744
1.4021983264046118
1.9855485457081188
2.478271444848261
2.924382994548546
3.139001921858555
3.0954787440552605
3.176504804948813
3.0768995064769977
2.989394901617638
2.7438534324846473
2.868866619439706
2.930446229126079
2.846859733916784
2.933764510185815
2.9552262089538646
3.1116849519605645
2.9481827186608105
2.69177847563053
2.5036673882746445
2.1067701189548784
1.7667604569366866
1.7000819794253377
1.7113193952322998
1.0130932289516048
1.0222223346554038
0.8129958068045059
0.6826924059781005
0.5882818626474311
0.32930344710607656
0.008162395286195308
-0.15714591284941792
-0.15505155935672027
0.06268086772656002
0.4198224245949815
0.8431903888618364
1.207097561324039
1.5160318532422534
2.0025302888616214
2.6313357334573175
3.322498318354415
4.027833424894305
4.490424474577373
4.277063064533682
3.8434467216353103
3.336501698385001
2.6358799001926188
2.031487199991551
1.7328048233719222
1.347825823277233
1.1789440555277744
1.2103400824889892
1.0755890291453545
0.7350817541483696
0.6059547958851697
0.6122015768331707
-0.3039288872522657
-0.6507517937737991
-1.0125957186702097
-1.1016821779846038
-1.0599671969326323
-1.1581464220169817
-1.2688508045358358
-1.2049612123389224
-0.9863139517846952
-0.5519090358379312
0.08171533980532919
0.7199908287025277
1.3725682554971954
1.9148341348492388
2.237595754712435
2.7419515855828744
3.3110063368441054
3.918123359423741
4.1384176663905645
4.111930747845824
3.776075626024552
3.197219606343071
2.7724346182430617
2.438112358670149
2.4152210230669295
2.152893518762321
1.95458697304237
1.9806848226677596
1.8591995675845108
1.6604062028320017
1.5712230455256713
1.5825059594534845
1.9453575549467308
2.199353978619862
2.2162256825685875
2.125754822769305
2.0443247508307136
2.03043830954647
1.9711903656965386
2.024234880721457
2.1871288033859435
2.390072569346715
2.5513658938046815
2.6890337888781746
2.6132644237939684
2.395642099158813
2.4360577059664643
2.549799121093882
2.5623176155957452
2.4629278620916506
2.4280431883557765
1.9653057193155963
1.4585516574366009
1.13981727068095
0.7312748141872779
0.3403736809876109
0.23346089740856757
0.18503327546783616
-0.042874056468346106
-0.1278125694049138
-0.016873279803611543
0.0877563833242475
-0.03280186402198499
-0.20925296291507842
-0.8684530817855296
-0.818670269687639
-0.5928946315857619
-0.39214188904249025
0.024407917379752887
0.4778388672300574
0.6241366538542709
1.15863117947071
1.8609854474175411
2.475858700200426
3.001404846015362
3.2412818080683343
3.39773620466203
3.2596464980018096
2.896117074109318
2.6635964997473285
2.054243406170736
1.408372877710071
0.8467383196600944
1.0216923070604127
1.1960777905322817
1.2627815483242861
1.6559952277655885
1.8979621537034215
2.1793454133855725
2.114899348070944
1.7665446656317008
1.5036145585874972
1.1676809081810404
1.011258079936096
0.9887029715610381
0.9057058071722724
-0.5260833594538034
-0.4326189218316622
-0.3063299680171344
-0.200460966090805
0.11600648906002813
0.41299132948511363
0.4085301119029597
0.824437413026839
1.484919822170218
2.1763841883846817
2.838721870198174
3.2523359643002716
3.5537145046163277
3.570011165434129
3.502196002658814
3.620306408485484
3.4241080346828783
3.2088843074637845
2.955292364101026
2.9450074149010725
2.8089053165068325
2.5727441229394787
2.512997183589519
2.3555785648341105
2.406591845246528
2.1232495064105423
1.6913568942738788
1.4742450136614975
1.1354842405633607
0.8458885222235547
0.7514153294394678
0.6473337332422356
3.112023769457337
3.001912160115707
2.952660529036011
2.875298983927445
2.576827667616221
2.399583169113562
2.5390118830387616
2.2007203442519225
1.5307330926611527
0.7197186183743984
-0.13270105119642814
-0.716693581573242
-1.2203262516048827
-1.3562104534874768
-1.4577610809471533
-1.8126509142482912
-1.8958019001125184
-1.9798853844431787
-1.975348342356667
-2.0309223238430705
-1.8346604657383472
-1.4613768150407234
-1.180938852946003
-0.8218912318236525
-0.7470954329718518
-0.38841625706967253
0.10774917666850946
0.37509148636863093
0.8357035364026923
1.3296253224253638
1.5234064741966786
1.6739079156930365
0.6911680853564018
0.7715513192247451
0.7688577917592231
0.7413668787386037
0.7316637614007242
0.5539254177145096
0.23854190991464466
0.11333530548132578
0.17704138272246228
0.3942147261623897
0.7200158638380519
1.0955149397945119
1.4653808982743433
1.7951937113953544
2.113161962847641
2.5271005084714937
3.014554298280093
3.5601604969502705
3.8821289594312325
3.904579622503258
3.782460409711649
3.499774514359673
3.1037249013380275
2.7500609276752908
2.615113149603618
2.317234552012122
2.1626502720320766
2.17459080604903
2.0164303955668155
1.6380487143598121
1.4886611518984345
1.5111987384396666
1.7342883570288323
0.9004879496243142
0.786630106929225
0.09135343428855305
0.6828960007140413
-0.8066047481179612
-0.8522813259124317
2.8614528262105434
2.922473003177087
0.22911506350799013
3.8758896160113845
-4.804196599837596
0.5255231977966229
0.9406047244596457
-0.9149597944103404
2.0517240047162373
1.4318079992942583
5.0516894143243265
5.819099627657906
-0.22457300460731205
0.20340117939378996
3.446533638894003
10.29779926265628
5.385280651707737
-0.3235014630761707
3.3934835108743897
8.007225193942746
-5.89348288588925
0.002339246523075614
0.7505548384968262
1.0541426911949896
1.2927739730562537
-0.053097077545047
0.7352460223020982
0.9154296096051894
-0.33473559150903304
0.3759912683228767
1.3203442721103644
1.2997631421473377
0.8280261857742508
-4.939293067958199
0.6883621997238495
-0.2697233271767961
2.29605493312896
1.038778268847061
-0.2845906993536637
1.3416778251457349
0.9610206452341258
0.5300189835446344
2.0984221094427498
1.783398621266978
1.2447127160790106
0.5195136742765266
1.5936547581433413
1.3368804993334427
-0.2504046148956389
1.1455715715633934
0.46660668636823
-0.09503852478783627
4.582724659047985
-0.11398438128065481
-1.7811808529918844
2.726759232914888
1.7639355190090433
-0.8870997466145031
-0.007341762229316519
4.668917910774715
-0.08301160945337474
1.8797693216524156
1.7313437289331552
4.748377608823744
-3.8704164007886095
-0.5720661817077121
8.3373897411754
8.32647963369599
-2.6677264680035413
0.684526092479618
1.6081792931846368
1.6414989650601337
7.151860092856789
0.6607142416506137
-2.363978156340826
-0.12480473144561686
-0.9325010535858691
-0.4482001114547086
4.273268337380474
0.50838148911669
1.6662004404796698
1.8205693862730448
4.033754823713958
-4.111054007293437
-0.5453992337832507
-1.4463508851617266
3.905884143458519
-5.0173694711184575
-1.131551282420414
0.055211597659599376
1.779025382620252
1.3205647629598223
6.2006714424459455
0.3785141627688718
0.06236378420489871
2.01619483651489
0.19636180886794644
-0.08651986166245665
0.5828995127785059
0.7926534297433275
2.12727774949215
1.7019641817923354
0.5671007588224046
0.3874495727514828
2.7927007724276565
6.984635779981649
-1.4639220508200925
0.8852562901337211
0.5645171634303879
-0.15244832640208528
8.96822252373327
-2.5810653511152877
1.2951556060646654
1.074727335040499
1.9524289749946435
0.7447250883948348
0.6112949043171645
-0.45911572938795164
0.18428688564629547
-2.624833746430514
1.0019148422737103
1.8885050053414199
1.6264049542326868
4.127876037646419
-3.364203018056457
0.0819921257237442
0.10350574595841477
-0.16884946444401674
8.417936831819736
2.1953812580117162
1.3206458245028974
5.476932362199846
-0.06582738118227521
-1.9469768105890146
2.4977812798522634
0.7232223324546514
-0.614472930235838
7.527307134366539
0.5138004536557361
1.3740659094034162
0.7296612013528403
1.8892838190106143
0.00491151204478827
0.8464933637222959
1.5933206939934292
1.2519127096596285
1.3666110214989289
-1.335355102405757
0.09893130177085795
1.556261956249998
1.0392201495595415
1.8110749169267375
1.3259335741984206
0.5553076340855424
-2.2820860644996364
7.7872188388787755
-2.0858728363003123
-0.37273995076555255
-0.7253934510490778
-0.07306379592214156
1.6467006704774736
-1.5610609727650318
1.9776783319079287
3.955571307905075
2.098676254249508
-1.0449113346761334
0.7079913749446333
-0.6762841239969667
-0.3057039457275333
-0.23716314424691862
-0.29273049252421074
-2.072309905106256
0.5170555375924669
-1.379358522367415
2.761061195602957
-1.9814293484661054
1.8544023153208125
4.276806110817489
-2.445589406491611
3.022011188582547
-0.5194442459716977
0.018884168831756056
1.4605909245786366
-1.8133682334877532
-2.9653434418628404
1.7396304517648542
1.795120162888782
0.2325609398635905
3.3991534558776153
-0.8634362773564778
5.454434980362076
0.8786773094067724
-0.19072547238170637
0.696868800419998
2.662749654977427
4.426413538659342
-2.9605187456513162
-0.41527999876233657
-5.087422323310867
-2.7019884587994483
-0.30419639759827866
-1.4286489710869155
2.217350136761764
-3.452033536453063
0.8712141959787161
-1.218123471618788
2.25876911399354
0.9181343661969306
-0.01856135776684369
4.3838751772480045
1.9449441128464133
3.4420219299176398
0.5445648452640385
-0.9516675883694162
-0.7563929092033308
1.118403401450933
4.085439249064395
-2.0117859193663996
0.5373048665125242
-0.3971723047709211
4.5059838800824865
1.1964550141970773
-4.821828718703839
-1.3934703423965746
2.3174296973566317
0.24057472660199966
2.9171509744505495
6.164824730696091
-1.3537666401542778
-1.4541968461596164
0.10008183785846222
2.302218342195057
5.08464147045846
-0.7093339774116662
3.0196607871057304
-0.3450686522995143
4.446417724063896
3.049878298264892
0.45672289101425034
1.365523178852137
-0.8337057818775796
2.1244418497268946
2.1978334236344472
1.1102277247817542
2.9311181126986443
4.682067026401111
0.3150666769713803
-0.8215599080356688
1.7160500823649485
-2.1303221874584857
4.278340787101829
4.439262242555928
-1.044275960341508
