15391.533470607206
8978.837342584739
9024.298013585454
7130.4175661614245
7107.536747036268
7116.4475130966675
7110.883715264145
7228.8391667627
7346.116821669596
7342.008302017315
7103.459471293116
6750.6933754541315
6650.351991214138
6675.323044059147
6524.639820060357
6332.5043082364755
6062.13775231666
5934.180682236022
5900.84251474649
5994.965396018989
5949.3156193821205
6103.525578657717
6038.276353737015
5703.802762432537
5534.48195513396
5511.5667486891025
5489.771332122708
5634.724757858443
5663.754885576985
5456.99844886933
5365.505184903232
5458.361392989451
5506.659699351269
5272.158453188554
5425.866976653485
5319.201826296235
5032.291787702867
5009.374234768278
4871.712172130356
4858.534144696697
4822.909947105584
4804.919783131307
4742.325609412712
4725.710079171517
4665.4863552391935
4649.678637489749
4617.903150967502
4613.851003248529
4639.828828550865
4679.450739670098
4632.360621593691
4632.404053088159
4618.119182956674
4728.036741038183
4712.047975023692
4652.091046118738
4745.811723219368
4785.437123542592
4669.358671768646
4556.9391897971855
4634.040537365226
4615.027904921305
4497.69373989449
4436.870020221084
4470.546486312015
4449.265721448055
4362.195117528292
4322.780829491524
4333.5818832098075
4311.947006625816
4249.836286950576
4218.560402200133
4216.464419606395
4194.003207563352
4144.5790222359465
4116.155041678311
4106.279601310081
4078.622732798838
4045.793877683084
4035.4341337578053
4072.2475793274184
4077.244724147366
4106.998195474358
4117.618619214504
4196.116703844059
4173.744855580034
4365.3770977839395
4376.696421882426
4155.860465599168
4145.810433314309
4307.274559151902
4314.929924163257
4133.396449936817
4124.4471772630295
4284.82524032532
4292.972631783002
4126.130282421915
4116.666088268321
4285.426829423834
4294.699175709665
4129.158761134412
4118.802156479165
4301.633305627755
4312.263523343091
4139.477692288114
4127.944685935718
4328.710778848535
4340.910572143332
4155.061161225486
4142.059458562962
4363.0873927023285
4377.056498743898
4174.294016352618
4159.531554126025
4401.9442600279635
4417.8645168835355
4195.919373735414
4179.108816092856
4443.415484945754
4461.464142513041
4219.193845572645
4200.042021739019
4486.770535630691
4507.14253585599
4243.952887785781
4222.141591007828
4532.245992135673
4555.171917235837
4270.481379070909
4245.648118197746
4580.621171249025
4606.375301919918
4299.287895635816
4271.011786591789
4632.819868521776
4661.7200842780885
4330.926941734642
4298.720677866368
4689.708307738703
4722.111676869877
4365.930398563296
4329.237032684557
4752.075113401958
4788.371269203853
4404.822850011981
4363.016462488057
4820.691633184892
4861.293192165003
4448.167263192164
4576.545006656123
4267.707270668504
4421.467460224948
4317.683142240406
4078.907321602964
4129.9823842218175
4165.0070177603775
4310.067673585519
4199.768889384292
4243.455343375808
4247.014218171938
4215.658800631366
4227.4866190499715
4292.836335364761
4240.892285634835
4201.885225484362
4201.240404786389
4028.1113524602215
4024.8878395734937
4014.654274644492
4012.307835767094
3983.2882913878593
3982.7868009054573
3977.5843552281276
3976.0776671996487
3963.8928329006044
3963.516992815708
3960.3564394772784
3959.300197207818
3952.6453605905326
3952.2140672875853
3950.063688504857
3949.235868207844
3945.0820339021316
3944.609438773843
3943.0251733249524
3942.3196360506263
3939.499522620563
3939.006384946644
3937.7693849440216
3937.134425196731
3935.0976007960658
3934.5962798733
3933.586647005274
3932.9956986421403
3931.4489691873573
3930.9459919563405
3930.09244784644
3931.4933868852922
3935.8393357461487
3940.0263928281
3945.4199985866294
3951.058347500144
3943.977360196263
3961.1023032677704
3944.1241946562336
3957.760565431789
3943.6635117394985
4014.542225090654
4021.9469348145158
3940.8772059697317
3946.9946981705248
4014.361761364419
4098.523862024981
4022.0715245242513
4179.872784943847
4193.6233185250885
4532.145818042781
4487.068043156241
4486.8395698416125
4472.889518293318
4025.687830174069
4035.3211316761754
3953.460622612493
3941.2078785407357
3974.986382553033
3976.5236776596457
3944.9450862301906
3942.1614322298956
3973.8841950866704
3973.7819926455736
3948.2232668552656
3946.90178773081
3982.0461862031566
3981.7822448782536
3954.900562741334
3953.948474108121
3993.4460046005247
3993.215101138397
3962.7864400190224
3961.9768611366117
4005.9948818608377
4005.794795445417
3970.9216036265134
3970.1902840292732
4018.7100717004046
4018.515073247686
3978.8498641605825
3978.177045198927
4031.118372556536
4030.9029860516785
3986.3882599234357
3985.7730340331964
4043.041406020599
4042.7818839475403
3993.5054691902897
3992.9572334223376
4054.467157501331
4054.140618742996
4000.2422308474793
3999.776282061639
4065.460430185851
4065.0442928103275
4006.662102769485
4006.2969387774065
4076.1068119967395
4075.578603252998
4012.8261515992403
4012.5818009969616
4086.4845011177417
4085.821882534749
4018.78360194325
4018.6806033461453
4096.654735651358
4095.835632029001
4024.570985377695
4024.6297466147266
4106.661922843978
4105.664695448681
4030.2146040330294
4030.45496897805
4116.537329205899
4115.340961290511
4035.7335205958934
4036.1744503052387
4126.303101851506
4124.887378575674
4041.14197240292
4041.8012978597194
4135.975405920904
4134.321078563809
4046.4510072916555
4047.345236682429
4145.566515633596
4143.655444938371
4051.6694919446713
4052.8136653016118
4155.086092040984
4152.90136883019
4056.804709391274
4058.212296003042
4164.541936951433
4162.067980035622
4061.8627188413525
4063.5455526771843
4173.9404465765265
4171.163079137775
4066.848587144886
4068.816835164408
4183.286903031521
4180.19340904909
4071.7665527774884
4074.028710905863
4192.585680514003
4189.164843008163
4076.6201524743456
4079.1830644552924
4201.840402734685
4198.082525590768
4081.412323794199
4084.2812185021335
4211.05406795761
4206.950982991156
4086.1454905632017
4089.3240339641743
4220.229150469864
4215.774211375372
4090.821634246178
4094.311992765857
4229.3676816458
4224.555746313668
4095.4423530063023
4099.245265533603
4238.471312877678
4233.298715433349
4100.008910528656
4104.123766738614
4247.541363334422
4242.005877325488
4104.522275180353
4108.947198202099
4256.5788525873
4250.679646406083
4108.983151625936
4113.715083400477
4265.584522166222
4259.32210790414
4113.392006063612
4118.426794172126
4274.558846691923
4267.935023355807
4117.749086168801
4123.081570900014
4283.502037395122
4276.519829448432
4122.054437492649
4127.6785384181585
4292.414040029627
4285.077632026752
4126.307917102387
4132.2167184338
4301.294529030916
4293.609197004569
4130.50920602873
4136.695040288563
4310.142900628228
4302.114940855627
4134.657821247269
4141.112350884545
4318.9582662569355
4310.59492194818
4138.753128220194
4145.467424872302
4327.739448446751
4319.048834803921
4142.79435452048
4149.758975834162
4336.484979765322
4327.476007823055
4146.7806049051505
4153.985668673165
4345.193106798139
4335.8754064664545
4150.710878654523
4158.146134204096
4353.86180013603
4344.245642882579
4154.584088758872
4162.238985538165
4362.488770064805
4352.584991523066
4158.399083187138
4166.262836392714
4371.071488917022
4360.891412033157
4162.1546676675225
4170.2163207554295
4379.607219632301
4369.162578678071
4165.849630180798
4174.098114270078
4388.093049818284
4377.39591579101
4169.482765798661
4177.906955576734
4396.525931275427
4385.588639324641
4173.05290214887
4181.641668278756
4404.902723024389
4393.737802337485
4176.558923843264
4185.301181581505
4413.220236859974
4401.840343629191
4179.999796263527
4188.884550067101
4421.475285177135
4409.893139231151
4183.374587308673
4192.3909713542
4429.664727960806
4417.893053510637
4186.6824865506915
4195.819800915819
4437.785518246307
4425.836989295612
4189.922821541542
4199.1705639158745
4445.834745669496
4433.721936469388
4193.095071226644
4202.442964239521
4453.809675209305
4441.54501609107
4196.198874543209
4205.636888513609
4461.707780557059
4449.303519321121
4199.234036615244
4208.752407935878
4469.526772552268
4456.994941597769
4202.200530180326
4211.789775390786
4477.264620560573
4464.617009665258
4205.09849409729
4214.749419939357
4484.919567064799
4472.167701740032
4207.928227767684
4217.631937350208
4492.4901354093045
4479.645260617409
4210.6901833305565
4220.438078860119
4499.975131508532
4487.048200348348
4213.38495487082
4223.16873725232
4507.3736387147765
4494.375305761919
4216.013265327532
4225.824931037942
4514.685006441782
4501.625625187992
4218.575951849419
4228.407787453958
4521.908834565978
4508.798458483177
4221.073950586153
4230.918525399525
4529.044953652534
4515.893340358081
4223.5082798279545
4233.358437044962
4536.093400634432
4522.910018539606
4225.880023884759
4235.728870650367
4543.0543931537195
4583.689688938633
4104.632117133429
4063.093361781892
4332.126150813772
4334.198437380562
4219.189898187232
4224.538120688348
4538.002306787203
4528.166438692897
4224.706428295683
4233.719950434486
4546.577292912774
4534.341737742785
4228.046565629313
4237.534189498934
4554.476772372786
4593.8781954000815
4108.973572887684
4069.1426562012566
4348.388908683509
4350.079990347917
4226.249993425912
4231.941358158435
4555.764663967092
4545.684243103508
4226.66993419864
4235.737597812489
4557.51580249281
4545.21566972059
4230.930866733818
4240.435445449357
4566.688579646019
4603.67401775184
4112.51318857532
4074.968639566492
4363.453458867711
4364.583456234239
4232.659450586132
4238.78216256538
4572.339452600989
4561.901988110949
4228.383053342507
4237.54636678066
4567.931532590395
4604.7035781005925
4113.466824739056
4076.640872637824
4369.786858165843
4370.713829348084
4234.557828620735
4240.865032737834
4579.076035223535
4568.482030946465
4228.068619001345
4237.287589379065
4571.733479626223
4607.600434024393
4113.711794394474
4077.7427228417014
4374.913664506244
4375.583882138479
4236.262672115979
4242.776257378952
4585.46743905667
4574.683272854192
4227.746820878833
4237.031969882746
4575.499564718315
4610.460731646087
4113.894661391433
4078.757726364875
4379.9021627812635
4380.311789619066
4237.901947018196
4244.615413233016
4591.78748663172
4580.8162975869745
4227.380218223888
4236.725907731371
4579.229447183064
4613.322837135124
4114.067108171799
4079.728120744142
4384.851161935057
4385.004046152342
4239.477467256269
4246.378782572558
4598.042639205229
4586.895770344911
4226.954849382002
4236.351642603575
4582.902028035706
4616.172460176791
4114.241177890375
4080.6650046788213
4389.781116504655
4389.683782218123
4240.979560520834
4248.054974960215
4604.212877289529
4592.904483146438
4226.463450964818
4235.900890250796
4586.499915608227
4618.991269456983
4114.420742862061
4081.574627960147
4394.699617776297
4394.359426769295
4242.401029572686
4249.636636840358
4610.282784095395
4645.541493026824
4107.245562259522
4074.0913676375535
4384.0079319170745
4383.78890377602
4240.344038971703
4247.502218709416
4608.415343951343
4597.034375330648
4224.042892705763
4233.51145032311
4588.375738582144
4620.678765781126
4112.169033728726
4079.6168947848732
4396.570781611558
4396.03852503967
4242.03553040622
4249.431435555338
4614.880169343412
4649.718877609082
4104.323379531576
4071.5378871763437
4384.8611924485185
4384.439079697574
4240.043489172379
4247.365824678954
4613.132135237335
4648.605036614175
4101.96024408012
4068.7518606425515
4381.954007297439
4381.582323065821
4238.326705993897
4245.655493173889
4611.777578951908
4647.672756152267
4099.547797993582
4066.0151564400876
4379.0676266268065
4378.717931553832
4236.662985659882
4244.013509107516
4610.530318610692
4646.7848926293545
4097.165519312571
4063.3446627315197
4376.301563161368
4375.962846778096
4235.057316744585
4242.435128959767
4609.417639177925
4645.991687400381
4094.830558452897
4060.7489915925203
4373.688955794374
4373.354108369417
4233.515714540208
4240.923985008616
4608.455199580684
4596.770490289974
4214.520584069469
4224.175119812862
4585.091200229904
4618.352297525239
4100.891817631005
4067.6775925531824
4388.761988814821
4388.023432788645
4235.66588617889
4243.353025290591
4615.989223646302
4651.460848589678
4092.3157194522614
4059.016971114582
4376.216517555427
4375.571519844195
4233.985995252477
4241.600319965843
4614.987416702877
4650.952485730102
4090.236520276957
4056.6318456798463
4374.164533744689
4373.544704901908
4232.602183384082
4240.2303057525305
4614.418799913129
4650.652674249112
4088.117949377858
4054.311875812412
4372.163677019953
4371.53960708971
4231.288727240615
4238.945874043691
4613.991783026617
4650.427318266268
4086.0407171300917
4052.073830529479
4370.314025652609
4369.673690433042
4230.052183624717
4237.744085141601
4613.736724474484
4650.32969443574
4084.0208411372573
4049.9252608792117
4368.647238586565
4367.982487824037
4228.898417411781
4236.628494820053
4613.669020561873
4650.381437851387
4082.062285275883
4047.867930622693
4367.1714011813665
4366.475306977927
4227.829024271606
4235.599865513805
4613.792543341189
4650.588953928887
4080.1659919104286
4045.901744138937
4365.887668110998
4365.1538200678915
4226.844069522992
4234.657862028001
4614.107242466831
4650.953513275745
4078.331748420574
4044.0259063455787
4364.794577761835
4364.016834315118
4225.942809648647
4233.80149979986
4614.611079517509
4651.473984539528
4076.558690492918
4042.239113179973
4363.889075993905
4363.061480275962
4225.123800236886
4233.029147514034
4615.300413163581
4652.147555462051
4074.845504186335
4040.539589728367
4363.166851606919
4362.283616826421
4224.384922608548
4232.3385086242115
4616.170129041629
4652.970003585065
4073.1905398045437
4038.9251312235065
4362.622534141943
4361.678057958198
4223.72342756481
4231.72664645583
4617.213766094638
4653.935874496188
4030.6628255245114
3974.9093171291656
4220.3087801007105
4178.00067744223
4668.08058585404
4670.513147735485
4218.79226083875
4219.4219504576695
4692.714938699438
4701.054067379902
4148.480199702571
4138.070539722732
4585.818836705271
4579.840364988275
4259.349620051463
4267.106468234572
4754.951420954383
4764.630767991069
4119.96534640585
4108.257434860316
4536.7736634399935
4531.776565180156
4262.056368799812
4269.666822566098
4753.285635922027
4765.961949175744
4111.9023174472
4098.141682429853
4519.8440246594555
4515.355540589195
4259.763765352573
4267.289771152644
4747.415701965006
4761.594374950873
4107.889659649182
4093.076003616766
4511.39735535833
4507.103690718246
4257.229573835697
4264.737463189915
4742.506743054685
4757.501695913067
4104.871960781466
4089.460984891285
4505.612429962568
4501.398920513119
4254.957561354368
4262.469403781528
4738.660090647019
4754.17590580425
4102.2705690997855
4086.4715709226275
4501.128137959028
4496.948660881332
4252.937085066894
4260.459022569382
4735.626407280672
4751.506132617896
4099.923147547912
4083.857424280821
4497.484774833981
4493.315020808771
4251.113411292407
4258.647387941356
4733.2009122362715
4749.343337282548
4097.752650742726
4081.502778570756
4494.441494531993
4490.265702454377
4249.439357369948
4256.986038351646
4731.2322446529715
4747.56547947986
4095.712010662453
4079.3381911580054
4491.843403911897
4487.650498604424
4247.877821072743
4255.437133400079
4729.607741325212
4746.078721888836
4093.770102894589
4077.3174977508857
4489.583545019055
4485.365653797047
4246.399547888695
4253.970790267409
4728.241644240603
4744.810544723297
4091.9055352491987
4075.4085586912033
4487.5851795438275
4483.33680981814
4244.981122133203
4252.563046422501
4727.06706484387
4743.7037162238985
4090.103126208238
4073.5882907782307
4485.791512110916
4481.508985801886
4243.603562121727
4251.194471406784
4726.030757695056
4742.71215608961
4088.351797601958
4071.83970220186
4484.159412616306
4479.840444208111
4242.251380229584
4249.849231790884
4725.089770937451
4741.798275928639
4086.643298547581
4070.1500612838286
4482.655526601194
4478.298898419879
4240.9119532378745
4248.5144545859785
4724.209286716962
4740.931285160383
4084.9714259083953
4068.509744117451
4481.253833921359
4476.859142336394
4239.575088486584
4247.179779778099
4723.36119944939
4740.086093752585
4083.3315421262137
4066.9114967022156
4479.934089570221
4475.501544692203
4238.2327098122
4245.837030492257
4722.523137364607
4739.242565372758
4081.720265752766
4065.3499461419897
4478.680787105812
4474.211053863161
4236.878611260653
4244.479950956915
4721.677740499733
4738.384964022814
4080.135261669259
4063.8212624280613
4477.482429973883
4472.97650164349
4235.508246567082
4243.103981928851
4720.812075416959
4737.501494772695
4078.5750831706728
4062.3229056818773
4476.330968125453
4471.79006581215
4234.118533387858
4241.706053020708
4719.917113210684
4736.583878620416
4077.0390403660144
4060.8534218488726
4475.221320842969
4470.6468139036515
4232.707662355678
4240.284382249966
4718.987231884895
4735.626931168909
4075.5270811855576
4059.4122658592614
4474.150941766337
4469.544285353327
4231.274906478836
4238.8382783819225
4718.0197225566335
4734.6281318953115
4074.0396758885545
4057.9996373470967
4473.119398023662
4468.482084874093
4229.820430559671
4237.367945252202
4717.014296310121
4733.587184073614
4072.577706026807
4056.616327188052
4472.12796340966
4467.4614875632
4228.345104466365
4235.874291754687
4715.972597847542
4732.505574912611
4071.1423561944202
4055.263571074536
4471.179222045326
4466.485052671288
4226.850323460014
4234.358750192311
4714.897734727998
4731.386145802046
4069.7350122147122
4053.9429128633583
4470.27669244684
4465.556256300897
4225.337840322157
4232.823107429315
4713.793834379862
4730.232685921981
4068.3571682038537
4052.6560796925705
4469.424480281206
4464.679151498015
4223.809613734914
4231.26935302244
4712.665640518377
4729.049560970052
4067.010344141464
4051.404870789042
4468.626966478633
4463.8580625444565
4222.267675498673
4229.699546637084
4711.518156289548
4727.841384649765
4065.69601592467
4050.1910616953455
4467.8885366956665
4463.097319632074
4220.714018692234
4228.115706578972
4710.356341535366
4726.612739914782
4064.4155594313097
4049.016326274306
4467.213357872425
4462.401039581652
4219.150507898185
4226.5197206379
4709.184865129852
4725.367951276922
4063.1702072012426
4047.882174634175
4466.6051988758245
4461.772949792742
4217.578810725962
4224.913278090549
4708.007913992332
4724.110909201335
4061.961019875134
4046.789909737253
4466.06730073031
4461.216260886993
4216.000350477567
4223.2978230121025
4706.82905473249
4722.84494352707
4060.788867116685
4045.740596922371
4465.602283154485
4460.733574915719
4214.416276367839
4221.674524897433
4705.651143095706
4721.572740478166
4059.6544211390938
4044.7350495809865
4465.212093808566
4460.326835517727
4212.827450656768
4220.04426631398
4704.4762760903495
4720.296299086473
4058.5581574518164
4043.7738249465133
4464.897986522416
4459.997306461176
4211.234449385959
4218.407643963687
4703.305780820267
4719.01692121448
4057.500362812931
4042.857230206515
4464.660526968091
4459.745577030906
4209.637573761002
4216.764980473929
4702.140230760535
4717.735226417287
4056.481148084216
4041.985335432365
4464.499618406388
4459.571587099048
4208.036870096194
4215.116344668987
4700.979485256765
4716.451188162249
4055.5004636587682
4041.157991181858
4464.414541136607
4459.474665465905
4206.432155686957
4213.461577748611
4699.82274535717
4715.164184499435
4054.5581173113947
4040.3748500229462
4464.404003491796
4459.453579483761
4204.823048283462
4211.800323127914
4698.668619654456
4713.873057930589
4053.6537917787336
4039.635388626329
4464.4661967501
4459.506588392867
4203.208997987414
4210.132058623934
4697.51519789569
4712.576181988704
4052.787062138652
4038.938930651505
4464.598853654292
4459.63150010621
4201.589319257865
4208.456128827813
4696.360125674662
4711.271528939581
4051.957411163897
4038.284667735991
4464.799304298211
4459.825725308624
4199.963222252857
4206.771776789494
4695.200678964934
4709.956736948949
4051.164243184759
4037.6716791444974
4465.064530723373
4460.086330237821
4198.329842890965
4205.078174413484
4694.033836766699
4708.629175728094
4050.406895109084
4037.098948688592
4465.391216167344
4460.410084110445
4196.688270381422
4203.3744502924355
4692.856349346017
4707.286007832249
4049.684646086684
4036.565379991627
4465.77579197586
4460.793504283376
4195.037572545585
4201.659715417565
4691.664800895518
4705.9242452858225
4048.9967232129206
4036.0698072534924
4466.214475398116
4461.232892413793
4193.376818198976
4199.933085766609
4690.455667896644
4704.540802021533
4048.3423065254597
4035.6110053169627
4466.703306270735
4461.724369539944
4191.705096842128
4198.193702335126
4689.225370792044
4703.132540490117
4047.7205310813206
4035.1876959741157
4467.23817636815
4462.263904029542
4190.021535854924
4196.440748484519
4687.970321569722
4701.696314695345
4047.1304877240823
4034.7985528984836
4467.814855788926
4462.8473366211565
4188.325314905055
4194.673464607926
4686.686964774612
4700.229007229466
4046.5712224719796
4034.4422043977056
4468.429015083185
4463.470401422103
4186.615678370964
4192.891160618819
4685.37181541016
4698.727563929582
4046.0417348198293
4034.117234972071
4469.0762446226345
4464.1287442367375
4184.8919455832765
4191.093226277796
4684.021492198563
4697.189024084687
4045.540976298755
4033.822186655096
4469.752073519738
4464.817940610517
4183.153519368152
4189.279139804557
4682.632746649676
4695.610547563874
4045.067847077227
4033.555557813035
4470.451982809479
4465.533508323675
4181.399893003401
4187.448474718708
4681.202490234234
4693.989439715978
4044.6211950595334
4033.3158045451028
4471.171423528191
4466.27092485954
4179.630655980461
4185.600905556791
4679.727817963322
4692.323173825814
4044.199813269748
4033.101339723419
4471.905829188457
4467.025639482782
4177.845498628389
4183.736212264524
4678.206030303398
4690.609411713506
4043.8024398207995
4032.9105345589605
4472.650632908925
4467.793090080416
4176.04421575386
4181.854283670825
4676.634652207643
4688.8460221140995
4043.427757215314
4032.74171917409
4473.401281082534
4468.568716682315
4174.226709533505
4179.955120036578
4675.011451193344
4687.031098091193
4043.0743940423567
4032.5931854641235
4474.153251044331
4469.347979137813
4172.392991504658
4178.0388347459075
4673.33445213934
4685.162971803026
4042.7409265271
4032.463189446513
4474.902066030143
4470.126372173367
4170.543183944305
4176.105655229208
4671.601951822611
4683.240228678224
4042.425882788602
4032.349956408802
4475.643314944817
4470.89944540344
4168.677520619687
4174.155923301806
4669.812530533106
4681.261719203587
4042.1277473767595
4032.251685944325
4476.37267013952
4471.662821461025
4166.7963467436775
4172.190094593427
4667.96506230265
4679.226569337974
4041.8449671534136
4032.1665584004713
4477.085906612654
4472.412215636667
4164.90011817598
4170.208737188264
4666.058722848065
4677.134188657611
4041.5759590299767
4032.0927428839586
4477.778923192838
4473.143457618502
4162.9894000575305
4168.212529758903
4664.092995203219
4674.9842763832585
4041.3191172522684
4032.0284048078915
4478.447760498395
4473.85251007087
4161.064864152764
4166.202258214401
4662.067673122679
4672.776825196771
4041.072823189976
4031.9717157760338
4479.088622909296
4474.535491301453
4159.12728594071
4164.178812228635
4659.98286234876
4670.51212288734
4040.835454736066
4031.920863021263
4479.697897570671
4475.188695036775
4157.177540320461
4162.143180301455
4657.8389787821525
4668.190750987611
4040.605396726737
4031.8740596914627
4480.272173852757
4475.808610706191
4155.216596619239
4160.096444116818
4655.636744447102
4665.813581389786
4040.38105099608
4031.8295547528887
4480.808260516392
4476.391941447153
4153.245512650578
4158.039772018437
4653.377180244876
4663.381769347401
4040.160847434773
4031.7856437172763
4481.303203252211
4476.93562254546
4151.265428029418
4155.974411651488
4651.061597422111
4660.896745646634
4039.9432545430204
4031.740678874499
4481.75430020463
4477.436837882822
4149.277556458372
4153.901681707508
4648.691585014434
4658.360204464434
4039.7267893225157
4031.693078788281
4482.159114260627
4477.893033113837
4147.283177322512
4151.822962958608
4646.268995255801
4655.7740894734325
4039.5100269585873
4031.6413372821316
4482.515483954915
4478.3019275128345
4145.283626789577
4149.73968882648
4643.795927518208
4653.140578087719
4039.2916102626114
4031.584032479755
4482.821533035352
4478.661524433666
4143.280288136911
4147.653335256348
4641.2747091359415
4650.462063021874
4039.0702575181704
4031.5198338496134
4483.075675692727
4478.970117401235
4141.27458204616
4145.56541056457
4638.707875888718
4647.741133210121
4038.8447703090646
4031.4475094523536
4483.276621108153
4479.226295538954
4139.267956171267
4143.4774446815345
4636.098149145009
4644.9805515695825
4038.6140394219474
4031.365930953671
4483.4233732706125
4479.428944148392
4137.261875042154
4141.390978706672
4633.448413783867
4642.183233427337
4038.377050507651
4031.2740785946025
4483.515230306655
4495.556282681813
4082.7780903039356
4075.268490570153
4546.377697879734
4558.194727606037
4061.4878913120424
4054.271822338365
4514.704987240556
4526.926138742268
4067.2545436295804
4059.674145675963
4521.201978123246
4517.1573217674095
4114.9466287465075
4119.031484723087
4598.919346863815
4608.321660499557
4038.2997206362543
4030.7634990307884
4479.081619132895
4475.172891196663
4125.1958328617875
4129.247428820817
4612.279668367143
4621.447183962788
4032.6367683397984
4025.243575189586
4471.166618111171
4467.338360246302
4125.6097660001715
4129.591942176681
4612.84527066622
4621.871381157992
4031.4827741897075
4024.2199870792924
4469.9356567437635
4466.166325286763
4124.2566216258
4128.166661134856
4611.117754295319
4620.0040492664275
4031.1395618989477
4024.01144395291
4469.888075866711
4466.171716061559
4122.587306239233
4126.425609095962
4608.955971059985
4617.7008479327005
4030.940045113523
4023.947149017135
4470.02244967141
4466.358059500833
4120.860512447265
4124.627663560396
4606.688878247936
4615.292839707756
4030.7642304679703
4023.904986768161
4470.156842203936
4466.544600137399
4119.1230086746655
4122.819639415007
4604.375302684031
4612.8399746067535
4030.5894098155823
4023.8613783083133
4470.2562597514425
4466.696544710037
4117.384130204121
4121.010945792135
4602.02711536487
4610.354632357574
4030.4103574504493
4023.8107207200596
4470.312763756016
4466.805920903303
4115.646640782453
4119.2044265286195
4599.648393250658
4607.84114754596
4030.2251731396186
4023.750929971449
4470.32394339871
4466.870231383444
4113.912152117049
4117.401767437346
4597.242124274916
4605.302657912397
4030.0327388529163
4023.680791606277
4470.288910538811
4466.8884926468345
4112.182059109788
4115.604428455774
4594.811268047701
4602.742217584997
4029.8322366886405
4023.599439173983
4470.207463822187
4466.860410051486
4110.457691300816
4113.8137950149285
4592.358868315019
4600.1629303780755
4029.623039527396
4023.50622810924
4470.07985536914
4466.786147272044
4108.740330337975
4112.031196208045
4589.888022697293
4597.567929342477
4029.4046731335616
4023.4006892642933
4469.906687291364
4466.6662235219765
4107.031206350529
4110.257901909561
4587.4018408880065
4594.960340697283
4029.176794196881
4023.2825017716104
4469.688844526505
4466.501446546542
4105.3314919474005
4108.495117514896
4584.9034088388335
4592.343251582569
4028.939174546401
4023.1514735754004
4469.427444858203
4466.292862652663
