19433.22517550657
8662.113826281624
7993.0122614386
7750.035298304255
7624.353508118715
7586.4789688655355
7582.495994195072
7563.140004442684
7555.61507772199
7549.844107495064
7544.078064183906
7538.435458307252
7537.160602251097
7535.514479885849
7517.330870295036
7494.885548067526
7440.296803257316
7346.3194328764
6666.2410925093845
6626.022341236851
6601.018625961632
6580.8180394534775
6561.924108741716
6544.160515818828
6526.518132315066
6509.423210565272
6492.15914082972
6475.2395129795605
6457.9095234863835
6440.8204906362025
6423.008440368612
6405.383438424861
6386.5539395376445
6367.8908763172085
6347.165919381635
6326.608581186704
6302.149306053509
6277.84500781944
6244.2664132385835
6210.501414307834
6139.113735170687
6053.42904918316
5885.122098809158
5776.900805094431
5760.744112054647
5749.242771855267
5746.093265784487
5741.364522241274
5695.132996486801
5671.005939115786
5664.003739370346
5662.320508996351
5659.183609765135
5572.869387421313
5526.325114157371
5507.485288677891
5497.541628253416
5494.220570879619
5487.8571268832
5485.965406802596
5482.530192094702
5434.288085200711
5400.920213985075
5397.026643477238
5390.610142413803
5386.56474040625
5360.098821338817
5345.210615425591
5338.056476897214
5335.6920590809605
5297.290431014472
5276.07478317785
5265.7635084788935
5262.729693272354
5255.893984158618
5254.534466744116
5251.502330071214
5243.654462054081
5239.9644030549025
5236.429165731803
5235.730274202013
5234.84809674555
5233.497928106147
5230.242204875366
5226.202048185639
5216.313016636651
5209.877768189513
5202.040258652133
5196.641138865834
5187.45852811075
5181.506887748234
5172.6804323944425
5166.977457026437
5157.7313362829855
5151.96270093948
5142.596620568896
5136.801042450012
5127.486517656628
5121.832839849858
5112.163693181865
5106.3605272678915
5097.156003679284
5091.986116246116
5081.849110718306
5076.892732238851
5067.4471849925485
5064.761538840514
5053.787585290259
5050.435064576694
5043.652320023154
5039.900808050418
5036.352108268684
5033.106751595811
5029.781235234076
5026.581236119679
5023.278467986373
5020.09087914
5016.802191306499
5013.626361712359
5012.997511690803
5012.231289026112
5011.147998393859
5008.760211896934
5001.59688865302
4994.198946121871
4989.43648356851
4979.032826709371
4972.823764935961
4964.239400939543
4958.699352599718
4949.321668103525
4943.494349451456
4934.515833756466
4928.910434216108
4919.750505802326
4914.190167946723
4904.96907523672
4899.510290758267
4890.382390668164
4885.292652793943
4875.596420887488
4870.848625150834
4861.718907351299
4859.2313378529825
4848.39057385694
4845.063314324995
4844.459289478145
4843.752853489766
4842.825215859114
4841.028955616959
4832.519800006805
4828.3660223028355
4825.165877144028
4821.963431757043
4819.115057996442
4816.187926740825
4813.472938572648
4810.661320772761
4808.023711064871
4805.284798554155
4802.70898516347
4802.194850650322
4801.604265413317
4800.862885940125
4799.65143262075
4753.35024631728
4702.6869141870275
4694.976873771288
4692.193717220851
4690.776422336598
4689.967917446978
4687.123871110219
4685.121679991667
4683.824434198169
4682.333165522072
4681.761152465042
4680.984376958866
4678.3831385122385
4676.549285479832
4675.723957916393
4671.395177976466
4670.411786539444
4669.962250712519
4669.4604475321985
4668.8596212416405
4667.955848697573
4578.577431681142
4576.729896653286
4575.576299959205
4574.946382016119
4573.6018674002125
4572.466111781161
4571.58691220978
4569.908857052641
4561.938347510057
4559.197253807364
4552.834231362989
4550.156233656712
4543.618012731677
4540.959706050829
4534.766849485015
4533.349620658571
4532.278428340237
4531.346879220354
4530.67722548311
4526.125647809934
4524.967922193806
4523.940128437291
4523.037268545273
4522.398690310404
4519.182454324974
4517.408971839771
4516.395467035539
4515.504072353281
4514.867390091141
4511.367027995998
4509.75951462056
4509.101523721542
4504.017469006199
4503.076444597486
4502.345665323332
4498.0323403429165
4494.001187856652
4492.454987556032
4485.005223280598
4482.855108850013
4476.151982363886
4473.969597270339
4467.436708250228
4466.404351416684
4458.538340680916
4457.190308975189
4456.721698279123
4456.103200715512
4452.573412268334
4450.87942730879
4450.22091229838
4445.568110162564
4442.367505233318
4440.672334877564
4440.2868318733235
4439.871908314612
4439.403917128591
4438.7691226765855
4433.622483141048
4433.189056292734
4432.678554945042
4432.006801822955
4430.774390458955
4429.736123919441
4429.348675909731
4428.890674762581
4428.056985498486
4427.342466873737
4426.764695277189
4353.922077520268
4345.564699790358
4344.070935371695
4343.309674215122
4342.825593497159
4342.184408212682
4341.481657216174
4341.027327307434
4340.466815216858
4339.298221216368
4338.908689046859
4338.486722938786
4338.007026462673
4337.010693555725
4335.622560666364
4334.624930443404
4333.878954367439
4332.334379565108
4324.000164581596
4323.652041453716
4323.283240352045
4322.883439555331
4322.393665050768
4321.915860707188
4321.460096962568
4319.540790839915
4313.413727572571
4311.442414891716
4309.437125025095
4307.846407536852
4307.510489708566
4307.159477295021
4306.789626515665
4306.394511039922
4305.953944315772
4305.076269268818
4304.6960219079165
4304.288454658466
4303.822153459158
4303.316428489838
4302.875730395957
4302.315411756778
4301.906905508877
4301.441291799424
4300.826861105223
4300.371151505626
4299.871493483079
4299.436332146271
4298.826063137089
4298.425881793584
4297.985926295642
4297.546614822426
4297.121936766929
4292.377704659479
4289.231594300388
4287.296200507212
4285.320403055897
4283.76474311253
4283.430174729545
4283.080961892684
4282.714052918562
4282.325460672192
4281.909990563375
4281.267209531916
4280.88259184127
4280.474070136705
4278.796417495776
4278.46720847846
4278.124455685588
4277.765562565642
4277.387333949938
4276.986923444188
4276.286496188378
4274.8092151545125
4274.353330582984
4273.952563579536
4270.039878533017
4265.721751103325
4264.030876190346
4262.374956909364
4261.551186287439
4261.153711731637
4260.724879642802
4259.219718277843
4258.918316734285
4258.602840794006
4258.267065267146
4257.890223801577
4257.254735925544
4256.890232258027
4256.5055710285
4251.510596064181
4250.967799274214
4250.594577288314
4250.198814478592
4249.818550081745
4245.833760171534
4244.974619739814
4244.367343762102
4243.039026768233
4242.654871536943
4241.873191058561
4241.357194589042
4240.39806246297
4240.026842763631
4239.666810228706
4239.312013322569
4238.939630106434
4238.099095464186
4236.6730688143625
4234.8056834805675
4232.8982691387255
4231.429812438602
4231.106625877767
4230.770708075295
4230.420692518281
4230.057569921153
4229.698807752176
4229.202985834276
4228.8387483999895
4228.4837907232995
4228.1376239433275
4227.772441992462
4227.423247056665
4226.812594295574
4226.44952921222
4225.71835465489
4225.2405649077
4224.194545531567
4223.268049178446
4221.988780172752
4221.64927828374
4221.0870198866405
4220.7485112600325
4220.18613710255
4219.848475221832
4219.283146219437
4218.945488869932
4218.365923967102
4218.023587559949
4217.387938969502
4217.006579529903
4216.190403868417
4215.582481739859
4214.920368378814
4214.569583523322
4214.213230745702
4213.850095737768
4213.094950532395
4212.566650555345
4211.535884959384
4210.6082683227505
4209.701589966322
4209.347635002423
4209.02551256985
4208.821188813912
4208.467854820494
4208.138111015081
4207.874223041617
4207.521428788752
4207.204628294697
4206.886982468208
4206.536715671129
4206.061266697334
4205.115673780088
4204.301586994475
4203.737859307313
4203.394878716501
4203.044919935452
4202.727532891423
4202.520158445803
4202.170621886831
4201.855042424572
4201.654921168031
4201.305896286259
4200.989231626755
4200.7762988662735
4200.4279253966515
4200.116310399915
4199.934052782432
4199.586098052249
4199.265435368443
4198.992983582053
4198.646123109729
4198.3421377438535
4198.113639700106
4197.767065423811
4197.458740196056
4197.281839953807
4196.935564501237
4196.617785518077
4196.341256009467
4195.996364235719
4195.697060961636
4195.439507514633
4195.095669491592
4194.79832170261
4194.392951653361
4194.07029234686
4193.574182619325
4193.23018171103
4192.9141555568685
4192.5868662734765
4192.2455241694215
4191.951498947046
4191.468649050306
4191.175847536429
4191.004543103306
4190.662365535959
4190.347844413587
4189.983186665033
4189.643776041702
4189.355560008705
4188.903375947548
4188.607078816572
4188.451450873418
4188.110997414116
4187.801373521679
4187.47331807271
4187.136440274041
4186.849885352279
4186.340051049032
4186.057373487418
4185.588983938214
4185.305298359489
4185.12075228169
4184.8809983143865
4184.54455152835
4184.262225882853
4184.0925443422275
4183.866580340795
4183.530611332059
4183.246960362327
4183.0770902395525
4182.7738803594
4182.44123441171
4182.163743132849
4181.652866685508
4181.378004748254
4180.8814994184595
4180.61094257906
4180.1742260460915
4179.892016900982
4179.767994401322
4179.433479368404
4179.128729273349
