3.5671477621403738
3.7751437060528157
3.3940601690485868
3.83972135883315
3.7196483135703433
3.584510821097236
3.356637734620819
2.876333884396724
3.1196313943762877
2.809626757629206
2.08651906547922
2.084507930778279
1.5379800190587762
1.4811798844191348
1.3085014577525
1.0230002868289008
1.2168598098672878
1.698296329551075
1.4994149174613485
0.5724083769135798
0.35687752522936034
0.5146881751469073
-0.0279936865098707
0.1596131646874639
0.5331454378103744
0.8357438459874433
0.4322418193034602
0.2393122837814443
0.595405033014691
0.24106901809779419
0.5627850025065612
0.385068106567652
1.7765202205887385
1.372570257596234
1.0795092767238483
1.2940108811825475
1.3428348316441499
1.0256177240772058
1.5241162204393124
1.722288400879128
1.2547504138749248
1.9508520522175767
1.3743648945401779
1.3771896221178632
1.3364776276730344
1.2737739728874597
1.8774742992200086
2.0558700596673853
1.9040493313464963
1.9102965043847229
2.648202945318129
3.255205329424037
3.1375859513862006
3.305654482935797
3.204238431337602
2.5613203865009644
1.886250073185523
2.3753942064802995
1.9080417545401167
2.457947250413515
1.8769860310789208
1.9314341571422875
2.169848924419248
1.3170693017607378
5.883394629763748
5.961774192672416
6.03083832678443
5.569325999131747
5.554026477759207
5.289352219210025
5.0539842041597005
5.157320198219931
4.521057052255656
4.410852636522399
4.0800142757522835
3.6394344645122967
3.285382888448604
3.1204845833775434
2.682702311958394
2.1852887249249835
1.9096706156432581
1.707019375314803
1.370099961993321
1.5737117632795086
1.6669489902233539
1.830978132340798
2.2449485354710736
2.443005108718943
2.119959528261965
1.955404277448756
1.994343085556385
1.6700501886777326
1.428250171058343
1.5993740396752185
2.2052040953150915
2.7624598167944536
1.5580189547568182
1.3067075960199923
1.439191479774532
1.9196411619171565
1.9716270921199828
1.4274216673927103
1.1615718445816832
1.0795851633718576
1.2733004278672229
1.6720389373313973
1.1553634905104058
1.1147338341707564
0.9772306611285985
0.9120703256626306
1.263657463967663
1.7488660285999476
1.6942820235400906
1.192365863266222
1.2826615005404929
1.7596060200892771
1.1301526808404245
2.104128371725326
1.605378664353586
1.7937871162717227
2.046113747056511
1.522874304943629
1.2137646595958358
1.3996658877022081
1.7439306469519436
1.726772107376986
1.3089512447258926
2.0771679705933592
3.224373044229973
3.3236707420429394
3.1358597302069544
2.688342358952735
1.3147525006108012
1.4644697074796873
0.8212638395049939
1.125438802725311
1.1728367657128507
0.8510960463038042
1.0051275354011735
0.7683694192497482
1.0533107166907942
1.0069734514355526
1.1817021593422619
1.7610947859276014
1.8720035250155351
2.299779651045496
2.565516842617534
2.55986234355145
2.270084870734787
1.9147459895159757
1.9243106206284608
2.257745378857797
2.149347820463833
2.0840375231443447
2.3622833515202535
2.367905998158945
1.5647085897222162
2.190770499497495
2.3627240452764307
2.1440059648711216
1.9643504679944397
1.2561282700066052
1.4761225933232924
1.7736504820783532
1.5625785293794332
1.745227646878975
1.8538113269488257
1.9954042634479583
1.3077097469832826
1.2455146882643982
1.64805479158356
1.9322601053291673
1.5529333863377268
1.1506975945810636
1.166965181104102
0.7590538726773619
1.2102564380134013
0.8034836007456336
1.4151271005631183
0.5124025141414718
1.3048588336360067
1.6168372634547439
1.7497874636340256
2.0160392226705883
1.8922114086435924
2.1564958449081573
2.5837336275652607
2.141956232239557
2.434770173384468
2.774195553678881
2.315741203076475
3.035964589721197
1.5122740807470756
0.7101872678564759
1.0135661236218796
0.8440129609806979
1.0325996920201028
1.595429465087959
1.256645029679076
0.7366487380691796
1.5040440604584326
1.0317694703647333
0.9810772580926973
1.2944861454698589
1.1524649784453107
1.5214755582303983
1.5182411732185397
1.6139592855312908
1.5820284865439682
1.1921757186643767
1.3298002761090455
0.9427408352615091
1.5156926004895024
2.1462690573889125
2.1076858915321672
2.128476183875806
2.4087638081888305
1.9831232886907648
2.421624240427962
2.4730777483321975
2.4540272951192694
2.5321092725371077
1.6878806994861864
1.3871196302943356
1.1655894663407846
1.4138356881809508
1.1182245130792134
1.6362606026491602
1.659293394834043
1.1865943685577205
1.9310198986727836
1.5813505542283486
1.5542902051764662
1.173753714328419
1.8973254722256432
1.4115529144681511
1.850516388244129
1.6036577095115925
1.3725956820503935
1.7456942445078178
1.0424155191663076
0.849264250773294
1.0717266462620358
1.3305208134338211
1.0672720322654192
0.6285141982375619
1.2855964871219447
1.2967006307951063
0.8323492680083584
0.8240572661197904
1.3855941116432444
1.3334455229524116
1.1917164497569803
0.8470235310244276
1.4519741394070413
1.463850337270348
3.080666860238295
2.6431072812117087
2.1828730362925155
2.563692038936984
2.3737600618907644
2.466712633190754
2.4574927316232644
1.770376969102553
2.294080528744991
1.371149352428006
1.6665337167788417
1.6942812317148328
1.5800068986306215
1.1965810529304364
1.2449449140497733
1.131858696740667
1.2562062667515779
1.4144859562366876
0.9470002055001152
1.195045445323918
1.1429221970757777
0.7319247562437545
0.9128079096086692
1.1907296337761692
1.418472031669833
1.0473745948426747
1.0134067519252123
1.637177586624861
1.1432699901383976
1.0494125618498533
1.1169537254361799
1.8083368023548285
1.9285715812908224
1.9326275924541516
1.4679160363342647
1.7648529487014948
1.4887294919880438
1.2528958362346276
1.267685253957149
1.0728163310663543
1.4642942827537966
1.1663340556343753
1.9255757860209555
1.4901802426851605
1.5234360773094586
1.2770596539763537
1.0400565442396446
0.9182876847356919
0.9490222617463402
0.8949849804195866
1.3893891778836065
1.2466090851401004
1.1892977510868596
0.9606911308411751
1.6949957631618462
1.5211408537305602
1.3335828590226766
1.3924038533532337
1.5453905666027214
1.4928197900526439
1.236514123968509
1.2829095845836553
2.0053013729346345
1.4156607573965063
-0.1338026651680371
0.44243386392057166
0.27363004371782457
0.10010357783795182
0.9924269400942256
1.2786771568433772
1.3462921838938053
1.296457240883728
1.6935870391577
2.216659484887295
2.4933471717244555
2.706559233569909
2.922349594705935
3.419523403976556
3.530641100793862
3.7331777226009737
4.118827268205653
4.060046188154395
3.4761385594714906
3.4878911577304614
3.373758797884379
3.080829699809336
3.052290149715122
3.5042573220534834
4.264474913407494
4.404026353614673
4.317538557721675
4.540080953955377
5.239114227516645
5.134805150881801
4.45947335577985
4.348721334555559
3.161269552652816
2.3654166624268242
3.068378232587073
2.8213870369310774
2.0767684493064307
1.998897114637631
1.6916580235120096
1.353356646362434
1.772411633293496
1.5355885349543583
1.3244684060196823
1.0712501906497602
1.2349126462135571
0.7455796756670843
0.9416488504782065
1.3955113062606703
0.913498888650835
1.6151163009554512
1.4061373776193598
1.2738856425298393
1.7683176098175928
1.7239214680447208
1.5382412982929294
1.211098451930494
1.3280263872427087
0.7004519068255748
0.9818178713749997
1.337483254669905
1.0261458878841156
1.1129776789163182
1.205982267116298
0.8068990762708808
1.4191309709101212
1.815870337159838
1.477115002177007
1.9025806921455342
2.2392381943740105
1.9329088383764168
2.079983729146483
2.3132773068552157
2.4259654075020816
2.384291806301971
2.1274389198912167
2.20737169492235
2.88776848773367
2.531840438516438
2.8194184041659605
2.3976226536510428
2.338283258589308
2.5548921895356247
2.6040042288113643
2.7171212660639426
2.757487715745067
2.8651573783258932
2.3577573246117556
2.690551961203527
2.0258347989154806
1.20561567413387
1.5072802394595823
1.4246652134046416
1.0045064383187268
0.8816313901937075
0.7563385161543813
0.4464804242269111
2.4161020556290196
2.2443296871385283
2.1318116813740806
2.206261172192888
1.99679045201217
2.194953497490941
2.0338055629764016
2.290064569255146
1.8860296171278594
1.6910816437771026
2.4046056662275976
2.5407215509604617
2.115900315970228
2.0743679594375033
1.6240414281059352
1.567493208414266
1.6412022572600522
1.1015497578607583
1.0679591199780134
1.5755247788484077
1.5402167254129995
2.0605881313283354
2.3843242518550833
2.3166855207905237
1.706427465364394
1.8034271569885858
2.6976938014993985
2.0666840466129774
2.012380640513123
1.8392723913403939
1.5620238433620575
1.8584114889920058
4.399255852031179
4.47135623083035
4.4639807096440745
4.589667109664377
4.187545702167946
4.235103044883134
3.9184695292329614
3.3986775857485654
3.0906853225309234
3.1319112826602393
3.274993823060286
3.520201632493131
3.261297849423541
3.4951482401429863
3.283842889342579
3.184674076092692
3.1315857126403124
3.174670615125603
3.0691492759959242
2.896047690519925
2.6344910338660505
2.586348865210786
2.675922001566929
2.5796123256143595
3.102177844386915
3.5517693299731743
3.3176852525938276
3.7540290942560435
3.9950166545645116
4.030812924596768
4.213140485033819
4.3653185448439755
1.1552371559915946
1.4185439086193272
1.7508138969956297
1.104904172122286
1.579941621150867
0.9993212802847748
1.6320269175264603
1.5417274322261003
0.7880800259076138
1.2767743540291785
0.7315890124509985
0.7562435469728459
1.609555619943808
1.2264545123868689
1.037873865582901
1.613866013969183
1.0394221720574168
1.5412131671238856
0.9303865166224236
1.0004229785417105
0.8620783390750536
1.1713227455733959
1.5386495063560799
1.930100554652516
2.007692776353472
2.0250392045355365
2.378444301038309
2.2360533720669507
2.5351841109036717
2.2320167488015095
1.9027062385059497
1.553808987790058
2.2767907511705094
1.558974898737909
1.399938655837161
1.5244275966696894
2.004697395016173
1.7654979832658553
2.053331141299279
2.0247495789759578
2.073982121635551
2.0425036601243374
2.227657662166115
1.7390854386819115
1.548334532677514
1.441556708427505
1.7445582500876051
1.8621674571363398
1.9414798678890501
2.3733753367153216
2.3060536710741792
1.8435043585671482
2.7323786759229782
2.9832634260019018
2.4320105743713443
2.602260307110233
2.5426146476834397
2.1786146602864123
1.8312251560257244
1.9477433402605422
1.5223859102531994
1.7641764608892934
1.4273527468219371
1.3939488548702232
1.7485415859497009
1.7239822629381076
1.52574911608944
1.6322749553759996
2.2130388705466104
2.4087883401666366
2.359676266272865
2.4676603811488884
2.3861225953517304
2.1263547489300603
1.4078427439654595
1.5874921595508447
1.4237019187134696
1.2470980515270627
2.2290251807169446
2.4363155849864917
1.5517330687469189
1.8185803594787664
1.7824333896246185
1.7324424250941097
1.7624898095331907
1.0827770877674623
1.3295984358707833
1.8761184561117223
1.2642273079377322
1.4707184957735382
2.0037711389933643
1.644224247497907
1.354862506686938
1.3569669874476973
1.6306486718571276
1.6034227309858298
1.8829204448366503
1.6781395111920585
2.1343417786614745
1.685620140418719
2.054108546639838
1.8824045793353812
2.155104855461566
2.132584001086868
2.3176577167616212
1.3382120970408988
1.62655702473937
1.8514914415166037
2.094244075149919
1.779225585007507
1.2693036219979132
1.586154344039031
0.9808804076932259
1.619709978545177
1.259009744493026
1.250802345576523
1.2887738215724718
0.807218818449653
1.1737565286749347
1.0052093729721607
1.6746163167505141
1.2370783886870154
1.1426608649335874
1.1130930766267586
1.2693286947732099
1.0127397113131251
1.274008733763805
2.189369941827262
1.90608382182917
1.052218063221637
1.8845031922286961
1.8250117900712854
1.140187198744261
1.3981036936038613
0.9944233453696548
1.3118376571178907
1.1411399862796952
0.8743743400936249
0.7440734314053876
0.8266154196891415
1.3940513995256685
0.9131138515671606
1.159963501312365
1.1420099876483645
1.110931394524221
1.4303984652905135
0.9032792613968099
1.141188031438541
1.5346627475199264
0.6305934070407365
1.2285855224676407
1.502380099290006
1.0321183622822534
1.4535296216123887
1.8538287377389262
1.9857232453211617
1.3119280951039705
1.5564380313750497
1.482321664631772
2.2467034102217864
1.0687771271852602
1.6214794903698688
1.286823107896295
1.523447031895721
1.5570623730722195
1.8235377112547781
2.0066608834958446
2.04188469267382
2.0593624104581454
1.7479831276280167
1.4332782408728975
1.214476308248597
1.396193154866174
1.7651173056664127
1.2851416287410333
1.4223453507341413
1.6869374097464993
1.3979773250532859
2.0543101753893196
1.8029586710147831
2.123312094265397
1.3533776081014977
1.3487301220118726
1.735306020072323
2.180333753260665
1.6433297508821096
2.218893447093928
1.6681769060085274
1.5947447793099179
1.710888835574366
1.9677250402309647
1.5599725914321005
1.8300804523929475
1.224517381303969
1.6714143428839539
1.0378443405484323
1.7412893746664568
1.1514254497672602
1.0512222639999462
2.0413775544708357
1.4159806198250144
1.8981320012506409
1.5608602288674667
1.320723719495692
1.4458357237162498
1.9422664473532412
1.6971296669710154
1.2377958876847999
1.2985131883278178
1.3541510655278315
1.5286814233106083
2.0315104616793627
1.7099195886564387
1.506058218754657
0.9543011453695852
1.4680349227004192
1.026800761569448
0.8992494752879122
0.8751758090026087
0.6443188154312923
1.5395614987015873
1.4458302376474275
1.4753212427404339
0.9626795382659368
3.6043855062362726
3.572572581496909
3.297131244208602
3.6394044673681103
3.2855352213783005
3.2976807879553567
3.191053719816624
3.0163378016841005
3.037562294018319
2.9749565910394082
2.8800178163223262
2.861567055720398
2.9776464298465353
3.1348706217564644
3.1944260196637537
3.1616089300015155
3.424658572499692
3.1110199144620974
3.571962652084005
3.604962273187278
3.2624354556533777
3.16896869782147
3.2864935859710074
3.0600856749555447
3.0737316169887117
3.3684954589670366
3.074664230047762
3.218456029573815
3.4708395717897775
3.5021843382412166
3.811176936880235
3.7623336946699313
1.2379928385742986
1.0365760264608996
1.738357218490394
0.9614373013605232
1.3350916068695555
1.3443403091755164
1.5240347303684298
1.3233743141414118
2.1639780371076247
2.063552517573533
2.2051134067436844
2.106814930737541
2.598157416474042
1.8249047796119489
2.456204073906866
2.040431332282549
2.3016460545457664
1.7097733438330476
1.7767094444524594
1.7170368742271318
1.496606946415911
2.138676338354197
1.4484970228443554
1.6850759065892698
1.6992570557968476
1.0151616684370879
0.5494552919105332
0.3891103303161032
0.17648695022150462
0.1579263685862157
0.03036862924762149
0.261798453219412
3.490249187504626
1.344952056010766
3.353942004327527
-1.0913037751433075
2.7545277988786054
1.3815503297994236
1.046046568287336
2.037197214795605
5.0333888110084395
1.5284826783558088
0.6841551754622874
3.4334864882183282
1.7096039711074291
5.286508028224858
4.83533332256697
1.6776001190352288
1.6722556816930227
3.6848388853485012
1.7334031970554713
4.2302296245594535
2.2521011995073725
2.7215963461207453
3.5639600970045584
5.040237552005012
2.943407264194186
2.7472521049344487
3.529890708613779
2.4417561975248283
1.8350324577204526
0.1286488676569154
0.6191717559914072
0.2821748405202742
5.578213646946363
6.175953177040441
7.948692540973813
4.127947893273759
1.5035244812275659
1.8673282274809595
0.6620107103644327
4.050947670355625
5.786410885486239
5.179824069412439
1.6626660228539152
7.7767350809379145
3.8319532597936368
7.232890021409929
4.8571180123643005
3.946496276063995
1.3188077993118401
3.2083078147806576
1.9475887778584706
3.775470091415765
1.1997364376933464
0.939424152747572
1.3623519659014411
3.3499733327730885
1.0854844696943748
2.9291972420254306
2.194837775419771
1.4553310659793421
1.0269308764105296
1.6546158278956913
0.7020196506191835
1.8885389067061806
2.8241928678872275
3.779927163689705
1.6868796383482276
3.6815826390075235
2.6509128710358287
2.795994393871062
2.089033338245258
3.818855795148454
1.588328534982356
4.1759145378688185
3.3083005050513097
2.8330109863034156
1.88406192706246
2.6010537119750783
1.8004359989154939
0.08789057271379515
2.480251874495362
3.811276626241919
2.637429456305388
1.249938743520809
1.6097442015395045
3.677829836681957
1.7142937632496873
3.2076010636260297
1.36959772560215
3.5371252718347295
2.8760762268724243
2.4282349328423587
1.7628778231915037
1.7061638061564057
0.4027824338938165
2.5594031253949048
2.883073484560524
3.4660579825828775
1.831650618574553
2.1311937651664348
1.3351440531786927
3.6158493678709296
1.8180046158706331
3.1291985679136562
1.7266264586620734
2.7965250207279455
2.78683199922567
1.289131598678577
1.6720426528453216
-0.3138378609803157
0.13483993713359962
1.7662111621213472
0.8215235187702354
2.2506131244662058
2.060809327926978
2.147325043812318
0.9893121950344841
1.4049524289154163
1.2210350673973347
2.3817066618649756
1.6855519588210521
2.695316052605105
1.1983830180700916
2.3588750901557476
1.2934543169755208
1.5600670667347447
1.2063785658265591
2.367161091892758
2.061495806367014
3.1286824077794892
2.8146719887489215
1.6284537156127958
1.8551311217640492
1.3983199583437627
1.0318267623244852
2.794952325354698
2.501144034488658
3.2300464048416093
1.0561286056305896
2.504292375196523
1.778591689456688
3.05422243780566
2.845778584954696
1.861736828004683
2.02080550159677
2.875080184851518
2.4382030886069845
1.3774391321872164
1.4596278067568351
2.2917861642319806
2.001423102945263
2.411765652366747
1.6432411213030917
1.5973657915490411
1.9578290625354202
1.8689705569977466
2.1687183054662995
1.7205338361057025
1.6404261017763095
1.0448335036310001
1.9691301594314035
5.296368722672359
2.3461315581748745
5.871238161951095
3.862315027215088
6.858790326609986
5.337608087343741
8.445859233609513
1.7372379065660357
5.169066256057769
5.603957173084613
0.8397262055254961
2.9689654835067363
-1.1001742594641724
-1.395295035553636
5.69362196028342
3.4361631477021013
1.5915075904237277
1.798422020372887
0.5485917558694774
2.5199277880925717
2.26741962174542
1.3770000177045894
1.9328813993750473
3.7530233094750183
1.2821055771596428
1.976833308211832
2.7183239161746187
1.8046860475807234
2.741906197709602
2.1116114249634084
-0.35255483925219705
