1.4020063513900078
1.575380354071978
1.3679863328429298
1.743542775367618
1.4918107354792645
1.723497492571992
1.4202401313823254
1.2363736480052576
1.3685332821578402
1.4440548538660436
0.961525257803007
1.2965038564815639
2.0218541264171157
2.871695278850795
2.671328370684821
2.597967829186479
2.923150796848974
3.686784237328287
3.465863965045798
2.865974759528936
2.749464047964123
2.939119748435581
3.0519026618351224
3.2008508127321806
3.5694076041323917
3.6801179703818594
3.32057866132014
3.1938068374399426
3.6615753576855212
2.8703234419315695
3.0444102771486787
3.0146041634272454
2.586095739906807
2.583207607196662
2.9400441501725743
2.80687047119929
2.503019746982759
2.0547115698060705
2.6718688379737006
3.2037680350791358
2.337083004987342
2.4291492560321766
1.5229115553603456
1.260285674800839
1.0255728781915527
0.567091119074443
0.931866557847575
0.7651723967312543
0.8295884746047975
0.8990214997293088
3.030633124383335
3.779421818603077
3.7189427851035397
3.518733810131425
3.670560368541508
3.3871796847886557
2.4808995728679393
1.5961976837001857
1.510196527237773
2.312720325927152
1.791243212337843
1.542233301453952
1.616623690991299
1.2802388477433968
3.4543927558896397
4.037023390473281
3.7250405583165356
3.9187632526180103
3.962091666234556
3.9894098233674096
3.324021626498633
3.8312929673615073
2.9646563680429385
3.4554219981566403
2.9961491971198524
2.303372702400394
0.9787091889750448
0.9429052130706733
0.6492841069414788
0.6694825235352487
0.5355210874694956
0.8480476381038518
0.2068036495378294
0.6486932012859984
0.5213716849755365
0.4073609451533615
0.640601966558325
0.719387806446532
0.7074582992502131
0.3345419756099456
0.7379476929512634
0.8936373159969849
1.2406750863661449
1.225293743592762
1.4130013186257764
0.8713352206171036
3.178608781687653
2.78907454771737
2.900734911942051
3.4543638391203704
3.23038666283752
2.664020906960516
1.8110090917740842
1.9051772172419073
2.4362002354547885
3.3845938846533965
3.394380688474852
3.3625963975086646
2.7558708624081376
1.584404015983587
2.272456939478937
3.046016689176825
3.27099272844399
2.853238518961572
3.1277114974994586
3.208632017567632
2.75406579914837
2.8282189177029955
1.1078942161668828
0.7875303139182803
0.6219702677765997
0.22135416662207752
-0.09884328141768996
-0.11834564469161522
0.4739244693530225
0.6495985058142016
-0.1257915717662262
0.8892819295236777
1.8613763585007856
2.241271141333959
2.434268370285301
2.2235259349261716
1.3384693075530278
1.5475089945578064
1.282480004301086
1.9028474674209908
1.5828447081809152
1.2173740065708234
1.6067380388008359
1.7847901030541429
1.2881229355688066
1.1216330289402936
2.3078318954233916
3.4558770816063293
3.6824173773931794
4.024837561402691
4.002405789489043
3.9391337172768326
3.500936154876474
3.0465371348360746
2.789573304787864
2.327146854944668
1.149587065110939
0.8961589223744381
0.8053934310401052
0.7013272833484471
0.3416966891719676
1.0397371472356016
1.1801350407495477
0.7935698017432605
1.8273706848807985
1.4459377785644023
1.6150218239863878
1.6144779155939166
1.6384863407063646
1.8848425607107624
2.278202102106124
2.305990007338701
1.3621713855067699
1.745175673719959
1.5794910739377208
1.90421650717568
2.457083776141649
3.1770848071691207
3.2297240041658077
2.5628300791991876
2.464028833217679
1.2599658300469743
0.6186231605965059
-0.28446026052441015
0.41766311882724694
0.6890279732463214
0.3940856804845243
0.8307311637874024
1.7444597898227505
2.863154648512856
3.4264024405369184
3.275037411711685
3.6895360932386034
3.9771686830833697
3.617729369592881
4.122182374430747
1.3074619359784059
0.7552728868704555
1.3807735478826688
0.9332986827305766
1.1005961222512706
1.6660535210908498
1.3176030993872172
0.9924441842492231
1.5755749267625185
1.4474597099931834
2.1003219839797054
2.8567118315277753
3.162624171576432
3.6948923371062854
3.7798385181390217
3.9755204347328585
3.908992817021009
3.4949235258127116
3.052731223162796
2.344670289407891
2.657036024810103
3.74886831954662
3.1783916243695494
2.656585634220376
3.1753324903469857
2.799361590937784
3.164724742672589
3.0972096957802115
2.53395332686081
2.5006393346991325
2.959209798360272
2.8288933410470105
3.3540765627297033
3.57664129536806
3.3430131081086136
3.034210201286171
3.11023523175773
2.9737411187046905
4.190766948531867
4.032501768430161
3.9567444328586467
3.433410254054285
3.1199986688006756
2.114148617607321
1.8829597854528164
1.16531215757959
0.5447268235416666
0.6200587979166179
0.04032260293096821
-0.19511234095017996
-0.04482430322508791
0.24740916049717449
0.010055469410081208
-0.1412903611834452
0.5596883194491161
1.3121367049464612
1.3198042071701757
1.3579753334676425
1.5613407415984408
1.7748332198344663
2.2355819105144294
2.202393489846732
2.0012525002337678
2.1790956595977287
4.604117826654879
4.246064715703674
3.6083760318108915
3.8654027888063016
3.705397265505307
3.8783163079033276
4.105689331662934
3.4146523466406427
3.31391535567116
1.921291075784531
1.0456650849529143
0.7928191203119251
0.3398745767924772
0.057354999468258505
0.18741496379552067
0.10733796425185173
0.5644821703416077
0.9502107666799383
1.2601223706696325
1.129490388676792
0.9374147819475135
0.8183562136332291
0.43057815218678885
0.14330123116754429
0.09149975345372895
-0.2922969861643778
-0.29079402351169215
0.2771951389695333
0.1661409205248725
0.3515981415518046
0.30842187141671035
1.0787547863238498
3.640810267688568
3.6726471227730717
3.278032812795871
3.196074633434781
3.381618762814507
3.2666347264571263
3.0460284610878463
2.921743048084079
3.491763251893649
3.369076695948876
4.1216171201921
3.9215049023329724
3.857094808542116
2.70786369944867
1.9736330171325733
1.5138041808888116
1.0697041916624517
0.5144548098742427
0.6081067017755372
0.029656319028766573
-0.13433897526441999
0.05934484944155908
0.722910803181853
0.34828188777304425
0.22938313731234183
0.5844843586162304
0.4409365215380996
0.007459179099104225
-0.21090882555807408
-0.12077621071958082
0.5123381529020827
0.14170122959416437
0.466214287407231
1.4192417549062706
1.5091876318700623
0.7087157125326357
1.2054290210429068
0.5374576353566936
0.9419215040802152
0.6629961611834312
0.5080826786492582
0.5782421540203049
0.9309620456052388
1.3057320468915503
2.0809441116576033
3.5005666923660357
3.417158237436526
3.291611676429711
4.026135891689775
4.360564456888904
3.9939976901453544
3.8582495622060167
3.663009643796423
2.9856594510280914
3.308363501821593
2.5491316828285155
2.4965290162513423
3.1788371713123564
3.1300570758650705
3.072012319566045
3.6005057777919323
3.950959991491925
3.66648558476831
3.551811383701142
1.6911655164712593
1.0762916747426985
2.1047206877423164
2.6296891294051226
2.5350684664158565
2.998724112142333
2.806151400341035
2.742129314234261
2.8590692752239235
2.267898701691128
1.7329202950623668
1.1759602470940882
1.1625251743155771
1.5128683922075388
1.582054997283198
1.4257118354980514
0.8218486626318777
0.9677291736895239
0.040664957005627875
0.0865984429216374
0.61047752608888
0.6508399409777126
0.39965405953652117
1.5525458075498526
2.695982693364821
3.341212588934056
3.8803505807017276
4.300344055570963
4.0446540415606895
3.9975601339739146
4.18229143106859
3.6531357659324577
3.8502335149759115
3.920089537034286
3.2399074547761053
3.505062829551085
3.489192945483694
2.66068166181504
2.492068976905425
2.6320730156153678
2.6969375929702273
2.3046205365657175
1.0036334301452814
1.1662184686230652
1.248742202009125
0.8321843175887579
1.307462893495657
0.6469160535801068
0.8141694970476365
0.8727847764118403
1.2018705897963695
1.735097582621728
1.5913467434420583
2.1222951189473416
2.8599378133129805
3.277627977010233
2.6856820414163587
1.986191283966613
2.445880919843017
3.1285386803386683
2.7777538138735425
3.314297846864201
3.6072612478266928
3.632978636214908
2.176774262732071
1.8837617152678416
2.0684633628194984
1.7819040107139255
1.4318023986559745
2.028169217539255
1.6733945709203912
1.6672434584445495
1.7386579384110383
1.9402999808734087
2.0799920271161376
1.8418110658438722
0.7555547248761845
1.2411930661425603
1.606994172975318
1.3217783375254821
1.706827640669269
1.9641856301661627
1.62378512092318
1.6722621831324003
2.4067287498526486
3.368339042951781
3.2809033628700037
2.9831141233187504
2.6279013775149873
1.9969222762729784
2.1538238335531186
2.8027567220306864
3.4784331816778478
3.1505584255058308
3.2754872757721043
3.4125763752243192
3.226060636467305
3.2230191225672447
3.1839513376283373
3.4950926878500765
3.078904319947461
2.743043716652085
3.4377430172548564
2.6714778264157557
2.7111408516901805
2.9063688763430555
3.204901088473937
3.5195563919880968
3.2369360889607512
3.329117182585904
3.228871067050275
2.7600888162188824
2.342529737614241
1.9268864180420702
1.6082018167625993
1.2160300193386273
1.6696788424656865
2.5843470436167113
2.827883384538674
2.143237643735849
2.402021489719513
3.0860080667897183
2.2839808327297857
2.508540774936888
2.4342756896514604
2.3412498689027164
2.2793685708693787
2.4576232396286812
0.9952436493902381
1.6147130547246908
1.991819721562119
2.0745275036935635
1.7852358206641052
1.8901668756769008
1.8309340660638598
1.9270389237610555
2.305184699422767
2.5067948161747173
2.0928667028399466
2.6726078880630983
3.6809195694435033
3.2985729127209713
2.9102992740199043
3.2962959946895762
2.712160762537331
2.633994878456904
1.9548686821907386
2.120013196378794
2.020457936846358
2.564074167139625
3.0221553089235673
3.1440770219580534
3.4005204927347714
3.6499528839137074
3.705062967550889
3.101831806213741
2.7714640242579804
2.407448360609021
1.9002232420201546
1.7342183118611358
2.538751603631524
2.279340840791639
2.4707072661626808
2.5197264870734655
3.0526370340501567
3.1576533480010314
3.6675463490727904
3.3964335555012117
3.2849455459261088
3.181101540058119
2.9693320244333847
2.0876209366042575
1.1850392685012086
0.888959725230204
1.3019743483100663
1.7751720806537925
2.3821130307373206
2.5821688128322657
2.9001015579722615
2.4319948401375675
2.5896678401121505
2.2592404701356505
1.654875338509322
2.1619295975511177
1.9935988667729634
1.30535688005277
0.7680408985154058
1.190880223338383
1.4281695763661102
2.352127462122951
2.857282501209884
2.8878253180197726
3.572592948462777
3.56814460877549
3.3659701565764477
3.229294339446993
3.628665151475937
3.6658018503144656
3.613019418620114
3.579466595037879
3.561936926273073
3.390688330064643
2.9501494651916307
3.1267181247555293
2.9421415517402076
2.969432171166328
2.452788415498846
2.272558549821161
1.8898018722799939
2.1214913608381436
2.748602695719988
2.636087279652297
1.6640476159906443
0.6030237165291421
0.6038214721318154
0.7597209286885738
0.4464679533561556
0.7774782973977041
0.8560249939731694
0.6248147021204632
1.1718159376003792
1.037774052015752
1.0987593490145555
1.0564943992427474
3.264029093955527
2.8925026610603877
2.7651685139496505
2.541131782907311
2.6703426176190534
2.1010968412933138
2.0627238801256973
3.1081692978873896
2.876604990382113
2.3821888000229
2.9913613031526203
3.4779081099631712
3.577327091697173
3.2773665039052475
2.5719017498399412
2.83212700075944
2.824896724279627
3.4477898246516108
2.851424098010799
2.914669373978985
2.3638418854280268
0.5417489822398812
0.5219998859087163
0.4304934604769951
1.274655591384092
1.6095152140871736
1.9374421161911708
1.5806899645787544
1.2546862955643392
1.5496171984185472
1.6334628206976518
2.9325041480846776
3.6764962693926697
2.8532599403048104
3.3395609716396404
3.403988942141642
2.929381011808752
3.259724207629752
2.6981690842822403
2.7988863645621715
2.364842954093449
1.8504668062606442
2.148606015177646
1.7876618449885469
2.075875969128698
2.04630601446199
2.155361255162551
2.7119317619177403
2.2541417638973016
2.1810382320049846
1.7911003441927509
1.5338562670048306
2.1577140401854242
2.919044079937051
3.4236034245834963
3.7239774877579723
3.4446672641678506
3.643761356390355
3.6656255650097074
3.767754176228109
3.263249523252145
3.4103752480601393
3.361891879029735
4.059318052404801
2.9143073588661235
3.189862150144049
2.4765538224059016
2.5089152572359636
2.7120863854456627
3.2110066192428883
3.522184466881901
3.5156121427046854
3.4410335806859487
3.017134829841396
2.8466772308614674
2.643764389024133
2.5123131657289455
2.5478375235882402
2.52109578447475
3.0223491453504945
3.212708060188904
2.818615963259233
3.297320722598448
2.9104381130050454
3.343744897430438
2.987624678762053
2.886121739753373
2.722677157258553
3.2290265804554426
3.140500638209071
3.656746072252852
3.198012612201736
3.05012430211391
3.0975352861131737
3.3157348055763474
3.019720455025747
1.8837095320333699
2.177719163919012
2.370961005224034
2.7017973639014468
3.4299324019460133
3.0231316060330786
2.4593040653143134
2.1178724196364036
1.5963800668295487
1.614609154667245
1.705564113675406
2.4745870968423014
2.655541814872267
3.1902811576042875
3.3609050438325596
3.2237115696705723
3.3435547575660225
3.4218972963707297
3.583764798023152
3.768716387406701
2.8145003088661644
1.8251571902427695
1.9906955732387155
2.7196400151792743
3.1821014037294177
3.3120110765137385
3.188198582516014
2.795029830077533
3.2556777014720213
2.7932086858959417
2.3946066952121163
2.0498979023205757
3.0260622951961222
3.0159520638348347
3.0916563827264474
3.2346167414943747
2.9874101947131475
3.6635071880329066
3.2445177229408095
2.6770990071052947
3.291315592976627
3.6699285642163595
3.963986946794449
3.4072217448514106
3.1921777077875935
3.8049376607111536
3.792984973523931
3.8342697391837004
3.596348040732735
3.4160075933833296
3.7283259268605695
3.2327090594126373
3.2239102842083067
3.3541019973898707
3.1067977101221147
2.9463753009788016
2.544785244087286
2.1340296970195998
2.005708467348595
1.8757872468079169
1.4641680385832063
0.8922509724258333
1.2381584308355453
0.9568825868173237
1.7454688765406838
1.9670165763566239
1.9275470043351695
1.3613457288315758
1.3651056897151947
1.4023919320676235
1.8136268284952735
1.787686001938181
2.132297722638747
3.2381055527007203
3.555522003794461
3.4251064947422916
3.8514435771261053
3.2395993248093244
3.828937884784652
3.3302198363021573
3.6758267599763963
3.4033688673623397
3.7120959722208045
3.7017450342174647
3.3773524011984573
3.5541539179252446
2.9788919725394774
2.690046009591881
2.574060495245191
1.7461685187703833
0.6392234781297988
1.1111433205272798
2.185350772803784
2.4852939846699797
2.0796545540595406
1.6134164956174413
2.6196991397038603
1.7887815107861327
0.9693244723934622
0.1653457449823739
0.5184281149731264
1.867878647902432
3.491964483392614
3.6233359613520286
1.9740758632144824
0.7144687487454479
0.10922138362312722
2.404637111309499
1.8935898195359322
0.7749629182798422
3.2760853224034503
3.0834743863827203
1.5102955634188655
1.0936086077747953
1.627354144508017
1.703061663902982
2.8724966076523
1.0713081309086754
2.9257622280995963
3.8379809927893214
2.3017681821947464
0.48389101349767627
1.706267177889621
3.186204005081785
1.4999647912782552
-1.139020181996561
2.8395372756699357
1.9967237361822046
0.3670918105496644
0.8760944148342161
4.314840139630993
0.4477743852349007
0.9676470381663277
0.30663027777781904
1.1123261685587917
0.6875526482993454
2.0160770477733774
2.436519617698856
0.8458512168100871
3.0546923570522933
3.58115012469591
-0.20992638220343557
0.6233324306502502
1.5015144690489592
2.8842407197990747
3.120713550049895
3.1161716294852115
3.385123083286399
2.9805111193504588
1.504292419746225
3.0811929939622864
0.9096098606224968
1.8196754690034347
-0.6441483628603236
2.042061366424134
1.2955525737760623
1.3819435104368405
-0.5803326329911093
0.3517530247830004
3.2962845714616225
2.2307576080053946
3.894401021724083
0.8826303163528574
1.996746886660317
3.49180785529864
1.7165157207272839
1.8355971628679413
2.9475532979228967
1.416640800508865
1.948858949794223
0.3765968372462925
1.8769157450489735
1.2723364974859224
-0.2086650810389612
0.8249417470805983
3.2805751504438763
0.6739164652302072
1.1070035110028151
2.4428490831544742
-0.4777180337117305
0.3915442521950674
1.1983253067664597
1.1320268813730876
0.8500257734558353
2.760635882197293
2.7846814489458405
1.1365995088385732
2.793260269064469
2.501557141237448
4.247275104358175
1.7636117337219674
1.8924278456274317
3.253019391164153
3.9221584824377187
1.2792298668967055
2.818705487506457
0.6699360313444147
2.6509983681645064
1.5242841508837293
2.7831294764399384
2.9569153052848827
0.15006281845829023
1.709871877122728
0.8109634896679662
0.8055661935978412
3.600070124404838
1.2104995799555764
3.1099557773786413
0.09483385344420192
0.041891101695299866
3.5889984783700433
0.07661476365186151
0.09309864034597326
2.564744063441334
1.398977232027738
0.6259591055160076
1.7419715000089193
3.1640989670976682
0.5224184826242978
4.074074188250152
3.545247047302222
-0.40079435074408715
2.636304671440919
2.012434751504407
0.16000653710072413
1.40368595115362
3.951085866018186
-0.22041614442474264
3.776021921866913
0.8494296659817229
1.2016651058845258
0.8976433784316442
2.003450621913979
3.7231412011218095
-0.332543089400486
2.4051680263201707
3.628295762961837
-1.0649573380995643
2.321365752718265
2.2087757421175023
0.8467740724097677
3.195421953416452
4.3240247259050255
0.22794672919648482
0.7134794601511286
3.5757418830695027
3.364739251113176
0.5365850601278301
1.1004253269187396
0.1712772676707463
1.0135756921221106
2.436078664097344
2.731796802354739
-0.37709353309101046
0.5313803845263299
2.5647139875076963
3.746899785916024
3.412039185389584
0.22993709600295012
3.3513517913997166
3.272186761374286
0.2643517455353458
2.2777249077118404
3.719981736190865
3.3211538299898824
-0.36504249720624865
2.409002572245108
0.577852094880235
1.1577440439605866
4.095038599921596
0.9899338470156568
1.546471619191246
1.344720969181987
0.6106722959610673
1.003167119610368
1.4895837021267864
0.06874881841245921
-0.018050063177280484
2.154785841251681
2.478612415207192
3.937104638864142
0.7143896032100863
2.560521821119425
3.5489322997554154
2.851819428826481
3.599160783936732
1.1021746688388847
0.3569445863976964
