1.4811984283124697
1.5075465070429312
1.1416861682042698
1.5728571033024508
1.5639353224455486
1.6590075481334379
0.8147648446730196
1.1359082647589154
1.023027713434995
1.019321401695476
0.8989491737793663
0.7571041026639745
0.45334566047270275
0.7197243467935973
0.011305680947545055
0.16703828989235647
0.22547867932928647
0.055675591897697135
-0.2481043712706719
0.16816963917675215
-0.045941205295154254
0.45534976843207015
0.07111566539956227
0.6682454825296511
0.6961345044622044
0.8033917315719775
1.078421511050967
1.2255764531727802
1.2887867294164368
1.674396336855406
1.84726214996855
2.0478527543816223
0.9263515657898848
0.716191657484542
0.5189512091153861
0.6264254976520518
0.4169612851931737
0.5823959612300587
0.4254328946743195
-0.2710654215861766
0.013757351361177757
0.03802001863935017
0.010148922786496458
0.1967968274317186
0.7062199993377081
0.4596217438224092
0.3791918259471075
0.44837177181542354
0.4833254265465312
0.7329133420812907
0.6316349896514335
0.8046369788054795
1.4682334430080908
1.0918976399945803
1.699897944157298
1.4556301258711395
1.8232060973967916
1.9064595346757895
1.9457120321136836
1.9065931642437854
1.8830707744415622
1.801272278326124
1.7381748328243867
1.2059581011215494
1.5554765739614653
1.5857496554842687
1.6177691875049025
1.5103277940634465
1.8219866256486228
2.12118539414789
2.03490124637411
1.6801062848016228
2.0036539310237207
1.7287770438121193
1.1833718075439295
1.2385677587568416
1.3559904894533104
1.1554335329394838
1.146968114842436
0.47341618429416665
0.49252545294398625
0.46030723954086994
-0.48207591881838
-0.6331786908683138
-0.6207509966991421
-0.6336262147838776
-0.6302080698890052
-0.18964645285773696
0.39941221255204656
0.34659586542696474
0.3903519129586539
0.16166431712699542
-0.15089068416842513
0.10891994993414696
0.23213523817614085
0.1719192698022829
0.5506011262294522
0.10355534502174844
0.8281667215097479
0.7053168219435164
0.4436704066822872
0.5490257375864218
0.37229337321838335
0.705838527502573
0.9660612114003315
0.7954142893776588
0.7538290378562389
0.584248344371867
0.19510492506226504
0.789386410257801
1.1403745900296907
0.46369584326151536
0.7279475363540182
1.1493535132395605
1.331876508273713
1.3474845598016083
0.968210458250472
1.9726796116026437
1.7774365799647136
1.3821780141886153
1.3562593910775125
1.1470921023102918
1.2947491187356324
1.312406883329178
1.5520168103177439
1.512020725256243
1.3733152479138697
1.4728124629448722
2.0066981009530456
1.930227581032077
2.108814642091964
1.7311367279615337
1.1934041947416298
0.8372499466640299
1.0209772647210615
0.9909784314642687
0.9798177778013911
0.5466083528504395
0.5477043693652378
0.1669461184638187
0.4260553063376604
0.4390701692970296
0.2761830071928722
0.3811943727646915
0.6329074053152403
0.9809173014185706
1.1756546964149175
1.7190811870752682
1.809581506778307
1.2196633983614196
1.6961527881360439
1.2263470445187543
0.5816771402750712
0.7363945647193064
0.4399108731557566
0.2530639127335797
0.0430586699508206
-0.13417047312757552
-0.03229031933681196
0.018029425859566153
1.4337096754356826
2.0839556900443865
1.9543675947119648
1.621335402624035
1.6920248129642161
0.9043042931542944
1.4415321704512636
1.3114189214974985
0.7299600461511889
1.0251932648090731
1.0403356912262538
0.9909646686596136
0.6096875550063267
0.001329372733651371
0.23440804012666072
0.7251179592721607
0.1514130040247219
-0.2502781488947799
0.5740849520633757
0.24221273711290645
0.20493103979781485
0.8103081622567232
0.7260537783330514
1.1440785984349704
0.655390484225804
0.28862935775285203
0.3675681878558696
0.2212044622107381
0.223528800352353
0.6684898598870179
1.0102561476833583
1.6819958892339417
-0.518891773910862
0.2630616775487481
-0.2608824276391011
-0.4702174310203817
0.3433663963929525
0.4831235109224083
0.8105055210764976
0.9360485397720796
0.9532213594685105
1.2819267120077042
1.2812537412944969
1.4736385646635397
1.6270491676295464
1.543415052248992
1.7697953166385945
2.1464456483134917
2.127800464175833
1.5792966087117812
1.107795525419373
1.0588033923407378
0.8613469527916034
0.47821413154950976
0.23097796770989631
1.0252859110877703
1.2747482346268064
1.3582760719151428
1.3184313633369131
1.3562829459311314
1.3346566180158201
1.4704904410173263
1.1743629108334164
1.3995825731982128
1.4008255601468278
0.5740805465666714
0.7209511236825715
1.1808807533905714
0.8763336913919609
0.9433727317892585
0.7858169514457243
1.1009430277379242
0.7139524048121141
0.8999035684698481
1.467302168336058
1.3968933244342792
0.9355996458523069
1.1410710735799876
1.1301135256687682
1.2032522019548408
1.116648789618326
1.1779444941476753
1.7478139813154545
1.144309293952797
1.1485568668781898
0.9431916671831192
0.8993710493626024
0.22142231021100517
0.1046019049965205
0.08662891483385586
0.010684462882133813
0.46338507898144254
0.7080609532794497
0.12491194925769183
0.12591529544614785
-0.10236802432364339
1.651329572289695
1.8436791983889753
1.853869097123846
1.132359578807349
2.1187452092680585
1.4647402950620267
0.4232396749148602
1.4474902536538432
2.1167206371895677
2.3912081305526813
1.1536681732494056
1.8284252194566681
1.6280493852817652
1.9028035188532464
0.9527445490777495
0.907492061613453
2.2219982911077665
0.7503995625459522
2.427999211320376
1.0444678533950797
1.0815264749006648
1.9361984514662864
0.9910631454546698
1.6090541692302935
0.7655277547045338
1.9464127601043029
0.31102429066353887
1.780966398682034
1.9774533959752723
1.1731506298173424
1.8724864879917102
1.6379014300636585
0.47417105608480875
0.5411426607386483
0.7116194342043816
1.1399443264427358
1.590969938054649
0.7077639765724373
1.9562421690620502
2.2146301009488996
1.666985471652901
2.1180547714707183
0.7459439581801282
1.8340592760190098
0.2534269474915771
0.8776895070380097
2.2475807074522467
0.8358160414646463
0.17185887508683353
1.201876684815053
0.09737491493007315
1.8044316129689
0.9387442061985314
0.2928591072862699
2.490002854339624
1.4754698822216696
1.3322820558409931
1.8734130648239975
0.9344125545096106
2.107665421388108
1.320415377678368
1.2799476798408793
2.3538629587459963
1.6754055058592878
0.41491994982494
0.1472982409610495
2.3765103299087533
0.7409138443643758
2.241836242558552
1.1221719636709158
1.434550323775103
2.475183732148338
1.680425658469432
2.0927701883873935
1.2432677303468613
1.6093015314339307
1.6325783760544743
1.53487581316016
1.4400599081314762
1.3736730352728446
0.842916213861761
2.0897383793974424
0.19647318010647505
2.050772591409151
1.3793543078530517
0.9562881230735133
1.7119925048363067
0.7952522781514414
1.5156523206953478
0.7482873704532815
2.2458777875250333
0.9289175890764518
2.104409816402445
2.110320945099368
0.47816003284770014
1.4903401204618956
0.7870017450701112
1.1444477828925517
1.3632817444242933
1.2634674833192105
1.6456748113661448
1.1625737034095402
1.2297197256515018
1.8132518467207037
1.7773183017399325
0.04156125635766831
2.6004771399624724
0.21661992062496413
2.083235651973588
2.2465647654582366
-0.13589186523901745
0.8072289117495006
0.6523563139868279
-0.19861828901732823
2.6187027619537266
-0.12404655331873873
1.7576277652710832
1.4428178722020426
-0.11310489851821087
1.713643213843935
1.2032574036756825
0.40248430173629846
2.4548222180901127
0.49067467957774574
-0.3614533260170578
0.2765784985178457
2.9477067608746705
0.6676284717887191
1.170608471864378
1.3781544408286561
1.3003208523289604
0.6628489568482306
1.012538761089041
0.5347708147608499
1.7918969645235134
0.6409772240742748
0.6414352660755159
1.12265658702658
1.5139812940167237
0.4916932298095282
1.2170941858744064
1.1688629752911615
1.5818352377747231
1.524414837655428
1.4184577448058555
1.4157497368827239
0.9660293973459229
1.4626060257912359
1.3896305140595644
1.0140951608184272
0.8145907159016732
0.8764165744985244
1.0140833540530232
0.748805308606564
0.7309408971413438
1.000208685705918
0.8673903184984417
0.9958488393822275
1.575444571368267
1.2736081984080465
0.9621757879865988
0.7979977329925154
1.1646939611092795
0.7917244905244801
1.0937874295044583
1.0601279265688117
1.0569358150105588
1.1236795158260997
0.7787802171929079
1.5492581941494887
0.7279794539901532
1.527273231962842
1.4049417068535337
0.9497409832859276
1.0042488031640682
1.3704160462443138
0.9536291719312208
1.4100664331078472
0.7447033657146516
1.382736278411242
0.7327532012715644
0.9435072119454261
1.295052942239523
0.9464047933272438
1.0927332270057681
1.2968750508508962
1.085709850607758
0.9373777397193456
0.9391171079574221
0.7518217526364028
0.7132424307612502
1.2370398221136207
0.6375106200118391
0.7185006301490474
0.8092889742515266
0.9112359849645731
1.0478147249847953
1.0835257550712674
1.6446609170835982
1.4559182703854843
0.5656818573899645
1.678115741649911
1.5432141997356201
1.0723453302052135
1.3139458747384996
0.6087984704841383
1.1892966525361417
0.9343058600031711
0.9984266729588055
2.070714940417109
0.6459993225568061
1.8007340945890036
0.4384223493897255
0.26773428374982267
1.6293567268058253
2.30737440491841
1.244764449707118
2.210180232311852
1.940786180927445
1.2201860455705003
1.7629404288707546
1.5116557692528365
2.0602982375612062
2.292393170333284
1.9372634540327438
1.7602689671431726
1.1483349196917723
1.260178219850495
1.7312213702620196
1.6437620483799813
1.605005800915195
2.067036901880997
1.5310339847713268
1.4763241398678442
1.5316597219232582
1.913563372784492
1.3674698293552754
1.4427574783196102
2.161119919014575
0.5200376409736828
1.4791761545731015
1.1668912481024696
2.300998142421549
2.2671343202830916
1.4915115265109804
1.4185021490112482
0.8770641053184559
0.5990660918905057
0.6503910226907084
1.8103149160942191
1.307626312117479
0.653056500050463
0.6711282380287604
0.40302818025558645
0.8185694845546969
0.580934167899602
2.2700607527614376
2.2156009349210537
0.9701378109766295
1.8521222021285912
1.2629870553296834
1.906039671494756
0.5701426275076067
0.7448288428619074
1.3902638999720012
1.6416721637653966
1.6643742661480587
2.121852544988321
0.5932340738583255
1.6057678187715525
0.8381725561334087
1.1604612032739847
0.4919609110832359
0.5727800228131954
1.2284465875968993
0.7722125957898193
2.1946801417159665
2.306194212511008
1.7211565117548842
1.540014989560577
1.76587631136721
1.7223845720148496
1.6454425501420782
1.944571764645034
1.6476876567627938
1.4814092576882876
1.6791934106233402
1.685545252770949
0.7636142317614348
2.279447081717097
1.0750507143743249
1.6638125071094643
0.7019094924061153
0.40198404011419786
1.1742770510767202
1.5010745158109382
2.4366399719601075
2.492832619253504
2.051858497493721
1.128841473459659
1.7904403617281766
1.4530823780204212
1.786064248760972
2.320883514533664
1.667137558040405
1.4316046568812109
0.949070104013311
0.8036424949722136
0.965463155601136
1.4723144503752243
1.4928484755557743
1.1057576305463124
1.2350164896475198
0.7213199740983303
1.0307570460430693
1.1418940054272708
1.9422554665978022
2.1323462442631027
1.5174378209191928
1.7521759261449186
1.4355189035974092
1.8305984013317351
1.5384633617994212
1.5600027624701855
1.6295432382311805
1.8571458998166537
1.3163081856472634
1.5624311893661194
0.496885252181261
1.837388621629961
1.10873064968713
2.2013650535340394
0.5064494453812944
0.5251811242018369
0.9372703735318112
1.4905334482058465
1.432094653323932
1.574918907477324
1.4454439232070384
1.8938472545241405
1.9814992186491047
0.7816167115580908
2.2210068887487946
1.6030655611711648
1.1935574351103162
0.9809568130953769
2.139811123244997
1.7681059152734007
1.1139352828253681
1.4313308594252874
1.9206250565016296
0.6472968953608234
1.8568611778299338
1.55435090301151
0.6160459161106911
0.4215146188773358
1.987219225704552
2.0279739574787197
2.2193264728848057
1.9710887564332593
1.221304980456783
0.7766452749730076
2.447843810978335
1.1979637603074205
1.9442045603412557
1.6570665540522753
1.9298337219837045
0.9048841250222829
1.576688560275389
0.8692808804230936
1.4351595426571644
1.2793873211670668
1.0417169955291699
1.203665880909323
1.2279966296913598
0.5010508536577112
1.0269095394777132
-0.042497845670933995
0.6921801350910035
0.5236646034841499
0.5919600040474334
0.44903411070192906
1.1677138368557811
0.5859725734409268
1.2992420762261585
0.9792805662778558
0.7764553881395809
0.7021700563140416
0.6792396709508588
0.212370430430198
0.9761126884976117
1.0111495372943626
1.4515942698750715
1.6401060856942296
2.0456994398879202
1.3915606495860393
1.7184427456962426
1.5816092479080726
1.3909405696454915
2.0754012890888633
1.1832695066045493
0.7869579413987576
0.8622805196672813
1.4231895970439445
1.3871239222181018
1.1687606419500267
1.1862545652741194
1.6989082964586917
1.1412667474953744
1.2443794777540456
0.8743158029961307
1.4345673443796687
1.1202429622626944
1.27632964690876
1.1655476223760848
1.6246523466408787
1.3041571060002377
1.344479522930345
1.3983157238667814
0.9080309486710771
1.1738632965363944
0.8362066054896788
0.38249461067045754
0.5041412209182963
0.820562396103862
0.22197784956997554
0.0007320841812190908
0.41125081587737006
0.2654375050259598
0.45489378270774483
0.7519581939914559
0.15681886087706423
0.6045752245781796
1.2022155419680909
0.6322367667596273
0.7090687705072652
0.8689578587993437
0.7681514067711329
0.7931619672202006
0.875886133932341
0.8435860113133329
0.9673869902433403
1.412839788543225
0.5135816935164477
0.5663654753246742
0.4871805191648218
0.40440588306653125
1.1607559744717608
1.1577124877733027
0.7586867555968096
1.4094863597067275
0.9030496730043743
1.251240489234279
1.3176029593439647
1.2650693496323473
1.1817467984309586
1.6560921733968264
0.9409196123092769
1.0369033340781941
0.8367229741237338
1.2342998221229369
1.3489906204003443
1.1345577612147024
1.5744680815151515
1.7913061027837889
1.1116092681529854
1.2975735193509152
0.8526940762891212
1.326463219285918
0.7980834832085608
0.7629491735321905
0.9579357425442055
1.8090623841642774
1.7371223380113003
1.9459120619431447
1.3749230953753446
1.2307285644914703
0.6871269889724656
0.21114193990538907
0.3217237964558807
0.7904190511373641
0.6484279310232849
0.4337588146256117
0.9006533224993697
0.5518332010804375
0.36012957450123334
0.8609258399762845
0.29821998405790917
0.2580679677229019
0.3872876301503274
0.9727157148917023
0.6450641206314586
0.5028335138536669
0.9507671195416099
0.8637877108761945
1.4436268721307608
1.139008135722601
1.1860579216041363
0.8052051592183223
1.0574604930590301
1.4142701885801539
0.9284380813984673
0.6807689387100145
0.21574686553150585
0.3717519277893336
-0.15850319655552106
-0.09985573366704316
0.21726789589363288
0.5194856523368642
0.4760727791137547
0.9218164566781982
0.9960629175383838
0.7099077700079812
0.8929517094263998
1.017387910584516
1.1568383260067667
0.9327405839655075
0.8298353664925198
0.9655288294359362
1.118126994174957
0.7295481532982373
1.5306307470390683
1.569741257358519
2.0912092116098533
1.5928988756582578
1.5462705654195597
1.7211422490065442
1.1489307788908025
0.6137525089986973
0.7029372990966202
0.7921342395934454
0.5230374991010277
0.5565453449553952
0.9755397700022961
0.7334126710966224
0.8716318408907302
0.42458513265783554
0.8063805010857965
0.047338968606184646
0.13028114546154962
0.26331417936565465
0.5176853248115744
0.04404172535341395
0.17888790064288962
0.005151589757338228
0.1744790809015483
0.14903183755003024
0.6197588530616986
0.9293434718402678
0.9643219556291553
1.3055637625588599
1.499714400653158
1.145319776248371
1.4074079504457118
1.5029736614381715
1.640602472031846
1.3371407759578022
1.788434133209053
1.5902069209769858
2.0328833612105894
1.4860616464093892
1.0462286023460383
1.1889576268682978
1.481216163924765
1.498243711614348
1.1802453083115625
1.5759646610501061
1.5009981384547297
0.8066638025664485
0.6609137737968389
0.553694586390896
0.7231978905363609
1.256689197603315
1.1012126989966236
1.1386291298780082
1.0404741266565916
0.5145359773941821
0.4269239673899768
1.1359619755006731
0.6949349461254812
0.6950008146233675
0.8175497093600326
0.36949777118222066
1.1251332370404303
1.3236021277351795
1.2839959785659991
0.7656299955732642
0.9784039317127333
1.2509684158342536
1.3716274476962844
1.612649754877585
0.9324090326716387
1.7337736095623617
1.8421349052866127
1.7345290199580485
1.7323704301508143
0.8994690056505323
1.631362006878429
1.1644614618052003
1.4419492163513263
0.777975987389601
1.0023819906683966
1.166636946115732
1.2686452780402522
1.015051599322434
1.1669446515789268
1.189652842915095
0.8928764727414235
0.2633195517021465
1.2698170827574455
0.707939970311171
0.6027141378335721
0.2005593093619582
0.5309160897766454
-0.06364930476389234
0.645069072620989
0.9476882477690607
0.9071768777361869
0.7672497694681099
0.9106657375464138
0.6404072039223453
0.5304954134698835
1.296065297947124
0.7398590335925035
0.37579942154327606
0.9359412969775981
0.669734240617135
1.0395078774882163
0.5945467255191871
1.2801241119979976
0.750407239156742
0.7072970080301099
1.2435603122335293
1.1776723421093167
0.927575592176484
1.3480633283028856
1.8920497836875285
1.3370096339361432
1.7015746013566184
1.6194335865760965
1.8449798354295608
1.3542619003727716
1.197517227401725
1.5093654874643279
1.426466658841072
1.2569023772693786
1.227271175077745
0.7513174472750433
0.5944561588309023
0.7380718408079283
0.5572289339257981
0.25958830579371117
1.0642280228735959
0.5437034615705998
0.16953959657746082
0.46249141108820424
0.6157059691755621
1.0771678034646892
1.302468967868279
0.7753618549027312
1.1883802220763877
0.7842180185195865
1.5855882166181179
1.2896073360944442
1.2118774596909874
1.7351107084418214
1.6375417963792411
1.7780057045323991
1.2308158471532498
2.0297015541523025
1.6558042890204252
1.0056320739168327
1.2880165256957525
1.4155653506093933
1.1745649829829456
1.4212621697439347
1.2139477726951495
1.6112533079012215
1.579513190360509
1.1753484872950781
0.5124001159051856
0.6811348153433514
0.6230737521093529
0.695145597432546
0.36068421991168326
-0.11213552504355274
-0.1998360691412175
-0.08611669096379389
