1.7969296090950193
1.6920462487362822
1.6611214140604873
1.7136747787328508
1.722838303859317
1.6964094054944492
1.6386249578747334
1.5307522924811425
1.4660938798446603
1.2490659732471063
0.9240103743972452
0.63431851499688
0.2958579741899653
0.1751270294055741
0.06664587845254386
-0.037816929639155464
-0.037796403534236446
0.02913922240728305
0.05512559162605859
0.25088511757541104
0.21642239684363054
0.022721309221008637
0.3134476205943883
0.648184000097523
0.6258245800848812
0.6155061317077325
0.7793212880245185
0.9370251688806107
1.1736437282399004
1.5223395426409487
1.855698281362263
2.063898597043875
1.5467862177598435
1.548439680588492
1.7212476279032831
1.8028434170356047
1.8200719724990773
2.0321211204883065
2.337266399818795
2.44153673131594
2.30257116281403
1.985485673787866
1.5167875968893902
0.9640317258348616
0.5265080790430005
0.21257757701817281
0.012710936235589988
-0.20319476197380476
-0.5477113156041157
-0.9259673881674149
-1.0594058302463307
-0.9709829915375042
-0.8418215520139739
-0.7295604395861846
-0.5264085963233587
-0.28090103649900794
-0.15972577447931216
-0.0515494982007666
0.1386819290701508
0.3224423404770468
0.3899609888310316
0.39390318334033186
0.44041585573885167
0.5409347729542316
0.9857603568844173
0.7252416259986323
0.6073712892675869
0.5690545104839864
0.47292319043868736
0.2967463609037033
0.10281081619408484
0.005408938937054132
-0.012667073899209598
-0.04908131633424542
-0.008561725378297885
0.35983590479442507
0.6763026344876654
0.974967264061212
1.1255420876871303
1.0751222030838248
1.1601819799124733
1.2380779759678815
1.2266344899935144
1.0533856497372365
1.1969741047868712
1.5790341258683063
1.7957211215972277
1.8422344403589168
1.8762923797930446
1.7380937650930706
1.628343562297172
1.6133384185016317
1.5465201043091024
1.4001054302783131
1.3831795910401616
1.5004022864424906
2.5539060559397666
2.224688746763244
1.6212832387048173
1.3668397501037914
1.175279514584752
0.7838221790113495
0.5662447877086811
0.3447798984391221
0.03880029234000289
-0.1103012470181042
-0.07076560620344782
0.12611754747082482
0.028108383208390125
-0.04114343443166059
0.3174978877541703
0.8304816864432302
1.3657738541138555
1.8870200606407614
2.4409257916708906
2.2197761676691856
1.8954260812267245
1.70712643302011
1.2044915885285472
0.7583691372983361
0.15381188466745488
-0.37380380996922474
-0.40599306547695074
-0.33406062956132493
-0.3047044505432562
-0.12202665398449648
0.20083589480302955
0.3760650098981214
-0.27650919219676606
-0.7492132646748123
-1.0660092212652688
-1.0752315474712923
-0.9182203513964063
-0.7866221719024071
-0.5820143660486069
-0.3881725920208814
-0.4030138687284656
-0.2810504975513774
-0.024548346068334316
0.2692530437851533
0.733671474404739
1.3850052178283716
1.4334656470950575
1.4729854868284604
1.5944020748349867
1.589511891956611
1.1466371316772783
1.1431880970269448
1.098093590030976
0.8359921015810796
0.7695881624267038
0.8388301545012942
1.1183064962623595
1.2620716296097683
1.4991573399107807
1.6822678127817514
1.562310602708135
1.4462729530471103
1.5593703580959906
1.7673682981843173
1.528537616854706
1.3948411732855093
1.0973185608323943
0.989473710831636
0.968635491240589
0.9125616874422868
1.0545500196234023
1.2765236271719862
1.2453388093509572
1.3795537097785722
1.6355472826991666
1.8962093890389964
2.0269294267176576
1.7827659347447915
1.6580922289610789
1.6797566564174882
1.719458435684409
1.748172041052184
1.8227394090287203
1.6710854113710463
1.0635378691363842
0.4239575720449777
0.05951743506693139
-0.22511455919709225
-0.3579499428453232
-0.3719460120043471
-0.4951917541954262
-0.5080121381536783
-0.4763339098010365
-0.509648209264658
-0.6683086416405407
-0.6568128798546621
-0.6337826541231042
-0.47249960035422045
-0.28644579334555337
-0.20885012237224648
0.12737025325851467
0.6566888063705113
0.7755916551462662
1.0241040071360306
1.4550787123319044
1.765064374810212
1.894131831595677
1.7882700264394378
1.8710421963767792
1.9201857078567095
1.8591577567023843
1.8886865986028607
1.4644389080857414
0.8963653533113722
0.4061536270161058
0.34718484468034355
0.6051140785284107
0.8512639019175432
1.084434323646405
1.3384276951297596
1.7942477994309178
1.8354313715649373
1.6605627892844734
1.4519759726609422
1.0058220704363001
0.6556709929751608
0.5736333654265724
0.5353671822572598
0.4609695146049942
0.3291604613140603
0.23463844261656505
0.20838519592176305
0.35451009546109763
0.624223965492392
0.8824507785658837
1.2147958707041615
1.4056264385233812
1.6732215463517015
1.9040914475060906
1.9292684691918585
2.011628694855356
1.9882568127792402
2.2194135120344605
2.5083649548646743
2.3869032032497515
2.2020894027521867
2.0329984594748614
1.7742015305369867
1.5593180797681394
1.446509802580349
1.1633663427075085
0.818546019528792
0.6593601566067108
0.30968099839782276
0.07993227049460423
0.039961607431119914
-0.3368480716469898
-0.7431274377533367
-0.7415750057324005
-0.6514169571905216
1.8318202470992488
1.7243842885695684
1.7433501819176125
1.7367032342325415
1.6655821129130477
1.661156078368059
1.6416516506872112
1.4808305215701152
1.3340785287856214
1.024961327837567
0.6117112425404376
0.29576121823890933
0.07236537238507955
0.22580220328890163
0.3038053257075532
0.21951228812268941
0.16135332138969752
-0.07138009205195145
-0.5269490699340666
-0.8013706423539158
-0.6340280909696643
-0.3266236773957582
-0.21700142722026255
-0.06955584830342638
0.1662675475075943
0.5164535571774816
0.9065771586705174
1.1242204954678878
1.3509851508205422
1.699722296454907
1.9229418363825437
1.9349345014125907
0.05609712357491052
0.7393967968349345
1.3178762659540224
1.4232135754001607
1.2155824841107856
0.9246024837968183
0.6583177690545916
0.3712862598259897
0.29888087091038806
0.3164389925805812
0.39534944925056964
0.48694791681747324
0.4776931675553447
0.4259485104453955
0.27564151129544245
0.08404701829453702
0.3120144034882541
0.8307742860669061
1.3671411923740222
1.70698532243615
1.8012806216108157
1.7228207190146707
1.6314781991977538
1.53713848069123
1.4489933786419136
1.5559659302781215
1.4748403287180512
1.3971805607542136
1.795185013996464
1.9374686558205314
1.5488170282757856
1.2097910437027994
1.4350522098364922
-0.1804378692305969
1.606676704542451
0.9649437026943847
1.412451901137888
1.2032996056308736
2.171427078407269
1.552665816045974
1.4180971902523667
1.3392650386382028
3.6135481481776037
-1.9541469484036407
-0.027376326286910523
0.5857319562778658
-1.0155629888530844
3.7389212252649187
2.35517015106963
2.9998809263113686
3.2757686287996646
1.3014263615855712
0.8785707149148427
2.8688343574346655
2.566750699892489
1.8075931631868434
-0.9818867014608196
3.117740000964807
3.6327277157350415
-2.192634214058676
1.2246998920318959
0.5005539640181587
1.1411097785473954
-0.16531903260503453
0.9434068923604033
0.7503533645933155
0.856438653934152
1.1208643659867605
2.09840530948883
1.4838805848803658
0.9963701618227084
1.6633981310454036
-0.1373154261342902
0.937486922911867
0.7523413412644344
4.353653935291092
3.2247341304253565
0.6754858045385796
1.313446966363169
0.2683204039893774
0.992475318631516
2.223070011633128
2.562498852116697
2.0242684815709735
2.2518873044927683
1.2088059763521717
0.11717027872592715
1.8753397361572623
2.73889265855094
-0.5270566661267481
-0.9873171718625525
0.6882766597889609
1.2540356613756085
-0.4210049270350648
3.6478202332898264
0.3337111222198982
-0.8613758779721715
1.9269455736244143
2.3961566065858717
2.8370287105348067
2.2819075106206173
1.0311465436392753
2.164387965625992
1.457570831537624
0.38613947787032404
3.0820360146117034
3.8651625087650023
-1.9618264529498306
-0.05613829836822158
2.812903590684204
-0.5737272032763465
3.476245636853251
0.8569257828387418
0.369078321249086
0.9830765360242136
0.5444157088153273
1.489243166496986
1.380791830514623
1.0800248260046217
2.3839588979281783
2.4633799645161885
2.7639989000168503
0.5484672934243748
2.6211643785735568
0.8516394501276231
2.6899722774728727
0.49598058063410455
-1.0234758389757352
0.23143714877536198
2.0200347808313075
1.6241020856804234
1.0061721685896916
0.789482721739426
0.5242885061714636
1.2094445926608468
0.35789150517515195
0.710701316023379
0.7718882779564645
1.1475288531859167
2.4930402556384754
1.0334894195320905
1.6482772656798474
1.762108343924733
2.6077008343690182
2.3527103749027396
-0.014411871773559286
0.3886085354510722
0.8313671923429682
0.8884031125978035
3.043007046254941
0.7002123126057223
2.129734607837066
0.9382648897463975
3.307372690374419
1.7955559021414669
1.5751645742379878
0.791357563354609
0.08273445414105664
0.30773839513585627
2.1884021864868086
0.9142940844013006
2.3293415964256514
1.7518012316014537
-1.3625743726604815
0.40787079524496567
-0.898682908452623
2.9866753375217425
3.329438880763336
1.85273562951898
0.4684718326796318
3.7478881297074
0.34719196560793764
0.8414490566913426
1.6016633784888272
2.3782398260312076
1.3302181045067196
1.802596575634302
0.974674024907547
1.1769324403258379
0.03552117822600257
1.3179279606401546
0.9015039833710635
2.848691177166325
2.0371635315384884
1.3203652034233448
1.7280101784538835
0.6929883380726058
1.3018476444484544
2.0072337995818947
1.205495655771491
-0.08596192831343545
1.301527320033568
1.2757273354980925
0.9585110193077249
2.079357281469134
-0.24357229856726778
2.191251750039462
-0.8484687974091613
1.090764534374419
2.750137087264032
1.4256810525633634
2.3322172238849506
0.9643608732589394
-0.015564972188891536
-0.9782512627953327
1.4398317608416533
1.5252016926583483
0.9887023387573591
1.4849510165845625
0.7466947313996819
0.1320763264881735
1.006217575108854
0.6481235940158988
2.3317497247111336
1.9843040149743756
0.9863176662773083
1.9364271411911083
1.6069035609186373
1.2833962218481738
-0.6173765611368861
0.47830681060335717
-0.05642163524251264
1.1264043606283525
0.6354890788642623
0.9577201066283064
0.03896867892981701
0.030139854686092146
1.9950209041504723
-0.8878970132867687
2.7563965128439487
0.32312766293125217
0.5656976250601913
1.196185944961053
1.2313384238227116
0.30310096245035206
-0.21262159245001316
-1.1333571874221335
-0.2663500231095383
0.15666845218543538
1.0581438764004667
-0.3064782166754942
0.8778501757806765
-1.0739611151085482
0.9056343673669024
0.6038519201245177
2.3188585204473653
3.145921818775239
0.9587608138890844
1.74622002742786
0.30225351985049254
2.3996738423926365
0.987536590348721
-0.7111914348441523
2.477452532380448
-1.5842757942663475
3.342270567482484
0.43963082580799373
0.4850356478164164
0.9445040636569862
2.785631443921448
2.0215772364203928
1.2918455688254122
-1.2416267051641972
2.287294039130758
-0.44140175494987993
1.704018370517587
2.767306206339712
-0.09625683666562063
-0.01075263713238596
-0.44333544810848957
2.594415753850142
2.443959078381815
-0.4505054900364117
2.9758259417269723
0.9906168856520524
1.8399842107691666
-0.07622085712853689
0.9756654088514608
0.017324052568761395
-1.1364878260855724
1.2127845396649093
0.932365273938076
0.1967437717767722
1.9190070317423396
2.1531355314399026
0.9513108787850922
-0.35449117100604816
3.1246168561989807
0.5057864663807162
0.04550066373583171
1.5575610352591314
0.8842336715189365
