1554372842.883026
1554372859.039269
1554372888.87311
1554372895.298161
1554372901.556217
1554372908.117415
1554372914.386237
1554372920.706045
1554372927.22996
1554372932.157455
1554372936.884506
1554372941.780529
1554372948.060509
1554372954.191386
1554372960.243751
1554372966.447476
1554372972.659979
1554372979.023946
1554372985.083526
1554372990.672343
1554372996.738814
1554373003.083941
1554373009.381459
1554373015.796053
1554373022.162081
1554373028.561525
1554373034.979876
1554373039.707185
1554373046.166114
1554373052.400485
1554373058.819335
1554373065.114406
1554373071.652603
1554373078.074954
1554373084.363103
1554373090.764739
1554373097.411724
1554373103.594118
1554373109.917583
1554373116.149127
1554373122.389871
1554373128.668485
1554373134.980005
1554373141.15754
1554373147.634792
1554373154.200196
1554373160.552856
1554373166.857397
1554373171.504468
1554373176.120594
1554373182.477834
1554373188.875175
1554373195.131172
1554373199.934926
1554373204.626525
1554373210.906195
1554373217.297622
1554373223.546555
1554373228.306116
1554373233.046838
1554373238.079455
1554373242.893694
1554373250.793344
1554373255.623881
1554373260.259277
1554373265.072515
1554373269.719017
1554373277.50526
1554373283.804426
1554373290.102714
1554373296.429364
1554373302.762356
1554373309.051301
1554373315.182355
1554373321.350564
1554373327.754814
1554373333.858304
1554373340.147631
1554373344.915474
1554373349.739758
1554373354.548548
1554373359.125545
1554373365.523858
1554373371.888458
1554373377.913702
1554373382.480962
1554373387.185905
1554373392.206192
1554373398.73803
1554373403.663503
1554373408.594469
1554373415.087013
1554373420.012565
1554373426.420329
1554373433.045446
1554373437.976516
1554373442.747622
1554373447.497078
1554373452.351141
1554373457.209099
1554373461.85808
1554373466.560318
1554373472.474059
1554373478.755227
1554373485.703558
1554373492.429988
1554373498.707696
1554373505.159397
1554373511.797855
1554373516.47469
1554373521.420957
1554373526.237157
1554373531.139353
1554373536.767365
1554373541.554883
1554373546.265621
1554373552.564801
1554373557.330537
1554373563.845239
1554373568.60892
1554373574.588463
1554373579.407837
1554373584.144996
1554373588.884398
1554373593.763779
1554373599.998984
1554373604.88213
1554373609.732108
1554373614.704508
1554373619.599456
1554373625.895777
1554373630.880786
1554373637.256716
1554373642.061375
1554373648.529707
1554373653.186799
1554373658.121185
1554373662.972142
1554373667.741525
1554373672.597152
1554373678.812358
1554373683.738338
1554373688.590835
1554373694.885708
1554373699.660328
1554373705.767269
1554373710.31848
1554373715.232554
1554373719.867902
1554373724.681984
1554373730.78131
1554373735.626333
1554373740.356676
1554373744.986636
1554373751.154792
1554373755.697599
1554373761.975146
1554373768.311677
1554373774.679982
1554373780.843629
1554373787.084272
1554373793.444486
1554373799.178938
1554373803.823623
1554373808.475708
1554373813.258953
1554373818.015286
1554373822.902632
1554373829.086189
1554373833.942682
1554373838.952567
1554373843.576158
1554373848.027477
1554373852.4153
1554373856.959112
1554373861.554299
1554373866.3396
1554373870.887344
1554373875.715431
1554373880.393673
1554373886.898073
1554373891.629182
1554373896.154955
1554373900.797349
1554373905.391153
1554373911.62749
1554373917.737015
1554373923.656935
1554373929.996065
1554373936.266642
1554373942.110472
1554373948.481615
1554373954.798344
1554373959.526352
1554373964.521969
1554373969.338697
1554373974.285819
1554373979.040834
1554373983.924475
1554373990.357757
1554373995.16051
1554374001.89676
1554374006.601675
1554374013.113008
1554374017.984971
1554374022.970204
1554374029.599594
1554374034.358097
1554374039.14784
1554374045.409629
1554374050.358724
1554374056.62573
1554374061.732408
1554374066.512939
1554374071.356213
1554374076.350017
1554374081.144984
1554374087.545685
1554374092.232663
1554374098.689537
1554374103.481649
1554374109.735561
1554374116.721409
1554374121.644227
1554374128.018408
1554374134.306957
1554374140.762076
1554374147.148914
1554374153.425081
1554374158.3036
1554374163.031269
1554374167.968347
1554374172.681577
1554374177.673884
1554374183.872839
1554374188.599197
1554374193.30098
1554374197.969248
1554374204.372814
1554374209.016797
1554374213.853016
1554374220.165248
1554374226.440604
1554374232.906807
1554374239.455207
1554374245.950656
1554374252.253204
1554374258.845718
1554374263.47533
1554374268.158548
1554374272.858832
1554374277.370389
1554374282.146823
1554374286.913991
1554374293.386548
1554374298.082209
1554374302.945025
1554374307.770136
1554374312.440944
1554374317.210158
1554374321.829905
1554374326.545223
1554374331.053902
1554374336.015169
1554374340.614348
1554374347.031966
1554374353.304395
1554374359.426369
1554374365.952483
1554374372.325611
1554374376.621686
1554374381.305759
1554374386.010689
1554374390.914241
1554374395.605043
1554374401.929988
1554374406.82509
1554374411.747681
1554374416.468779
1554374420.933193
1554374427.252924
1554374433.639783
1554374438.352743
1554374443.194976
1554374447.788721
1554374452.546268
1554374457.285026
1554374462.180848
1554374468.377552
1554374474.570546
1554374480.803219
1554374485.504621
1554374490.377212
1554374495.185129
1554374499.984444
1554374506.45655
1554374511.197738
1554374516.041341
1554374521.002754
1554374525.641275
1554374532.145751
1554374536.876529
1554374541.7694
1554374546.598627
1554374551.310642
1554374556.1951
1554374562.696729
1554374567.571147
1554374572.654568
1554374577.533869
1554374582.311743
1554374588.643581
1554374593.430308
1554374598.170357
1554374604.530806
1554374609.623524
1554374616.016461
1554374620.909545
1554374625.929709
1554374632.14557
1554374637.02049
1554374641.865277
1554374648.541916
1554374653.23515
1554374659.852428
1554374664.899773
1554374670.989584
1554374675.963839
1554374682.456225
1554374687.230783
1554374692.261016
1554374698.565122
1554374703.48347
1554374708.312128
1554374712.905096
1554374717.673318
1554374723.951447
1554374728.854647
1554374733.807901
1554374741.854065
1554374748.457862
1554374754.91944
1554374759.629732
1554374764.513794
1554374769.402281
1554374774.098257
1554374779.066776
1554374785.452561
1554374790.278813
1554374803.045319
1554374807.947198
1554374814.35348
1554374820.725181
1554374827.067054
1554374831.742824
1554374836.648616
1554374841.617436
1554374846.465543
1554374853.036694
1554374857.886607
1554374862.794357
1554374867.643985
1554374873.932291
1554374878.728483
1554374884.817467
1554374889.454988
1554374894.146809
1554374899.399328
1554374904.292226
1554374909.044934
1554374913.971615
1554374918.748034
1554374923.650687
1554374928.322553
1554374934.672358
1554374939.246609
1554374945.715063
1554374950.580132
1554374957.268829
1554374962.224799
1554374968.82225
1554374973.436554
1554374979.898886
1554374984.576272
1554374989.428505
1554374995.796733
1554375000.448948
1554375005.371279
1554375010.042022
1554375014.933183
1554375019.679978
1554375024.633002
1554375030.972175
1554375035.798447
1554375042.265286
1554375046.885754
1554375051.683389
1554375056.427863
1554375061.3719
1554375065.819602
1554375070.602731
1554375076.748221
1554375081.850113
1554375086.904762
1554375093.111189
1554375097.990519
1554375102.798365
1554375107.672943
1554375112.340732
1554375117.203526
1554375121.903566
1554375126.726564
1554375132.879143
1554375137.728574
1554375142.587764
1554375148.794537
1554375153.529272
1554375158.255884
1554375162.972818
1554375167.641566
1554375174.036131
1554375179.290751
1554375183.877634
1554375188.48853
1554375193.037931
1554375199.396414
1554375203.985412
1554375208.765244
1554375213.798753
1554375220.117883
1554375226.676851
1554375233.631218
1554375240.276413
1554375246.2884
1554375250.725166
1554375255.487382
1554375260.201716
1554375264.948587
1554375269.824579
1554375274.399317
1554375279.135739
1554375283.74365
1554375290.064412
1554375294.644451
1554375299.346547
1554375304.241276
1554375310.470907
1554375315.303852
1554375328.315034
1554375333.070483
1554375337.680973
1554375344.053457
1554375348.799761
1554375355.052219
1554375359.821107
1554375365.959667
1554375370.857534
1554375377.05333
1554375381.517759
1554375386.198577
1554375392.304901
1554375397.119146
1554375402.008736
1554375408.158004
1554375413.006436
1554375421.002358
1554375425.711605
1554375430.622713
1554375435.444775
1554375442.035843
1554375446.728979
1554375451.554608
1554375457.947725
1554375462.599749
1554375467.640339
1554375472.418135
1554375477.185172
1554375483.386043
1554375488.100914
1554375492.64728
1554375497.20721
1554375503.539577
1554375509.963366
1554375514.739271
1554375521.019781
1554375525.725638
1554375530.680963
1554375537.088784
1554375541.834283
1554375548.125003
1554375552.82139
1554375557.755723
1554375562.662091
1554375567.24265
1554375571.957105
1554375578.3026
1554375583.175283
1554375588.136872
1554375594.355324
1554375599.153911
1554375605.438247
