20621.919922519555
20190.320789353056
18770.966742815424
14053.55381630088
7758.0447119466035
7596.7478127698005
7562.655424939551
7543.0007062888135
7459.039001322853
7119.3544740686675
6779.574086328498
6447.166617069526
5871.396801245863
5777.251839885804
5180.871898071173
4991.128151815359
4673.584839155069
4599.77269275264
4367.865292593246
4183.609970664923
4117.537097849074
4103.246352587446
3987.9224736201195
3957.7196725939675
3896.830442654569
3871.8532657262604
3804.9793771122386
3775.1859922346403
3740.799131461521
3712.9231175880595
3697.589546934682
3691.700768245891
3674.9321876779795
3671.4892081027824
3662.7134730376856
3654.8149829614813
3651.7315730101323
3646.8231753333166
3641.1526398844085
3636.279321308436
3634.449835410284
3630.452200761785
3628.4384229539373
3627.403076033952
3623.83000462368
3623.3568080800956
3623.199189149642
3619.777520204617
3619.3526590123643
3618.645867664411
3613.938398321999
3612.609731596987
3611.306231340235
3607.903074198494
3606.0006180466075
3604.9390255260346
3601.449465586452
3599.9670719444744
3599.161597165046
3596.2993957065137
3595.0210635308817
3594.5767654818765
3592.029820615955
3591.3854862290696
3589.1314374067447
3589.0113498341016
3587.3321507464057
3586.9221839896277
3585.254133045648
3585.0135075601297
3583.4580394033255
3583.3482853951305
3581.9177813991705
3581.6703050973133
3580.85680087518
3579.0375042288106
3578.5133882908613
3578.2582691984735
3577.28891528823
3576.8554509922033
3576.2369410374986
3575.638718954769
3575.440851543572
3574.49994697061
3574.045020226959
3573.9512878474407
3573.652857167821
3573.2872525831576
3573.036943512196
3572.653001633929
3572.6041491979536
3572.328581023178
3572.059054754313
3571.865985364478
3571.5955082436226
3571.4822020992515
3571.4012892627575
3571.043618560527
3570.736741585974
3570.700933395273
3570.5037233531184
3570.2929539688057
3570.283394073467
3570.087038023054
3570.079987666006
3569.9088183548674
3569.8951086385614
3569.7365988333017
3569.5907952176335
3569.4457140722857
3569.307442589035
3569.1684327541875
3569.0346553335075
3568.8959729036833
3568.76118923807
3568.621784435183
3568.485871986939
3568.373099427344
3568.146488187019
3568.0789364560273
3567.868103515189
3567.593168818386
3567.4630523173328
3567.232444631694
3566.8525573367747
3566.7189532058887
3566.195818901168
3565.936675213846
3565.6718496886724
3565.3992636347157
3565.11888702991
3564.6638958356916
3564.559118191532
3564.3279330559635
3563.7369379356305
3563.599177297022
3562.941095990622
3562.850755472276
3561.8763166982144
3561.3931235377736
3560.9645220009083
3559.4630822806334
3558.5670775974627
3557.6171961604764
3555.8346682421948
3554.964737551812
3552.532143006889
3549.1174860310844
3548.4812030296207
3548.060765088146
3545.214991934896
3545.04154373345
3542.5960751877096
3540.5874355939504
3538.868045538998
3537.4011989544074
3536.121398990691
3536.034559560075
3534.7220459655955
3534.543970826099
3533.5059776967805
3532.5524278783128
3532.3653829215955
3531.5741708174846
3531.482952615136
3530.6729153871465
3530.4995062922685
3529.8283189701738
3529.735409268319
3529.1416008522233
3528.9725013457582
3528.155929014958
3527.8291762122753
3527.5029477486355
3527.0088482672095
3526.5084090315
3526.4579889962683
3526.0135002854436
3525.5273600612077
3525.464247660215
3525.0319073931923
3524.5655036982525
3524.44115172846
3524.0135335679147
3523.539047219693
3523.3568390831674
3522.839851925035
3522.5615583519807
3522.552292338045
3522.298981915385
3522.0706479503547
3521.8500802144754
3521.6440467660777
3521.441296556385
3521.2435829422657
3521.100721499043
3520.685602545202
3520.4175600975886
3519.9095918193902
3519.717857352418
3519.5891021453804
3519.3271840806788
3519.239641528096
3519.068115013882
3518.8315554162346
3518.795107891234
3518.648298727769
3518.5126465629974
3518.5015958457016
3518.3740959289926
3518.3552009202026
3518.22652212627
3518.219956716049
3518.1003049891237
3517.9883630343343
3517.8896928961085
3517.7294089281504
3517.69617572366
3517.6408664414885
3517.5055313725884
3517.483616869699
3517.369388111263
3517.366523393198
3517.2599706943242
3517.2288797547244
3517.1076723544584
3517.096500625596
3516.987140044902
3516.892021486122
3516.8899252847527
3516.797109505365
3516.796241104398
3516.705734284952
3516.6260346563568
3516.5000825206585
3516.4828511053497
3516.379540033091
3516.240500421977
3516.205928523152
3516.1076472559384
3515.9552727106407
3515.8679046781895
3515.800197943515
3515.6391379497913
3515.604863195791
3515.488467069113
3515.422532174048
3515.382629872326
3515.2642034305795
3515.1749946402942
3515.1661736306855
3515.072868183814
3515.0642557173655
3514.9870036289276
3514.8538901144575
3514.8370603060844
3514.733424056897
3514.677311929039
3514.6715361082333
3514.62021754628
3514.6152328196845
3514.567511608144
3514.5256783941295
3514.467839927336
3514.451292572006
3514.408108265693
3514.375641098992
3514.3496003733694
3514.2986349579114
3514.294470034293
3514.2683944756113
3514.240080117846
3514.212892069071
3514.187387332233
3514.1624090374653
3514.1502964548945
3514.0584662743317
3513.983323170042
3513.9727955214594
3513.937011884185
3513.9183237116495
3513.896949640623
3513.8922663016456
3513.857199590027
3513.839974751199
3513.8251910889267
3513.7899506627746
3513.7689184781048
3513.75000236125
3513.7325134867506
3513.729589107812
3513.709089317028
3513.7082840545745
3513.6900824702834
3513.6683979912746
3513.6629388889196
3513.6481026857427
3513.6237870243067
3513.6116358577156
3513.5921738830616
3513.5914015778844
3513.5827928337876
3513.5559189869505
3513.548417531426
3513.5295189026106
3513.500205527523
3513.4766183026713
3513.447611329128
3513.4241555981475
3513.337151615668
3513.3040932717677
3513.27570348183
3513.222038861656
3513.2014153645964
3513.1508037794824
3513.1080971689667
3513.1047288790046
3513.0920971064315
3513.09170767938
3513.080322172502
3513.069880603349
3513.069568690868
3513.059292727888
3513.0590741659184
3513.048450536264
3513.047696563636
3513.0378689887007
3513.02846588267
3513.0191670717777
3513.0101889047855
3513.0041305766404
3512.9738250557243
3512.9687890100145
3512.9467017108136
3512.933205251432
3512.9305772872012
3512.921735704308
3512.90857563701
3512.9038999326176
3512.893439350221
3512.890594123846
3512.8732064603078
3512.857587523939
3512.8267712307365
3512.8248730544915
3512.796776103754
3512.780561139901
3512.769747133294
3512.764911300338
3512.7334888216715
3512.7137266779196
3512.703796995942
3512.6947514183616
3512.6937728776165
3512.685785161796
3512.6854005864607
3512.677394298185
3512.6770114305655
3512.6695354927433
3512.662177646014
3512.654606657241
3512.6472315529195
3512.6399130867903
3512.632654538612
3512.6255450111157
3512.6185252675573
3512.6115367177817
3512.611327377104
3512.602370656774
3512.6015801094973
3512.600291532186
3512.590791930961
3512.589151582236
3512.5817801828744
3512.573016390716
3512.57099257411
3512.563384656741
3512.5624556264174
3512.5526968780828
3512.5507533791338
3512.542841177349
3512.5357465908587
3512.528774783861
3512.5219363796677
3512.5134440310444
3512.5129618391056
3512.511832846937
3512.504126291482
3512.5029435120396
3512.495031138846
3512.4932517232382
3512.4797635783416
3512.474361678238
3512.4718749104295
3512.463710947323
3512.4605820371494
3512.4509033827007
3512.4502171374406
3512.4407439846373
3512.4401314256916
3512.430657208543
3512.4227208824905
3512.396456157751
3512.394586602134
3512.3687881064407
3512.346391402588
3512.333027143954
3512.3255526641537
3512.3123965106925
3512.3046452280923
3512.297358000905
3512.2960150065064
3512.2829503083376
3512.270614329644
3512.256177225478
3512.2476995853667
3512.2410466604765
3512.2274963160435
3512.221355053819
3512.214415563778
3512.193871684181
3512.1836787419343
3512.1739939984577
3512.156467791295
3512.1443395919973
3512.139371640199
3512.1216403111057
3512.119953754319
3512.1085906571807
3512.1045996653397
3512.0829378603953
3512.071449206293
3512.065516942359
3512.057810342395
3512.0546801122814
3512.0464159511153
3512.0388297318054
3512.0296860122785
3512.0274588571906
3512.020616368605
3512.0069370610313
3512.0013704192475
3511.993516873589
3511.9824261822137
3511.980342783933
3511.971436384248
3511.9528436427654
3511.9454740542246
3511.934097396778
3511.910348413921
3511.895274362896
3511.886651886061
3511.8682470566923
3511.855080209248
3511.852152806314
3511.8427080464066
3511.8386723582653
3511.831262447725
3511.827181533141
3511.789759636291
3511.770129532492
3511.755444458513
3511.7478916304813
3511.7345899479783
3511.727431919152
3511.721792394314
3511.7061499735605
3511.7019336256467
3511.6919826089943
3511.666696352708
3511.6632346252177
3511.6419385979816
3511.6413401628874
3511.6337647539194
3511.6331916387035
3511.6266997483817
3511.619205352771
3511.6146743077993
3511.6053496560803
3511.5982850462196
3511.5703136010084
3511.5449677876322
3511.5425673889795
3511.531545893152
3511.521419983541
3511.50246785266
3511.486472140557
3511.4791794577095
3511.478966996842
3511.472186240581
3511.470064434149
3511.4557364433385
3511.452187032703
3511.4418397207373
3511.4204352292168
3511.4056355318976
3511.397985487668
3511.3852589800904
3511.37912142841
3511.3726624969727
3511.360986313707
3511.3572583272025
3511.3493839117154
3511.337624780036
3511.330544500062
3511.3238480157524
3511.3235514657117
3511.317310190786
3511.3108681192784
3511.31023990991
3511.29869260039
3511.2940154174307
3511.2876258273163
3511.276091715453
3511.2703362121993
3511.2634310374765
3511.262980962759
3511.255203421915
3511.253845602744
3511.246894411591
3511.2457231001626
3511.231237759589
3511.2223062082307
3511.2154521354046
3511.214660264875
3511.2054886130763
3511.203815300749
3511.2020627653546
3511.195017027326
3511.1935157572507
3511.184721429818
3511.176254618638
3511.16675292524
3511.158474386234
3511.1339310147246
3511.1117134029037
3511.10857987158
3511.0471804241124
3511.0325487786454
3510.9750220927795
3510.9590127652405
3510.9571745147455
3510.918603275612
3510.9084207671235
3510.879438054984
3510.8788442391315
3510.8536434103753
3510.8465629908274
3510.8332096466447
3510.824697023275
3510.823529571359
3510.8148908264648
3510.8072281203017
3510.8010593647377
3510.795645050816
3510.782795893618
3510.774751164372
3510.76901148654
3510.7635805776786
3510.758900614766
3510.7512474673845
3510.7473418506647
3510.7415401990415
3510.740750338256
3510.7340775913035
3510.7324863264594
3510.7273368211695
3510.722307251206
3510.717343615242
3510.7124433937383
3510.707546976729
3510.7026974899495
3510.697888467784
3510.697017905945
3510.688155182075
3510.6849349198237
3510.6809871757823
3510.628743292536
3510.618298590717
3510.570515480281
3510.568879034003
3510.5613956049187
3510.5588057678883
3510.553376853669
3510.5483656007436
3510.5434597899402
3510.5387040776504
3510.5340664684218
3510.5295981907693
3510.5251907641764
3510.520873905949
3510.516599907336
3510.5122952472557
3510.5121772831003
3510.507920119241
3510.507837666894
3510.5036704810623
3510.4991807079577
3510.498799196015
3510.4946607413567
3510.49052110197
3510.4860806955157
3510.485627813257
3510.4815691166223
3510.4775088098227
3510.473461109315
3510.4694571409773
3510.4654720898293
3510.4612333881632
3510.4609201963367
3510.456974695029
3510.4530376642633
3510.449101644784
3510.4451934547333
3510.4412983494685
3510.437382955596
3510.433458730264
3510.4295438452596
3510.4256697513615
3510.4218259520744
3510.4179502128077
3510.41770464523
3510.4116657717673
3510.4091047244187
3510.404825209463
3510.403945107987
3510.3949390993334
3510.3909958281292
3510.38889540174
3510.384276179575
3510.3832738144647
3510.3788681586907
3510.37659738506
3510.367994686769
3510.361053196159
3510.3600931980236
3510.3308992649186
3510.3118347006575
3510.302616560655
3510.2990119066994
3510.2937805823713
3510.2905586806296
3510.286485351131
3510.2825019919696
3510.2786777001693
3510.2749343524442
3510.271246831874
3510.2675000230774
3510.2673979141236
3510.26366975406
3510.263229933398
3510.260091501134
3510.2487257937173
3510.241698389324
3510.2389564041505
3510.234552433742
3510.233219535855
3510.22887866318
3510.2278877369995
3510.2273970148767
3510.222171788143
3510.2196824255625
3510.216018724863
3510.2149044758967
3510.2089028635646
3510.2063581983757
3510.2029233823905
3510.19649816845
3510.1949149245515
3510.1902623478754
3510.1744733677747
3510.1626394398695
3510.1599983269725
3510.156722522082
3510.1561071221777
3510.1513888760255
3510.149894260768
3510.149009011339
3510.1454776602477
3510.1449549226368
3510.142223210616
3510.1383528819724
3510.137210954866
3510.134026986533
3510.1310099512752
3510.1281510004314
3510.1252110596747
3510.1243577996775
3510.1115696984643
3510.101587036441
3510.1008460354324
3510.0973035350626
3510.0959959603833
3510.092186759109
3510.0907934894663
3510.0874154645257
3510.0842198075966
3510.0813032648816
3510.0784622969513
3510.0758544003274
3510.0732743855574
3510.070711785016
3510.0681653699335
3510.065625856518
3510.062999352782
3510.062673109084
3510.0514427148914
3510.045482775266
3510.04356038677
3510.0407333818252
3510.0268223566595
3510.014344295456
3510.013355045567
3510.0089320960196
3510.007275646182
3510.004711403011
3509.998137037294
3509.9940699585563
3509.991819203571
3509.985875894452
3509.981114196103
3509.978249321739
3509.976025155348
3509.9695863649736
3509.9654878031647
3509.9633547425565
3509.9585255992456
3509.9541021208565
3509.949244035539
3509.947880576511
3509.9444375656776
3509.9421187219286
3509.9406137152405
3509.9174012668987
3509.9138290907263
3509.8956079743607
3509.8919384054607
3509.8917539422314
3509.8897172400075
3509.888678851805
3509.8858711192083
3509.883392069021
3509.879240581661
3509.8769039254985
3509.8752601131346
3509.871011492
3509.86716499953
3509.8637957646542
3509.860760708006
3509.8588990963567
3509.8571552383364
3509.8550923583234
3509.854710305313
3509.8529279351715
3509.851190483415
3509.8494770517823
3509.847790768459
3509.846099380652
3509.8444532679828
3509.8427647173735
3509.842663510642
3509.8389575290976
3509.8373555141957
3509.836918203998
3509.8353721009953
3509.832355655389
3509.8312758532506
3509.829331887751
3509.826653957296
3509.825569937817
3509.824012274533
3509.820422930231
3509.8187216732194
3509.817661505773
3509.8153809400665
3509.8142889396
3509.8142539608384
3509.8125028727754
3509.8120398715305
3509.810193931405
3509.809688336834
3509.8077879715856
3509.806654400869
3509.801189955153
3509.7961128872034
3509.7958454663512
3509.778126591144
3509.7767589094447
3509.7602232627896
3509.759621613924
3509.7571695638967
3509.754934040706
3509.7517155033174
3509.7489263248035
3509.7456308441665
3509.742729589296
3509.7410063050543
3509.7405114553903
3509.73912977306
3509.7390052697815
3509.737488136625
3509.737103501523
3509.7357390480593
3509.735477605654
3509.734144700542
3509.732873221114
3509.7314125783587
3509.731008780133
3509.729694623511
3509.72940408521
3509.727231937328
3509.7260216935306
3509.724868353174
3509.723748656554
3509.7226517337867
3509.7215687674216
3509.7204724686985
3509.720416581501
3509.7187962074754
3509.718217365132
3509.7169835186332
3509.7167889093475
3509.7156633653058
3509.7145422676845
3509.713432860394
3509.712326846478
3509.711214812904
3509.7103869717303
3509.707315639942
3509.7069797883505
3509.704403728598
3509.6982800593505
3509.6927019687473
3509.692320761619
3509.686457211948
3509.683356780708
3509.6810630392897
3509.6808436157507
3509.6747520206977
3509.669480999028
3509.6689128325243
3509.667231298248
3509.6669239096036
3509.665563332872
3509.6644828564545
3509.663475436806
3509.6625336226343
3509.6615561969293
3509.6614651453624
3509.6603697164546
