1.2604720746431533
1.3101743783058393
0.9070110762700703
1.3623029121335064
1.2766529645221927
1.383366527837147
0.585124945492214
1.1798833959595627
1.0797020504094226
1.1258474476866056
0.9155526898667976
0.9324254136667797
0.7856080703750461
1.0870301984097266
0.47241671294560345
0.9150919406102086
1.008294767283136
1.0828597560119464
0.4756984074322507
1.3507104886610903
0.6622477708564921
1.457106924335317
0.5852394934677048
0.9751998801565772
0.9539369898047315
0.7573100017096577
0.954683411681695
1.0262878838151956
0.9898044852738719
1.4544477410947871
1.4044123068814571
1.30056726476478
1.390333884158721
0.9440121934483665
0.7173550960246208
1.0455855144730302
0.67382872462168
1.1348524184514648
0.7974696000872064
0.5174135769220218
0.7341878071163617
0.49718928983919775
0.5450337891927479
0.4764963349785119
1.2966457237964257
0.5527029314965287
0.5954561840955226
0.8649781203307089
0.5264379669330818
1.1318888550490636
0.5964729068790185
0.8067243429089614
1.2792828526504434
0.6055899904883835
1.042781722319147
0.6046994794519805
1.1676461321990355
1.0550164567572666
1.301431333211243
1.0887397727927763
1.184560977061042
0.8424808311279826
1.4074950472465064
0.7120668146144156
0.8186693286547568
1.19294979379315
1.4114830787888553
1.0261374243424175
1.14533628834086
1.2048994082660438
1.398865769470683
0.9270516976217028
1.1717499594613763
1.2658987284312715
0.48478552567125777
1.0430722947742885
0.8675879584674523
1.3411706450732086
1.4471016498327105
0.7221599719486573
1.2414481549246081
1.360423177906681
0.5100124749461548
0.7864041192436129
0.4810420165751652
0.6965362315794875
0.5229268448974786
0.7697641066624383
1.181976877549722
1.3119514186549537
0.9802891769542577
0.8062179193018851
0.48397704312281753
0.935072920883246
0.7765129116777444
0.5645222998130097
1.1295873045637956
0.5028825218096467
1.2627999496148423
1.1552284434679208
0.6269692267837211
0.8895499453412955
0.5063591703300903
1.1449512159633792
1.3661156170181477
1.0219166255158043
1.0271369400782173
0.684079986511188
0.49964825673103236
0.7684920690688043
1.3550200523206881
0.6032204308114562
0.5941408916336803
1.25385177656597
1.0062607440111755
0.9705234933913943
0.5919158507637596
1.4240050303115799
1.2008699309449227
0.7494314399588418
0.9964865665677718
0.6723007993461744
1.023344134619244
0.8844808847787946
1.3384334494525667
0.8418149321958991
1.1635733386920608
1.2093360307222285
1.2025805141286352
1.0280811147433135
1.3288240991139666
1.1672133823125765
1.02488667607562
0.6668147487850493
1.0301986736611932
1.4033159270857118
1.1364189050491391
0.7235803395264322
1.1033582120015488
0.7231214760015002
0.9041546127093385
1.0466119475395195
0.768845478666019
0.7344055609188129
1.0764606693510161
0.9182906174287304
0.6868771200687783
1.2282084622869593
1.2385158383812789
0.5541847316733777
1.230712793848977
1.2132659322853154
0.8900001045079791
1.3675083530329888
0.9312967750640446
0.8432381203537419
1.2719208726293962
0.5875648977954664
0.8765765342137803
0.6214834966568479
0.7985897545207369
1.4274546030322575
1.3817821504125305
1.1540309455694722
1.3877134805705995
0.5237063914365546
1.2194134947065904
1.3510340110536367
0.6524997929669386
1.0805416390081937
1.2212105944377063
1.3324680769527453
0.9544763434452204
0.5325491666231598
0.7801037266744784
1.39798633705264
0.9514960286967464
0.5251864387603787
0.9122115608328148
0.9911145748865202
0.5168347952846246
1.375033704818883
0.9445745238614565
1.4580701010704038
1.0726408769314009
0.7631541697307764
0.6692163651498753
0.59967593570091
0.9645801248166719
1.0965159903495652
1.2180571753745626
1.4331457172935722
0.5819129898948137
1.4029039931910656
0.9890265654350623
0.5393468211635765
0.575918458131527
0.7791152435088905
0.7716727767973085
0.7927827212962665
0.8567111850951745
1.1907455373019404
0.7317645874646354
0.8501294588085195
0.9896270967813448
0.6756758878390984
1.3208549653301744
1.239947259513372
1.1374685422627633
1.1598918979453705
0.9712610257781392
0.9529820313915943
1.0915059790414954
0.6364067962842416
0.5199153424519032
0.5897625346214488
0.7617420909226041
0.9612264412317326
1.2925984572289275
1.0243122365977833
0.7771003842101151
0.6364499640642395
0.5331857635951136
1.3970153131209138
1.319456181663586
0.5218070043709284
0.9114190852629298
1.2964652108349466
0.8080704861126843
0.8004069974971856
0.6445375585043482
1.0649490377884208
0.48533907581577923
0.7147100160890544
1.3393772165574884
1.3273084761912384
0.6885730239838638
1.0955665669740806
1.1800632142439662
0.795161070120553
0.8465890752138328
0.8306914869998254
1.4008839189596418
0.7766352420250617
0.9128602031702449
0.6513986742839141
1.038003928147359
0.515751536532035
0.5921991450658808
0.8141060372981708
0.5173010919305627
0.898158252255095
1.409689117017778
0.48202520394572607
0.8798654324931197
0.6307271984993815
1.4685304959870764
1.4685824270667853
1.4685158875003514
1.468066470152068
1.4684529254002618
1.4683186586730124
1.4679196106536516
1.4680942722962704
1.4762777009574286
1.476219202434634
1.4743718473891243
1.475668832487769
1.476062919003899
1.476039942265837
1.4747362604560088
1.4754146916606639
1.4725427014436119
1.4715419512194259
1.4718103832222131
1.4717360549317215
1.4719462322142163
1.4723534062372288
1.4715283456640553
1.4721506186479842
1.469715952588656
1.4701024098569802
1.4691475627961246
1.4697243840235077
1.4697879217782739
1.4697526425063958
1.469899878865454
1.469674897465153
1.4628759999286005
1.462994602432388
1.4638062127878029
1.462717243798987
1.4626633866711072
1.4629821106809129
1.4633986281156584
1.4627176880359058
1.4686391466911468
1.4688637678020893
1.468227122542214
1.4684690547055035
1.468021420277583
1.4683917779102003
1.4685647059179778
1.4681411064749208
1.4625503117477796
1.4630723852723713
1.463442738889414
1.4627855089104513
1.4625043844416215
1.4626690587196551
1.463465072618216
1.4624003541819268
1.477406390729748
1.477134223835596
1.4758071220884939
1.4775073508628946
1.4775294278352766
1.4773075647300233
1.477106510374385
1.4777487092259782
1.468558588542024
1.4679669706884841
1.4694732812061126
1.4682558222173439
1.4690114966699852
1.4688750739955463
1.4686676526376612
1.4690952276758045
1.4734655079430707
1.4734987647963111
1.4724871915002726
1.4730791681474902
1.4733302714143337
1.4732601138405488
1.4729738773566563
1.473248417983487
1.4664294804060263
1.466864506952122
1.4664145670832098
1.466486105832627
1.4663353753556114
1.4664539942828998
1.4665104277882492
1.4659219062437843
1.4707549650413647
1.4700363535202423
1.4706813636725662
1.4700657345266428
1.4707397866604266
1.4710152658318372
1.4698360762465772
1.470395787672963
1.464320296346561
1.4644257486036212
1.465023987476739
1.4641266712699486
1.4642561205888303
1.4645047124197508
1.464404991036746
1.4641130557155815
1.466336263387134
1.4654485975609246
1.467032637209986
1.4653999153225494
1.466017077762529
1.4665438942048314
1.465381858810304
1.4654247079931968
1.4604306211576314
1.4600220123192555
1.4622335882194757
1.4597910181989937
1.4602981882134833
1.4607566678507948
1.4603990038768713
1.460011131484811
1.4659426356302958
1.4656156807498208
1.4670779095086817
1.465377164225268
1.4653255351230976
1.465949595119219
1.466475334504086
1.4655655256579847
1.148681366541286
1.1539600814429265
1.0540653616317182
0.5979805083863095
0.9299457362777809
0.5354015234936141
1.4317376110534303
0.6786948918313959
0.58755341872944
0.9603230284214588
1.2330118044336142
0.4920586858710711
1.0595559033155415
1.1676143158801107
1.2967939395666974
1.4484162679375903
1.3889130264263814
1.1713186672727338
0.7850553134705601
1.4339786222781161
1.3384782441973104
1.0100380770507011
0.5772849768382717
0.979850502264863
0.9650776720339634
0.5876428513552256
0.5272142096379543
0.9503460829694628
0.7450467325835411
0.9719549809341009
1.3428646344987845
1.214582918771987
0.9055038910435536
0.4917907915747064
0.7982364255254389
0.6711302067427454
0.9820322090301739
1.0207342119068152
0.5719768124939044
1.13401265149736
0.6823743474415581
1.121308347081451
0.5196082338042891
1.2684173907032619
1.1757798621630313
0.8323622618511939
0.5536532021485391
1.3136781618242153
0.9400180107686882
1.287289629263566
0.48819962450730103
1.3966581962087192
0.6571360265733366
0.9561501235076894
1.0720702096604504
0.9986960260134495
1.0415234842775327
1.222203152948513
0.737923525841802
0.9496179722676861
0.8007191299503331
0.7213432602410207
0.5105111443336051
1.1804722761229314
0.6054546138384252
0.5092855384514676
0.5269944097415702
0.8789417132819978
0.8730516150401274
1.0631656950302824
1.3474987325450805
1.36957789607567
0.4777529883696798
1.3846290134925485
1.2859926959171355
0.950163217069777
1.0472753083319737
0.5472367718381786
0.8672304119146043
0.7378992667759067
1.4683365206363062
1.468221601360655
1.468052255178557
1.4682062823613677
1.4682476847651216
1.468140087951059
1.4686290176045445
1.4688161934722643
1.4680830231866615
1.4684614024856955
1.4747008699638147
1.4741664388077749
1.4750130691429886
1.4735908175025012
1.4734794733022882
1.4732644692935082
1.4752328047698988
1.4744732592063006
1.4736156180884845
1.4740242471690168
1.4715139863200786
1.4712179662478257
1.47165820904072
1.471194350521971
1.4707927547261586
1.4706282986245258
1.4716781779204842
1.4715632434379142
1.4709521022744112
1.4711378484104072
1.4697092469128679
1.4690980574375974
1.4694986027568782
1.4693613630669757
1.46940688484205
1.4692450342553791
1.4697706753179582
1.4697257910581951
1.4693088748447392
1.4693965952485688
1.4636959864356942
1.463714407149328
1.4633718009624868
1.4642092893930305
1.464752292215453
1.4647444479518872
1.4636285403937712
1.464165438713513
1.4643421473307208
1.464275507174629
1.4683505562460837
1.4682679249127337
1.4683403662665548
1.4684103152557644
1.4682836602732412
1.4683429150237433
1.4685821658118574
1.468683596791479
1.4682651675144445
1.4685050739489565
1.4635711517678631
1.4634987649168993
1.4630970178569458
1.4641599328066275
1.4645857249318126
1.4647138979881642
1.4636093306555924
1.4640570499675698
1.4641771104782275
1.4641655742171715
1.4760029382548703
1.4756555803903906
1.4766020613754094
1.47497118525016
1.4744224466495333
1.4742836776483899
1.4763797152381213
1.4755120496647014
1.4750744061834176
1.475439006706389
1.4685059812047885
1.468698426974942
1.4684972267545502
1.4686168716662997
1.4685494341925691
1.4683917370708472
1.4687501086202808
1.4688386510689242
1.4688429794256104
1.468927160649348
1.4727216418877493
1.4722074716276066
1.472883279084825
1.4719312494263195
1.4716771662096413
1.4716828087094715
1.4728554835473404
1.4723492911641813
1.4717992463161902
1.4719732992130983
1.46664463703104
1.4665161520671066
1.4665573465680946
1.466810922516073
1.4670866448330098
1.4670035514846984
1.4666851658332891
1.4669887775380064
1.4668663961827064
1.4669742932512817
1.470145737780451
1.4700103755719935
1.470177795846756
1.4698683871804685
1.4698591292773175
1.4696968078209844
1.470419786003518
1.4703171760304783
1.4697561678883917
1.4699925822463016
1.4647770704625733
1.4648971666261807
1.4646705838245972
1.465531464147658
1.4656064933396502
1.4656801245036422
1.4648657274402426
1.465406016045654
1.4652321916356406
1.465238866855641
1.466167038419004
1.4662546505493121
1.4661926103747374
1.4662980102967667
1.4668797066062906
1.4667395947915456
1.4662057155917587
1.4665104849457506
1.466541491231608
1.4665169372150888
1.4615219390917558
1.4615380398087046
1.461090051710113
1.4623493689880733
1.4631472850126286
1.4631809509576383
1.461231981535336
1.4621409443711209
1.4623137585920243
1.462208785163303
1.4662534115049732
1.466229510570524
1.465963831468428
1.4662816334041693
1.4668311607402902
1.4666013739237695
1.4663916564789026
1.4666377720340678
1.4664539954241582
1.4664062829749687
1.467148133426934
0.5496044458653206
1.2387111463117708
1.1923623046512821
0.9767282871454219
1.2528510912043036
1.1526653004461664
0.652563736179174
1.4493294234154632
0.6668381072483841
1.2323529248531397
1.0171822611819556
0.7545573435752368
0.514626326116315
1.4179780456200555
0.6068646414291186
1.3530824086515276
0.9288853732666583
0.7567215788121966
0.6492422299302331
0.9577775140081755
0.6869091307355506
1.3465288193438285
1.2380126494398778
1.2410573770370827
1.1544515414859788
1.4634289795122333
0.7142303651195429
1.008101929203476
0.8661789811917815
0.6635659328661104
1.3509069997727585
1.2175016691707379
0.537578024251608
0.5278440750302228
1.3408881788641758
1.290533377684321
0.8806163222379
0.8299738209098786
1.3165279389743214
0.7293236593152389
1.1979253246725192
0.4706422282349634
1.3314654456014372
0.5642635299955926
0.7722006208233612
0.8398617107436356
1.4362765130747384
1.0549086128479208
0.9692311431868037
0.9847177292821105
0.5791747268154578
0.9458947734526528
1.212921110500263
0.8520947321384995
0.8119579329694802
1.2717068670466871
0.6114375641548015
0.5744410281836115
0.8163266963540039
0.5424293335546599
1.0602515673393065
1.1862852277203815
0.7991420436032709
0.7626493591063929
1.1230573690650256
0.603312059153413
0.8770793476787089
1.0057142750144683
0.8605204923467283
0.8341492596808668
1.1513997749023759
0.9605501769011019
1.0476525605848184
1.4357347719382214
0.6760219669673536
0.5713317206127757
0.5032706787975298
0.5926146947644433
1.3409314920593245
1.405372490573346
0.7277713724026061
1.348091526619246
0.7039964819768393
1.038570134133512
0.9479512690594032
1.107374099822061
0.9151249318842728
1.3201662268868837
0.7251027523598946
0.8589950811019338
0.5508960950378959
0.9169052573788524
1.1190123454906205
0.8035598689000023
1.3863072718699427
1.3548405534383023
0.6194487347043749
0.932893960327738
0.623504898356834
1.168971192015716
0.6018376560105124
0.5108273039744672
0.7926804560546077
1.452833265940356
1.2579607604312482
1.44190497081129
1.1774843879457288
0.9820242230148063
0.5405843307824045
0.5379922141637506
0.8488056559201285
1.2600273202961754
0.8770846831133576
0.5883915128543207
1.02708611538034
0.5824454514683987
0.5967368729404744
1.273884743430305
0.7597812495935214
0.6670585704676734
0.4780856219170209
1.2847654056647455
0.8485399395830491
0.643039237297365
1.3148716630060666
0.8432726775764366
1.35152803131385
1.3357523297278886
0.9997141846471403
0.5873841680566809
1.0466167843079648
1.4391482357837582
1.029551695063877
0.720978685402909
0.6835499817296463
1.0410877592659873
0.7532998786520232
0.5166626712255915
0.8256937266190374
0.6780707113421339
0.5308847052532546
1.1414410851031798
1.0674912612824305
0.7748764382295453
0.6969958172578775
0.9368352045145752
0.9360505117289208
0.9666621757036522
0.9543898925477309
1.3459327097001992
1.307636866983036
0.46875525348234404
1.1848137115790722
1.0093343363037726
1.3340688546702721
0.7428226978490954
0.654504164469964
0.9497710077456389
0.4822857178176233
0.5011473110631166
0.48432258845868115
0.7724743014056308
0.6480927622580223
0.6686515690508487
1.1723974265861203
0.835607132588104
1.325539573800226
0.8471416703062808
1.1997072700149776
0.5198402026738919
0.5916036219806081
0.5824012287791888
0.7985967235733626
0.6281177085889567
0.7031816062539614
0.6677185286650181
0.547208936003814
0.4825606488639272
0.7337070105034917
1.0588663451605669
0.6593101417628552
1.13442033241614
1.19319182127962
0.48948118184495343
0.7451046020999952
0.7987594033474391
0.870751320762105
0.5475528339902714
0.9809085343474137
0.7520813812686452
1.2290516710327704
1.2333643821587787
0.6982046744167675
1.0025681969437163
1.423969752516028
1.4356347451396687
1.1148199475113387
1.3592111506689863
1.354689389169058
0.750257802537469
0.8718224535680491
0.7070216877827686
0.9484907929535891
1.195446106914467
1.0126456147523422
1.2541032850978224
1.1599177522800133
0.8065912731300346
0.592799809061738
1.1770983876948198
0.7293972466334538
0.8849897000871907
1.178393216229721
0.47341611568001574
1.2699357841498742
1.3553149277306706
1.0598195478605674
0.6108938396741646
0.752813414705771
0.9823391117770199
1.2960617630184574
1.3566250202845445
0.7087376530803322
1.288773590718187
1.3398363225893775
1.337362235362395
1.4365344841858119
0.6469457464431717
1.3502923832986298
0.8044474196778715
1.2196781232513478
0.5154763025162287
0.792828548285185
0.9740015825849988
1.2222323610292933
0.7552984029939787
0.9357509261034855
1.1463109302087213
1.1197526806854872
0.6062921325616537
1.4679840142639788
0.872637512352791
0.8515951421025498
0.5750837908578614
1.1661395370872392
0.49410979596048543
1.1553425807702844
1.2148116745561557
0.9311970845943461
0.9635144997217702
0.9625500433149576
0.6380728170750843
0.801841257529569
1.3152591615374698
0.75800436868028
0.7362175987679969
0.8889043426450229
0.5340733327872019
1.2752514656372134
0.730836724861455
1.1770623138215626
0.5779822880961274
0.5232189839055766
1.005022289181223
1.3542892508140991
0.4862213042032825
1.2872112006542236
1.3466324756937798
0.8043765770681877
1.4004686407146825
1.266391945594373
1.4092161802380734
0.8633286263844387
0.6298055416437853
0.9556150253372078
0.9190091262301757
1.1462681024317867
1.1970402398047535
0.7098483874013566
0.9622594241263758
0.993924044490052
0.9072654161478423
0.5472860937625754
1.2720649595375146
1.1336174020793814
0.6064588654969811
1.230628502534637
0.7484061931327323
0.9394894001896832
1.1259807057720483
0.9277446332329325
1.2303040550858209
0.5169985240105021
1.3073945636288848
0.9715115884671967
0.6121847418839694
1.3039337277996506
0.8947442695342193
1.3768647595015386
0.4872640154828754
1.3982054555458143
1.2596805778229208
0.8261423991982867
1.1005522749280998
1.0749737990782433
0.6670495843966682
1.0328630654958109
0.7222944326923385
1.3588273913044113
1.3771551469558128
0.9235442993566009
0.6781692230165275
0.9774665524037853
1.1792812256298162
1.2386141625365337
0.8555645007205429
0.841518846044906
0.5220283329646684
0.930527992171659
