2.7490487604576783
2.9707374428622986
2.367827517684705
3.087572877390918
2.980487814328468
3.1597713241950576
2.7658156670246
2.325276649171698
2.6267315565659715
2.6540078309982937
2.094271790187643
2.3698871922395623
1.8500991905453512
2.1122494032340553
2.040648999027964
1.8562321948691816
2.0345986988204317
2.5313648408654914
2.200298942551611
1.47735126521188
1.4978507206052198
1.88749546021804
1.4953581428160374
1.8574671950125623
2.2506992022325965
2.555711428195779
2.225395321993594
1.9675476227087954
2.5131640568638645
2.0953485120394637
2.339269752330051
2.12077401452251
3.027831262377397
2.6777371404820998
2.3549165750489665
2.382023973155385
2.813165457408061
2.3500624105399215
2.816790343275997
2.9688035698114414
2.344209532022026
3.0101275891661348
2.2423453380904554
2.134897010530613
2.055167220351578
1.990288802900535
2.4628417616134537
2.335596115412897
2.1220179969065325
1.9025332200434777
2.126311164356794
2.562032435403415
2.482411812421823
2.5693472437864586
2.463082264646986
2.261307350443107
1.945807573154806
2.6624504098468464
2.062887051016005
2.7048655052732284
2.2185303701785997
2.4430681201616746
2.806928274557981
2.1348612715356694
2.6039230117822507
3.1222760622892
2.702307800078746
2.8579198672660744
2.934258748376328
3.0363332073108737
2.2217854369918095
2.84431048242585
2.0108963996839138
2.7124598790970236
2.58335145625692
2.2654369528627045
2.207711868862053
2.540361049465876
2.1918556666492055
2.2159967182310427
1.9167182967823522
2.4177365804150326
1.8181915581158374
2.408656438004641
2.235276307720799
1.9728900430987188
2.5689262284725305
2.717050470455298
2.6709378238913493
1.8861601607965277
2.3321803357489648
2.6092769678813075
2.6983978889686573
2.1413344826258025
2.664729332964135
2.4436276758393767
2.625577571208539
2.463952655309267
2.5461486258855355
2.839110468435787
3.0051165037781957
2.564323357860569
2.3334177701866246
2.311129444854263
2.403613978057079
2.9139841330128857
2.3181006645601774
2.1513266947070284
1.8850717477879129
1.872803353862008
2.151965251391592
2.4185075438340684
2.4023909281743676
1.8597202467318386
1.8443578726437695
2.2680427480891714
1.490424071572597
2.529608561501156
1.9590756164612746
2.3321519802366812
2.5767776404405236
2.2110675601847154
1.9307575270900421
2.0173142076741377
2.480499008205288
2.5975242746224585
1.8671019344929054
2.815687604871509
2.957319104802137
3.1436100258927064
3.069970508377177
2.8890842256926423
2.155113547830821
2.507437151342378
2.1847439098835317
2.7301504425114915
2.5630506963492965
2.150440271591325
2.27851562157227
2.0141249944989896
2.2493793642053537
2.0771525606908923
2.0677842759745095
2.4440796388885144
2.5291056232720996
2.5764910037791764
2.3738819931109436
2.4086751376379603
2.164601785384871
1.7352528200662878
1.72505255668353
2.2893329616510947
2.3728117185364788
2.4268908440425183
2.5923693684508713
2.6028582146736183
1.855140099878125
2.442113720141658
2.6162064516960033
2.3362766939399187
2.888770742134285
2.2793629545734997
2.5200434948464636
2.513580165531553
2.132667070702005
2.203924105058489
2.4132494908827984
2.7312632668369172
2.07888079488107
2.1055923628163487
2.473579291767588
2.6844561918236454
2.2320762884516125
1.8996121037998943
2.0229947117887646
1.647667065557914
2.119008481756037
1.6085712465442137
2.1757688888492837
1.3364813766685033
2.073851893041545
2.272693834392345
2.2332612895860224
2.3523723142598265
2.0187476275802942
2.246813360490504
2.593657493289701
2.0980075262271987
2.3864133166973653
2.6636376867543703
2.2247647286637258
2.9571757118642266
2.990935749462795
2.328378557402795
2.7728515464435235
2.2685980201057556
2.467045159923726
2.96738124549169
2.620172859076449
2.1076292333390145
2.713083702450357
2.154221199114362
2.008141042521526
2.23161299044364
2.0213382577992203
2.42524908274917
2.365128040966039
2.4095997540530805
2.3861141739171585
1.8502147176851498
1.9732737418473083
1.5691876995835958
2.0196177712333707
2.5990246018002994
2.4460408278564922
2.5894802133112833
2.7996510137402173
2.3099187290681735
2.6428655938262824
2.56688256806489
2.434226049626844
2.687660625869162
2.2301025825897307
2.1571336764636593
2.388895759258127
2.7419395032298217
2.440775499113049
2.830845231109008
2.7730328175743373
2.2373897699056093
2.9216982583737683
2.668985028514666
2.586929487556105
2.3292361144187543
2.918741049681929
2.3277943867840314
2.668532447951383
2.4521579949670755
2.194974208797104
2.458481630776591
1.8059815081681319
1.6882700463906628
1.8639894598998243
2.220101786743099
1.9537286577120185
1.649136070423362
2.22185268830018
2.335361826734681
1.848821796719648
1.9301657415910307
2.4948937155535815
2.406392696951363
2.3678669184503924
2.0312373958037164
2.5162884750674257
2.6639680831140193
3.215167176053718
2.9202665908464587
2.373270314207311
2.801201726251275
2.703038733613598
2.965391803111792
2.9264871396172154
2.355039747296216
2.893715823632005
2.1379253732637626
2.4118676972793627
2.4441856019182002
2.29696300565281
2.076053617433288
2.081037223745536
1.9021202697117439
2.1472366692152565
2.3705272794575287
1.772476246172714
2.1335066099907456
2.081877596587136
1.6946875089060387
1.8819291878009274
2.356901072178117
2.5445893170337026
2.1248906186370076
2.0866233864950865
2.6138453744445833
2.153032360309085
2.0924520976017873
2.044561812209588
2.814854534565868
2.809343087308751
2.919650917129039
2.4604268366212154
2.6663426297597566
2.596327769333307
2.4103886624688005
2.3304038705488312
2.1307954739397696
2.43918873963661
2.230929791452431
2.9288309766749854
2.544971174892553
2.512870575316786
2.3667268836393514
2.112841812314645
1.8693436916450037
1.9913630666830564
1.8188304000686883
2.1134688833655986
1.9566308304979305
1.8609251045354098
1.675806881709996
2.3421094367680153
2.41170767731438
2.2853021798556146
2.365808309873271
2.4380198289287183
2.199785842715872
1.9156471148034349
1.99930563193806
2.7884035194394574
2.3250122706511336
2.146031240991318
3.0555438573305627
3.040123968734428
2.0397654957108804
2.7343617266391287
2.0988020647280865
2.6292376925745082
2.180849674704543
2.1542049937787504
2.210601670532066
2.376559849403074
2.345144276936658
2.4900774514569015
2.620327909655047
2.109223773752741
1.7357692358018293
2.3844960906814787
2.5127986088834278
2.288793330013
2.171342386640677
2.1541809419454903
1.7180833099004649
2.3545207065657903
1.865645924750368
2.1717662687916843
2.66506568523085
2.02330064696778
1.821876159260037
2.3555470189604613
2.7950570486815667
2.3120239325482146
2.400016333446373
3.20318708177239
2.469242475716579
3.2407083531281042
3.111009372356682
2.7759746965403345
2.9383750806916344
2.628026239165377
2.3897710839531854
2.71355889041017
2.484669060103589
2.242954206826314
2.152864989294974
2.299192625540633
1.9123080332428357
2.1418653678047668
2.4768205675449466
1.9049953328816784
2.29393553557916
1.7585666670705673
1.7099461376025653
2.302682963381671
2.325222357091928
2.1206202076705294
2.189516923959056
2.5795608867000857
2.0967708113403747
2.375041133492192
2.6222518476022936
2.3629609371861973
2.449592617469459
2.680443335878917
2.4050728097074137
2.8687474848004304
3.1938338419667156
2.383536654389648
2.9160916624210786
3.0700370194584683
2.5322265608821977
2.6118991742012314
2.5685473519386384
2.5822454807674355
2.6395524397829524
2.169336149584981
2.264988996878246
2.830058064323952
2.291924131123653
2.7633646913426926
2.153491224849028
2.1097411572101024
2.0483938737533958
2.269670361445705
2.5653039883959066
2.5302902723823104
2.6908969352350107
2.3873918412104396
2.68149522667053
2.3677029876733164
2.2277530919862647
2.581046325908317
2.752940182488796
2.065639863854436
2.2966036683171946
2.4129524951869734
2.428428779220381
2.5545390803257493
2.3118412449722108
2.4169508260916954
2.6378809412742004
2.2547624353083546
2.551087240815311
2.3480698056013587
2.6335773801823295
2.1355945613551293
1.7383902620234049
2.648819348214767
2.7603169373630525
2.017571002825843
2.2385542514543486
1.978387881550294
2.1968646401595775
2.3858324607712116
1.9493182701413723
1.8479611643444622
2.304933491846183
1.9995134143390185
2.418366056163589
2.61250728301715
2.4783981234482817
1.9050387287978847
1.9526360929901028
2.812426902873041
2.2860511133673302
2.4760558443531555
2.189886240554373
2.027471297165744
2.21928813406123
2.8886534820657017
2.9058740248272104
2.8504302573041427
3.095102137220482
2.584701852753256
2.201601747228673
2.7668234477765763
2.2082142244885117
2.4951876408033367
2.6186947276465022
2.467108337713527
2.8591119899186905
2.5326301570743577
2.7538576661382423
2.6252664168702813
1.9719858021184897
2.1681212211970755
2.117561876146387
2.351369045322658
1.9549130118751334
2.2438482285418013
1.8225986096377171
2.1726472683081273
1.6836911312294072
2.256546242817657
2.7904356614080625
1.8866050951210045
2.690272774697077
2.0933331947080807
2.7819381530222502
2.7208453817902067
2.870574115046698
2.178379669640294
2.5475196806192715
2.8021432644830577
2.3062951390506594
2.7018321125448175
2.172067882406502
2.7534877770086736
2.7130961709309447
1.9522019327135804
2.5511761835819136
2.0403756250927203
2.1302812042978054
2.8549781914088657
2.496917527462453
2.04570724851044
2.594858395781198
2.0967713730797484
2.5903944440865265
2.0272086809588434
2.1223488277254887
1.7932288377968362
2.131184713962644
2.367087328252874
2.5582632910142333
2.6222002361191947
2.634131756633926
2.819563449745828
2.62751240106904
2.9688860073924603
2.6696492942400107
2.480876080712856
2.1878070511911782
2.9964277264799426
2.374719372158674
2.3090893389105687
2.339969236538394
2.738460911427713
2.556867606634485
2.874606618074587
2.6093293811434877
2.328942589907154
2.1905542550824997
2.5553408787571446
2.0800974062139916
1.8906210987927725
1.9239315801896748
2.1354165433526116
2.2722930461704594
2.3361356651335634
2.745057392754348
2.705756141917437
1.9906572553793156
2.59297680664936
2.6634929444145174
2.126534403607946
2.210078450760938
2.311449758276142
2.2811316857584707
2.0000944051581504
2.3255147990039977
2.151833961220136
2.45518077587818
2.183135475462772
2.103746312059378
2.5420811271386574
2.614887755801897
2.3107712918080177
2.3280656094416736
2.7972563785394264
3.025713079477199
2.760738975212992
2.6287527838416618
2.6517685972443865
2.570064174202471
1.9976742218691839
2.2454492448835817
2.0679315694111087
2.021076549879825
2.70766065577195
2.8753258648313667
2.1236137046911874
2.3709963142890413
2.255463329157897
2.156098002312908
2.3273325203675164
1.7870861812984227
1.9965407734660836
2.3548354513107133
1.8573259081116136
2.22406808218756
2.6840144606495175
2.4048635765541726
2.268130269922972
2.1334446913253733
2.3473757283905274
2.2162898822924286
2.2571525262948255
2.224625495716345
2.7256710822131978
2.3861234064367536
2.7544907569667627
2.6656543832726864
2.666001150781673
2.494192264973161
2.6836978854068736
1.7570535520953283
2.2100487376796036
2.4802418795322865
2.6310302377997474
2.454074288270422
1.9085240614493366
2.3945121012599375
1.9263873670149925
2.53796587947086
2.057319451099262
2.1026599138776203
2.07975438027738
1.7010669969214531
1.972669319115924
1.6796193834113535
2.3757692175400087
1.9771355980664755
1.8810671313807201
1.9098692923370437
2.347614434911591
1.9451019837457486
2.141243703328536
2.919615911138138
3.1046366213550876
2.2945944645169525
2.986596105763529
3.0396871507732888
2.2286335958686956
2.55656454357827
2.074827104418613
2.4358776569020506
2.292206513017432
2.1807602685190055
2.0504669132206668
2.1524114745108873
2.6135062584807898
2.180625518132686
2.299940858422161
2.199768315963013
2.2542242711589595
2.5126895416509365
2.0442090866024083
2.2799269789910164
2.536897571833482
1.8069035302379404
2.40132617448177
2.5205801840344826
2.043367380550813
2.46898055675208
2.6952879188642136
2.8128970279890906
2.1519027785283695
2.3846811418598612
2.3393488526789987
3.128102739782304
2.1643266940322654
2.747262163999163
2.1988809341703397
2.496032712984955
2.425635191346732
2.669022534637302
2.85418135486613
2.764920812167609
2.718063744120416
2.5262194706536407
2.2296136376620965
2.0923790324557507
2.237864404141029
2.600134812766893
1.985948806954853
1.9982083434019693
2.3718508253650143
1.9686102108427508
2.664878137049753
2.2968100108815888
2.533157811056596
1.8275020997355194
1.9181463651802575
2.1236576655376793
2.6369056087176452
2.2839773972113417
2.781380288270642
2.364824192013382
2.2306341240430587
2.477060436604904
2.78538871093755
2.44144848300091
2.908807713118314
2.342947309582446
2.7358908677400473
2.2364163867318605
2.8412563272713625
2.2846914205293856
2.037636993337795
2.91530030124045
2.1358777781356793
2.580133199943969
2.251447465064579
2.1336230497282376
2.171019748582876
2.8056648492040175
2.6462136351828094
2.2159034334651864
2.3339906531473593
2.296565161330701
2.4691907338081482
2.950163135223364
2.3866954495425987
2.2394132913113105
1.7809719172658955
2.3336902479976165
2.060496748431934
2.1357928767257337
2.0498122573905477
1.917985202214976
2.8852400089671475
2.7662411473482225
2.889956378382384
2.346090071742027
2.5686655529235516
2.3522072039090935
2.580473276153323
2.9716872112642876
2.4351080115205033
3.070348958160926
2.6969054175687805
1.9435468011098769
2.2463793103117276
2.262740900803521
2.642163383999412
2.186533387495767
1.9551925570597453
2.662678492464501
2.6174244961661364
2.7006774550295836
2.406329752499767
2.245062662584196
2.8009309033583394
2.2748062720364284
2.160640273702317
2.628930875734267
2.558053222870534
2.299037253841589
2.4688495899033973
2.3614420692369893
1.869042095330309
2.0790061591844298
2.7558411806740937
2.252487282590507
2.775339483340414
2.1006626540884192
2.6421355701967335
2.445474570082108
2.9409216243942313
2.232328727161901
2.4755335528485993
2.3615983666657665
2.41664878188671
2.0102935966487956
2.554594341958003
2.297038762228548
2.3293167985195646
2.4153564622852937
2.8422525478484424
2.058343831638476
2.8964720601638136
2.5516979556310817
2.931743554822871
2.216368111882678
2.3882157798385895
2.4915912863016962
1.983461534736096
2.5109569700933196
1.956443014456974
2.2980041334910455
2.6136996302068156
2.4270240524137363
1.9872623800060325
2.046532136878663
1.978810924959715
2.0745830402801357
2.0517714166209666
2.4827692586522003
2.663653259172191
2.997943839633265
2.275522152497705
1.8417431777948379
1.3585661886919231
1.8549099339290553
1.698307762919773
3.022916207961727
2.415457339150013
2.4738729626440352
1.3953162543577864
2.3930156757846537
1.4025658727060397
2.195790160398423
1.9313566766536046
2.143365625595126
1.709759496281111
2.9567956772356756
2.61599152982318
2.809849607099181
1.5292611626100432
2.360042029916133
2.129453578420985
3.218391402487863
2.728953152867259
2.3909775737471697
2.3355457644294106
2.87005348418919
1.3798584082444931
1.6179965351544645
1.5203926796863376
1.8619678489519313
2.312696147701502
2.8676288182420313
2.9984363896088704
2.7448436312384854
1.2650711710211244
2.045945844962132
1.2139631094717755
2.691148588106888
2.365588807124322
2.4530053304164277
1.9512782085908418
2.307173265428589
2.277676293506811
1.6706516016630688
0.8150252968565945
1.5180699798249326
2.3103993315229983
2.612203397664021
2.789155823813832
2.816463791112087
1.3926266002581609
1.7356093690254306
1.5127942182749303
2.959167912921192
2.133348746149613
2.3265208506179564
2.1945613661816417
2.0688727556164714
1.7569287729834555
2.0598458065744993
0.970757370250376
2.2640865796167793
2.021027247875567
2.97791497176768
2.2288863789721374
2.4637185235067287
1.7557105770773265
2.5775117321209593
1.4010936092870572
2.895053002351794
1.902659394793026
2.7381360956438328
2.128204239195831
2.8293900208499663
1.6658914797178475
2.0967449067095116
1.397063117704056
1.95417132294964
2.141914583105359
2.8839959452159345
2.6312327149133536
1.8280725365557382
1.8661074391083985
2.493469566580169
1.4613050632767473
2.5294637592765103
2.2064750422637083
3.1386965690199764
2.3032627601895133
2.7070020127771217
1.851158311450975
2.3191862813743196
1.038870742877178
2.3928547766493127
2.529340349486288
3.1658983804321057
2.8444411050545266
2.4223931396765326
1.7078100835831134
2.682946053453036
1.338659962561355
2.9261562185118564
2.314746074685025
3.074463827490151
2.40442664689252
2.030716988609111
1.5812591626104244
1.6726911564465294
1.337367448348501
2.148634890937745
1.890890690042244
2.471545907816801
2.2655304329079184
2.329226051704742
1.3900315906174674
2.0384237541697323
1.6028593957504653
2.512209069477913
2.386804037827161
3.0336525461915143
1.6399129769541263
2.8444085702650383
1.770720017870311
1.8940112422854252
1.1189358283387583
2.081399432332801
2.147033396005435
3.1540777928386503
2.6248110202395156
2.1665855320867715
1.727962695932161
1.9377886886021425
1.4623486966728598
3.0451713976419494
2.2557627572794567
3.0194219036042433
1.4032468989089943
2.180112095565656
2.0580161359372577
1.8515257831358123
1.7609533589999775
2.0857239265017893
2.26241593247643
3.1850476927970863
3.005045170406902
1.9696026813226706
1.5638323217870387
2.409544791583694
1.9977839656120633
2.726575158890662
1.8751791847561918
2.2567684546628906
1.9270100495154465
2.141795347277649
2.141147416179391
1.907714649006811
1.5518865552123544
1.5459540973716952
2.361090172117849
2.8491699998448006
2.1461343164362363
2.5026935808424433
2.0688098657840768
2.2527032870927974
1.8064054742513684
3.176192567493228
1.9274148590099047
2.609824427838662
2.422055494205278
2.031576809094111
1.8889469580887406
2.392004983852267
1.6007731572115864
2.1741311586425294
2.3546709962206944
2.5949685081435705
2.3017542879646276
2.207070757920932
1.6396562373999255
2.2967938252579247
1.3740239402500947
2.679258286691774
2.575880079375382
2.213935217293496
1.7980215939745146
2.8754198119394987
1.5472958691740002
2.0081057330448333
1.2321038561657434
1.462977419473525
