16690283332640744e-45
1395514220576716e-58
6708563754912948e-25
0.2857875287720661
0.7269836843219479
0.9328506744518628
0.9106239043232748
0.8361461559884699
0.8227137908683473
0.8209447957442939
0.8611070666228359
0.8905363125638457
0.9065523937375757
0.8929156212869951
0.8469084223801695
0.8039417960215136
0.7357780070638861
0.312861740991902
4141419422331455e-20
0.007076491379688182
0.11593922860695949
0.13326142646772282
0.08304079418943587
0.30815686265118625
0.5674625092814405
0.6403828971767669
0.6680641063806362
0.7416146488086434
0.8244103327831667
0.7520054465395278
0.6818869214566254
0.5893707225126305
1.0946640830690555
1.065022888686012
1.0585184016449645
0.9908856242517229
0.9157861576590978
0.8666430115943033
0.897978709908985
0.9085878221339361
0.8561876388186698
0.8012819290974068
0.7478925982352731
0.5975584516827046
0.473001201427657
0.3345827813645571
0.25326097310118145
0.17658144726185973
0.11703509569304871
0.11824907139099798
0.043663966379513225
6363758685251721e-35
9271252642768524e-67
1350645329454187e-108
20424027162549876e-242
19012178520430348e-219
3166151956231674e-95
0.00030449435753680153
0.028571485943707738
0.07593441931257369
0.14293168049028604
0.1468284749421267
0.1771850568865262
0.20392365540163476
13.588553159362746
13.075125978843584
12.973580988404088
10.857792735143567
5.739482085715445
2.944634778589823
3.2974988215352123
3.094557550234826
3.8933462110435535
3.729753783256944
2.7309498407445325
1.588260643614784
0.7786069891892944
0.2850629975784923
0.3724914898605289
0.07391104407055642
0.11697237205472628
3.557250442199417
5.457598710556686
9.26978595180443
11.950472512240715
11.631511609361974
11.231323368243975
8.194269602841457
4.982182021524142
2.732913705288312
1.8173279213538431
1.1109030641810167
5156373499870393e-112
32814071061618315e-81
7891547731827025e-67
22260110658832714e-95
3780783984410651e-20
26899788936558628e-21
1855021665485357e-20
419558319703109e-44
8794360285517723e-158
5410540728853462e-171
825453063383146e-159
3448648877657853e-200
7530279757873517e-136
10823173790033026e-45
0.00010229063572990715
0.00022672968889824393
0.0003009470693003671
0.0004216374219992673
0.0005254938450855526
0.0006139779386498826
0.0006019718441855798
0.0006427305364731868
0.0007848680153770901
0.0007859365678365449
0.0007247659611714685
0.0007187512622617708
0.0006922555441625232
0.0005799097171374433
0.0004458969851949032
0.0003435748683310828
0.00028358376633309145
0.00022303513389886209
0.00014106876624858203
8351930149669393e-20
6180739654281707e-42
4913905539422702e-37
0.018012325507393043
0.019761329692891252
0.02166012901688631
0.018245880485707057
0.008299591407586189
0.0038745532443304424
0.005276267066800447
0.004559184932377278
11492120408798026e-56
23635944244158264e-71
27740205173064904e-53
29097734401150227e-85
5622948990940661e-89
12737146964349941e-87
6562564575413566e-144
30587924383218693e-180
4186222143661587e-108
0.010559484446720788
0.02322938934137821
0.031065482494877568
0.034312395275151474
0.038484915375569334
0.04459529883917317
0.038138440940267755
0.030413746338929907
0.02961613845181469
0.028583045391133266
0.026275457627099878
0.026216960376931726
0.02992692011132627
0.028673032992254037
0.028986946222569795
13.78165295893642
17.896539464740346
7.1228654285099084
43.59097406452255
132.35529399063387
167.06937759245835
173.36320621546875
177.85816842274906
192.56705799565654
199.33893648871842
209.2923197583195
213.8202680221979
215.20235942055285
217.4420018151687
211.84202994858495
204.42153422096825
202.26530018436515
142.37818725257722
79.10827363277829
54.9346967720226
43.837016410372506
34.476738331718444
32.3490446463525
103.36243056535254
159.67037557804818
160.69409665953066
161.99724677320242
160.45729206907413
168.6140471940603
182.58870078619032
189.01894481062646
194.35821424919217
26875.398946798006
25900.484414807983
26338.82745851386
27069.841745191916
25625.308084141237
25502.21677329652
25064.294726939483
21970.02929011725
23295.434892564946
24775.008103324686
23465.034416121183
20530.936359539544
17812.235501830222
16205.852447391866
14621.767621952396
11900.462390014498
11165.590979915627
13601.939212612722
11965.114265643717
11845.085265791055
13819.457280439701
14607.052657822802
14922.545145710345
15473.654381768582
17176.11126280761
17796.35571109643
20923.3154218887
26334.241018879802
30174.298628871613
27547.275212839017
22951.994809213476
22020.11125687566
7662830695365235e-23
1961506625559014e-47
11027477872291273e-38
19368730312835042e-24
10547076441643177e-69
5732687315792751e-67
3870529793663372e-24
0.05778601445634595
0.05426011234008244
0.0460492861025785
0.039953307273882986
0.05945009317040589
0.08799541326442396
0.10736095121288323
0.14841892890608327
0.2288726824628295
0.28612504307679687
0.3125225161275202
0.34834947482265977
0.34240610291115436
0.30232607383614357
0.2587980349375086
0.19647141751490077
0.11384184646355085
0.07800364284284061
0.09077139007371839
0.07723879150853744
0.06569595648793078
6401376822456027e-23
37700354484721697e-72
13613918372613401e-21
30625687192301077e-36
136.91779317290107
131.3452997202917
105.38128691037791
64.09220340239443
42.630271136082214
32.27463396671905
15521129482544214e-72
7309454359775169e-190
15306896787766854e-71
21.753602178613985
24.9575322861863
23.857381590657337
24.89009465764287
33.126594007096344
42.00525157344431
54.48978277052282
63.8805299221919
57.330541383752106
52.68584513976541
36.96400599169927
25.57741483302723
30.872999251015504
51.88331938405901
70.71405238645852
94.66575713415257
118.1039607569425
126.51133436432195
138.08010384836956
151.62837441474062
155.34333050940285
155.81034476265617
160.8806787453151
2160.6174052657084
2169.622220708064
2192.653146862556
2110.870913918327
1948.869407843216
1815.5598851370087
1719.6757342768308
1625.0039221395257
1496.6518470362146
1304.0696235719395
1126.8557334322822
981.5650738787585
866.7597106955557
763.0241942864936
620.8943335536704
479.25911796811715
469.3573534673288
495.0303567439148
469.6199406767159
425.96051503528764
422.69311550125377
490.00499250508915
673.5810619063668
829.8598072040119
716.6274434530009
648.1103526780229
621.7919960020304
442.27169411088653
251.31222956840205
426.4780368884979
812.4043567549097
1016.3766030775614
24631503619420136e-54
5605735431223856e-104
2194018100789181e-41
5e-324
3193588861139326e-61
56888029818720994e-117
440964406683871740
5959000761933716e-37
1077394490564367e-24
1954402099589903e-56
10998143955978356
27679106139831774e-81
0.00021917966076236682
14859176591267926e-135
2478849678432008e-25
23876080223812053e-25
5123955725388689e-32
25938629253906493e-162
5667644280455835e-49
31223877291530213e-25
7778215924182213e-59
0.0007541076626353864
27967545195315095e-92
12892432884162961e-269
5801203267348356e-21
10380137059904804e-37
23037.65177402514
10260472764942606e-27
22022.810614717917
1170641107927382e-43
23855022016122997e-170
12658288426525879e-55
178528945323177500
0.001278971306709827
4356844674836537e-130
13132244611.433943
5566567154759786e-77
7434814668894683e-37
10013153075319239e-29
10234543920935605e-46
3719506928052782e-165
5599834543038396e-39
12443846052506309e-98
970294453193449e-79
19618949009795327e-62
2296118928872565e-20
5016269705924028e-28
503008839.5496068
2545973061872969e-28
5274595412999545e-27
6840890194440071e-54
35529652956524935e-109
43103445587474257e-91
5e-324
3661108619494896e-21
6725008746923358e-50
558085270996490200
16164080560850488e-38
1103379565719235e-24
63906189760081795e-93
26946080155720308e-50
4462024051198107e-240
8134034462120996e-24
7700733209035775e-24
4739146700512811e-23
1158010482430078
18951508359642823e-48
133923.84311169214
6557659472242759e-36
18049701575567607e-41
20522763256264698e-60
23998038791077876e-104
42153932043890786e-39
0.0030122379838184014
25.849200284436737
3148234487069749e-20
137775290742081e-26
279859933.79503566
18535911773119667e-77
8212062501587552e-28
17655618654187112e-22
7.948685521363533
3737966517840158e-39
3.457933324759779
1860873038259163e-234
49541606904879444e-47
2477754134666408e-52
9689501250971499e-31
7491931386096968e-62
355351242611.63635
7768036645491851e-51
19093468706954384e-149
5308244662965747e-112
58445620058504604e-25
4144208597527695e-47
10130553698119408e-53
5178188056412845e-27
3201515280607026e-36
678753689370870500
14416748685904758e-28
6548326806201894e-48
4334829322740087e-98
3758217578703383e-37
5106218466467651e-25
17303445.7725723
2.771436106772703
947313945977969e-32
681166981.0309227
17015249149018577e-28
930819424850093e-33
5427540795454221e-37
3.3082381426050236
8110218118270549e-45
2.4398153766874073
20080341815764276e-45
9821038755545569e-35
2974831785929271e-57
17265765675407376e-109
364235016357039e-47
196293993977811620
30660459936275186e-25
1611201607655129e-115
19497124463455054e-74
39442765629855623e-23
5042099950335115e-27
7088008556294987e-64
235740868363.2492
8298976731113355e-37
6430973772775339e-35
23622352623108715e-51
2223193532945107e-115
11061904339970904e-21
11441831545133616e-51
3227025956777552e-83
3989305534295548e-150
10430086307282799e-54
35712556547878496e-59
16871517643270228e-68
11036545142990309e-132
630879123344273e3
49539302372701495e-132
7191.48434372483
13923435587656763e-47
2.5197918606712824
15e-324
45263263204306855e-211
15866033421947912e-81
32174416726882086e-106
55010190933610256e-28
167385268801234050
3702784644409787e-20
37619983596525993e-22
2701829461061206e-110
1173442473044468e-92
5879308928639298e-294
4076389780328742
2373720505744621e-86
6370557540200281e-217
5695834974409271e-192
23360272451174153e-74
9644746567989956e-92
11630379.058415953
17351299119118256e-49
22411787064.048508
0.0008822109328163238
7866176063377232e-86
10212717377702608e-22
7759733400598416e-41
104098733724131800
15367415865998107e-25
5868844.500887097
9334586455409227e-22
0.009238778921273144
7934977026755658e-45
12300072115915226e-80
28809155356575508e-27
18080255282972105e-31
33000633167369396
21275913992896127e-34
8696431877333426e-87
26220859782365337e-55
9667683030546124e-31
1576357087282879e-50
13095542972471141e-27
4635411196464996
1365332364879928e-174
1489853437433025e-20
31049.28808080139
12432535233224719e-22
2633760415.8217726
11906354365.699492
10.480245356335454
2e-323
9816560.122784786
855770.0406627532
413190790509256e-20
3904778020475657e-20
37934234819782424e-56
24833427734356027e-24
5998900754001919e-32
0.0009452126750124475
71875.31047898583
4613442766594824
28914462.57040056
5650753959087311e-38
10593079270131348e-143
11118621552748643e-315
14937250661038296e-158
39.99965536464415
34577162886.61503
24392344826842762e-48
190236090725967e-25
8233050935821181e-45
26830482006868818e-21
10739602290667606e-23
2102170373271085e-49
295180807574.90436
2541671195178711e-43
2.639543310461139
0.021983753602143122
10159618998516006e-22
0.00024183942616183096
10692.90634997355
4231516355856148e-20
3450093916746309e-29
529156769973.40686
7014964447058991e-59
18.689659085922766
14365775992436802e-30
214166996420410500
91964767804548e-26
48904503888880424
21155995394446796e-137
4537120442450061e-99
44074256924631125e-37
3195542425198563e-36
35.71749792386989
2292486329196742e-30
1331.6268060585292
3010474972400176e-34
55555744348977600
54871659917481646e-21
22505800757222365e-22
38411706371424027e-23
66.41586465828581
3.7702888511199255
4544478642285021e-201
6596222081571652e-45
3003402616064782e-70
2143872044563752e-25
1518887594192638e-24
27547382913869776e-39
814235220.6499102
6134526752343246e-32
73381149667.16936
0.01013230805146305
280985103302846980
28.62612208889871
11244361513731147e-37
2104589354707711e-55
