2.2213763064639016
1.9968760623764763
1.7269965409108212
1.5825055489646749
1.488700145626667
1.5879920117890356
1.9543520451869767
1.9270303296603757
1.4789129603361089
0.979724041040678
0.3069475380774789
-0.2844557394633667
-0.4981153495213673
-0.32557178562509176
-0.32937456504584695
-0.3344706784846472
-0.263492520424183
-0.19031659798481804
-0.26566953432153173
-0.4850872123817967
-0.6130583507920448
-0.6561673478262252
-0.5110787711429756
-0.27377837148937734
-0.07614895652652301
0.2181163340103919
0.7701548823162258
1.2048260042854084
1.4335612757932823
1.4768619968442713
1.329225804740198
1.455242230201115
0.7399891505216782
0.6332718732392354
0.5865149446800667
0.5577217441910732
0.5841442873563127
0.6069732648449258
0.513202357124585
0.1779247483516003
-0.02506508021161328
-0.1946553188765117
-0.4109333972155888
-0.5145057417191363
-0.30865601800754194
0.03418994742473186
-0.22408611481705062
-0.3593806669162325
-0.11161997039657158
0.14632491013694018
0.12211532536462695
0.3506734688253712
0.5781268010827143
0.6231232159431501
0.9442156222848213
1.3194875467540303
1.3274651500900687
1.558800214997529
2.0595100465751996
2.208348608264647
2.33803704649726
2.3868382458592707
2.4424742176740315
2.46887376919796
1.5835163000776957
1.4764634014755402
1.387142522630234
1.4416533937680627
1.5632226098025308
1.713062048167983
1.8099526904870562
1.8524218141298627
1.9021069251727591
1.8279830036194296
1.6068949714023366
1.3723347699680444
1.1458075863322803
0.9597973761638153
0.7497450751391993
0.46147989324068395
0.052434064636656064
-0.5096662147581699
-1.1133015274126892
-1.3441853090243
-1.2060797865202433
-0.9994909844967278
-0.7041822012219986
-0.3322478901990875
0.05422443920495043
0.37186138407880764
0.504136802789221
0.49720312999907534
0.5319612586510711
0.6362313765601948
0.6343417691031035
0.6401556192467878
-0.7367633254101563
-0.1285672186130486
0.5424779497286515
0.6889014684257844
0.6141221194117108
0.6217421667899826
0.5536653175767783
0.6255793344454821
0.6465423563400433
0.7363101342270348
0.8528608820772302
0.8325594687346799
0.8859263810607462
0.9015583222976244
1.133348024959068
1.338872702886959
1.3596659681114611
1.5128698325481278
1.8144523949769937
1.7120811035199968
1.8686440190894718
2.22272739367468
1.7861144222504421
1.2227267339883867
1.3612675024651106
1.4939843235924086
1.4331705787107316
1.4219900761121214
1.197475058477989
0.758633277218475
0.4029300625290201
0.06587940400721534
1.2244125983502232
1.0162769899603294
1.1227424888677424
1.1759094172205329
1.1750048381974403
1.2371476437939604
1.3501430935319074
1.5319166345374895
1.6241437968704986
1.5795468617091561
1.452112776494285
1.2392116126471486
1.0116224139518406
0.06055609106594945
-0.4008407555834856
-0.4756565229190605
-0.59695758686599
-0.3801797050046577
0.7039558745366873
1.276346554109548
1.2545205334565095
1.190755776016307
1.5954716349744946
1.897096531575509
1.5318693432381207
0.9272916258576993
0.47390847201656566
0.41781728184743766
0.18039871571567848
-0.3990389627111996
-0.48716089007341573
-0.19815057841171835
0.9134329261709215
1.2417123786638782
1.5240501942063183
1.807978592537008
1.8942227310777215
1.744533443387585
1.520347508481677
1.285837382171971
1.336797434838871
1.344084980533127
1.515254118708245
1.6464994314253274
1.1758866568617636
0.8984288642490287
0.6332815365901757
0.15451756477543155
0.0014618063782550635
-0.39522988584278057
-0.8693062636515992
-0.007693650425966546
0.40591572794125086
0.23744342505528726
0.4277879877064765
0.5008915091743812
0.10616419596544281
-0.2349036898483191
-0.7420807644689283
-1.1204309605201503
-0.8389238079474916
0.28939875785411173
1.0361892159494799
0.889183028502672
0.277794848910588
-0.19901781029919235
-0.5000372040475194
-0.5709412563241903
-0.48722911665792007
-0.3653364277446843
-0.09563928412518473
0.30399078246288364
0.49537744802357214
0.6011562572445026
0.8237343092043573
1.2490341929829152
1.644846455923072
2.2763881664979544
2.489467559174843
2.4115043425095952
2.2832054478144945
1.937633137981587
1.1094917390051708
0.8686036653593523
0.5888681366425769
0.17042128564836304
0.1743234021236712
0.37924043208226
0.7290872468725972
0.7745966062185236
0.7259538021263912
0.8083792156096787
0.7964752475171355
0.9053384007512199
1.1105774760561353
1.4390230199190337
1.650284751471562
1.8624112011602492
1.5911976671911796
1.3079313754243582
1.075979243957119
0.7932202720924398
0.4952384280354929
0.26820001860061865
0.16390200288005885
0.2362458979273015
0.3375944548282514
0.4337753424423815
0.3870939807696917
0.50488861674761
1.1085906778614478
1.7317314181885821
2.0913574131029438
2.318896410855263
2.4023779943567973
1.3742995733727812
0.9103463065469023
1.0363651252790576
0.18423043826320476
-0.6668640169344429
-0.7901146455759921
-0.6547144088099598
-0.4507651565668514
-0.37796218406408816
-0.21057491403808776
-0.10224874187240816
-0.32740836392751854
-0.5965512844452737
0.27634879057795175
2.109690716485412
-0.11434854038899839
0.9322019829319586
1.976701661795112
1.0974000876212093
2.6618765992109794
1.220866262301828
-0.9161208667456653
2.1829944351659445
1.853098768455314
1.6453646884081885
0.5240775128328329
0.6898652049884854
1.0784213926289767
3.393066208873704
1.8629090203902474
0.34823210505104846
3.109205699621258
0.7339412501637197
1.9663984393563054
2.1988012877465386
0.537120734247765
2.0516643480503083
1.1575028335071578
0.7748131680916642
-0.344064451319281
2.0883777452060213
0.7183301405975708
1.6374222924114759
1.7082126725246427
0.9095040036249132
2.076617962423606
0.9526219426407331
-1.5527397500378597
-0.34491358988016535
2.035317316231994
1.647056537768352
1.6860393901861268
3.1199527424457676
-0.7352299547097012
2.7015640497556945
2.4301533720535695
0.9328819859694749
1.7151661516706553
0.7729137398627357
2.0353433883184735
0.9965319498694921
-1.132906927701776
2.792533626803483
3.239232399271942
0.3161868540094355
2.0127551918716
1.1880535044913654
1.2111023673708832
2.0731015883624537
1.010071083798535
2.949530289255767
-1.7564501826402292
3.96953780399395
0.6320272338087193
1.576551899785758
2.3904960743988304
0.6472622320154984
1.5504020761679438
2.6355843363421325
0.4413359384272292
1.000112140120602
1.4808817724691663
2.7281379345355337
1.3367109068548615
1.8078482764361739
3.5717177154045507
0.6926823030560157
0.2363872469115944
0.6393152888064524
0.41766005238010945
2.189259214972438
0.12503464373477027
1.2446837934622466
0.36509158940611947
1.3860362474765637
0.8074764032671353
1.526040447328002
1.2963603662252436
1.1943395041057943
1.3046451486888238
0.6673290524190632
2.4206968378192433
0.29338031184640073
2.0511946770606087
3.242654370743395
1.5723277227505519
0.7077164440583374
2.1241873168501884
0.40474216791752626
2.355608218818052
1.179308456933997
2.4555489369642944
1.804456552898458
1.3990822391836273
1.588722327843886
0.588994812299803
1.629882175032203
1.2018696970962652
1.8817049944975257
1.5186332267178404
2.1482984014607793
-2.6861724142816104
0.22529598850792293
2.2470040931592177
-0.4564139466228101
1.7065214283428438
1.2059318025751016
0.4416792629009861
0.6584866518771851
1.892559071139651
-0.8268670967809478
2.2745715268906594
1.75846613492827
1.3230639404823763
0.9080230280397121
0.2513015398351108
1.3195169431582778
2.1186254142667242
2.284077756319188
2.472807595582892
1.5297188980320033
3.493761204493888
1.623761358968212
-0.3409263820494606
1.2862997762685418
2.220403800336464
1.089254475835428
3.4140520277794706
0.8110042998128134
1.0712445274361224
0.724675607048707
2.651239771015912
0.49237809747419675
2.1624700414876687
1.225988181344599
1.9989357297771881
2.884264074354961
2.8201941657307645
-0.04936503653886282
1.6099345232763904
2.451072839549925
2.322543262485858
3.916511692772427
-0.3727324330732146
0.31941772944558733
1.361821585117221
1.1454982936601112
1.1801722990353616
2.2887186580426175
2.003616447352339
1.6863585883585306
1.382325516389857
0.6926672287926202
2.6058734003625457
0.12921491357325599
2.517827923502075
0.9032348626461009
1.9327923297820073
1.5504861545683362
-0.4122215313857872
1.6301967091673792
0.5614289509180177
2.1788292531299547
-0.31178137422827756
2.4460049093618625
1.7717698544907363
0.04831384129681977
1.0083314305837443
1.9338491400309048
0.700986454773448
2.432770389298771
1.5206721683254447
1.784739016050446
1.2634552294696708
1.0163348320247776
2.3489346036612173
2.1503031444157865
-1.0864774456009347
3.096873325247344
0.20021028763195653
2.256974949855749
1.581256596083122
0.9389275872641331
1.9847875895857694
1.6699970238241835
-0.31436508723125606
0.3801717019087169
2.8547716966936534
2.7089526688282497
-0.16856287981624496
0.08482032767065847
2.073887600901643
3.4821145515172702
-0.22820123957944302
3.7584877574048647
2.581220597323999
1.19979060521924
0.820855607089332
-0.035462712356255886
2.321980650803143
0.6179930765200061
1.2622648682478304
1.3370351309913122
0.5678960874191742
1.0756613152862975
1.216759619929838
2.0661637457945163
0.38356073408116986
1.0524446834788628
2.908883831077665
0.8758622978517302
2.0598220260579865
2.0976007972736963
3.1061738326337047
1.60401117620768
0.5024954522395335
0.7822312757591631
1.4644248418206023
1.0731604296533213
1.3803536088644708
0.4865339285361923
2.661819745111343
0.7134583953422494
-0.3025119720898607
1.9382850394299234
1.7546119144995307
0.11385333773731998
2.409537438419023
2.371665863155193
1.1183811894312143
1.330622691833395
1.136632016668694
1.642562925418475
0.4777607314134308
1.0108923719794412
1.3494381839953644
0.5688818787518879
0.8905178639475915
0.6459124493514632
2.289043031895573
1.235017422483417
0.6485944752604001
1.4707600781842243
1.9061969961242398
1.099048652710912
2.3566151624527656
1.3868968519239284
1.7647203737233217
0.5767756253486178
0.5672223546351959
3.241246780279872
0.5003194383594165
1.3997848053749005
2.037130458280018
0.6484381452183173
1.9262793588383922
0.7018285462144184
1.2721238685187075
2.267550465167612
2.0550000496309613
-1.8229650441161669
4.25810412897499
1.213717739948602
0.5080040767809365
0.7130929097071036
0.7782246798774424
1.7348619474204234
0.8472576305506753
1.600798283536242
2.361975000750071
0.23370019109915763
1.4534117574267034
2.6341886227763274
4.002165769399134
1.7620489367095178
1.852826408887339
1.4070296900864117
0.21486878206007848
0.2361172674265288
-2.2122622418737086
0.9967068936640946
1.369091261449669
0.9985819369963314
0.4198202872514728
1.5585820666905217
1.0856324630980556
1.7526481015651063
0.9491529953555415
0.8068455167401701
2.6246197470913506
3.011003689804623
0.6529660512433512
1.96283657471926
1.1331554552091154
1.7446988729520045
0.6170500795365551
1.231821345610381
1.6859432412167337
2.8596228804441806
-0.5598706574958972
0.6254401147954552
1.198519161535542
1.3320233092802396
0.4645191415354115
0.5511116615404787
0.9623751497438153
1.3105866496285086
0.7263253877222623
0.5080017276966673
1.2591468356384496
1.8826473769933643
0.9113572727057296
2.0325636586187934
1.700251676910747
1.3805831539240563
2.5608175354378235
1.645236034563706
3.14542372862413
-1.14986648420442
-0.27383988079217686
0.015084660517228215
1.4598993158645035
1.295031630288617
1.4961136063818714
-0.039046609648418475
1.6278148309670584
2.614457916208009
1.7477981223718544
1.8407832112719351
-0.7188938676974461
1.7921731307884567
-0.5338676092012892
1.528266972625571
-0.7562633311173755
2.7598761739010857
-0.12065927505458861
-0.14930257602615526
1.8160878518034806
1.629108390496459
1.8802524770991622
2.4677811694395926
2.1448537168126087
1.237467894126632
2.721315010770278
0.6846041446581633
1.612077988337091
0.3232166407642966
1.229570878344967
0.7875633024233051
-0.2135961665462317
0.7993589279825914
1.3521251207637766
1.3644368180796356
0.825250996045491
1.832938433010786
1.8192130446643242
1.9905780314592538
1.2514116113987197
2.578324613362077
1.0211425899426512
-0.5287423308274162
1.361544932462528
1.187731624256753
1.0318292423906743
0.966927900710343
0.915865993195568
0.6589697377212683
0.40164045282283267
0.1630651813416218
0.22653860591529676
0.26097347011656197
0.31552514244001384
0.5135785691002788
0.4660253272065855
0.7016573232190371
0.7131843994549446
0.23199263534467207
0.2570652664880866
0.24286911003143843
0.07922976645446733
0.19473027774801338
0.6164242530227171
1.0659791649069856
1.2662562320181607
1.44947110123161
1.643727880611678
1.76029463717845
1.8242263260609781
1.7964314035485331
1.8686546805978348
2.218812306713055
2.2939911349578046
2.2770440480591807
-0.040171469972661654
0.39639107154574404
0.6906187381407879
1.3691171417780963
1.9289305961956087
2.3354917714154206
2.2137494670432916
1.9034390396375673
1.5432931846087306
1.0395768386152129
0.43462998929364227
0.16745564252229025
-0.01613598380805993
0.2775385993532923
0.7041391092461919
1.1764431659464958
1.4524876742196395
1.1984153845778613
0.8596350885671094
0.6054413864594398
0.3181498125184221
0.048585255827334334
0.2564702769223172
0.6693126509499888
0.564986603957585
0.1361176490705755
0.5921573671071982
0.4890557993296649
-0.3124186319171724
-0.7243559232195147
-0.5800447823824677
-0.601743561304005
0.8492427585758047
0.5837810320643843
0.0009048435971136156
-0.14298301153118445
-0.11848257387203952
-0.33109972417599115
-0.3597206938200109
-0.40999062702770667
-0.33344616876677574
0.15268955961281608
0.771008550479266
0.8813741856704349
0.7619936848100137
0.676075425199845
0.8458233031132789
1.2096295813033968
1.687747322169678
2.242538717047352
2.447225767678149
2.4940514953338604
2.16327155071902
1.5970708562973122
1.2172956836334667
1.0053411761447948
1.0795719173729517
0.9214072507192944
0.7364152659145663
0.7164218044039884
0.8503606695072858
0.9695233321324964
1.0486488228631445
1.2330798345961786
1.5941279482264594
0.8680814771250006
0.5740259755268263
0.5890749101529908
0.6163322807578654
0.7289450797556575
0.8551503166330152
1.5527408615158003
1.9488852384970041
1.686542822594628
1.5705966874556538
1.255518550197785
0.8669100803433181
0.7056253386520962
0.7709862443202258
0.9475156300051004
0.6368055317055668
0.2834493926258155
0.15867801663142495
0.09716152377707533
-0.06798129594159656
-0.1865112569257612
-0.003178842240865828
0.1159684841343543
-0.2112052199203303
-0.4373396512451326
0.1071426222121573
0.6622592072077917
0.4925712170755932
0.8181074081131663
1.1499994012641006
1.2153402402336784
0.13446275578361963
0.17376963664657485
0.2719983215200352
0.2618354929953159
0.2965906871768684
0.5424317385967883
0.5116359536923533
0.5611502184970524
0.4099947119167139
0.2535811515105423
0.2748437170458381
0.5309242846368261
1.0564707504733308
1.214625610248648
1.2526248404126987
1.266004619437527
0.7977573354165138
0.39099281598759383
0.21223153158225894
0.01456218500582054
0.4206562530867835
1.2927356216209063
1.4862956886158036
1.4178641634057043
1.6143006160254478
2.03830851121708
1.9920204241102928
1.6779431107063936
1.2601936338399193
0.6833279968829558
0.33796277796774077
0.17937658530225842
0.13382015976576286
0.09501428559572539
0.7967586275835381
0.6827542399971397
0.5038051981657352
0.7217446919457821
1.0230342377148558
1.3017379982155788
1.6313311502593533
1.6671279462285715
1.054072313853702
0.5179405727055939
0.3639440805939341
0.19803222616065178
-0.1364986014146149
-0.2437263345887872
-0.4867416210423477
-0.27574179596537557
0.029772488573786837
0.19501719770600398
0.6560603982114978
1.1806518385259084
1.4290234270339315
1.280768548178994
0.7756758708118999
0.32822389978382
-0.0018970342190113068
0.3456894929964545
0.8871428966116603
0.8066650566887656
0.9261356839479313
1.0268194819822598
1.015596294456848
1.6606470256214079
2.0752605784480145
1.8744339016453024
1.4667753254360154
1.2293231265197495
1.3178326125292381
0.9589094055598403
0.9132176451057055
1.1648930321316135
1.2793008692607255
1.2806514832331475
1.055353533584725
0.752009356400972
0.3950908737042381
-0.14675173455662724
-0.18495673803441484
0.11379775582925482
0.5611870055171049
0.648305298684217
0.5009131123604308
0.05863282783604266
-0.0653865975683652
-0.02611289865708082
0.13476658346794695
0.07970725194363922
-0.44827484106679655
-0.1475540175173559
1.0569535223830109
1.5711648309646435
1.422674995983266
1.4527994496846568
2.6000546353315714
2.2640336544834656
1.855858376777177
1.7368336370218722
1.6717814854533206
1.5128946799937393
1.3526518210756158
1.363608807437649
0.7841428322313294
0.24897752529569708
0.16929548558224153
0.4730082461547623
0.6324511981557636
0.5592897032985737
0.7782598040457142
0.9726703839895553
1.0040038715646502
0.9370247114406366
0.8646511797310455
0.7992775132475638
0.5339784596586941
0.3066362672895779
0.020360465899496593
-0.04329613053598576
0.1526939553269473
0.4768252295760843
0.592146192792714
0.1551066745008187
-0.3762341409081279
-0.6756247110856195
-0.3889877527044474
0.03520329276822461
-0.2560715493160985
-0.2834134555679689
-0.43167369785490883
-0.48025846186526966
-0.45572401063331064
-0.5916488903045045
-0.620883843031412
-0.40944249890407725
-0.010750127032048086
0.5613386379955135
1.0556715335688445
1.3645317076830448
1.7679858658880987
1.6666136970137895
1.34236628790351
1.4076825252134157
1.5411777022479227
1.7477869248665892
1.7641057633319017
1.7498412193457997
1.4991630889630132
1.2017363005915709
1.1644294855299466
1.0361111841858066
1.2637732908931438
1.381404414062585
0.9755157702255178
0.8210653797475848
0.9801286512981544
1.1551771429850035
0.7051650022582043
0.4220389745577638
0.7368031890067902
0.9253253557248293
0.7299418799061439
0.5661289189274133
0.6011994041262058
0.6967525257704349
0.7366084445175357
0.6530163708652813
0.7528165149381726
1.080752188318487
1.3393336825598332
1.4344072477802565
1.5619747997706324
1.6327788757666841
1.683268332708179
1.7407139809426992
1.7763458289181964
1.733898934475832
1.6663194573288767
1.5741684687608488
1.3371331126542756
1.0414451672600404
0.7198578629731937
0.4381026999163892
0.3009968728721791
0.33805059400706744
0.2934422854444232
0.025863419029408637
-0.17920873759465464
-0.5078761827194296
-0.6614496634425461
-0.7197156506340593
