142.96109107763908
143.82815474894605
143.5049424004038
137.0379391976692
127.42188881367403
120.11445525574364
114.73596305746122
108.10125649876457
97.09385278461149
79.66485107978895
67.86068451611425
52.265281478043846
40.412390451965734
30.500610135570078
19.70911575209746
6.830767689882498
34875464438909013e-41
0.15663506154979118
2.0869746004700986
35231312328477675e-59
6814630397196738e-129
28579361918293607e-131
30776807445674052e-40
12.323125858789604
8.971480953494126
8.231434735635974
7.416012920154381
1.9246264506937767
1328657246852071e-156
971930344780694e-43
40.10240008865574
59.14957665965408
23.502687646038286
25.153639465742565
7.264400325850085
940966655227376e-54
26492814882055503e-102
6068436203795029e-81
23649238026641987e-25
1.1303670491553692
18.92499625599177
19.954481024868137
18.759602374503167
33.76280658387463
46.403509448007696
67.50092318567864
90.74600306532028
109.72542592239995
126.45078587867185
135.65876119801644
151.12345007874737
152.79321264267446
138.89955200461236
114.30160958196879
88.04701876291637
79.18349075326988
61.84145652678188
44.95687684154419
25.820378420998132
12.985143639328616
17967007308446096e-28
9790037555361245e-47
21.995758343698473
15.177144078912287
68.47823151330562
62.531906903102296
55.64979423091411
58.73032433288964
61.148868418541916
67.41017942847114
75.99872704542173
80.30802640023315
82.22709005370596
85.03354734043852
82.07444868688296
79.85730073221505
77.06462601970307
77.00500371317435
76.94389432217429
73.7206787523458
77.57691864187626
81.34802264329943
77.70884619808426
74.70336043278057
71.53191177007689
69.26746936476971
61.192871582388015
47.498671879107995
40.66909132965719
38.40234415297013
40.30912812757859
41.56364221584292
37.93515073022867
31.25611108883799
16.92867500627312
18.07321782834245
28.08238710188041
31.39376918771521
37.18198804770101
44.95956069841004
53.60267935560647
60.65410826123078
66.9439955803364
68.5530580874668
67.96264296803237
65.55500545467119
67.01262773408831
70.84393234184027
70.3245472207599
68.02497734681573
67.79106999087382
65.70866564280772
64.44217563640044
62.406661107340284
63.41106209303889
66.00055114969798
71.34559433737334
73.22235863319872
70.08824749704242
58.285096080582484
49.203330935391435
44.31213944739424
33.82719218147533
23.459356228250673
21.79003489473403
27.265985846276987
28.663746438897252
28.415072253268683
224.22249793281404
214.18860645211163
200.59000291514238
148.7286186161963
84.97928516702187
36.40139730806758
2226053878329984e-129
43148762280604887e-294
36189322122069945e-167
7449241213277599e-87
136502493765636e-107
24549706238323567e-88
4216495247056536e-46
2415219952223781e-30
0.5949892894340073
1.041099992901039
0.9470623785882956
9.355171296248807
4.154277998314497
18.845064457779312
30.679596262814478
41.80545091738365
51.01307345701802
41.18292023537159
29.4905470506406
23.516833981501716
26.599901328429684
26.182126004167788
19.911457688732636
17.296397672425627
0.004005064796157484
6393852944179038e-36
1218068955127035e-38
1.7218148557602666
3.2865785264197527
4.482990519211272
12.858247212922784
22.204006157290056
15.556042272825204
15950233630787316e-40
2596076122398249e-83
22380396919927777e-39
1.1230611713934342
11.191846979186076
12.943760201616175
11.832694724541765
5.74708456556922
24971611714754075e-44
3385226822681125e-27
61865421751314315e-40
16900069262770395e-89
5304912324501293e-284
4137700341295829e-257
21544067960416573e-48
21.28976090893006
51.26480064244057
76.72888496580217
95.41779871445038
102.6571548561188
105.48407247199975
118.14039625333899
125.86449130646297
116.26778725659611
115.12571763562094
8020994239986188e-44
1.7764791376354236
19.828103173396478
41.43713802745178
57.21336355935323
65.0980593325297
67.70082607881874
59.26568632804671
46.92826450972046
46.46026774702038
41.32335736042747
35.19934553152143
30.874496073114777
20.744269817346588
5.262180113839517
1797868784709205e-89
12403343824666157e-99
9566919730135024e-78
14736063371828818e-86
4.654994527650812
23.0501193806385
45.568903062283454
82.64544849341384
96.13687822614644
100.82824780124363
105.94040808357695
115.37958018834408
116.16983592262687
112.02543341997574
117.81918938754022
104.6613357808105
100.78098584381117
33.04603910542876
31.697394551431625
30.754650604668484
41.35094792960733
77.35269740157166
81.90999728381313
81.30611190370385
86.01448076874128
84.69856402831788
82.22440906239925
81.27990701825514
79.92709084905437
77.17199466646295
72.01668579646889
69.12110680091459
67.28411449601256
63.43921327363241
38.50470818818768
1.0267676044289784
52005702184462836e-303
15775362699996153e-276
15e-324
15e-324
8.161062736783643
16.708416157200265
9.214024951371453
5.213591185374161
4.04877478352639
25563099571771985e-107
3774989344796929e-229
0.005614369971023057
0.4078251822278413
29908051499897094e-64
1580110493805137e-47
4230190848508771e-24
769775354172033e-113
197555678495148e-80
41302200188586923e-61
4.899395516133082
9.294676148159887
11.318064159240096
16.742832835834673
22.570461069943697
36.70533630597808
48.43177665186454
67.47311316575352
84.83984385309193
99.24289825187142
103.68203742917942
102.18742761612742
105.32428595498597
105.51097904868918
96.71313707415993
91.38609432968465
74.86790580088865
52.95670262526072
38.24980087000362
25.16652551525797
22.574207288517865
23.209389297614205
9.350138230490789
1388593874453759e-20
4190857765104265e-125
496471647185836e-77
15.341707241740973
11.725582991030771
14133238372040911e-68
9164036133720132e-156
21746555660480908e-166
20171767804449966e-131
5665409091956852e-153
2063063122169283e-208
8666194215267107e-36
16.75472674770397
20.5797987609489
4.98950001676809
34220265696487834e-23
0.003936208717543629
0.034785438596062195
4.011241692043167
7558375705808509e-22
14042840583907725e-96
6068135210575254e-61
19682412136988276e-59
15114253531200553e-68
7634894311059988e-36
21.58708149817606
42.64301288959056
70.0419898470397
87.07023679393474
107.40918137121224
137.77001844531452
154.75017723738316
157.1443126470649
153.42154430677215
158.20791626239668
3.6102116400199757
5.726951091123174
25542772682352095e-107
7104833963492675e-209
31433805550815372e-130
8337836882131851e-38
3400975259848604e-68
6553663427320614e-43
5.2050010485693505
12.029044684220665
19.36901113506085
18.903811385369206
22.11740511131393
30.137141663424202
36.75296154943173
39.71816352695706
42.46655115473661
39.647577416711265
40.09821003388795
39.79173910622128
36.37922741709267
28.488633211299906
16.876672651523815
49.455974745702385
71.77230870382172
75.63905726207936
81.66060999732773
86.97019716374038
94.76221697851284
98.87996908529134
98.61942084878004
97.04025774073973
103.92666504804865
104.81423206475905
115.44812621886025
113.2004019521938
112.39875314834742
112.70856100425556
107.19755172949597
108.05305027780346
104.31290300207904
103.94193060068528
106.99726583652249
92.27764285235403
77.45225872883294
58.33170071353893
46.97387956762931
43.75984978049076
34.15460762489931
29.37726309855493
17.94494029883422
3.4332361121355603
0.0027720529013691704
10.619761491506324
12.498252235349936
531101925732584e-25
5862740041942874e-134
7758139235009306e-157
13758595101987389e-59
6.5295807469984135
18.368242660410008
23.93026725970078
0.052372408617251794
18470900040657357e-21
0.787640752355206
0.8261207599802403
0.8502103531798806
0.8387411799831044
0.8382017632495439
0.8091158585021143
0.7268137814156184
0.6529645616839072
0.6418970939436032
0.6754433653708792
0.6906533849214271
0.6854518809418741
0.6755187596524755
0.6946893619666856
0.7398700458511909
0.7586969304300365
0.7530108870757005
0.8321809663863498
0.8106519477824708
0.8275225699625749
0.8748113107068478
0.8085880294473916
0.771193748965554
0.8026347383414993
0.7221083166195174
0.618477241115399
0.696749940708575
0.8304181257193539
0.941769135513216
0.9612467980117625
0.9623906118167618
0.9779335334841441
0.1717320269107072
0.21787297726146587
0.263111266273327
0.3375702028107949
0.4203659697010275
0.46606344289095264
0.47772475446583107
0.5104969800568324
0.519172989758886
0.5030185416656048
0.4790291663237098
0.5162309362516866
0.6267339861302117
0.6623594928267181
0.6742604958802317
0.7250818985657141
0.7760614624687101
0.7131024869082718
0.6775184918216598
0.6179946477032684
0.530584550490645
0.5327409861820552
0.5293101878943766
0.5528495879502077
0.4681130640607819
0.33605648667546123
0.26486452434747293
0.23365214030175682
0.2132979746217212
0.10613101035768675
0.03234735598578946
27745786210244676e-69
1.4279740688228195
1.4364055799435183
1.4176563456346565
1.2939262293224354
1.1724311928966311
1.161142112381518
1.230903779690856
1.1578066943703302
1.118319988625351
1.1796627922010874
1.2145347801367439
1.1299578047481873
1.0934898766871868
1.0468952247665981
0.7387331463620658
0.43993935127048805
0.4057248093572002
0.3926930891020441
0.2698525304567579
0.06618959893658516
1346786490767506e-56
30982196543413506e-115
6040597018544778e-130
30174503388021493e-51
0.05781960972325763
0.03416580758425234
0.011037495174835895
6150984259696718e-37
16315065408598857e-55
0.16513802014446782
0.4011459693064411
0.6024410921722197
1.29790758195142
1.2627208500320433
1.2008519548308365
1.1369262627009216
1.03849891116075
0.9153986244885293
0.6762815666815092
0.319435300875973
0.16599090588961785
0.2001459924430701
0.1224683189514767
2191431434899381e-56
7091536288557675e-81
31618978269653108e-68
10222381740681445e-77
6054516510152728e-74
26123767089225915e-23
19032965291827676e-27
23660179397681727e-56
21934093255670718e-68
13149886126193244e-45
0.022748227218141105
0.10103105215561321
0.2544231910880828
0.5016434409207664
0.8880450145575224
1.1445896982985393
1.2400153547793409
1.2751801758886185
1.4013885665252352
1.5602833449038152
1.7296002188248847
0.31941061588983233
0.30521822082726674
0.30116080833626396
0.3227291208095407
0.3375623079684521
0.36648140233919196
0.41681589573104355
0.4936622829891398
0.5233483347499616
0.4873959235822512
0.4692787040838714
0.4508245486291373
0.4285208861787457
0.4094807300259401
0.4356395676699761
0.42120909984602195
0.38978078698719415
0.40407086637788037
0.42759996017491025
0.41436875424490005
0.4865411616569567
0.581650257256071
0.6265581458815022
0.6094966072049887
0.5957769296626371
0.5527071541622877
0.446135433747002
0.37556795616989297
0.3400553536694723
0.3025543480409299
0.26472975910810975
0.19673940811797166
0.2425690775594747
0.11610199464224236
0.16013681278805353
0.47935505220546565
0.6605331551612447
0.7287544691140867
0.7324449080071188
0.7016755492686026
0.6381413391280223
0.4262021467124728
0.08438827944618761
11642089805986294e-52
3998622121886643e-258
0.03364141063449356
0.44441689255968414
0.5785621133726002
0.584113651001792
0.5729754486411053
0.5274288629267434
0.3510010969912613
17875502572951118e-23
24503268738179067e-199
0.05333306358122653
0.45212664682851944
0.5073131358361216
0.5256789180262399
0.5816643831040124
0.6014002735886497
0.6063821220734935
0.5745718854060462
0.5482570170483874
0.5212440764666605
0.43150721818951027
0.41650461937296457
0.4616080782287239
0.5125694381677393
0.5763400467449403
0.6175668250324247
0.6630614896508696
0.6915170961653835
0.637041229053501
0.5161480386529065
0.40494233104947003
0.5090768652633768
0.5836173336928824
0.5598518171939847
0.5181253073796879
0.4175030087001567
0.2723383789160476
0.2952868439662226
0.4347827673188952
0.44439236335772486
0.4121314851481152
0.4036527312430767
0.3667844487104642
0.4435736402886752
0.4690434047076736
0.44409276104862516
0.406406161083307
0.35859297612640184
0.3034889610182399
0.2729045569363973
0.222609149049447
0.15663058300855698
0.550768540558701
0.5603866314025937
0.5871698178299338
0.6089841390052667
0.6161588657117217
0.6184002847780481
0.6641865148444095
0.5687289875811485
0.23251570626267934
3e-323
0.03086316068408997
0.47270148690426866
0.6984183071091352
0.7247575845379682
0.7127308399971368
0.702538980536953
0.6859034155370848
0.6526394747453174
0.623732959653118
0.5375199750692883
0.17618538800098685
15e-324
0.04740957794474333
0.242812711529375
0.5359785210427783
0.6952121476535162
0.7015699472875849
0.7207261052232165
0.7312102340837692
0.6851273915272283
0.6317387757152259
0.4731909313989015
0.36043387014725176
0.12309390207078509
7488380859185136e-32
30673010219747792e-68
12603567603978833e-157
1170994379694312e-118
36343236954226274e-40
0.09282116236543789
0.06566370680956264
28915106310583378e-115
10656379182893406e-171
0.08762117072822677
0.06178517441677309
1250110947872516e-132
0.0934088268481755
0.25836144052739846
0.22575872920318735
0.2327318877651826
0.2911017445398839
0.5789554580663464
0.8992758454303874
0.9760040732753051
0.9527768844024741
0.9253240844417947
0.9265487241853969
0.9115423477751013
0.8807095193349073
0.9043419789226024
0.9523324809401151
0.9073394901889906
0.8126039299559394
0.681632262226294
0.15873776757013214
0.12321017650698365
0.07009720632274266
17765405459572974e-42
10786209737215657e-56
42679647819702146e-44
5966159694818194e-103
38807841475658926e-56
0.055647593999675636
0.2668712385116257
0.6909278039770816
0.902796102266427
0.9134152704706019
0.9187591594850217
0.7860717876202227
0.7518403983045325
0.7712997263635168
0.6898540904154289
0.6383700128440976
0.6467307047166576
0.632854709342852
0.6312458412841565
0.65644145264658
0.7043351654302369
0.7804862095968992
0.7523701112606948
0.728310530325949
0.6737033825024904
0.6226114012337018
0.5784582415498583
0.5398343145898867
0.46731651742919306
0.7696071141048547
0.8143009299376601
0.7889143684810501
0.6427252705046956
0.41129755023527953
0.28404301827625755
0.3117448416730838
0.4471252857831875
0.55767333076676
0.5949391428762912
0.6547954649956257
0.3148949758459698
0.14283034349117615
0.168327428180111
0.2559615092267164
0.3550601802082479
0.37271628853302136
0.47215691863273357
0.595818337054531
0.8038475752338744
1.109212543236679
0.9829298160300071
0.992303316384659
0.38825851594834243
41738681314092905e-142
9921525798268351e-173
16882195344051972e-91
0.10200765391929181
0.3387026243548188
0.39367133750234456
0.5196463667779848
0.7451813926022886
26772297066886465e-161
23551893770717894e-136
450511288649263e-39
0.11334426910920642
0.2025512605930287
0.24035701139251783
0.2770518933812373
0.44685312455849274
0.5682066762903779
0.5798226711863838
0.6373133489426197
0.6986376933017963
0.7004261398193071
0.6838109881536127
0.7286615097665967
0.8793535839165214
0.9671403898800811
0.9178838018539861
0.9924264388763845
1.1030326347058075
1.096567678332122
1.0903556550811198
0.9893462588682111
0.892045157173427
0.8340828761922485
0.7783611729769301
0.6660406765092667
0.5019943665802474
0.3586360073570295
0.24906574611706958
0.15509634032881073
0.056384211990843494
0.35058357244574384
0.7101766049942291
1.0489900024858947
957663011050116e-74
15297724782141527e-76
9981116884937107e-90
0.17233682048162646
0.35027336515640317
0.48943283861480436
0.9287089396517346
0.24744196834304905
1.1015203080030767
0.4451630971946575
2.0346307583065832
0.740287277339913
32792380938558955e-33
0.49227132189688294
0.722849390052661
20123931405262697e-23
1.3975381985826563
1.192772104208756
0.587823482105794
1.2578559412991155
1.1254662078202684
1.216098025350483
5730544015070477e-81
1.414624292532919
0.6141020527744899
0.11165599828177647
0.7763804250865223
0.2516003413938769
23362263461793484e-24
1.1076394596865284
446622942230073e-30
0.9533802669714142
281860367116499e-35
0.5437604576621773
0.9306376064729672
0.551960802711718
0.6620749752926416
0.9751838649487042
0.9084163358935562
0.02848571988701702
0.6149370692142998
1.0280465567485748
4987880808980734e-181
0.16778994142928896
26124487086785753e-101
6645603425718127e-38
1.4599002121561242
0.8305299705215197
1.8802142491674358
0.2978520680298017
0.2863875597467283
9788343303316888e-93
1.0805387470532821
0.17729358388262778
0.41518802299157775
0.5787780447360155
0.7370153085581483
1102151027390624e-85
23210588000940007e-80
0.15947086841223018
17237627059577253e-131
1.4726310161168417
1.4211347560337761
2696853386045709e-25
1.4332279891501676
0.06677116577355852
4685598982874473e-68
11021658838979905e-78
0.055413711230651426
0.019286921938498732
0.9997946998072016
0.3494941145643133
0.6663746381937882
0.22849067357441355
0.12382885078981844
0.47437142785698294
3984035779048428e-32
0.03574338289072237
0.2293573285550518
0.7252733579878359
2768695131187512e-92
0.3953696742633239
1.0875003948350122
2929817871635461e-34
0.7002499073691757
8600927495094302e-145
2.5873700311717096
0.01582087078427606
0.0508109955247178
0.18945648011676205
0.0380279323147584
371636429852187e-89
1.2356747642625145
1.164831414712889
2.2008644912464517
3471678497698332e-49
1851706827830542e-57
2729042014784726e-137
0.586782856324072
0.9827363573600659
1.2124972229376487
0.6714754069910365
5046095910375589e-47
1.6156696289189034
1.1526948994176223
0.48733269672598706
0.5543018134279426
37615958302980563e-144
5813638377532586e-116
0.6435200667396248
0.184065524269524
0.02709530650581561
0.6100985391279389
6935249990481689e-92
12712751908682168e-95
0.3691028654022089
2688072236380527e-45
0.34759416975140833
7231941743599696e-25
1074152568679707e-55
10316610368136992e-29
5489642175336186e-64
0.26763763508528243
0.24970227143298016
3.8481845215419597
5896452947839435e-200
0.3350949633094021
404828214683764e-63
0.15118833525754483
2684605447154739e-57
0.0717563846022362
0.5610456591871825
0.8926645686495613
22900888859416497e-56
2.312493338312904
0.14080705921701053
0.18583301563263172
0.9544209327613284
0.5098038202151699
0.2250686431291481
0.1695723331045482
0.2905918145749922
0.5813632854642544
0.6217586465822733
1.6288774938387174
0.4851959266370436
0.6660188097080286
0.5637289422419991
0.7117783522392993
0.034164196475807505
0.45713496680604704
0.26749861246292495
3370584468091865e-39
0.2656053961542606
0.18712104830652151
0.03507452451869158
7760755878158724e-126
0.4319222006351651
0.7669297743309798
0.9247894243706462
0.0730307323851428
0.2850077779040166
1.1410976423827421
0.11686431085656376
0.9061312194129006
25019485378035714e-68
14483797849473079e-49
0.7230145884937279
0.2776050919140667
0.5327208696982698
4898694923231825e-75
0.08915578790216674
2.1071872377458356
48478231631367294e-167
4408520078085963e-24
0.974586677348459
13004473672003448e-188
1.0430623818773488
0.9395153666551856
1718338173064389e-36
1.0381905296308414
1.2000268789240827
0.007560336066195818
0.339826595541279
0.37541544301498736
0.3475065358450942
0.022811575398870524
0.7999243268688714
5962550307410842e-34
