3.305591711022779
3.2142220039307507
2.8308356480967345
3.3096802541014814
4.567005182866051
5.591112839017804
6.178714595676199
6.678770989230585
6.931658741531717
6.977809148013564
6.924785746416756
6.624347299533144
6.323219356936966
6.104554673163677
5.765879375862191
5.4290504061607345
5.07554321796336
4.399115700816286
3.9041543599705952
3.395792594113558
3.107379385501032
2.777959194768644
2.543972976828119
2.6152172914187117
2.417075872195223
2.363352468534387
2.1974801700355293
1.8833895643849257
1.6496579844790862
1.5909464682995154
1.4523574597603728
1.733219491253977
1.3020179315885567
1.3833714015611251
1.2354964199455976
1.770313030163061
2.9352011729710528
4.177137870412972
4.950434414706659
5.468801340042541
5.8585702973317035
6.1477752547929105
6.198530659530235
6.261997061000691
6.264624763253675
6.2665702076153025
6.125190982476064
6.098954924457854
6.226283918440667
6.057498259128694
5.930641564725373
5.750218445130678
5.5865705035486775
5.39325157869084
5.1982034233080165
5.317290358992441
5.241091680095518
4.964202711378796
4.5522885067442935
4.142981409663308
3.933990667608895
3.704963685852248
3.140467926753608
2.8819400590050237
1.8101124630207766
2.0386162137440555
2.6359955785970524
3.730646063036502
5.066111265875075
5.795635595924664
6.044474278502406
6.033402141787733
5.584404182686605
4.994485655187231
4.813118297028735
4.601252600833743
4.137817032370524
3.391725209766338
2.8660803117582363
2.5392559460888458
2.414199554837775
2.117391002661362
1.7417422384399606
1.4137246647759092
1.3098450369977352
1.3294277446218743
1.3388042156018023
1.4667798600245547
1.0273832770509073
0.6305411473148466
0.15311557123487915
-0.4127650763813445
-0.5890379716430356
-0.3303510678797423
0.04682118569911992
0.16440210203246547
-1.3151504281010749
-1.2179121376055664
-1.2602162302643942
-1.4791601711741917
-1.8395649344207488
-1.9842876745711555
-1.9562432405421635
-1.8659070863262104
-1.5682097752035735
-0.9741740514231644
-0.5609895719046889
0.43556742541214977
1.3675633172426915
2.510698415464043
3.6336036211301512
4.572106974432341
4.977027825722795
5.124723029962696
5.436388272824009
5.8540073056194455
5.790978413919452
5.5140979931596235
4.921475206914167
4.290831811423486
4.16523861009977
3.8721129602404303
3.9670064346934564
4.346211053785371
4.252168460257918
3.7021925132134124
3.018326299769738
2.622578500181559
-0.4545039705117187
-0.49820953642873383
-0.26370113490962116
-0.4435527777578698
-1.673282702168565
-2.809630034682691
-3.7662126830114873
-4.78741492020584
-5.359666382402889
-5.500928555360999
-5.584829158466704
-5.673997038270267
-5.7139573815591485
-5.935202203374015
-6.198106387793396
-6.469008539083211
-6.2636812708429055
-5.554818428444936
-4.934746779776961
-4.179322175217221
-3.4070376545752823
-2.215707081539276
-0.7350516259061185
0.0018826598817693948
0.1846786391732344
0.40639220004096827
0.8144898933975993
1.0079104612669634
1.2179940094858626
1.7171503053888646
1.9268197411651913
1.9974919103343118
-0.5161109765385491
-0.299504040747931
0.18731076328904173
0.3092378962042156
0.49295191509874686
0.7059310709215416
0.28199970665134366
-0.5441123558298507
-0.8574586379107918
-0.8855159793349916
-0.8799857147714885
-0.6441154846518756
-0.7345423792361632
-1.0388242050259873
-1.548976568466946
-2.0765608203420762
-1.9422531752942067
-1.918479009040372
-2.1832219121267116
-2.2160075086732935
-2.162650185224132
-0.933859133220332
0.7382693724767964
2.588589383679311
3.881296203134244
4.290653917300844
4.510903929287423
4.356601593774405
4.433588694484734
4.5337700100262275
4.304215378529084
4.097818687436228
-4.832503818057574
-4.846383026956805
-4.997567749769953
-5.380120860492387
-6.032407075417756
-6.661371789990724
-7.024035067203049
-7.300200816298958
-6.958736168934653
-5.976650628837954
-5.276601648390094
-3.8594146897988826
-2.5000200127196504
-1.014718573714392
0.40787637629300844
1.5785829672663128
2.442707202382646
3.0148009500904496
3.299380134854334
3.9956776990005696
4.1331961568953
4.131901436070908
3.6301439655563996
3.4580381282469923
4.153826423325847
4.126956586310637
4.563596916633239
5.401155563622598
5.822388360026218
5.250855490164339
3.828627191811542
3.1558643005820666
1.5037674084876642
1.5084073005624885
1.4155275421701627
2.3952255537337797
4.273266657325973
5.307028329047651
5.683838368828652
5.951745174331116
5.958487560480013
5.731618218046875
5.634859884526438
5.302805958349553
4.814514635556127
4.171768602377367
3.5548344192967143
3.0991750885636766
2.7280191801226428
1.7801282241415999
0.9490890232546868
0.532226470545126
0.3983079928591569
0.37944907603919836
0.7278966528916304
1.6236486695461556
1.5900077190638078
1.359791248244458
0.8054064547373021
0.09821373832013239
-0.21852573693283664
0.02502599378558692
0.4549456665259516
0.7086943845333017
4.419827898350206
4.636157483362467
5.0495490963867375
5.706691649639588
6.675766131914397
7.521667731296936
8.105665522244278
8.424920752204782
8.077562411721285
7.160034179698286
6.611227285734633
5.305235690152197
3.9071568927149403
2.396305874899754
1.0306981121068968
0.10399836119228746
-0.46773414332700886
-0.9992277397126298
-1.146250094088536
-1.4335205907445971
-1.2593853796122094
-1.2197319875640726
-0.7219691672108031
-0.36159395134503436
-0.8172742509603318
-0.8497260201520992
-1.4179986692709639
-2.130063258841398
-2.064214751394947
-1.1830990501676373
0.0023504607527319466
0.38831820554886237
-4.626339441950677
-4.333666329477828
-4.1452457730482255
-3.3864368844467374
-2.40472922726446
-1.4214888840697828
-0.8192091450136403
-0.5887746896491106
-0.20550431981227626
0.45016774152870204
0.7927564917350212
1.2847889334934959
1.7056377254063209
2.00540338578287
2.0766189032202313
2.370482267159521
2.921302965915672
2.9960600481528954
3.2625619135255852
4.063054959760918
4.64897507435345
5.046304129656587
5.496175836236341
6.361154717190348
6.871619227257729
6.675558682732879
6.396121850668146
6.3020806328906325
6.54854138597939
6.526950674677245
5.643125208851418
4.817318352908319
-0.5286025455414085
-0.08678798809866262
-0.03199583116396182
-0.6615400191224633
-0.8050522746085237
-0.5978797702847617
-1.5741199666443313
-1.9616759918875306
-1.040965952299357
0.024383454089472904
0.5808403347655137
1.1839370690230286
1.9841060961918933
3.0390841841377836
3.9762663815601065
4.733436580209407
4.625821591635676
4.701573527087736
4.289760497264432
2.797247185039826
1.586825157610603
1.2735702272033547
1.0253709832820666
1.322181382843744
1.9495653871079826
1.8709636909410727
2.2713101212676023
2.8889882488038303
2.577872029482876
1.8288055342590526
0.9473641584737047
0.8952049141340129
6.873106450036193
6.833013220027446
6.927412109891659
6.498578922307455
5.7633093268059135
5.085249254262227
4.6596739498979725
4.365541939229411
4.031832493461401
3.685039694368708
3.406004217165912
3.1476776299983906
2.9575522725542505
2.8531421018286705
2.8911259066845982
2.9059471459135655
2.944019163675329
3.18936537967843
3.148917312041852
3.189774934453211
3.194289126785112
3.148185661089969
3.096958574309659
2.925713306897562
2.7088118884172734
2.5109878703340094
2.577337397041571
2.6575402967833828
2.4287203213456765
2.488695327511492
2.997792165365243
3.2098512562374015
5.425293564843427
5.267595950520307
5.0632698530057025
4.9155753269343965
4.869810734010826
4.865992767598587
4.99098463334332
4.9136882769532955
4.388257683118607
3.921070456080752
3.787400522017844
4.234196442668396
4.324752968315631
4.1147557285717555
3.7553194068099853
3.4775670264583383
3.1756124041701033
3.0559245827558894
3.1610321411092657
2.9761709675422594
2.295419903914005
1.8145725953930796
1.9468923671505882
2.310899589401082
2.7571764947957202
2.942108152278799
2.8907074304017706
2.86207738219937
3.1348753965438627
3.4914589615037293
3.841842819621177
4.053305007028028
5.925691746693831
5.939263471270592
5.859544323083995
5.72424893106508
5.863020855042419
6.087912983153353
6.2545110740547925
6.14314226438429
5.909016330115697
5.6067910171532205
5.709988998191385
6.21945282665938
6.420213126517778
6.330496101614728
5.847316268564132
5.331451454335923
4.871555871414063
4.50353176926554
4.508969131281492
3.9623666684332064
3.071348944412361
2.66152179219852
2.6707513627449093
2.735932229809659
2.8348390482390338
2.906946045737967
2.903563341874147
2.715914894338466
2.920596677680855
3.150128738619353
3.306497490865946
3.3431313007666605
-1.0453174271025452
-1.1856449201517922
-1.3904988710310375
-1.5412477469900292
-1.0834406373214192
-0.7160252177609606
-0.08871542391551618
0.45813263596936155
0.1854777273548063
-0.9741303915448554
-2.9198913539977
-4.458917936789181
-4.98233948656835
-5.633697492844805
-6.6412145869057
-7.247461716287707
-7.029054809161012
-6.50915304769271
-6.319685214461729
-5.910949869552525
-4.602422493260019
-3.8818177060339853
-2.499254891391774
-0.5094307361942326
0.8275456399673594
0.6673207142138292
-0.15167344985612413
-0.7958184291134481
-1.7662246633391732
-1.6417385169490888
-1.3325570860767393
-0.5868110196410282
2.1336928508547968
1.591933468602534
1.4137827977555208
1.7073551205631265
1.8296218143154281
1.8565025867818046
1.9214663930284355
2.142124932329993
2.0190416710844885
1.8317031638755783
1.6107500449201573
1.8455371173321682
1.82610497033217
1.683605787564215
2.018089862660076
2.610941414887287
2.5912142317272466
2.761810318230124
3.2821111289046563
3.920648185679075
4.287913586327102
4.477737528821317
4.521295169278283
4.727776755826351
4.780696750294975
4.670636529681525
4.499610814842835
4.466701835222284
4.649158323875207
4.542494252901221
4.289293146945971
3.9413735162896675
2.826962637348722
2.6792862592053286
2.6599660288719025
2.8576901988343257
3.3893324726414455
3.865200749639476
4.395987690954777
4.875605852395761
4.586925197907386
3.5965462601225595
3.2734483879695495
3.790901628573025
3.8866525897217272
3.687319285347081
3.4726034688764327
3.3215202759817357
3.0046531838845785
2.757903124275773
2.9778970806332814
2.8892707265042965
2.190318620003216
1.672484275661847
2.415304778172822
3.1877257708124414
3.616872033620389
3.5888972112220667
3.223045886821619
2.761063195871819
2.5179705020244962
2.5213580359818715
2.44774709035363
2.3218958668092546
1.215771968190655
1.0309420858503406
1.3284311023969237
2.236961056294526
2.775907931139939
3.115859863002103
3.3637156004317057
3.306516467347434
3.0149099793592002
2.1503812981338166
0.9822682804270059
0.428389303635097
0.15307039014434018
0.5272919036878523
1.8156012703855926
2.292414400352505
2.343453331585235
2.2461707040703747
2.0445372014050927
1.1399052191648702
-0.3042296933930242
-0.7175075182847763
-0.23839653266782793
0.6379216924363849
0.5278031435458539
0.5964521022739385
0.6955062842285946
0.7601150747316756
0.9651542381832966
0.9914462494872698
0.9932246433500261
0.98110185155888
4.082959294407625
3.597931256406159
3.2857296212082208
3.384802173988232
3.3131920145137523
3.230500052672565
3.12408409607647
3.240370421206248
3.403513902394949
3.4155970492900956
3.4695185505841803
3.297856391377324
2.996726504634093
3.0364338816029783
3.8133626135800824
4.301269594698498
3.9677627722100475
4.004460640594208
4.413888310773802
4.975936239642561
5.3650229077703155
5.277737111942938
5.302021933505784
4.938354070515844
4.307998215163291
4.314575531305453
4.6145705140580455
4.989956832628748
5.614077144875252
5.683113071714596
5.655287887545806
5.722618702827819
3.9219000228918057
3.9515733345424042
3.8864639825279133
3.777892393649884
3.2975540326989883
2.903561696459945
2.202078593080074
1.0961520141350716
0.34313295056816445
0.611987908584912
1.9724968631118287
3.881368554246978
4.605305617008682
5.090661544625704
5.725430707726024
6.1285427965978245
5.823098463243963
5.346884334023529
5.127309691059823
4.556138324680433
2.7920029014408714
1.758126757847596
0.949944430167028
-0.08550441337101394
-0.26945862360165457
0.6842152695467721
1.6996364897908358
2.423752360933502
3.5815676110561565
3.7453805795253663
3.667227236985368
3.1028674305248662
1.6869636241664576
1.478395091444293
1.5042853795501934
1.9079092342988184
1.8540974481076284
1.697526586489484
1.3096831917712657
1.3485346698767415
1.7918793188927096
2.280614260496333
2.970245147326067
3.031804832679179
2.7935959967811788
3.0022203576185245
4.109468177914306
5.012061328476102
4.979673482502331
4.897615282111316
5.17455420703274
5.836033476235107
6.19784668234341
6.09647885727535
5.7778736325193245
4.929879411330587
3.9183992586448104
3.9945763899564035
4.489517324461837
4.777880731407596
5.064207123308369
4.935892662316085
4.882021608829425
4.707362934042418
4.615106097679584
4.44266954578731
4.318284939389163
4.215741082860326
4.225208938904706
4.323674695848705
4.570587257742015
4.772089883625912
4.655687222423158
4.2978334629202655
4.044350461286039
4.199395302624089
4.281561917040932
4.093355756267242
3.8418678722927746
3.7856590691745886
3.4179468276194656
3.4758678149258024
4.047592330556105
4.256863763477335
4.212853783790543
3.981458403716715
3.859012793711286
3.49676345853057
3.206901162377531
3.1277714033596618
3.0109595594094807
2.9148220182018574
3.356297878267081
3.4892141566929116
3.5017398059908103
3.5065686557043754
-1.5861137556203146
-1.6631784801252083
-1.3512585218468858
-0.8882947739376095
-0.6376809183684818
-0.6472272872858509
-0.7001100224278533
-0.32996967504552155
-0.32187014152698673
-0.18956985973981905
-0.11922630676444185
0.029400012425245623
0.4013609933305105
0.1070342966652558
-0.551817096980343
0.18428057632456946
1.2429068414899838
1.8040679266767343
2.2830348521424146
2.94285811022263
3.421298763555013
3.4988470640101523
3.372976851873538
3.378114626369225
3.339720282928149
2.8658595362219317
2.0713316520205822
1.2147614448578248
0.5087083022582788
0.1292632280850122
-0.07550607259400907
-0.37208091157645823
3.3973142311078566
3.369985063307185
3.5053753461694894
3.670238536109831
3.661865172838912
3.647159012576687
3.6331873062762816
3.6055614362569814
3.7078186649105613
3.779424909975202
3.8469424594911916
3.761380308895061
3.898082582999733
4.049635141979556
4.240223679113465
4.157123912624046
4.063109402997495
4.078667179355693
4.08987935484206
4.043159837649631
4.223979654953358
4.328665609846485
4.226713356330699
4.122102773105881
3.8521873589226967
3.6368153283988187
3.617637569595299
3.691462130156108
3.657888690153966
3.3864302355658706
3.238530264818577
3.146937460041774
1.5238793500497925
7.909241170594999
13.066515219173718
-16.079301905685686
4.081699800013081
12.358043178247295
-1.3889759292097712
7.666042448278234
-1.8009884010245532
3.8972951622160013
-3.1303833501943887
3.140669389224843
10.146275286914927
-0.6951884525875451
0.7754590024037281
11.160214349206912
1.2339521208388575
-5.993683693276871
-0.6622580012244541
20.15047805221506
-0.2053586343845431
6.430097866560942
3.456331816341192
-0.17507320444823737
5.046593068349688
7.050990580160146
2.8769154088606483
2.2027730678924136
-3.0059708190547734
-1.3921445766657516
0.8991522972164954
-22.88995419668378
1.6650318754726685
4.5934780832250945
2.7279552073786393
25.20174104913586
-2.1192071444388025
1.0528417177092784
0.8679869596864774
1.8631378031606978
-1.3170455529305902
7.7969055033811
2.536254780331436
2.2610001319804502
-5.826630839322638
1.1970416269871704
0.6276511009107297
0.41764067952567135
-5.9977227141710765
3.273866022652646
-7.1294204587404035
9.093985891347456
-5.348264158852863
-10.734709454994434
-0.0007554233182130372
1.235638120861213
-1.4189476927409028
10.685602137531212
0.8264766456078626
2.6111614983125033
1.6009467478104573
1.3726863615015594
-0.5660363412539244
-17.001367700057934
1.227070645275835
3.778751638148018
4.932648449081337
10.621394954803941
-1.9055862939618553
8.467970787606168
0.734444759195286
2.2948919346102503
-0.8898542046449781
7.024737729840189
0.6380553812058259
4.386008545890605
3.004076441416384
0.950651578878949
0.1884334236536019
-19.05932009481387
-0.563849628738107
-0.628242455539445
-0.5916801461035864
-7.765511171486607
-2.092121644787757
0.315040059162883
-1.6368714348444728
0.2771252048349737
-0.37300237304318073
12.99252638592705
0.27929491295158565
-0.385950725120876
-0.1557990809267842
-0.24869124646276047
0.29140245416342225
10.48706441447064
-0.9073302362093838
-1.9170840140359575
12.683289249208668
12.384605181948299
7.201479974287335
18.05326966567005
-1.1465202395235625
5.41494728950468
-0.23017020786264794
6.943298166374505
-0.807717565812172
-1.8468180526754194
-1.6939655992651657
-4.177025770474225
1.8795880540224947
5.610988612397117
2.030867157974187
3.600658916781619
-0.6995743282261586
21.232816339506087
-3.0333163034771884
-6.075021831280662
1.1550234458848285
-1.1488979271663509
-1.3058300090604336
2.1860520440614617
2.137460269117612
0.739765804734473
-5.7849238738771795
3.4617162175326692
-0.22239093381991173
12.088707302398307
-5.08339406738691
-0.9621077853828828
10.136440833260552
16.892925220981553
3.768232513159479
14.60238283167369
-1.513793025941667
6.3407411502707305
0.2149679908959119
9.746019956474758
0.4181596219427622
0.21893370237152565
-2.6427866808443627
-1.6917108838817334
3.1442003487077264
-5.803431711039689
2.101974001031348
6.690998469460498
-4.170712376225377
-17.018696185314933
-0.8782205962231097
-7.668714809403341
1.608558120126087
1.0071603301382537
-1.2193756853173423
-11.882356964992514
2.6236122976112677
-0.5117213100383681
2.5476233633998793
2.302503934644938
-2.4146302983367898
16.030189792365036
2.232889021978982
-5.174728547871488
3.304916564289558
5.029095165336874
3.1895051374390997
17.210984621570372
4.975940798388593
2.2500727572783834
0.23489802989259703
2.4484472843897307
2.1612015115518335
-1.676208788029638
-1.9390639313835398
1.7164463494209368
2.242433572823721
-0.6926045624595799
11.156342848843703
12.085487308137578
3.9776587801105774
0.7020326481850323
4.3733412680401
-3.1329157557933356
3.4945461004526486
5.021554145315551
5.685030665634547
0.5023075855504411
6.225144397331431
6.719253712894324
3.517335961738427
9.620225738600798
4.435189595703521
16.182633658248854
