1.2974890961205345
1.3465644837772708
0.9451728508810544
1.400812002251069
1.3124735363318911
1.4193616288308102
0.6206414112552903
1.2188093848302581
1.11694976639978
1.1634448730181757
0.9533784407321746
0.9707072225491876
0.823692697197085
1.125497944467177
0.5128126917324305
0.9542898960662891
1.0475222820146024
1.124071182484981
0.5145280503274627
1.3918741321766703
0.7016511333991904
1.4972083562594058
0.6246189611986821
1.0127444249195996
0.9926416827293982
0.7965705231980151
0.993799447964695
1.0644211773987464
1.0308700866158993
1.491514978491449
1.4441426882528605
1.3389371058362496
1.4271428535971478
0.9801082927822884
0.7554579334941525
1.0840810568028365
0.7092786351562124
1.1705016730698803
0.8325795189755512
0.5563811971381032
0.7712577512156471
0.5346601034551881
0.5827654100207028
0.5147416053335874
1.3346713376309038
0.5911638693173585
0.6360984815197832
0.9042598960528396
0.5657554927661576
1.1734555915125973
0.635341327403697
0.8482299071344603
1.3188021604165538
0.6458948574688697
1.0822689595804083
0.6421129803762138
1.2063822522950596
1.0943780585581926
1.3406227265243431
1.126818071074808
1.2259596176186112
0.879356327551807
1.4473897645998426
0.7504136026810901
0.8558145428625292
1.2295224250073113
1.4496727738609658
1.0646503276173256
1.1814082475229226
1.2411348358962389
1.4346703650453585
0.9659638595810212
1.209133610119214
1.303601173721174
0.5226951786415992
1.0813971469119614
0.9057297116639766
1.3796580929385232
1.4873458390365266
0.7613070133617006
1.2806237564614102
1.4014080675012424
0.548823688298208
0.8273388702259312
0.5203793430436092
0.7365100161295515
0.5622454590050743
0.8074122168139157
1.2206837095693934
1.351163110314403
1.0193641357949086
0.8443914293565897
0.5248245770064346
0.9722767676655791
0.8161448942737972
0.6029140135632892
1.1664676879388276
0.5390793034723189
1.300922774853887
1.193730450491377
0.662550272964477
0.92532451487774
0.5416151020082163
1.1839098670302488
1.4032492411958426
1.0594348332081114
1.0649029901847895
0.7223394445612994
0.5376940285821454
0.8069575743868778
1.3955820995064678
0.6424761260675467
0.6334335310602373
1.2953029535793144
1.04512027167159
1.011918034962456
0.6313982501559166
1.4642422322808122
1.2403195164814318
0.7868850176537321
1.035206833385939
0.711624526951916
1.062508535897501
0.9225763879742157
1.3797151334922813
0.8787472731928843
1.203402882063745
1.2476816649101061
1.2394742107286347
1.0642928398603355
1.366960998820049
1.2057345519485905
1.0605000915390288
0.7026235292082974
1.065494107122567
1.4423127988323703
1.1735930381948174
0.7611341324193388
1.141156345284051
0.7614138725895827
0.9422295836677521
1.085101406080706
0.8094278885962936
0.7736811239209929
1.1157715064356521
0.9597531794511289
0.7257469460901906
1.2696116457131117
1.2780131087434992
0.5944393842587264
1.270185317869595
1.2507449902938748
0.9287381799342413
1.4068494505905444
0.9704770100131291
0.8813463916542408
1.3132131009696004
0.6245123568343312
0.9164158117923564
0.6598450635914839
0.8356163674499562
1.4638535797200238
1.4199534595320333
1.1925552547064666
1.4235583206846507
0.5597303672796208
1.2549610690294022
1.3899842672668974
0.6897710779533132
1.118165232981473
1.2590619684442579
1.3707731545808817
0.9925786857244454
0.5710350015150861
0.8205192753750048
1.4372011631121795
0.9907446668655844
0.5664156601473919
0.9510589882442031
1.0322933611860228
0.5562517312416102
1.4151502533660296
0.9839684519050228
1.4956258269137626
1.1113576513284293
0.8024278212159504
0.7083466122979067
0.6378224433567778
1.005656241706271
1.133590336147194
1.2577950077728217
1.4715231911040947
0.618798537502016
1.4391046169618016
1.0271754537154396
0.5778794193451012
0.6115044551823128
0.8149023943680953
0.8069340024014076
0.8317889136710517
0.8938720139681866
1.2282907847514828
0.7695578877984022
0.8884196251909937
1.0276950078344216
0.7141664689391306
1.3614719583703747
1.2792404226785137
1.1768005341032126
1.2014071272132714
1.0101548503976474
0.9944393166806462
1.131029106993371
0.6766947163120651
0.5594034353253075
0.6272302838789108
0.8004880063123394
1.0005863496474954
1.331805615058648
1.0624351445772005
0.8184447228534022
0.673392860118915
0.5730522449789136
1.4353892358127054
1.3561162394535364
0.557684722362535
0.9495080330050165
1.3349933120702278
0.8432534588720737
0.8358126032718272
0.6793476228365114
1.1040042872540567
0.522300747140295
0.7521117669830906
1.3770637037152684
1.365560236671083
0.7265733691471323
1.1340456282923452
1.2209500957693604
0.8345491362920505
0.8860185327446235
0.8725937745422818
1.4398151539988975
0.8184738681989303
0.9525036239877582
0.6919131008329523
1.07761543052828
0.5530710924566116
0.630970375626734
0.8535712081667546
0.5565855942395941
0.9362158032864651
1.4514026483981748
0.5187466500455531
0.919910178006395
0.6690736117746583
1.506850235075284
1.506850235075284
1.506850235075284
1.506850235075284
1.506850235075284
1.506850235075284
1.506850235075284
1.506850235075284
1.506850235075284
1.506850235075284
1.506850235075284
1.506850235075284
1.506850235075284
1.506850235075284
1.506850235075284
1.506850235075284
1.506850235075284
1.506850235075284
1.506850235075284
1.506850235075284
1.506850235075284
1.506850235075284
1.506850235075284
1.506850235075284
1.506850235075284
1.506850235075284
1.506850235075284
1.506850235075284
1.506850235075284
1.506850235075284
1.506850235075284
1.506850235075284
1.506850235075284
1.506850235075284
1.506850235075284
1.506850235075284
1.506850235075284
1.506850235075284
1.506850235075284
1.506850235075284
1.506850235075284
1.506850235075284
1.506850235075284
1.506850235075284
1.506850235075284
1.506850235075284
1.506850235075284
1.506850235075284
1.506850235075284
1.506850235075284
1.506850235075284
1.506850235075284
1.506850235075284
1.506850235075284
1.506850235075284
1.506850235075284
1.506850235075284
1.506850235075284
1.506850235075284
1.506850235075284
1.506850235075284
1.506850235075284
1.506850235075284
1.506850235075284
1.506850235075284
1.506850235075284
1.506850235075284
1.506850235075284
1.506850235075284
1.506850235075284
1.506850235075284
1.506850235075284
1.506850235075284
1.506850235075284
1.506850235075284
1.506850235075284
1.506850235075284
1.506850235075284
1.506850235075284
1.506850235075284
1.506850235075284
1.506850235075284
1.506850235075284
1.506850235075284
1.506850235075284
1.506850235075284
1.506850235075284
1.506850235075284
1.506850235075284
1.506850235075284
1.506850235075284
1.506850235075284
1.506850235075284
1.506850235075284
1.506850235075284
1.506850235075284
1.506850235075284
1.506850235075284
1.506850235075284
1.506850235075284
1.506850235075284
1.506850235075284
1.506850235075284
1.506850235075284
1.506850235075284
1.506850235075284
1.506850235075284
1.506850235075284
1.506850235075284
1.506850235075284
1.506850235075284
1.506850235075284
1.506850235075284
1.506850235075284
1.506850235075284
1.506850235075284
1.506850235075284
1.506850235075284
1.506850235075284
1.506850235075284
1.506850235075284
1.506850235075284
1.506850235075284
1.506850235075284
1.506850235075284
1.506850235075284
1.506850235075284
1.506850235075284
1.1870604405610463
1.1927513813575439
1.0922172838501505
0.6372982443899664
0.968683970767698
0.5736427955047353
1.4706182956390974
0.7177150725234572
0.6264167704684065
0.999489193225415
1.2716484172415294
0.5317427434966657
1.0987338388176553
1.2063523025534788
1.3360488140112392
1.487812832558404
1.4274056709370604
1.2101692283869159
0.8233639074257733
1.473334494417343
1.3773289315513362
1.0484121169483116
0.6162301210831653
1.0189457881035247
1.0036214019887657
0.6265275682940374
0.5655528603706476
0.9897149155200493
0.7839143231888459
1.0103702074857361
1.3818414787235758
1.2536920304054777
0.9437287173754807
0.5303921339711732
0.8362714084049998
0.7102055770779148
1.0205800229699857
1.058853057736825
0.6106613154629268
1.1728412750957782
0.7208093968943683
1.1600519212861367
0.557885803090336
1.3075704579150922
1.2144979347955263
0.8706930654173648
0.5924757017118324
1.352618098986987
0.9778127615930996
1.325609026498345
0.5257739160579118
1.435440663067741
0.6953000060157863
0.9937993122903213
1.110444494394352
1.03722392973908
1.0790852381627958
1.2603207633812505
0.7752773879824721
0.9881552376914972
0.8386559602097317
0.7587733366434448
0.5486519737790994
1.2187711066179585
0.6439975546901642
0.5481886244283996
0.5653559633710549
0.9183713894742545
0.9119531608517495
1.101579406350554
1.3865156343433518
1.4087328915105537
0.5158784239187046
1.4231926788992548
1.3239485269508766
0.9892272930177984
1.0857828962589706
0.5852444400951317
0.9058904629785058
0.7767049839214148
1.506850235075284
1.506850235075284
1.506850235075284
1.506850235075284
1.506850235075284
1.506850235075284
1.506850235075284
1.506850235075284
1.506850235075284
1.506850235075284
1.506850235075284
1.506850235075284
1.506850235075284
1.506850235075284
1.506850235075284
1.506850235075284
1.506850235075284
1.506850235075284
1.506850235075284
1.506850235075284
1.506850235075284
1.506850235075284
1.506850235075284
1.506850235075284
1.506850235075284
1.506850235075284
1.506850235075284
1.506850235075284
1.506850235075284
1.506850235075284
1.506850235075284
1.506850235075284
1.506850235075284
1.506850235075284
1.506850235075284
1.506850235075284
1.506850235075284
1.506850235075284
1.506850235075284
1.506850235075284
1.506850235075284
1.506850235075284
1.506850235075284
1.506850235075284
1.506850235075284
1.506850235075284
1.506850235075284
1.506850235075284
1.506850235075284
1.506850235075284
1.506850235075284
1.506850235075284
1.506850235075284
1.506850235075284
1.506850235075284
1.506850235075284
1.506850235075284
1.506850235075284
1.506850235075284
1.506850235075284
1.506850235075284
1.506850235075284
1.506850235075284
1.506850235075284
1.506850235075284
1.506850235075284
1.506850235075284
1.506850235075284
1.506850235075284
1.506850235075284
1.506850235075284
1.506850235075284
1.506850235075284
1.506850235075284
1.506850235075284
1.506850235075284
1.506850235075284
1.506850235075284
1.506850235075284
1.506850235075284
1.506850235075284
1.506850235075284
1.506850235075284
1.506850235075284
1.506850235075284
1.506850235075284
1.506850235075284
1.506850235075284
1.506850235075284
1.506850235075284
1.506850235075284
1.506850235075284
1.506850235075284
1.506850235075284
1.506850235075284
1.506850235075284
1.506850235075284
1.506850235075284
1.506850235075284
1.506850235075284
1.506850235075284
1.506850235075284
1.506850235075284
1.506850235075284
1.506850235075284
1.506850235075284
1.506850235075284
1.506850235075284
1.506850235075284
1.506850235075284
1.506850235075284
1.506850235075284
1.506850235075284
1.506850235075284
1.506850235075284
1.506850235075284
1.506850235075284
1.506850235075284
1.506850235075284
1.506850235075284
1.506850235075284
1.506850235075284
1.506850235075284
1.506850235075284
1.506850235075284
1.506850235075284
1.506850235075284
1.506850235075284
1.506850235075284
1.506850235075284
1.506850235075284
1.506850235075284
1.506850235075284
1.506850235075284
1.506850235075284
1.506850235075284
1.506850235075284
1.506850235075284
1.506850235075284
1.506850235075284
1.506850235075284
1.506850235075284
1.506850235075284
1.506850235075284
1.506850235075284
1.506850235075284
1.506850235075284
1.506850235075284
1.506850235075284
1.506850235075284
1.506850235075284
1.506850235075284
1.506850235075284
1.506850235075284
1.506850235075284
1.506850235075284
1.506850235075284
1.506850235075284
1.506850235075284
1.506850235075284
1.5056745472256132
0.5851593021411415
1.274866061087658
1.2311956448817993
1.0154068089945774
1.290783126322501
1.1894522818621687
0.6912720839196752
1.4875885076218593
0.7070349041183144
1.2702865778790433
1.0570928383854579
0.7907236418629924
0.5506850774930854
1.457220691371138
0.6467450423522401
1.3932384689428694
0.9666359090469219
0.7941392736065875
0.6861170560820824
0.9957494767114075
0.726977276605264
1.387469250422506
1.2782776838635836
1.2807154013380198
1.1925578896399134
1.5025326732777493
0.7518644127786918
1.0450236566481494
0.9058933720853417
0.7014645897812988
1.3902854702612808
1.2560159964349902
0.5728455957725279
0.5637658166047608
1.379741420319279
1.3292185534312735
0.918482647567918
0.8665933073840197
1.3552538078169207
0.7675641414406706
1.238285364878816
0.5085278791383869
1.3715057433424203
0.6002091006491906
0.8080269900313428
0.8791788797220541
1.476291739322814
1.095216830211342
1.0069218852830615
1.0220520496690024
0.6159124726276974
0.9838277127533527
1.253148329445465
0.8932766199731903
0.8523990829602699
1.3114736571117325
0.6495063480141745
0.6136010875338682
0.8538824525579616
0.5792048016479777
1.1000710849860227
1.2241258257484249
0.8385948156852867
0.8012109956194446
1.1581530597100178
0.6391029079538066
0.9159981381736582
1.044444780901863
0.898371023730093
0.8706574266333167
1.1901518129960487
0.9987751261444138
1.0881373257570666
1.4735729565039997
0.7161747959084507
0.6071108773344559
0.5389206842700738
0.6319673740150473
1.381035874201572
1.4458130723871925
0.7654136106032958
1.3853461612899682
0.7406213437511222
1.0764820565192956
0.9883030246342134
1.1487258555065099
0.9556888707919098
1.3600267436108577
0.7631553408751586
0.898207348811084
0.5883932135416817
0.9535709214117949
1.158933802455218
0.8413628693979733
1.4258440302736948
1.3933803271296599
0.6551012037277921
0.9691274094916715
0.6623517272479491
1.207667554135507
0.6397998606380626
0.5476755529979525
0.8313981013851215
1.4911173793121053
1.2981298687098037
1.4798664366556809
1.2173683674343123
1.018265463945958
0.5767149638349368
0.577225489649216
0.8886603638337778
1.3001445800210436
0.9148715632908262
0.6258587769632091
1.0640206184238823
0.620444635561024
0.6367776572012609
1.3147715691233395
0.8000124894408756
0.7066986291897723
0.5162187376557048
1.3238722419207474
0.8862207639821602
0.680024174200907
1.3545648057118713
0.8812008797609414
1.3908903414766876
1.3742766235265735
1.0356085087494677
0.6238037287277598
1.0854103436426739
1.47780213785841
1.0675385500675447
0.7579529713784663
0.7222307280691569
1.079376489241932
0.7933016708023604
0.5546577615146118
0.8654357987452395
0.7144968235661792
0.5672121351624136
1.1805884472033006
1.107208115056259
0.8148363325781667
0.7348386465021348
0.9743903809838729
0.9731262458811153
1.004711043690574
0.9942918833462058
1.3866008420298026
1.3477041949544688
0.5082783231309191
1.2229635669568495
1.0483648236174608
1.3718023201170437
0.7799255832668281
0.6940688488182054
0.9877327160952866
0.5215577186499558
0.5397066660685395
0.5199418058320904
0.8086872544410104
0.6869647830029291
0.7073638715700457
1.210362259951973
0.8724336631542862
1.3642713776141595
0.8854222591732486
1.239910958036672
0.5577968165702105
0.6315257203401268
0.6186069016772282
0.8346917794858533
0.6673613906411879
0.7430628661000827
0.707882417411092
0.5849994700709457
0.5200222085086605
0.7706297534782875
1.096876309001997
0.6993953969468523
1.1753540346272207
1.2334595782453968
0.529152872552374
0.783241616934627
0.8378847094484365
0.9084190332507629
0.5845128966489151
1.0206342957916308
0.790009227411151
1.268447414682118
1.2719276935339061
0.7337034132901599
1.0386863370786592
1.4628610475069994
1.4743620807368027
1.1527663340951646
1.3959676373359304
1.3934277744537875
0.7885270908416697
0.9120948320429436
0.744947972718649
0.9884691545358931
1.2315531832822095
1.0486366910479226
1.2933768847370957
1.1998514341965725
0.8468160696230638
0.6305463897460355
1.2145000391121032
0.7662348177033151
0.922961779291084
1.218531235726854
0.5144436783759698
1.3102708616977843
1.3950315090946135
1.0979357564083336
0.6500424127640572
0.7904437667374842
1.0192303269057594
1.3358380240768637
1.3945245178632704
0.7481661631089447
1.3273220062864726
1.3755574694526527
1.3736533125059458
1.4753788406654471
0.6856363700929584
1.388265320957586
0.8413249376187435
1.2583876090648394
0.5537538689176593
0.8329510976706516
1.0119635917709289
1.2620840265452227
0.7915800232796733
0.9719272611791431
1.1855128540651456
1.1595665001134114
0.6463741185561862
1.5057819786328472
0.9101204888239325
0.8885623458114855
0.6130986609949935
1.2061475126654315
0.5349368120941307
1.1955285010976666
1.2544217379968607
0.9693294581416931
1.0025954829631665
1.0002337683485392
0.675079103135148
0.841506155986703
1.3531950120970524
0.797353703392204
0.7747508221196524
0.9246114338203553
0.5703499093733185
1.3140876794662648
0.76952667399298
1.215034016037021
0.6148659037618194
0.5619341735515855
1.043313757747731
1.3944281942663035
0.5242002592241031
1.3270697351397962
1.3829236290684244
0.8405594471493159
1.4396929597565813
1.3062245852508743
1.449304191312888
0.9011380068108494
0.6673031444131776
0.9925893866286264
0.9570230761769567
1.1862825162735489
1.237883577650271
0.750049441385576
1.0018793736233638
1.03206863484711
0.9463642112730328
0.5849875812035851
1.3090839761725073
1.1732863962734024
0.6444017939374571
1.2699727052956726
0.7869364946791528
0.9751545018342372
1.162224919037543
0.9665705542345031
1.2689781838378897
0.5549542405982832
1.3442475350512595
1.0102181332882956
0.6504539526937596
1.3440753952877642
0.9327069379996737
1.416734315159636
0.5235205863975874
1.4343606672041256
1.2989034945931706
0.8659813501832248
1.1406620782281058
1.1127661488508849
0.7045203691551447
1.0698119636848211
0.7603015481414366
1.398857359123873
1.4180207586446105
0.9637580677375162
0.7177969708912589
1.0155969651478594
1.218371273055934
1.276281986593054
0.8925445885633445
0.8811947157526967
0.5599556367374259
0.9698839921928092
