135944731245174e-74
18352023164688963e-26
1.8960787576804994
2.927205816441721
3.50532009656748
4.23888355295344
0.5487502125518643
5693541071295674e-63
2648187544581963e-52
14660266588349285e-23
2.169955257687355
0.6725740071050101
2943267273796045e-27
1.0402438830277971
0.9677511545889116
2.6250841576812225
2.0052070287469643
1.9191303195101084
4.026961151790448
0.4898840496238872
15408818487843073e-95
20509049826520357e-79
4982558479625699e-56
1.3237204876640498
6.513297965213296
10.56129101470007
13.078373950866604
16.881234127844486
21.503363499018928
27.691856906779535
33.833142098441535
39.232507020575376
3.3208544268817897
2.0267764731439435
5295787791735128e-52
25718367210925414e-131
4604118571813571e-115
6998797868096634e-56
11639463328991623e-34
2867683849164546e-47
1.9151414111934681
3.9592011799043907
4.410434966193447
3.822159145547096
3.098217943461719
2.0202279996859764
0.8005934614161846
0.019582240935366514
0.002178377734235426
1173179781351345e-29
1601103454528316e-49
9501481986737506e-57
57014017560827956e-49
0.5454013172770099
2.428057598963107
9.448607521557292
13.651474987480663
15.432689549439957
16.564922275220496
17.64143464938726
18.42410351733219
18.046417010484042
17.081981272777554
15.137949670528247
27.28364493107598
26.71574061926635
26.528615232258304
26.10399390904398
24.641325320617867
23.131975147178252
22.55811886659289
20.996200632744014
19.109511758569276
16.760953339602523
14.545705485797685
11.824741934239858
9.152583745254395
6.018447564920983
3.339961449877731
0.7200314872396495
21187621473184857e-74
11425037370282235e-41
5839135575452432e-73
4197610439340678e-76
1482100084464701e-39
1.4204877677885481
3.949873969770763
5.89047984089496
4.764349919989597
3.7597808648728366
3.1172284312435212
1.7026883099002168
6626316634425635e-60
3429000669394437e-56
3.1409853198626627
3.6927210089046754
31772726542031856e-22
1.102197793136971
2.3004638987142636
1.984852173288632
5853441187927156e-57
1037296523745653e-55
0.47885345335454654
0.8605889121603935
0.1262167760573551
19792373799640412e-37
7708865370193576e-33
2.2948819917032575
4.509022266682512
7.832180573292791
11.327596029456963
15.202573344811158
17.330027334722683
20.15194121765604
24.008798333721593
25.012398234015166
24.592328863086074
23.92183926638658
21.9031342530446
15.667020300517319
10.313114438053983
6.799553339451651
4.168345533815699
2.3490651159578477
3025850102000921e-28
1941418898595709e-50
1.6471910363846811
1.915501273185421
38.59972536204906
38.32781322900988
36.86281419858115
25.444899222897995
12.906228101657295
4.718216950751995
41121147354194105e-97
2080755490112433e-243
8165565161934937e-155
8016477435556119e-105
1629619612239341e-117
3393968405298432e-76
1.261045973798084
7.324019324056908
13.027789254168697
15.916179261075552
16.312132887523763
18.457147370225673
18.476693902259285
16.992289352803272
13.942432056444893
11.3043322136745
9.217970277643847
1.650983181344932
17749301272496037e-102
136996562246365e-52
3.4421841457878624
6.510393807403682
6.486962704256147
5.6415322655883084
3.095574464416099
6.159925035403856
9.546065700751127
9.7212784504944
9.67725965446698
13.3731980171567
15.410594158856535
16.13736694717621
15.971831112407113
13.034458120859457
10.925335471787976
10.258223338042274
9.16077210809094
8.487245270685928
7.557053990631092
5.385773383950253
2.144297717650472
5628284339451095e-88
8637622739346089e-45
1563002935486847e-48
0.7972196062226835
6.236542209877702
11.82228042103081
16.677363112816764
21.796289239043105
25.514360979622385
25.04996896016522
23.9835082942256
22.3958901600393
20.207432503456122
19.54919894336551
20.94459539632546
21.193338550298456
20.177283977442123
3.812496124942441
5.1419371612007545
6.377532666858208
8.338293039024409
15.327667979417425
17.383311900118677
16.93928884812237
16.48463726885097
15.478525254233606
14.37370149781394
14.732126278577638
15.29647175243451
15.302343873957877
15.447051847096855
15.578467492708246
15.202888155923283
14.36726944743344
9.782184834514519
3.3602288053073575
1.8132403904427359
1.0869110536434947
12481059979734993e-82
2604e-324
5239957922402657e-20
1.5593386963776281
0.6661117324886073
15285557071565287e-30
28776532399588807e-106
36945234914690107e-132
12748962657878802e-79
6189348922287544e-20
1.6143123635940622
2.1365765187448957
2.014725682958369
1.31850010507895
0.6740605770856121
1.8627745622240899
3.047221218235003
4.420969043176991
6.643762682094748
8.414406406221287
9.599225874361814
10.368159771980915
10.790354831291053
11.322731390030532
11.771993175328094
12.856959042482291
13.354611540363663
13.349821423762808
12.76567956404691
10.910620249708217
9.226534317537219
7.849476578264454
5.36445847662194
1.9768644458471645
41260085519496874e-46
0.10521366417226924
0.9980661850234728
2.301198070623775
3.6426740119511396
4.812777992820364
3.9185038064099387
0.0009311352028485193
26611199157830794e-66
7158047133910647e-79
1.1839897608064756
0.6059570493030766
6.807479639014641
102.79324888043244
0.17081779177396558
1371656301243711e-136
0.44357147783657036
0.7158608153244023
0.09011767065719913
0.05192891017362103
0.04192158047522137
0.5646734304287426
25.751929371595615
0.08804322498351794
0.19833570501332684
2.0951488740657025
0.6000425025863234
3.028056709407592
0.42150823249576835
0.06374635807217173
0.18050371437721624
0.01371297634634191
3.3923556680550218
10706592924885343e-131
46.4645167223668
0.01680995222535239
7.734516161290843
2.8343633786922324
0.005304792763623815
0.06681541672919947
0.010075359316743512
0.6843099960860766
0.8201485851617555
1.24741634215466
0.4919613389823165
0.009133367461912064
1767575075035766e-50
36652751126244726e-63
4.079359177973069
0.5144150983897677
0.6369362069118617
7519606560011082e-138
0.10546798166072562
1.1008955326529561
3.8636245413528942
0.02182102106549057
7.358107388769481
0.047096088356456525
13.637150165502263
0.0427265714199842
0.4860867275007394
0.0024145652167121955
0.039947994256763764
21.209073475281667
0.19092416464411896
1.607802307314682
2.254891235033597
1.641318502448854
1.6982738204873435
0.016756574832262804
1.2931295170575388
0.07646522600413332
4.391195424729962
4759774564272689e-28
0.32302004927459665
2.119059335533578
17.289988141843672
8535970726545511e-20
0.32206482464529407
0.04621655579930779
1.9253456788342656
0.09127790835011029
0.8267773298044454
0.5535815579999915
0.2298812323028626
47.65415773457373
0.09790740964033105
25.129306988185938
643276420150799e-32
0.7856016648460326
0.42668716932727746
0.45605902399630605
3.358611532643085
0.30659360576909644
4.501351100591667
0.048094728876300855
0.30265458689062713
0.8842214028712879
0.49166200178499264
3.5621330749477993
0.7385611809965678
0.038950657993936384
0.6586880522422859
11700487906532475e-57
2.3014189153200153
0.9305679634501236
0.18777988056703315
9.073682005236114
0.9329653305292092
11325844093447334e-30
1.2185898090111045
13249139512715043e-24
0.4482372139247543
2.7467650605738725
0.03359455492136094
4.596171935437572
0.28507384403491404
0.005046245875962081
27273900656795277e-56
2.111019423042176
31595137822911254e-22
0.057725185619879854
0.0002991914771249051
9.255729220120882
35147460286925776e-297
0.023453245701270026
0.002281674816973127
21216924858394372e-49
0.5649763809769919
0.010504764795558778
0.31463536405636516
42498251257089174e-266
0.0011981578121178825
25112249738021986e-148
6800117854961921e-141
19.137958808814194
0.003976085958606933
0.3775385614993143
0.7329676383002823
0.4843045508766468
9138823918118654e-72
0.004939758477581593
15483935101829458e-75
18.116282316256857
21762473838448663e-26
0.1140678446788734
2.9943128857613455
0.07399470138304057
1608924016030492e-28
8013478014196636e-44
8921877424646281e-24
3424134556134937e-49
3.289224350623264
0.04905860394448139
0.007453926171793539
0.13201043193226097
0.7714651243379567
16.06273215295997
0.5705312709922483
1704559092427759e-66
0.15734333343945134
6949476679657598e-20
1.2854278200517495
0.009112588753306457
0.05171371082937126
15473426387906291e-78
34905310175668646e-33
1.3821749573642026
1.220124403599703
0.062146115630916265
832186616199369e-27
3.9615586595144814
0.006867474182201733
10533701555914316e-58
0.0016264990764994424
0.9794793580855958
1.7306458673284506
0.6163801862095529
0.2972374228353444
492387704056079e-32
1.5586126983878876
0.0007480289955056726
1.688246985856312
0.006281993906050237
0.8960464750685558
8995909778350434e-43
2.6759836314144834
0.00013991997097183954
4.351108929194781
0.04436760319211141
26935141457659313e-32
0.028157000353124097
2195257239689679e-137
0.8323330972364102
1912963465839021e-67
0.736998968532378
0.027627362731935053
3041553557155258e-47
2.767990734795409
0.001117779830502433
1.260321170117531
6579942948939834e-22
318419025698931e-53
0.0024594197577050723
4.560804902260901
0.9100168140357583
1.0680132553627362
0.0634084661761115
0.05834815588381512
0.3901334641626542
0.26571681165051897
0.9390907623737018
0.13565973868294695
0.7026112226479718
6486180736481824e-54
6647968816952446e-25
14023834065814749e-34
3.4769669994496333
0.5028932146977046
0.0004159183200054448
1.6856954414811183
1.1822603894210169
6270059984322444e-146
16588235332312364e-94
6.528134340561571
15357591817867225e-22
0.023483682811475108
9034215933094303e-55
1186482433785424e-74
0.331958146260328
3.8279192423643695
18.72431803825738
0.12072761706917012
8.25297764392509
0.0356457771930796
0.12778614801851995
6.005144435428021
2.919480920194405
0.04587388611951562
0.511977119888816
0.5235524860602848
0.2526391010173876
0.13674569539001757
1.2935888511560871
1.3518208196174617
44986130622419674e-86
0.7562822333516858
0.11422301482547699
11510016523402128e-25
0.08233872628831626
29445092104581432e-49
67.72371231448692
0.37370291469865957
0.006989241618741627
10.957527725948427
18035542519587278e-23
0.5382751193992419
3.4344371311356707
0.07986041362687385
3.537425901741096
10971725696812575e-64
8043791187611014e-197
7256480988058434e-88
0.5206221639544893
1.025638499032195
1.8475411276384255
1.6160770044876518
8.819997982457371
6501506220295231e-68
0.05298661391252526
0.7481889167520434
18189095860590846e-67
6240392288378828e-93
1.1913862580672774
0.4144736293133431
0.3753686452733713
1.407911537585865
1489915623929473e-110
0.000522181151587761
8.988193491000292
0.0833564415432387
0.0415557382218553
1.3545921233669862
7732147481269584e-68
11.28110949201165
1.8641230651634186
0.8021913026254962
1.5871505696631676
0.23085278670817255
1.7817652791846394
0.41482899456030015
0.3069113362823182
0.9486349561960523
0.29298450447771046
0.7886080256792243
0.33438443181510713
1.1799473648997427
3.453269068361109
0.517324554836124
16931061037940512e-70
0.9633767942870041
0.03239565386649458
0.06561901840530099
0.001549110651480782
2.010508840402837
0.006321278546676371
0.966450087898777
0.00011050934835731743
5.270468460358892
0.0039882797637504795
0.133874936543851
0.0807922384086015
21.317849147970108
0.6257428607415454
5.828426298911309
0.03224313971969019
0.03811202321728389
1.5542360921425977
2.648425264774241
0.27576822096435416
7.648543065980837
0.8785409421627558
0.2825758827053658
0.03982123172098025
0.1617041198792265
0.23499005467795714
1.4270210771238996
1.9562057938210393
0.01705170796050526
1.5941809659978008
0.49767555423067616
0.2841116189008607
0.2967853818929386
0.6425374054207079
1.0192612335145383
0.7611463403775209
0.5499478597708859
15330176558215995e-77
2.4767119500147996
0.7717040973242563
13.396906687326487
0.040603146482709566
0.9052564288421114
0.2431155122230726
0.243141116925495
0.49166309124596985
0.09837189694228346
0.04490300467341778
3.0195753797238227
7.464644099891771
2202792749588837e-106
0.3598673152970089
1.082240906165433
2970166240976766e-206
0.1572595479938772
2.724774798339749
0.9310710800444232
0.5001272641574936
1.0284070995136572
1.5989403050574285
4.503161565774616
0.02660186747022695
5.989513564077566
352.47086689029794
0.17855781666516138
51.33737169863145
0.15625316202618125
206196291937538e-40
10.310720841775751
1961.3207837782404
41891317170238164e-24
0.08987731386165822
39302747281564007e-97
6.393465117723837
0.025819987108989646
13.574228236961163
3.5379797844063465
59046136059613356e-40
17152656622449545e-63
10749468108863785e-52
0.010367653197712698
0.07341395097585138
0.04421592494681455
15740789293546054e-48
0.05612331355373164
0.09995095011515391
0.21596026605726495
0.28069823450176157
0.09717606827861038
2320332110295634e-30
39770021716481627e-54
12540469503512274e-27
0.3684959703230349
0.6529884564329327
0.8437000058508908
0.9262876232894026
1.2361130406247933
1.5400567447690972
1.6097194465828888
1.6024679503328578
1.5028963284345183
1.4458115344741518
1.3795221237781574
1.364471638531829
1.2980886137553747
1.0839225285637437
1.0328722532416577
1.0825983289904522
0.9368812973399052
7825008654061663e-55
5461982207466083e-96
0.1012669355928799
0.39575205757339604
0.5154073144235436
0.573954070303811
0.6051717692888431
0.6236168613333719
0.6074002931791787
0.4498194315151052
0.18898788274993425
0.06082221825760143
4281056954067811e-107
0.1800130306786555
0.7379351680497144
0.9011466703221569
0.9449111288570265
0.9517634404930624
0.8114098055166118
0.5508704911753688
0.14507026312415278
601734277524269e-170
17446272055230688e-71
0.08651591262834883
3842084328415663e-62
17918996729447098e-59
0.03091848625585698
0.1366659473265864
0.2552142170640762
0.159492465778867
0.07071975578330787
0.00601652575073655
7837352380964705e-68
4380717232858765e-29
0.08161384488496747
0.15534719648999068
0.23482786485085533
0.30320549678229547
0.39685487901549815
0.6677945507464884
0.9119093193111042
0.8805784474853856
0.5664782595122246
0.0921018722236953
1893004779747745e-30
17901243370857198e-46
49873635344048026e-27
0.11251071321309425
0.11536086358465146
0.3123513739034945
0.7179903517055028
1.0890347627778625
1.6037517383863384
1.6701318949908626
1.5672044688611297
1.2048628850134535
0.6359003854437515
0.24952489096345415
0.11351301557020065
0.08608336233356154
0.05785988663217379
7551823191655762e-29
5672188994519724e-45
7593138959288588e-36
0.89734447216763
0.9722410700924756
0.9265730878933254
0.6873849405345241
0.41215048314593256
0.1811195874505055
0.13820916980222864
0.22455860172611863
0.4218732570039141
0.7633534289542364
0.9859774013366734
0.8256163383118487
0.6490132910700919
0.47233812670252645
0.06123431705167501
11045300795553954e-42
0.1702919032555509
0.3612260040989873
0.41573199737075806
0.6756522918427983
0.9682992445797637
0.8796116087403323
0.6103648077226826
0.23986799840955422
0.09700680918402382
2415953244334453e-34
17723129630839484e-50
7486478921643192e-84
18450956508571822e-79
0.196498663958064
0.46081656011152194
0.6205704638918129
1.0797019845723403
1.132139013133973
1.1042317380562272
1.06913374745149
1.0241829340780277
0.9296329855954915
0.7275550580041223
0.3895050804280622
0.11822440997048637
0.037516889354035236
9669412951488885e-51
0.02388624377298425
0.05031091616542189
0.07039391404492312
0.09112340984280377
0.1115435787933404
0.1879816654365847
0.24731415989299432
0.12251610442537358
0.038893342122654447
5444198953417721e-74
9595294018827014e-174
2337045775995629e-111
0.16842923199910076
0.46622567469871556
0.7503141602051191
0.9752038386828201
1.1178733901002598
1.177712338560739
1.2307421337917293
1.28205009157404
1.2908685765985246
0.21163029887596674
0.07163287328433818
1085653681751914e-30
0.003463060588180057
0.0896295808718362
0.14850107898825235
0.13798002899679812
0.12466306746399619
0.06779923063497238
23394475229416554e-40
11019311866030066e-85
0.06846623630523285
0.06251116143748461
0.02123521446910005
0.012501991541631532
0.0948220269683669
0.04433493376115898
9620676421509932e-22
0.028369483029721854
0.13199411579750805
0.2560894938597636
0.3729050691950146
0.5248591765334775
0.755940165750674
0.9221761235030899
1.0080339386251962
0.9968879622338355
0.9176119260324488
0.7914767726085221
0.7790657364267652
0.7603762469762387
0.6935088627675776
1.9799521412034713
1.7145517779997779
1.4257197585241776
1.1988607960057067
0.7060367180007356
0.34217762779631106
0.25162541392080034
0.059975326211130026
33194370631732566e-38
0.0001667984842365997
0.2353178387799014
0.13150508124341084
3628240803268743e-70
5695307693498089e-59
0.07162295915424809
0.03174274186381531
3635845731654984e-30
1456856353312167e-22
0.00020491474531185756
0.07149763424316205
0.04765831272879576
5738758849514899e-26
0.12004560597172233
1568880306811826e-86
53321138420509476e-96
0.22734375054270878
0.5051064892895886
0.8212867911785888
1.288064672943211
1.5927512768786798
1.9292715452437237
2.392879033563355
1.180273227763268
1.2103149470814891
1.2582855620527675
1.3161910026810717
1.4108909673388588
1.5461960688467509
1.6315208366728409
1.6124559485924044
1.5287018946267397
1.3562556080026258
1.1598691467076088
1.1704792754950253
1.2644188196030874
1.2494804186262694
1.1661430671521062
0.8791528345669878
0.6692998015991319
0.4864869986326998
0.46068960427946215
0.17520242314430215
19708187975103052e-104
17711747051733253e-101
12468060035228975e-32
0.14290301149903353
0.20650851755171862
0.1748125976385904
0.08361107247252868
25128267776363784e-29
480870386266064e-62
3298753332031263e-47
1580039931058445e-34
0.1300342558338546
0.14612522851417226
0.2288382849624428
0.3032807886294202
0.379970194239187
0.4890800776490614
0.5464365239549741
0.5924068621070485
0.5298534142381454
0.19988249474780345
6284440340799654e-102
0.04195971757034269
0.5461584025827357
0.8234607571288748
0.833402146448566
0.835993216066166
0.8506069350176398
0.8151676856962111
0.7324118829050222
0.679931752056045
0.5667418676269323
0.1761140962936074
21816537411102163e-116
0.03457085424501284
0.25431709925998447
0.5580827189822276
0.6884319651189803
0.6157759594155562
0.5571952514242628
0.4735255129841059
0.354907263905103
0.22763731654256664
7200218532580402e-110
0.3683150419225476
0.3030055845784982
0.2721978766699375
0.20786586361731438
0.046482389590099815
48714454497088625e-33
25499750744590456e-50
4539142516582705e-28
0.20638704382570502
0.5377991612066008
1.1477691447566332
1.7257434257954976
1.864345160491317
1.904322826955483
1.8715232195585165
1.558024735310576
1.3700552281776048
1.1508756942235863
0.8830470955174204
0.5582242730348786
0.09409607868676358
0.003797820417427754
0.014166437799328479
0.003043126344664598
7058487432727187e-21
22958353891539223e-50
28665901495580068e-44
0.006289347007894527
0.21576845394184738
0.16251501608270605
0.00418900561464417
12051027839900882e-29
