2.4571586753030106
2.551030085770937
2.542399231120282
1.7727895652441943
0.6518092164784736
-0.10833581856858919
-0.7626438309988657
-1.0799892760351808
-1.027602255437041
-1.0127825636010528
-1.0044954082620308
-0.9742000241476072
-0.8028448970445077
-0.3354951185145367
0.1720438271177415
0.6370092599696752
0.6695890756055143
0.9056963050388632
1.1559920482951713
0.7512782538054943
0.19754718672183016
-0.10615283923881261
-0.338904567597917
-0.8352369698440857
-1.1056673328506208
-1.1370693879457572
-0.9894118754110894
-0.7407611961098103
-0.8035457403482895
-0.6149684202983233
-0.07754475947143456
0.28482257650926013
-0.573517568128479
-0.7465046506275109
-0.8243682618622358
-0.5928246930695887
-0.44861317813431223
-0.31046431218775644
-0.10711938979756602
-0.18558321005107045
-0.32199833294385966
-0.27002025731916923
-0.2974398924762967
-0.35376302755117744
-0.5128973696510946
-0.8270535806202801
-1.2435107251144764
-1.6831398122626564
-1.6409009481967523
-1.5127230031588914
-1.3694078077121086
-0.663263648674499
0.14129103561400386
0.8589817861730961
1.6874266364734851
2.3701667997726115
2.708713078438852
2.881700840158027
3.0179846882227244
3.0171940259188332
3.160844784376071
3.057321544126548
2.4829320610427863
2.1676223510154937
1.6157349673825625
1.6845252119903187
1.7131429197951644
2.0888253194877686
2.9085466623463674
3.231665607553895
3.3668930347353685
3.521367800801181
3.3812800183361933
2.9603609240271327
2.687133850571151
2.330933132023321
2.0101560394985354
1.6670066799796808
1.3863233454780892
1.1920115736159815
0.9939796246981868
0.43495728702180064
-0.14854306110459134
-0.5094147774954951
-0.7343004307162487
-0.9727009057157207
-1.1449408193086175
-0.9429177926310568
-1.122413720415734
-1.3827649101281319
-1.7983879660543074
-2.30364608692127
-2.6958298340032893
-2.487477686885881
-1.603104559224039
-1.2816111075887715
-0.24706647067466586
-0.2085008226151843
-0.16689593157278088
-0.06058934214264399
-0.36991849277673944
-0.38402777430381013
-0.1670146231711433
-0.09644380942706048
-0.17679432492739194
-0.2873401337177472
-0.3728985276186382
-0.07541530651208916
0.1823150691878658
0.5194323339691438
0.8567245897784193
1.2089079690637958
1.6036697594362463
2.0226017397848657
2.599925686081588
3.123054153931451
3.4154575452976705
3.5197822382595843
3.420222414358343
2.7595674289366476
1.9815063321791868
1.4948254827769931
1.1415843390537261
0.7577786244757166
0.40709428550379684
0.2805706609956005
0.2808931926074388
0.14281122990964204
2.629944465654114
2.5866991327193585
2.609356589113408
2.349518835279988
1.3937690929949644
0.9517240168572584
0.9307704246374251
0.8593101900010219
0.6339610181095068
0.33999952564927227
0.09491442455142524
0.2036908536112283
0.3365551244788869
0.5880166933413723
0.9213585518838617
1.2368200689465914
1.5321528867638952
2.1264033859849243
2.814875029196861
3.2270670415713347
3.424391307410388
3.4806329134335776
3.354285864899024
2.343415758352852
1.228225545830334
0.7015358057046253
0.4101341985676329
0.039240308806088184
-0.4409394519782425
-0.5399721554747929
-0.2932814898744764
-0.27218736595816834
1.8298567411475353
1.777150887225256
1.7279355301182209
1.8177588096480661
2.1656955743118775
2.3067305826085365
2.227572810126271
2.1424991982712247
2.0669939189656397
1.9326990209974553
1.8081737891406497
1.2588861772342257
0.7527100086047356
0.1886939392080629
-0.35484127633181733
-0.831661115678045
-1.1859910443550954
-1.483834732409169
-1.8195953250557384
-2.1559758423984676
-2.2993377216482376
-2.309456616619674
-2.137595222786997
-1.7015135293976231
-1.2409703688733507
-0.7997973127116006
-0.5329242030042691
-0.31459246143695274
-0.0803115574453865
0.18914746652483488
0.47106693862665994
0.7424042987720041
-0.3955215253336523
-0.27730194986644596
-0.269219854023937
-0.2943791894416093
0.4536414458889709
0.6734550388276992
0.441492768174159
0.45346133167174585
0.7940319202370109
1.2803021123357172
1.6916452882981048
1.8335484655123369
1.9662375527496687
2.0834810497149436
2.1464110058532873
2.165657908408803
1.9539694456549037
1.3616203014927994
0.4936397624151198
-0.19973840730956977
-0.7219984506805195
-1.0556027555575829
-1.2417149461599937
-0.3095157537155358
0.8641453298794052
1.2452880927296563
1.590265918442086
2.143705907231193
2.644016404212277
2.6765632518899607
2.273967001114281
2.281966377409346
-0.07727163572725847
-0.013867297546013605
-0.1216647215865612
-0.15981993614221154
0.05110631909828889
0.28521113806286974
0.5034196769039548
0.8827876687421332
1.1919434388761818
1.346301352530967
1.4605175212163743
1.6812278793221433
1.9418787271525613
2.2722591053733194
2.69807758888781
3.153071807364527
3.221518653916609
3.1242045133599285
3.0044281896294427
2.5439405073406416
1.962523611843524
1.2255469182478456
0.2583775097631392
-0.5362280116458787
-0.920277993607136
-1.1960447598193518
-1.4561430152141734
-1.5476658101011072
-1.678393698905015
-1.8344450585234817
-1.8764004216601735
-1.8814150491465105
3.062095568729439
2.8881734726385426
0.9376769467750588
-2.9692412396022902
3.378938290722597
0.02860897694688444
1.7009618180401915
1.6586319879280154
4.091590538113351
2.3239053986652576
1.7113775979768728
0.9513535328758379
1.4426814552703426
1.8946632063511655
1.5507292812987463
-0.10765548789455961
0.7931381665530531
1.4048230813044924
-0.30108833769037735
1.4679338645465554
1.2359496989952727
4.292739358114688
1.4571503792545357
1.8011989742782124
4.193584627716319
4.7816349332657415
1.0735786563112752
0.28758644471074774
3.235605217522097
0.09954759588632449
3.1122681122846694
4.65650124399211
1.6362798518534423
1.0283993380023133
-0.08021988609757155
2.2195274110871774
-0.21111247523610221
2.039177186487038
0.8559155541738428
2.372418483986418
1.4036689925908057
2.086743169598115
-0.22096776308351387
1.448965373850345
0.20235493014795264
2.1185352783505484
1.8443989179341005
3.745036644744905
1.2381895562958285
0.770493358929817
1.1394584020972893
5.5837269324966226
0.30697227826095685
1.1965027507375043
2.0421499410149457
0.2915930515910847
0.09995065986455252
0.4706014519762578
-0.36507253391158284
2.7170287478637953
0.7779424892756005
2.9968425331254434
2.6030743519855863
0.8436357760663238
-0.6231816982109082
1.4902825088147338
1.1400388056379875
-1.1027144782460645
3.772458534914861
0.6405174075930423
1.3542118500287401
0.5490716113616216
1.8067940964213964
5.6886043001387785
1.148190580365231
0.36897192969092807
2.152065612386123
0.6560366560581966
2.411842796758425
-1.3962370094460268
0.8856028483200135
1.021685620183367
0.017411762972939754
3.1663205421059906
0.28654265722893035
2.3100079815143477
1.2836934857513127
0.3247245420364631
2.38012649984374
2.1649154993002906
1.8027676840336195
0.9899842827817066
2.351931612681039
2.858967985693618
1.441188095800068
0.19362460524304062
-0.8463600397494124
2.5628860256000396
0.20585426687820804
-0.2371162394744545
2.5732207926670214
1.271049144675905
1.696587160584482
-1.389328646402852
0.800378062964292
-0.14970203587352873
1.0766571117786212
3.1911767425679978
2.9581245373893137
2.4597449688365534
1.6758303043372251
-1.2164135999109031
-0.9025416383775713
0.8687269903479792
0.16292893196867295
-2.8629311668907578
3.6704582569270605
-0.07014795648558599
0.9372087079196355
1.0455134072578725
0.27922182211162766
1.2831240056597666
7.333333990923268
0.012198862673180544
0.38954101629701604
-0.514097363877326
2.0794996555166563
0.20390731572913331
1.5545651248266181
2.1478696896106473
2.650497476775283
2.7657626358860297
-1.8003985007973182
1.1357664395335976
-0.9399163917150545
1.5786821311973582
0.7137957078084995
0.714316621687592
1.1697054366106974
-1.1374535788231364
1.0677633662369264
-0.29505260026112473
2.612346266689386
2.0935272938026475
1.1046344509690422
2.9624957597070307
-1.647228974658618
3.0980268624389327
3.2164581971629467
1.9421051215515406
0.7011385428772534
-1.1987131877761519
0.7869372959637256
-0.9131416606024451
1.6132761785934038
3.0342975058703483
1.0595257357376857
-0.6408677153331989
3.1102917406594774
0.32114543831425113
-1.581496222655037
-2.111658502268058
-1.1138263991109114
1.4355822590015497
1.8189179530571162
5.593333823740022
1.3629214814524655
-1.3955387358435412
-1.033781439279913
2.30157118200037
0.6068154512672769
3.2323616358070653
3.794993654464049
1.735584600194986
1.8425894135507779
0.29201522994571694
-0.3644743304469052
2.804949120737839
1.2631589114666808
0.7675007587948958
0.6911804201182535
-0.7132362472059535
0.4432808316114825
2.385099723232776
0.5888744811470147
1.9681805004947077
3.848254358864301
2.409336320218254
2.19182595703845
2.5603207706774747
1.3673846497666995
1.8045738442329649
3.6871443174551755
-0.0014653438863783661
2.8960086902937827
1.8994225649013277
1.1534666047182125
3.141345402809744
3.337636185966431
1.386101493163871
-0.14941603605656564
3.526117977098037
0.26074488003362944
-0.0678329026310157
1.2959314841720728
0.20104212780636796
1.019770574584153
4.56079719529545
-0.0794626599110347
0.4921004747106017
0.5520559120152121
-0.8279786776217086
2.758011089115254
2.3662325009089837
3.269921120186308
2.91237970276422
1.6467523631971395
1.4568697255226395
-0.47942890249127124
1.888359965892999
0.9929229179898584
3.241598903658856
0.9757311140055958
3.431017850071438
4.1429741061125895
1.1386341429443063
1.7035349797199404
1.9778564185393501
0.9366997759055541
0.6219420917671511
1.386173313285456
3.586388012579498
0.37166064451410075
2.5614625817370906
0.17037161025153952
2.7213499356493593
1.8593214165991634
-0.2543507616012887
9.283264972499362
-0.10567287158815847
0.5514060937588806
-1.1973434586449971
7.898775906826929
1.9318685979254744
-0.24614652130258577
2.3005089933261478
1.7233611193161602
-0.42155130908161353
0.11765166389141579
0.7014578469810174
1.895128302529845
-1.0556442091009308
-0.23301433203872862
2.283232057112901
1.6880135590457044
2.2161090731229898
2.642695535296998
0.6499726413541664
0.46123329515701667
-2.7411760198603354
1.7475485412587204
0.9730512872325076
0.20089402942206544
2.5986508185619193
1.145467154126205
4.327827939332574
2.1644328177460985
-0.20609678882511168
-0.09472291514617139
1.0687643149285777
0.5739173458042769
-1.1554699567256699
1.8148240170301775
0.32204867382708585
1.288420530023381
1.306640970768448
1.6976706170323006
5.301255981662283
-0.2404677246684554
0.26399846359601653
2.6696621822444837
0.7087704648371309
0.2600269983161309
3.182613163575347
1.0149264155422721
3.200273622651893
1.8604337291120616
-1.04301505275474
-0.2077522452260245
2.158809959117356
0.2995544291961294
1.3425620513568548
-0.3221247756603507
0.9842287880550503
2.1075400380883846
0.7217157132425314
3.02108049454747
2.1300076876767466
0.22247487133730265
1.1989185493582537
1.420292498978559
0.6360353604452401
1.6146156517203514
2.9496486779838547
-0.809129756920525
2.8819298374900093
2.5784783417236476
-2.045868704189027
0.3315869834197322
1.2733225129192363
0.8256075030751914
-0.08691421794240481
0.5747269768531934
1.6540325200175623
1.900410054035052
2.2379832515105473
2.77664382964231
1.344140677666482
-0.059669590740361926
1.7657217716958111
0.45034641170879064
1.5879440834212286
0.49821939449392777
1.776390742168265
2.843107412216172
1.1453952133960439
1.6565552840383784
1.3285825907670195
0.008042753385836026
-0.5937474915384394
2.172300641666693
3.521263855106281
-0.0983299520755415
0.8972666564313475
-1.2070352240690605
1.85615504058843
0.9690335989601093
-0.7232846762232875
1.2661412299988615
1.5824404451754357
0.2442117348371523
-1.194061138882122
1.0668164056794522
0.37194905807042106
1.8235468276031948
1.1399135241989053
3.2022718146483613
1.7704104064932717
-0.026240247121728306
-0.03473469728390851
1.7651780761037321
0.560464385419427
-0.40957178674539213
1.3127389149802828
2.4249090377393934
0.90333148270514
3.405515202643333
0.2984176904163284
0.4936018897466837
3.1224001470198175
5.281188654098378
1.03326645382614
0.11533736694052785
2.616660439110363
1.2380438201354305
0.47032676089623393
3.0841623505486817
-2.929603053529988
2.187296781556133
2.397972975775729
2.447485623438109
2.212043038587044
1.3961825551414873
0.5333158278846353
-1.323258028225943
-3.121562159874442
-2.799463234804467
-1.3342674729397501
1.1169540232236574
2.9310300559315188
3.815631866162883
4.79407030140323
5.4870346896425355
5.6535660350497325
5.689838331372015
5.1551105218391164
4.487636368027705
3.835665476968893
2.418652682429676
1.3650611148898617
0.15541105672395766
-1.7607026186544923
-2.3240174849376394
-0.8537681879189224
0.8776624571406328
1.9520200744890617
2.990282127510274
3.109709816440053
3.008277287091017
2.566442309589954
1.1823572419885637
1.3247887558370752
1.4972306797280845
1.6409281195457595
1.7956196570230916
2.062539077771051
2.4124426117853086
2.257877853345904
1.9899066142676576
1.4160579065378847
1.0245485066914706
0.946910086443891
0.9502928694489654
1.4316478365874177
2.0509617471945383
1.6440354409524018
1.0896949252536223
0.6580020496276131
0.17201969475531023
-0.6399628179585328
-1.755138752185094
-2.183610930670336
-1.899310502093184
-1.6732722792177912
-1.7150849086473252
-1.417891619797994
-1.0380472212213838
-0.6573557522259255
-0.30750359943540106
-0.4508331313223295
-0.6594870215941803
-0.6468653840896338
1.8602835803931073
1.8885091117431745
2.0024976946089654
2.1243461968939394
1.9792244417346616
1.8516904329309818
1.761794805654886
1.7550284013261148
2.0206737815137346
2.1577842094674957
2.2413693512841855
1.9798845358427735
1.9094179470232977
2.130136090743089
2.590797558423543
2.670926680360941
2.619612518711958
2.7125945919220658
2.7328677007365307
2.69806430793194
2.584003191265773
2.2765668225040843
1.924848472980989
1.2547050636226107
0.5793432242189746
0.5413551503189041
0.7813475852641483
1.0665211491176672
1.4887977577555918
1.440861858877041
1.396004378461879
1.481473755056031
2.4394780500192583
2.3963270859191406
2.235140606463169
1.9979311223274072
1.617601845801011
1.2812685050207069
1.139431381982017
1.0132221514003952
1.0278036487173758
1.1924842272023033
1.1261537008900182
0.8608900394330965
0.6493716858140008
0.5826578754943289
0.44355977419789433
0.23048002668618983
0.3022896589825033
0.5196060605761884
0.5231749610039302
0.6051333765133006
0.6489447508490762
0.4745629841224379
0.27789963248580635
0.03422225509118241
0.07909328475100261
0.22601186082775687
0.3222096623389257
0.529282415338974
0.8238414906489289
1.1680596984489726
1.5254240575037619
1.9687270193605189
2.2094761252847235
2.157258850205932
1.9165173949880077
1.6927177406887104
1.3638686249171503
1.0439613694327992
0.38514658418324516
-0.7327174337845868
-1.5250166351325718
-1.8024465001611703
-2.2195971886115404
-2.4239383099074843
-2.3204796650980826
-2.109513508945657
-1.716184038769917
-1.5117496133458455
-1.5612486322945118
-1.2854108812095404
-1.219989960143434
-0.9884867481896046
-0.6024172764689747
-0.6530209525336703
-0.7507898743680281
-0.711705264437882
-0.4282738221263883
0.6392243544758476
1.6078061770499974
2.3834664618581676
3.149822759815038
3.35447949629702
3.3968665984728856
3.440213227025965
0.4839079352346222
-0.02415971072455662
-0.38324765069369066
-0.426656352939844
-0.34780104124274713
-0.3045356395549228
-0.29268830143202595
-0.22407290673548286
-0.41574722200208003
-0.4568129833733044
-0.35670132074070493
0.007003526229368616
0.03895903761280888
-0.18683410755880506
-0.18229383364605695
0.0820028704343719
-0.08587057552655959
-0.15648511061652684
0.11855618018044482
0.6961722377673807
1.4027254415276946
1.902845089363377
2.292964350869026
2.8679372410153627
3.4159880965330025
3.5348358211840316
3.4208949476178554
3.3025480093847235
3.053520914574254
2.9331927724855014
2.797730301165808
2.57098359408644
2.115933723115298
2.396891039275687
2.7527833716545556
2.984556480733659
2.855366876654563
2.6740172471380026
2.4748840259230884
2.0632277625904956
1.4053025539756772
0.7027168946702981
-0.05124912794288829
-0.12405673891482075
0.27409664752462193
0.5403881549731496
0.9487074601147905
1.1127464663339366
1.0785179604808564
1.4983354964665594
2.080545932639428
1.9358291362212496
1.2601987656098017
0.44063531091607494
0.03778986305500374
-0.281864791839668
-0.6022657509501358
-0.566772682926618
-0.4405807234561716
-0.1190560550752326
0.32047048659033883
0.41743980498606575
0.5749389848121493
0.6306878055734704
1.7025024518127394
2.139376817618196
2.3834157913598477
2.3777826352881735
2.5407728958006803
2.751904136982385
2.905788091799034
2.86254338522046
2.9598049380738614
2.9535359181420593
2.745090382488176
2.282095531334741
2.176465548143244
2.1809614074812105
1.6306003311162744
1.018584304804697
1.0588141114449614
0.7950204393415202
0.2901009919689305
-0.6285776270893618
-1.3822144567605614
-1.4633650689477269
-1.3186699344778927
-1.0885163585880837
-1.1719905449913257
-1.3469437579967432
-1.4638941361358868
-1.7571436293343312
-2.0098778892379308
-1.805206395307633
-1.4369762141796876
-1.0194742067842346
0.634541426187643
0.5465458814411933
0.5966250223037464
0.7140817823240335
0.6785583809248461
0.5777473480020765
0.5867043140197511
0.8224422867054336
0.9111663336526739
0.9544425454634933
1.184894499290764
1.4653177276923588
1.5539003867603114
1.4677802089945988
1.5287083331441007
1.8075038568843003
2.001519603690138
2.2248253472532578
2.44947933774299
2.8468976894158353
3.0846898922922437
2.9585764282447458
2.718873577144609
2.4730564742721373
2.3468178475309838
2.1111295461655426
1.911713747985335
1.8583041289049391
1.8777993696262312
1.7356622007856315
1.6059612785412205
1.4110476610967289
0.6016950809032561
0.5658403691276253
0.41007437836059796
0.06938625069918161
0.06225513826331382
0.20847526872340646
0.4746968897071313
0.8952409794231057
1.5096242247411484
2.155341311665927
2.8914020957625945
3.0280296887625306
2.9561683496430162
2.711556868081243
1.8694343134898104
1.2802599597388342
1.0691545945371688
0.7010758097214963
0.49836044587171713
0.5895674826264872
1.0827621187870646
1.617634343458906
1.6139495747735682
1.387706886141803
1.3527986352105414
1.0482754761960869
0.7662055567777921
0.35066362674587664
-0.09336194923220056
-0.17795473143102147
-0.20888490278453825
-0.15056250663684545
