1554357351.032644
1554357365.084126
1554357369.027272
1554357372.709342
1554357376.429088
1554357379.142341
1554357381.935462
1554357390.72473
1554357394.549582
1554357398.324221
1554357401.826028
1554357405.585978
1554357409.248668
1554357412.847108
1554357416.542947
1554357420.177025
1554357423.635551
1554357427.190672
1554357431.787885
1554357435.312466
1554357438.924312
1554357442.512913
1554357446.066758
1554357449.486625
1554357452.885386
1554357456.637289
1554357460.197641
1554357463.790884
1554357467.596906
1554357470.295704
1554357473.844867
1554357477.474965
1554357481.201379
1554357483.825675
1554357488.274295
1554357491.900928
1554357494.576481
1554357498.052302
1554357500.65342
1554357503.402609
1554357505.922924
1554357509.312656
1554357512.732683
1554357516.311568
1554357519.690166
1554357522.295033
1554357524.861207
1554357528.406833
1554357531.742595
1554357535.121414
1554357538.733662
1554357541.367947
1554357544.896848
1554357548.365685
1554357551.259484
1554357554.888122
1554357558.412724
1554357561.128799
1554357563.994852
1554357566.833652
1554357570.373216
1554357573.757081
1554357576.45989
1554357579.105582
1554357581.634164
1554357585.106896
1554357588.753407
1554357591.272171
1554357594.691641
1554357597.236456
1554357599.973333
1554357602.622305
1554357605.171205
1554357608.63774
1554357612.226606
1554357615.750473
1554357619.211793
1554357622.875765
1554357626.305632
1554357628.891428
1554357631.664411
1554357634.43973
1554357637.01748
1554357639.628135
1554357642.015773
1554357644.564296
1554357648.168342
1554357651.621469
1554357655.041128
1554357658.599473
1554357661.985961
1554357665.396248
1554357667.862354
1554357670.520172
1554357673.112071
1554357675.644425
1554357678.132488
1554357681.598237
1554357684.200875
1554357686.665819
1554357689.958022
1554357693.536074
1554357695.963823
1554357699.330862
1554357702.64911
1554357705.511964
1554357708.179851
1554357710.810235
1554357714.160335
1554357716.806766
1554357720.215426
1554357723.714294
1554357726.608768
1554357730.176184
1554357732.805835
1554357735.366705
1554357739.093087
1554357741.790403
1554357744.298726
1554357746.759584
1554357749.445772
1554357751.926126
1554357755.107647
1554357757.647951
1554357760.398528
1554357762.932326
1554357765.50361
1554357768.059124
1554357771.671019
1554357774.230561
1554357777.546428
1554357780.06565
1554357782.713652
1554357785.363288
1554357787.827302
1554357791.095205
1554357793.884642
1554357796.500207
1554357800.002419
1554357803.086622
1554357806.377896
1554357809.381261
1554357811.890253
1554357815.275394
1554357818.069327
1554357820.618969
1554357823.279221
1554357825.99305
1554357828.685014
1554357831.44745
1554357834.793806
1554357838.148958
1554357841.685516
1554357844.249263
1554357846.781141
1554357849.326711
1554357852.122551
1554357854.603859
1554357858.155181
1554357860.706531
1554357863.512153
1554357867.173445
1554357869.81947
1554357872.482722
1554357876.226373
1554357879.773107
1554357882.505609
1554357886.142524
1554357888.99099
1554357892.521757
1554357896.015355
1554357899.480125
1554357902.319359
1554357904.926787
1554357908.426089
1554357911.105265
1554357915.529464
1554357918.196499
1554357921.680929
1554357924.55852
1554357928.19142
1554357930.875262
1554357934.55642
1554357937.38566
1554357940.976158
1554357943.705099
1554357947.276419
1554357950.099205
1554357953.527077
1554357956.088796
1554357959.317478
1554357962.068875
1554357964.781454
1554357967.471092
1554357970.199649
1554357973.02618
1554357976.506061
1554357979.178755
1554357982.66466
1554357985.359742
1554357987.930686
1554357990.425886
1554357994.109605
1554357997.057819
1554358000.828269
1554358004.365223
1554358007.924137
1554358010.766116
1554358013.41408
1554358016.924641
1554358019.533297
1554358022.313514
1554358025.792439
1554358028.560527
1554358032.370332
1554358035.073035
1554358038.517275
1554358041.010509
1554358044.787259
1554358047.438671
1554358050.848792
1554358053.547207
1554358056.387418
1554358060.110794
1554358062.743018
1554358066.350921
1554358069.088688
1554358072.613643
1554358075.402409
1554358078.121008
1554358081.74789
1554358084.325457
1554358087.838045
1554358090.518073
1554358094.186882
1554358096.831299
1554358099.394293
1554358102.760881
1554358105.154172
1554358108.521157
1554358111.178071
1554358113.861996
1554358117.51956
1554358120.130391
1554358123.913968
1554358126.436175
1554358130.005676
1554358132.516641
1554358134.84162
1554358138.402243
1554358141.256277
1554358144.970988
1554358147.610571
1554358151.115768
1554358154.453949
1554358158.468024
1554358161.075609
1554358164.479702
1554358167.29105
1554358170.88337
1554358173.490653
1554358176.936166
1554358179.698022
1554358183.280729
1554358185.937732
1554358189.363133
1554358192.11629
1554358194.774931
1554358197.432788
1554358200.853854
1554358203.603624
1554358206.185683
1554358209.800843
1554358212.414056
1554358215.967655
1554358218.518919
1554358221.925482
1554358224.506756
1554358228.14234
1554358230.824629
1554358234.540018
1554358237.163753
1554358240.872161
1554358243.771837
1554358246.51124
1554358249.194653
1554358252.107278
1554358255.348211
1554358258.591616
1554358262.619441
1554358265.407911
1554358269.037369
1554358271.770621
1554358275.336705
1554358278.142314
1554358281.858692
1554358284.617772
1554358288.225252
1554358291.044256
1554358293.621546
1554358296.998201
1554358299.742803
1554358303.494005
1554358306.292834
1554358310.002202
1554358312.678721
1554358316.512571
1554358319.248572
1554358322.851594
1554358325.518167
1554358329.207658
1554358331.757237
1554358335.444965
1554358338.350083
1554358342.174783
1554358344.697681
1554358348.009171
1554358350.650777
1554358354.617569
1554358357.777199
1554358362.009267
1554358365.195726
1554358369.625998
1554358372.568053
1554358376.201009
1554358378.983234
1554358382.595752
1554358384.958724
1554358388.258519
1554358390.84334
1554358394.278725
1554358396.708028
1554358399.978621
1554358402.416157
1554358406.01507
1554358408.553867
1554358412.093142
1554358414.708645
1554358418.287735
1554358420.785746
1554358424.129855
1554358426.64007
1554358430.107718
1554358432.657055
1554358436.172546
1554358438.831539
1554358442.613117
1554358445.236737
1554358448.666994
1554358451.261442
1554358454.928212
1554358457.508556
1554358460.966758
1554358463.693255
1554358467.371099
1554358469.992794
1554358473.296115
1554358475.698063
1554358479.284969
1554358481.801396
1554358485.276529
1554358487.826387
1554358491.457543
1554358494.300492
1554358497.902858
1554358500.451153
1554358504.122348
1554358506.819309
1554358510.505863
1554358513.113397
1554358516.726885
1554358519.306338
1554358522.649925
1554358525.171356
1554358528.653411
1554358531.256686
1554358534.838379
1554358537.580796
1554358541.201444
1554358543.860119
1554358547.337684
1554358549.983659
1554358553.553132
1554358556.118401
1554358559.66958
1554358562.36775
1554358566.218998
1554358568.951307
1554358572.481722
1554358574.968748
1554358578.461941
1554358581.000309
1554358584.434025
1554358587.128754
1554358590.754134
1554358593.267395
1554358596.635742
1554358599.161738
1554358602.71188
1554358605.276945
1554358608.705039
1554358611.373297
1554358614.93071
1554358617.482071
1554358620.879644
1554358623.363285
1554358626.830149
1554358629.451805
1554358632.692314
1554358635.150485
1554358638.643567
1554358641.28607
1554358644.863229
1554358647.479715
1554358651.057031
1554358654.080975
1554358657.793493
1554358660.481723
1554358664.184175
1554358666.813881
1554358670.455387
1554358673.002608
1554358676.466161
1554358679.011181
1554358682.49956
1554358685.194789
1554358688.880534
1554358691.432809
1554358694.800661
1554358697.300741
1554358700.845363
1554358703.248867
1554358706.614314
1554358709.168544
1554358712.849588
1554358715.462323
1554358718.860361
1554358721.381998
1554358725.120927
1554358727.851766
1554358731.314419
1554358733.970122
1554358737.66308
1554358740.274813
1554358743.895586
1554358746.545726
1554358750.26665
1554358752.911689
1554358756.437816
1554358758.992784
1554358762.637103
1554358765.163853
1554358768.712196
1554358771.370118
1554358775.062297
1554358777.57042
1554358780.970047
1554358783.611552
1554358787.346284
1554358789.958594
1554358793.483659
1554358796.132019
1554358799.879535
1554358802.516293
1554358806.005153
1554358808.760824
1554358812.568967
1554358815.204548
1554358818.666581
1554358821.247389
1554358824.774093
1554358827.292701
1554358830.68396
1554358833.255245
1554358836.802077
1554358839.342618
1554358842.765954
1554358845.341027
1554358849.004262
1554358852.12765
1554358855.649801
1554358858.220305
1554358861.804995
1554358864.381851
1554358867.828846
1554358870.482242
1554358874.125018
1554358876.697193
1554358880.187768
1554358882.842833
1554358886.500281
1554358889.670854
1554358893.968496
1554358897.181744
1554358901.274428
1554358903.97626
1554358907.613801
1554358910.28974
1554358913.873896
1554358916.411113
1554358919.710056
