1.8588676570149356
1.8770437438883638
1.4618631884010327
2.2068847610565476
1.9122287796786324
2.0980733655582897
1.8143325233204708
1.3684021064460898
1.6296577623007815
1.5518947552688689
1.0217083500651578
1.350117056207806
1.0661833538295251
1.470762578215578
1.5263585125097041
1.5514067789359272
1.740679597279315
2.3375449287165853
2.3705086595584417
1.3842518006223237
1.2526612277695361
1.6196055903382585
1.232186941020538
1.345663704344659
1.7217868503408507
1.9797675940651698
1.701852647200245
1.5340194744455147
2.098535137718202
1.505800689429779
1.6927888112442495
1.5353464220919804
2.008264261373977
1.8206342217678302
1.9667948261415082
2.1016152154329246
2.221178284251262
1.7441598292409282
2.3173385306059755
2.577364121566152
2.048961813211216
2.4236595745967087
1.5963482884536995
1.4363612247557587
1.3241543496959804
1.0069182914474029
1.4994903093212488
1.4875607003457405
1.4072325758963147
1.4215693468005002
2.3782611277426513
2.8908677914791534
2.719460157824122
2.661311269140704
2.4261337509224092
2.061601028447161
1.3769588142905855
1.7061165536530671
1.1662920924328657
1.9172214091416155
1.44462822960097
1.4669877631017512
1.7411402390992383
1.126430411130512
5.489160501425813
5.715537622302689
5.58801620810043
5.170026086136388
5.2656579722254016
5.310340463408797
5.357963315243039
5.438387629059111
5.012947615518859
4.776899709679699
4.069746465026685
3.385211406807298
2.5743752138460114
1.8434938774940117
1.3685472469326843
1.142315441570386
0.9802768870350432
0.6875781244422098
0.6256369554623257
0.7111454953666182
0.663014513064932
0.6883708041897063
0.8616864592547514
1.1432421368739494
1.20243948849926
1.1114535237200855
1.264995939851275
1.3637510767759957
1.7287046340713639
1.8581058303811675
1.755845601936091
1.7403254984115317
1.4064729224282553
1.157876574179036
1.4488097402349942
1.9673179690466307
1.9377394208684957
1.3996658544859022
1.2102010112846828
1.2522433395305521
1.4929422546214617
1.973708809109533
1.557900384662509
1.4393015191142866
1.1111670939535243
0.9164237110379265
1.3488926308425142
1.8408783795477932
1.8536088750753843
1.3325770761980158
1.6194402899654523
1.9823413822687603
1.2482871010259748
2.0690899788894836
1.3316978112514086
1.293996682071595
1.4230828885486373
0.9801863603414102
0.6126742159419254
0.705925281385661
1.1555923440380431
1.1892969659833705
0.46437897671049244
1.35335131740386
1.9241881837703172
2.1375182593588593
2.2030474959279873
2.166413766742268
1.2818793907857062
1.6122012288535257
1.3347917844104833
1.9352009597548845
1.7619947329294277
1.2607478056778487
1.4174814023935287
1.245688924820729
1.5106996209766157
1.393425949965421
1.729546219398717
2.440150183896767
2.5371448420708806
2.788715413768517
2.974871003706969
2.828491135831031
2.3234545649437313
1.903424970268915
1.5121744494652711
1.499326973349382
1.399018227996944
1.3906765609315475
1.4982449800110509
1.4970251260368128
0.9134501114581095
1.403482607338042
1.5613424483270977
1.20088930873596
1.898857663869989
1.130071079610398
1.286747083277009
1.4311416748765329
1.0258789444119214
1.252005416199606
1.7062789358822241
1.9595643681011738
1.2679051154902035
1.1833815341438791
1.4875929088039672
1.7369475435944035
1.5090195779501512
1.5505165083994357
1.690746752934355
1.3156499716653018
1.6917652860187666
1.240875959126912
1.6067675598769702
0.6991680898087125
1.552776012200122
1.7055503474113678
1.5545753640741276
1.5210359343115851
1.319707142201452
1.6243664636243893
2.067605400022131
1.7910932924063065
2.149507812502314
2.403133257126893
2.123596988994898
2.815683542835878
1.4199154994315326
0.6950970363147893
1.1624100132942492
0.871520733056833
0.997691300880991
1.5183055161609609
1.2307798506836256
0.7172798789523922
1.3718802832196624
0.8547931164911319
0.8402457205903431
1.190566351588861
1.2172452584134015
1.677129591843789
1.8027260202393112
2.118009626497223
2.0201536835067
1.5430992504778924
1.8353850029796368
1.2238222369390195
1.6134995557466292
2.2000410447132692
1.8065763022643246
1.540640008332032
1.7000681696283282
1.0543342049226154
1.3345392811511687
1.2876464452485017
1.1375516008802795
1.3568232004923253
1.1003466129652726
0.9685393652303473
1.1051948473785382
1.3456844405418156
1.1301991499234707
1.6715225068031434
1.5484667823346643
1.123158446376222
2.17252576010519
1.9897158383695814
1.9070614229971163
1.3219095423868321
1.795922095994402
1.1722395421502467
1.6090074921121167
1.3343130521735687
0.9579095464533008
1.1930801103717976
0.48922335623995067
0.3553509414393435
0.6755990277421461
1.0849697549359836
0.9277309017924125
0.5441678470028906
1.2896677262246066
1.2840351104731427
0.8677806241698341
0.9535985871076953
1.484884953222217
1.5335527365829662
1.5542456051486213
1.1715283690183125
1.6591344997268576
1.7206796836274647
3.2546014482111474
2.8662186661164326
2.2428683540863146
2.4768659341906796
2.161883282825397
2.296362942987431
2.5226290508536304
1.8103203425191723
2.1908152064514743
1.1978671123255291
1.362220433913772
1.354485602659617
1.150334703535533
0.676598926224839
0.8989174726450484
1.0776754718656347
1.4982775072308192
2.0448068285466006
2.216078501648595
2.3076302107420514
2.0660027042523423
1.5390979166093524
1.466406055968311
1.2609858063520785
1.086623795288949
0.43416769852922465
0.21038219513607498
0.7690863195120538
0.5386977081348979
0.5351414103979726
0.496758426520392
1.3580420997549527
2.049495140912184
1.9783019803383701
1.551067144453676
1.791534330935652
1.6180206164822935
1.406613218293864
1.3186881208829566
1.1432459292327926
1.6253960686160978
1.4154183972061434
2.1755116026853942
1.9781262221216689
2.1338204849541547
1.7715566856916316
1.6495380035889304
1.6404443962182846
1.5703161891118542
1.2613160439647892
1.7256480573212956
1.1853056645419722
1.033392850965522
0.9977409351482154
1.6367672808382863
1.2487325650540828
1.0493802491546678
1.118081148238298
1.1346527955187118
0.8180188053024134
0.37280598111446617
0.30641086776648396
1.027563715599288
0.5690410997375576
0.33532877385217935
0.8890355616630055
1.223620877061675
0.9116980094636953
1.28315492796909
1.1202790682388397
0.8627922481491657
0.841299982159092
0.8181157327327092
1.2168537330184737
1.6456987173114939
2.1678742871957732
2.806790436179555
4.0366464650874
4.218238192593029
4.112544043113864
4.523697692492888
4.690290982427957
3.5936641871039647
3.4166793068839834
3.339943301138535
3.286168079489167
3.102614881493232
2.820760510810796
3.1881752153003307
3.6503167172733466
3.825548862008685
3.77023605747524
4.009312285196379
4.149141805232909
4.119297850795539
4.141493372329243
1.7951447641065397
0.9138052184354235
1.832199241507505
2.0136611013834926
1.631650447998629
1.8876205269940742
1.6620014087267618
1.406104931491885
1.701656734173487
1.2374933928082013
1.0209501778188108
0.944772142400257
1.187909956702647
0.866717821955942
1.0909290008027648
1.456924399948845
0.8269085090088325
1.2070866781248992
0.7251198646332344
0.7313469794863767
1.3778024156921036
1.2946580159006564
1.0150477502358959
0.9118920562091363
1.429977997571352
1.1519919963591385
1.7713942144212824
2.250533411781151
2.0007406315372567
1.9490027118072584
2.1178121534240804
1.6609319663532076
2.1588873807039497
2.3706446659747717
1.6162228146667847
2.0106481353995647
2.1084921158900127
1.4802380894232554
1.5577394807786447
1.6611703996693343
1.8870528964114812
1.9994644187055497
1.3202292001917897
1.3836985891556708
1.7919171049500404
1.165214808036039
1.6576945986286837
1.0603486687361692
1.1223128620610927
1.3045011699652258
1.5522758384686701
1.988405830872119
1.9934027627944373
2.0430478275833144
1.808096382055954
2.00981054165706
1.5997768249010225
1.327570552543826
1.6605304606774876
1.8195614982030033
1.1638829276434721
1.6466806817288409
1.7825668579400067
1.870685260981821
1.785138335977637
1.519759011472952
1.6495137443546344
1.7199504350131885
1.3497912355404027
1.686364500378771
1.55715084733354
1.91421429448619
1.664910039272389
1.4314105309947496
2.0916670171037097
1.9615350764948178
1.0535417456629659
1.320582541566724
1.264971455457263
1.4516839915812068
1.8371285755596578
1.7176590241768435
1.4994847247378535
1.9855556573611857
1.866110811706832
2.398274166006984
2.577596030792996
2.4729381579061194
1.862055789374209
1.4864990582798705
2.1732439722832315
1.9661927165821471
2.41387049833398
2.2851216497041498
2.3751904858676127
2.7155975213362598
3.356239501027446
3.496511839042901
3.423325243331636
3.6634478269722996
3.50654901767256
3.6679972130262377
3.5361888138893502
3.155749600676875
3.0289777364144985
2.9926016618886795
3.128338437167822
3.3844719949381936
3.3509966457049867
3.476063965582415
3.498467187237601
3.542647095313714
3.232863857268642
2.839975194344467
2.7746680005494238
2.4885552266645443
2.52169254536998
2.953012664275632
3.2485105907128635
3.134172052263421
3.513373332227335
3.826878841451029
3.3700994480195337
3.440376039136191
3.569306008696858
3.394938765345912
3.246713199846295
3.221727970833224
0.875394196845237
1.1738382879561964
1.6613638130951112
1.1436962690371955
1.5101276250465094
0.9047265304449034
1.5222743976849658
1.59087948000645
1.1384510176866753
1.7228938186337281
1.1078444041507165
1.1145122448913674
1.9232771563310944
1.501307655326208
1.0425828675191129
1.611573808671931
1.1475091842220444
1.7396207464930937
1.0067555061271996
1.1092353125989
1.063147917873122
1.4072298389639353
1.64366863365192
1.911596810160614
1.9254215051589836
1.7421579528804472
1.8828623826783362
1.5946810929510862
1.8278420446131944
1.5682901696322464
1.3759031930625332
1.147003851051553
2.2012004292421508
1.6439302128396809
1.6365054726254415
1.6953129432977516
2.14462835687689
1.9853445525653903
2.4324737027226173
2.286075868889723
2.0545097865746484
1.9647430294141088
2.154447695800508
1.5441931682552863
1.148092402033964
0.9796787466840464
1.2295762218725097
1.4564367549541926
1.6807690753358004
2.3622303930261372
2.3148792103402207
1.6956168324605299
2.2481452860363413
2.1361033545707646
1.5774802131685635
1.724186424348547
1.7922422563688976
1.491379030984202
1.1952089198601932
1.5690622675842012
1.3754042421584667
1.9237307814510796
1.7103114351989315
1.816483370199745
2.2696605635101057
2.2478277612922613
1.9387779065540363
1.7005387436333554
2.1677230376103984
2.300764273882534
2.153310466459808
2.234572175456028
2.284699570524131
2.1480431216385973
1.4634336948696904
1.6814971491427342
1.4614224927390476
1.2677583025792014
1.7714854119146446
1.7939714704455583
1.169357676137242
1.5776049221776394
1.614415452425688
1.5169614069048138
1.6788899028593847
0.9808762612124313
1.0490489845009177
1.381048266470534
0.8447214762379426
1.0576270338763032
1.3934770976534112
1.1768977510984757
1.2560856856482159
1.2156186118462124
1.3245401266141457
1.2827375329190323
1.620086604879791
1.3935806381405165
1.833092102396355
1.3568741761601315
1.793749591646095
1.5684466677850082
1.634526686428842
1.6728255681950146
1.968590455056379
1.0090166476650717
1.3899504850000985
1.63265102365495
1.7449601614876735
1.49374546865129
0.9775901594536117
1.4213841958517812
1.060961011908405
1.8348922446698315
1.2420510117058516
1.304809555343411
1.4161333408363268
0.7302016112616215
0.8381875443067993
0.6546672150948175
1.365197738865711
0.8015841859248106
0.7827507204715202
0.8168929900021649
1.1044372558741338
0.8496273033271068
0.9986467183693032
1.970583787576211
1.9208824464004792
1.0352089837549328
1.8354778205408493
1.730043038894633
1.0106584026452674
1.275383617048737
0.8960137118033481
1.3021180385097924
1.2876827133979973
1.1439276047255147
0.9787416885689322
0.8821845644786052
1.3645626805853575
0.9372457288545812
1.0562796294050751
0.9119455573813313
1.0231581642007013
1.5009874829146348
1.1152130502884732
1.2514051561393433
1.7217277293485127
1.022858396376786
1.6004809762656909
1.741926806858311
1.1798581933938972
1.3166595503653293
1.4289890870976099
1.6397600959781407
1.213036755452093
1.4970241180584083
1.38926392738298
2.141776313016036
1.4491782739253867
1.8843957458351444
1.3889859692066342
1.5663706393355388
1.5354006960168405
1.9489474157579256
2.1280914236551207
2.056732945713609
2.0918236884727204
1.7968264190275642
1.3506329752184711
1.110876861341277
1.0925120509082455
1.3405960277276545
0.9694057178158657
1.2528627098926963
1.6900627379124444
1.4655283579416922
2.0830929123787323
1.7852414729756216
2.1242033086274588
1.5592328184048792
1.5769118885967022
1.7280352223756015
2.1279758865032288
1.6518779860942843
2.200728231593059
1.7048070834187825
1.5478854525690584
1.719430972059929
2.1492696484864378
1.8847891639220795
1.6253885186290777
1.091825822485393
1.6046472436757948
1.097583944328507
1.7930659022211461
1.115458720067091
0.7982250001581335
1.5734300334836182
0.8569705195716193
1.2474156759412616
0.9436879683746456
1.0449800786723995
1.1473647357146197
1.760966302535895
1.683241367555397
1.2558628355476127
1.4954078004830058
1.7240767866572064
1.8234403934544394
2.2422550546798528
1.6474947650483156
1.3579690114441192
0.9719079506376759
1.6057025757587249
1.4012174890974018
1.424967079169868
1.369279739105098
1.150507762405956
1.983736487227409
1.9149913210793863
1.9977735952192062
1.4675768775036855
3.4624027998374127
3.591362686415225
3.3787869642508106
3.541240421973618
3.2433031678942457
3.447123410910709
3.13407644218838
3.084229835447453
3.4910585263208502
3.8123745068754706
3.854164644369842
3.826950971967325
3.6303574835976162
3.841168132378265
3.610268559587946
3.4767462493113483
3.510738685462901
3.3402636766601073
3.5332576990281823
3.3171693489812357
2.769203255176147
2.415570745801653
2.4909741745771385
2.3216453087384825
2.312621983256016
2.0675780543250704
1.7742614332204265
1.9325826733484244
1.8879238933737879
1.840781115658573
2.060243949542276
2.152493269711641
1.2237201297172746
1.036481578038113
1.657092236738774
0.7538550759417301
1.055115252240035
0.9031807261626059
1.1352937140034636
0.7798922068623024
1.5181982193083938
1.5621986841236175
1.678039565477251
1.5928295839496567
2.045466338200567
1.2695853749512507
2.0680608553415905
1.676602464875608
2.09429409137435
1.6674761792344752
1.8858258920983975
1.9250415068820241
1.5483790290704298
1.8826263461593649
1.2349456989440457
1.4427022558243263
1.6483136256865178
1.2013383919200438
0.6437922622494889
0.839329934095891
0.9921162313627075
1.2138231236427972
1.0186855855297734
1.3159143489505059
2.485782552469413
3.0401050312177413
2.083113445525863
1.103130971403214
1.8198959264710362
1.3245635928709865
2.981813182277857
2.945412933929051
2.997407300819738
1.4350430058780275
1.023632393351276
2.675504260554291
2.642569503885546
1.2342450127578934
2.5616805330205006
2.900982922417651
2.237701170344703
2.652476577136556
1.792139932909485
2.7025271993005395
2.447906988177258
1.9741217389088155
3.477036043101355
4.403777061751545
3.2046720556443344
1.1989592972646863
1.9466069421642396
3.653915133521719
2.127458212156703
-0.7675227622197164
2.562101930429328
3.0022942285664866
0.6389098832513745
2.277735546530303
10.31843769378842
0.6736494716769376
3.23477223809203
3.5500122027851164
3.990850022634596
1.217580777184448
4.095123932922496
4.7365632997068055
1.665710796809482
7.361771276504165
7.5573153093339
-0.7541643924912257
3.1603539243802947
4.695480198005181
2.600708274974849
2.2746657717546244
2.0641116892892852
2.4493261209283856
1.6909170047279627
1.132516628817403
2.6387812976487184
2.1529411751166863
1.9747020959061723
0.4528256074942674
1.765212945839782
1.8445556383177029
1.8553357593341298
0.21266659634862253
1.3241122628642603
2.753575167086918
2.701798313062262
4.253377269478818
1.3212844577538063
2.2698047583655385
3.359058163186187
2.185374573361644
2.4981803634543414
3.366464687007818
2.4293713365102714
1.6280044047626063
1.5904973931918802
2.4220230704347636
2.0485434065713792
0.8634195820249906
2.0139577631988845
3.164279379838308
2.1268094495422187
1.934658089918469
1.8055230109478584
0.8027656780329974
1.557453891117419
1.8977355135598961
2.009761760543056
2.684489181263201
2.954266640060142
2.2263330851351806
1.956772901890519
2.849575355163071
2.6240654710564013
3.09891087408257
1.9351893728347402
3.103854831259166
2.3600428572092738
3.0090856824511785
1.5566595183930225
1.6518060710555342
1.528973565830951
1.9229020044284277
1.6558852473859833
2.50667944458083
2.056850803350997
1.225039559417523
1.7803849558531906
1.3721209515648614
1.2697667269162045
1.5955545635328723
1.637233159983585
2.7671591959837696
1.4019376157652839
0.8116622826366525
1.7607716690324928
1.2060990842731523
0.48228727931647836
1.7551789770786543
2.2949254696895656
1.968495970861273
2.119976696409547
1.7962477997519868
1.0169060548154796
3.1448587341048855
2.3526557652371545
0.7521814747506805
1.6919952025496348
2.2415278611298994
1.881725159835369
2.9561624501709476
2.7236211752036543
1.1971636305364737
3.675706745660697
1.6732778074112555
2.509265560325501
2.2734146301475593
2.2426477581408086
2.35235358682187
0.6015860562064791
2.087389836248812
2.8199496377354896
-1.4069455773836315
2.3457675532786646
3.216749330889838
2.4417974912020908
3.215356028768785
2.7255464921925023
1.2149178577272748
1.543031439455419
2.4270414206020012
3.263566303594967
1.7635038829722165
1.5423650747385802
0.33008543109792216
1.2727497209699687
1.7110993363958438
1.8835543514880373
0.37765952580792383
1.647781985550523
2.085308113963009
6.087842236306279
5.535585461965776
-0.04255090585114925
4.696252674819003
2.8575287998667784
2.006152924669311
4.314127760887086
6.135307773308645
5.903995400055248
-0.20664736650526647
3.347736015729575
1.9893534078589157
1.8955714038280924
8.087271133402611
2.408591660899507
3.9022646484247505
2.048919783986864
1.7762214620098757
1.2906571304866346
1.5398365203043083
1.2414817880222864
1.0441650767250399
2.0770472630898644
2.3247129418016166
3.6677238140780957
0.9700083711242327
1.5884968782292803
2.7135827232974212
2.2534387154961326
2.347191309685943
1.4557228088006036
0.7234214043082123
