16197.389103147141
16197.293753737327
16197.112397086881
16196.853328830806
16196.523923673774
16196.130744241651
16195.679635697059
16195.175808214712
16194.62390905913
16194.028085732543
16193.392041430898
16192.719083848555
16192.012168210118
16191.273935293986
16190.506745075701
16189.712706550727
16188.893704210284
16188.051421567476
16187.187362098173
16186.302867899758
16185.39913632184
16184.477234820992
16183.538114227058
16182.582620602689
16181.611505855775
16180.625437240536
16179.625005859752
16178.610734294592
16177.583083436588
16176.54245861587
16175.489215104426
16174.423663049885
16173.346071901758
16172.256674397622
16171.155670127635
16170.043228745353
16168.919492852152
16167.784580584437
16166.638587939802
16165.4815908661
16164.313647144469
16163.13479807252
16161.945069981684
16160.744475598347
16159.53301526993
16158.310678064598
16157.077442754935
16155.833278705157
16154.57814667095
16153.31199950719
16152.034782812796
16150.746435505847
16149.446890336645
16148.136074347784
16146.81390928809
16145.480311983136
16144.13519466732
16142.778465275504
16141.410027709979
16140.02978207008
16138.637624864343
16137.23344919515
16135.817144921335
16134.388598811107
16132.947694661223
16131.494313414965
16130.028333259945
16128.549629711364
16127.058075691504
16125.55354159174
16124.035895329742
16122.505002392487
16120.96072588043
16119.402926534018
16117.831462767172
16116.246190681248
16114.646964080379
16113.033634483376
16111.406051129214
16109.76406098255
16108.107508722765
16106.436236748968
16104.750085166497
16103.048891777638
16101.332492065341
16099.600719180611
16097.853403922676
16096.090374722933
16094.311457618565
16092.51647622547
16090.705251722153
16088.877602813314
16087.033345706635
16085.172294081356
16083.294259057468
16081.399049158179
16079.4864702828
16077.556325667145
16075.608415848652
16073.6425386281
16071.658489030273
16069.656059264644
16067.635038688959
16065.595213760198
16063.536367996363
16061.45828192621
16059.360733054402
16057.243495807572
16055.106341488432
16052.949038230185
16050.771350945259
16048.573041278523
16046.35386755294
16044.113584719553
16041.851944299697
16039.568694335245
16037.263579332199
16034.936340204384
16032.58671421668
16030.21443492608
16027.819232117537
16025.400831748328
16022.958955887923
16020.493322646385
16018.003646117022
16015.489636305789
16012.95099907193
16010.387436049761
16007.79864459234
16005.184317687697
16002.544143889827
15999.877807251747
15997.184987244345
15994.465358680052
15991.718591641335
15988.944351394337
15986.142298312043
15983.312087789354
15980.453370162762
15977.565790623923
15974.648989130148
15971.702600319735
15968.726253417384
15965.719572146798
15962.68217462887
15959.61367329686
15956.513674792735
15953.381779865489
15950.217583278882
15947.020673697363
15943.790633589631
15940.52703911323
15937.229460011651
15933.897459502918
15930.530594164286
15927.12841381347
15923.690461392443
15920.216272850013
15916.705377019041
15913.157295479457
15909.571542447587
15905.94762464048
15902.285041132056
15898.583283235628
15894.841834352828
15891.060169834558
15887.237756844806
15883.374054207452
15879.468512255322
15875.52057268571
15871.529668399478
15867.495223340133
15863.416652342261
15859.293360955575
15855.124745277764
15850.910191787649
15846.649077173377
15842.340768144064
15837.98462125218
15833.579982707226
15829.126188184533
15824.622562631546
15820.068420073434
15815.463063413434
15810.805784219994
15806.095862520016
15801.332566583986
15796.515152709291
15791.642864992325
15786.714935102074
15781.730582049566
15776.689011952094
15771.589417786534
15766.430979138118
15761.212861964636
15755.934218317925
15750.594186093513
15745.191888766009
15739.726435096625
15734.196918867612
15728.602418597198
15722.941997234073
15717.214701876515
15711.419563458117
15705.555596434904
15699.621798477918
15693.617150133221
15687.540614509604
15681.391136930011
15675.167644591627
15668.869046210668
15662.494231656943
15656.042071594778
15649.511417104053
15642.901099301087
15636.209928942375
15629.436696022543
15622.580169376719
15615.639096252242
15608.612201888689
15601.498189084357
15594.295737743612
15587.003504429384
15579.620121901677
15572.144198639371
15564.574318352747
15556.90903950287
15549.146894782732
15541.286390608026
15533.326006598392
15525.264195023341
15517.099380267256
15508.829958261686
15500.454295910584
15491.970730511322
15483.377569143986
15474.673088077456
15465.855532138943
15456.923114068493
15447.874013885013
15438.706378204908
15429.418319573739
15420.007915770582
15410.473209098163
15400.812205656588
15391.022874619035
15381.103147459913
15371.050917193626
15360.86403759059
15350.540322372713
15340.077544394348
15329.473434801408
15318.725682187955
15307.83193170529
15296.789784193488
15285.596795258261
15274.250474356111
15262.748283843961
15251.087637999348
15239.265902054656
15227.280391186485
15215.128369486769
15202.807048921282
15190.31358826786
15177.645092014776
15164.798609264024
15151.771132599857
15138.559596940651
15125.160878348615
15111.571792854364
15097.789095227941
15083.809477735027
15069.629568875947
15055.245932107702
15040.655064513097
15025.853395482834
15010.837285362351
14995.603024067068
14980.146829665176
14964.46484697638
14948.553146114613
14932.407721012143
14916.024487924764
14899.399283924438
14882.527865345164
14865.405906249682
14848.028996813562
14830.392641750532
14812.492258675864
14794.323176466463
14775.880633611338
14757.159776525636
14738.155657863592
14718.863234810506
14699.277367352706
14679.392816550251
14659.204242786001
14638.706204029286
14617.893154061792
14596.759440708376
14575.29930408735
14553.506874835859
14531.376172368036
14508.901103093584
14486.075458689273
14462.892914383909
14439.347027232288
14415.431234442856
14391.13885172085
14366.46307166848
14341.396962177061
14315.933464922009
14290.065393879358
14263.785433912812
14237.086139438938
14209.959933173905
14182.399104963277
14154.395810705617
14125.942071415688
14097.029772400063
14067.650662564498
14037.796353880643
14007.4583210449
13976.627901280835
13945.29629439675
13913.454563050153
13881.093633266995
13848.204295212137
13814.777204305376
13780.802882629903
13746.271720696399
13711.173979622268
13675.499793701161
13639.23917348054
13602.382009297597
13564.91807537017
13526.837034495338
13488.12844337188
13448.78175865652
13408.786343737282
13368.131476348603
13326.806357058018
13284.800118721692
13242.101836986074
13198.700541913366
13154.585230789802
13109.744882285957
13064.16847201569
13017.8449896339
12970.763457565823
12922.912951512137
12874.282622893359
12824.8617233319
12774.639631385231
12723.605881655732
12671.750196426647
12619.062520160014
12565.533056871054
12511.15231074327
12455.911130102979
12399.800755150925
12342.812869492489
12284.939655985818
12226.173856997395
12166.508839447022
12105.938664975649
12044.45816559151
11982.063024985195
11918.749866091053
11854.516345071544
11789.361252203622
11723.284620054399
11656.287839199353
11588.37378200328
11519.546934763614
11449.813538591146
11379.181739281592
11307.661746596765
11235.26600303908
11162.009362439387
11087.909278387682
11012.986002483107
10937.262792396737
10860.7661292994
10783.525944428275
10705.575853882645
10626.953400939125
10547.700304542805
10467.862712467393
10387.491457125403
10306.642311703647
10225.376243573763
10143.759661480259
10061.86465241932
9979.769203197515
9897.557401097238
9815.319607163929
9733.152594784364
9651.15964534369
9569.450591922987
9488.141801094407
9407.356082252629
9327.222513253728
9247.876170711059
9169.457753312156
9092.113086634818
9015.992498795491
8941.250057350007
8868.042660039288
8796.528974192048
8726.868223285712
8659.21882321902
8593.736875685392
8530.57453180143
8469.878245231128
8411.786940566602
8356.43012936027
8303.926012364594
8254.379612167177
8207.880984826184
8164.5035619011915
8124.302675084659
8087.314314292354
8053.554166015555
8023.016972427777
7995.676242850622
7971.4843384524675
7950.372938751143
7932.253885384614
7917.020385386547
7904.5485436579775
7894.6991831583155
7887.319902193971
7882.247311477001
7879.3093896488435
7878.32789483818
7879.120771339313
7881.504494443027
7885.296302382959
7890.316271793051
7896.38920149315
7903.346278270527
7911.02650720305
7919.277897509423
7927.958402623631
7936.936619957892
7946.092261480315
7955.316410765147
7964.511585520433
7973.591626918596
7982.481438339122
7991.116596584692
7999.442858368957
8007.4155839864625
8014.999098783784
8022.166011384049
8028.896505782481
8035.177622411766
8041.002541326161
8046.369878559848
8051.283004875198
8055.749394274149
8059.780007969018
8063.388718009416
8066.59177341678
8069.407310466822
8071.854907788559
8073.9551860564
8075.72945134786
8077.199380662173
8078.386747668393
8079.313186389724
8079.9999903081525
8080.467944201827
8080.737186003434
8080.8270958563935
8080.756209687995
8080.542154623361
8080.201603685925
8079.750247373809
8079.20277986198
8078.572897702999
8077.87330912503
8077.115752124531
8076.3110198048635
8075.468991493523
8074.598668396873
8073.708212657775
8072.804988844016
8071.895607031458
8070.985966741225
8070.081301152236
8069.186221036418
8068.304758017075
8067.440406817154
8066.596166191769
8065.774578382037
8064.977766890964
8064.207472494791
8063.465087418416
8062.751687625787
8062.068063223555
8061.414746985263
8060.792041037828
8060.200041729176
8059.638662765982
8059.107656666072
8058.606634599955
8058.1350846842715
8057.692388841761
8057.277838261467
8056.890647555568
8056.529967705789
8056.194897847224
8055.8844959656835
8055.597788610217
8055.333779657699
8055.091458192656
8054.869805581007
8054.667801788238
8054.484431000771
8054.318686591923
8054.169575495669
8054.036122019453
8053.917371151236
8053.812391399758
8053.720277200149
8053.640150934078
8053.571164564024
8053.512500959854
8053.463374916826
8053.42303390837
8053.390758567874
8053.365862965507
8053.347694694433
8053.335634737011
8053.329097209262
8053.327528945451
8053.330408959735
8053.337247801821
8053.347586802767
8053.360997256067
8053.37707952141
8053.395462074967
8053.415800507265
8053.437776494513
8053.461096722373
8053.485491813849
8053.510715235893
8053.5365421868055
8053.562768516767
8053.589209614256
8053.6156993385275
8053.642088951441
8053.66824607056
8053.694053647439
8053.719408973881
8053.744222709409
8053.76841794778
8053.791929312941
8053.814702086267
8053.83669137465
8053.8578613049285
8053.8781842637645
8053.897640160053
8053.916215750497
8053.933903967335
8053.950703310993
8053.966617267919
8053.98165375008
8053.995824589936
8054.009145060781
8054.0216334202805
8054.03331050466
8054.044199333548
8054.054324752776
8054.063713103093
8054.072391931221
8054.080389697508
8054.087735526211
8054.094458982775
8054.10058986636
8054.106158014435
8054.111193144496
8054.115724702585
8054.119781730396
8054.1233927556805
8054.12658569047
8054.129387741916
8054.131825339274
8054.1339240820735
8054.135708675429
8054.137202902325
8054.13842958688
8054.139410573071
8054.140166715295
8054.140717863979
8054.141082870663
8054.141279586671
8054.141324875797
8054.14123462503
8054.141023769788
8054.140706305223
8054.140295313356
8054.139802991672
8054.139240678509
8054.138618885962
8054.1379473277575
8054.137234953013
8054.136489976283
8054.135719919127
8054.134931630232
8054.134131334684
8054.1333246564855
8054.132516654778
8054.131711855727
8054.130914291625
8054.130127520142
8054.129354663487
8054.128598432898
8054.127861164897
8054.127144839718
8054.126451115548
8054.125781348959
8054.125136624735
8054.124517773343
8054.12392539776
8054.123359890683
8054.122821461447
8054.122310147084
8054.12182583303
8054.121368271394
8054.120937098104
8054.120531845219
8054.120151948897
8054.1197967679855
8054.119465596952
8054.119157674052
8054.118872197344
8054.118608320394
8054.118365176815
8054.118141877415
8054.117937520097
8054.117751197383
8054.117581996945
8054.117429012499
8054.117291344566
8054.117168109503
8054.117058439296
8054.116961487619
8054.116876424554
8054.116802445682
8054.1167387712585
8054.11668464653
8054.116639345112
8054.116602174469
8054.116572472182
8054.116549602595
8054.116532964518
8054.116521980171
8054.116516109118
8054.11651483899
8054.116517686491
8054.116524196907
8054.116533945766
8054.116546535448
8054.1165615956315
8054.116578780903
8054.116597768619
8054.116618262504
8054.116639992802
8054.116662711533
8054.116686188239
8054.11671021482
8054.116734604331
8054.116759181593
8054.1167837948315
8054.116808305725
8054.116832590813
8054.116856544877
8054.116880070098
8054.116903085714
8054.116925521811
8054.116947321008
8054.116968430275
8054.116988809505
8054.117008425026
8054.117027252424
8054.117045272146
8054.117062476297
8054.117078854997
8054.117094407667
8054.117109135519
8054.1171230483005
8054.117136158596
8054.117148480502
8054.117160028783
8054.117170825038
8054.117180893903
8054.117190255821
8054.117198934035
8054.117206958472
8054.117214349134
8054.117221134768
8054.117227343665
8054.117233002675
8054.117238138382
8054.117242780955
8054.11724695546
8054.117250690348
8054.117254011572
8054.117256946297
8054.117259519665
8054.117261756728
8054.11726368142
8054.117265320477
8054.117266691029
8054.117267814733
8054.11726871004
8054.117269398752
8054.117269896678
8054.117270223936
8054.117270397939
8054.1172704340115
8054.117270343871
8054.11727014256
8054.117269845007
8054.117269460838
8054.117269004253
8054.117268482496
8054.11726790624
8054.117267283012
8054.117266620972
8054.117265926775
8054.117265209522
8054.1172644777525
8054.117263736037
8054.117262990565
8054.117262245868
8054.117261506719
8054.117260775331
8054.117260055431
8054.117259345871
8054.117258651852
8054.117257972859
8054.117257312929
8054.117256671891
8054.1172560547775
8054.117255462664
8054.117254892009
8054.11725434898
8054.117253831508
8054.117253338767
8054.117252867593
8054.1172524192925
8054.117251995386
8054.1172515951675
8054.117251220772
8054.117250871692
8054.117250547478
8054.117250245987
8054.117249962868
8054.117249696634
8054.117249453904
8054.1172492306
8054.117249023737
8054.117248834444
8054.117248658884
8054.1172484998415
8054.117248354625
8054.117248224276
8054.117248108002
8054.117248003701
8054.117247911563
8054.117247827253
8054.11724775553
8054.117247691671
8054.117247637662
8054.117247590786
8054.117247552062
8054.117247522405
8054.117247504025
8054.117247488522
8054.117247476648
8054.117247468386
8054.117247461298
8054.117247460113
8054.117247461123
8054.117247468267
8054.117247479891
8054.117247491739
8054.117247504826
8054.117247520069
8054.117247534134
8054.1172475540625
8054.117247577544
8054.117247600062
8054.117247621366
8054.117247641234
8054.117247660153
8054.117247679257
8054.117247700262
8054.117247721591
8054.117247742173
8054.1172477648515
8054.1172477859545
8054.1172478056415
8054.117247825783
8054.1172478428725
8054.117247860677
8054.117247875662
8054.117247890533
8054.117247905302
8054.117247919634
8054.1172479332245
8054.117247944765
8054.117247954112
8054.117247961138
8054.117247969886
8054.1172479749885
8054.117247978542
8054.117247983471
8054.1172479889465
8054.117247996646
8054.117247999766
8054.117248003266
8054.11724800607
8054.117248011018
8054.117248019281
8054.117248027756
8054.117248038502
8054.117248047827
8054.117248057257
8054.117248065052
8054.1172480717205
8054.117248079108
8054.117248084718
8054.117248092536
8054.117248102346
8054.117248109787
8054.117248116487
8054.117248123552
8054.11724813026
8054.117248135256
8054.117248139408
8054.117248143836
8054.1172481478225
8054.117248150372
8054.117248153702
8054.117248154625
8054.117248155453
8054.117248155852
8054.117248152749
8054.117248150302
8054.117248148101
8054.117248147157
8054.117248145962
8054.117248144193
8054.117248142603
8054.117248141517
8054.117248141924
8054.117248142292
8054.117248144009
8054.117248149709
8054.117248151029
8054.117248153951
8054.117248153808
8054.117248154373
8054.117248155227
8054.117248158421
8054.117248157485
8054.117248155604
8054.117248154604
8054.117248153011
8054.117248150537
8054.117248151775
8054.117248153928
8054.117248156905
8054.117248159238
8054.117248161684
8054.117248162846
8054.117248164931
8054.117248167154
8054.117248168808
8054.117248171336
8054.117248174302
8054.117248174551
8054.11724817685
8054.117248177534
8054.117248182307
8054.117248185217
8054.117248187836
8054.1172481936555
8054.117248199241
8054.117248201842
8054.117248203492
8054.117248202897
8054.117248202363
8054.11724820223
8054.117248202455
8054.117248200924
8054.117248200588
8054.1172482006305
8054.117248201707
8054.117248202678
8054.117248199394
8054.117248195747
8054.117248193158
8054.117248189787
8054.1172481871
8054.117248184336
8054.117248186004
8054.117248188198
8054.11724818948
8054.117248190289
8054.117248194823
8054.117248199599
8054.117248199741
8054.117248198831
8054.117248199394
8054.117248203366
8054.117248206248
8054.117248207111
8054.1172482071925
8054.117248206576
8054.117248204981
8054.117248201814
8054.117248197232
8054.117248189643
8054.117248183162
8054.117248178019
8054.117248176854
8054.117248175461
8054.117248175246
8054.117248175397
8054.117248178997
8054.117248181199
8054.117248185952
8054.117248187458
8054.117248191585
8054.117248196337
8054.117248202692
8054.117248206681
8054.11724820646
8054.117248206261
8054.117248203657
8054.11724820097
8054.117248202705
8054.1172482087695
8054.1172482104175
8054.117248211901
8054.117248214276
8054.117248216413
8054.1172482183365
8054.117248215911
8054.117248215806
8054.117248215366
8054.117248215663
8054.117248212118
8054.117248210315
8054.117248209384
8054.117248210279
8054.117248212469
8054.117248215134
8054.117248218917
8054.1172482219745
8054.117248225767
8054.117248227447
8054.117248226188
8054.1172482208995
8054.11724821891
8054.117248217813
8054.117248215786
8054.117248213962
8054.117248210933
8054.1172482109805
8054.117248209985
8054.117248208047
8054.117248208383
8054.117248207299
8054.117248207709
8054.11724820877
8054.117248212843
8054.11724821547
8054.117248217834
8054.117248221347
8054.117248221044
8054.117248217309
8054.117248214292
8054.117248209501
8054.117248209692
8054.117248209515
8054.117248210396
8054.117248211189
8054.117248212596
8054.117248214901
8054.117248218014
8054.117248220816
8054.117248224377
8054.1172482282755
8054.11724822832
8054.117248225936
8054.117248224135
8054.117248224247
8054.117248222271
8054.11724822049
8054.117248219929
8054.117248218037
8054.117248217374
8054.117248216083
8054.11724821423
8054.117248209098
8054.117248203786
8054.117248195544
8054.117248189164
8054.117248182729
8054.117248176592
8054.117248174184
8054.117248170979
8054.117248169135
8054.117248168167
8054.1172481697195
8054.117248171117
8054.117248173067
8054.117248175515
8054.1172481763315
8054.117248176722
8054.117248176727
8054.117248177077
8054.117248180164
8054.117248182595
8054.117248182704
8054.117248180726
8054.1172481803305
8054.1172481803205
8054.117248176847
8054.117248173031
8054.117248167863
8054.117248163212
8054.1172481635285
8054.11724816416
8054.11724816265
8054.117248159906
8054.117248157436
8054.1172481548665
8054.117248153939
8054.117248152414
8054.117248147922
8054.117248143188
8054.117248141696
8054.117248140355
8054.11724813984
8054.117248143186
8054.117248146544
8054.117248151644
8054.11724815866
8054.11724816532
8054.117248173393
8054.117248177195
8054.117248179576
8054.11724818553
8054.117248192274
8054.11724819765
8054.117248203875
8054.117248209131
8054.117248212127
8054.117248212055
8054.117248213029
8054.117248213559
8054.1172482140355
8054.1172482116945
8054.117248208894
8054.117248207067
8054.117248205769
8054.1172482045995
8054.117248203201
8054.117248203329
8054.11724820483
8054.117248206179
8054.117248207739
8054.117248205681
8054.117248205214
8054.1172482037555
8054.117248202442
8054.117248201262
8054.117248200891
8054.117248201248
8054.117248200532
8054.117248200927
8054.117248200242
8054.117248199973
8054.117248199037
8054.117248194733
8054.1172481912035
8054.1172481880285
8054.117248183438
8054.117248176537
8054.117248171364
8054.117248165669
8054.117248163662
8054.1172481615085
8054.117248156802
8054.117248152216
8054.117248148783
8054.117248146732
8054.117248143849
8054.117248137789
8054.117248133375
8054.117248128017
8054.117248126658
8054.117248125089
8054.117248125407
8054.11724812708
8054.117248129277
8054.117248129178
8054.117248128742
8054.117248127311
8054.117248126023
8054.117248123477
8054.117248119454
8054.11724811549
8054.117248112611
8054.11724810933
8054.117248107069
8054.117248105727
8054.117248107636
8054.117248109355
8054.117248111249
8054.117248111913
8054.117248112511
8054.117248112009
8054.117248113637
8054.117248113716
8054.117248112401
8054.117248110179
8054.1172481095655
8054.117248105548
8054.11724810332
8054.117248102007
8054.117248098053
8054.117248095535
8054.11724809396
8054.117248093236
8054.117248091199
8054.11724809075
8054.1172480906935
8054.11724808891
8054.117248087305
8054.1172480869
8054.117248086882
8054.117248085826
8054.117248084529
8054.11724808371
8054.117248082279
8054.1172480813375
8054.1172480815285
8054.117248077544
8054.117248073613
8054.117248071807
8054.117248071565
8054.11724807031
8054.117248070218
8054.117248073947
8054.117248081112
8054.1172480886
8054.117248096379
8054.117248104417
8054.11724811096
8054.117248116156
8054.117248119791
8054.117248125143
8054.117248129959
8054.117248132216
8054.117248134939
8054.1172481360045
8054.117248134539
8054.117248134259
8054.1172481347
8054.117248135098
8054.117248136493
8054.11724813775
8054.117248139227
8054.117248141942
8054.117248143693
8054.117248144229
8054.117248143326
8054.11724813905
8054.117248134509
8054.117248127652
8054.117248125636
8054.117248123476
8054.117248118414
8054.117248115245
8054.11724811343
8054.117248115955
8054.11724811892
8054.117248121586
8054.117248121909
8054.117248121161
8054.117248121178
8054.117248120503
8054.117248118856
8054.117248118066
8054.1172481135445
8054.1172481108615
8054.117248108793
8054.1172481069325
8054.117248104218
8054.1172481028125
8054.117248101549
8054.117248099027
8054.117248095371
8054.117248090695
8054.117248087526
8054.117248087792
8054.117248090801
8054.117248092471
8054.1172480936275
8054.117248095014
8054.117248099033
8054.117248102996
8054.117248106909
8054.117248107659
8054.117248110761
8054.117248112165
8054.1172481130825
8054.117248112524
8054.117248112713
8054.117248113576
8054.117248113661
8054.1172481144295
8054.1172481144295
8054.117248115121
8054.117248115051
8054.117248117413
8054.117248121616
8054.117248125745
8054.117248125305
8054.11724812491
8054.117248125938
8054.117248127903
8054.117248128633
8054.117248132061
8054.1172481354915
8054.1172481420435
8054.117248147593
8054.117248153282
8054.117248155977
8054.117248155631
8054.117248157744
8054.117248161379
8054.117248164995
8054.117248167903
8054.117248169136
8054.117248172323
8054.117248174499
8054.1172481768035
8054.117248178532
8054.117248179395
8054.117248180516
8054.117248182219
8054.117248184098
8054.117248184057
8054.117248182982
8054.11724818236
8054.11724818284
8054.117248181193
8054.1172481786725
8054.117248172595
8054.117248167818
8054.117248162825
8054.117248156946
8054.117248153039
8054.117248149178
8054.117248148126
8054.117248147528
8054.117248146641
8054.117248146536
8054.117248145749
8054.117248145387
8054.117248143676
8054.117248138674
8054.1172481338235
8054.117248127727
8054.117248122239
8054.117248116264
8054.117248110883
8054.117248106735
8054.117248103001
8054.117248099988
8054.117248093812
8054.117248089985
8054.117248086887
8054.117248085139
8054.117248082872
8054.11724807633
8054.117248072173
8054.117248069125
8054.117248063957
8054.11724806173
8054.11724806215
8054.117248066339
8054.117248070106
8054.117248073154
8054.117248079704
8054.117248081099
8054.1172480830455
8054.117248084797
8054.117248088452
8054.117248093819
8054.1172480986515
8054.117248106115
8054.117248110757
8054.117248115279
8054.1172481210815
8054.117248124919
8054.117248128371
8054.117248131478
8054.1172481335825
8054.117248134785
8054.117248134133
8054.117248133201
8054.117248131323
8054.117248128595
8054.117248124406
8054.117248124447
8054.117248120674
8054.11724811797
8054.117248115191
8054.117248110958
8054.117248105762
8054.1172481031645
8054.11724810429
8054.1172481046115
8054.117248104899
8054.117248107238
8054.117248112805
8054.117248118508
8054.117248125718
8054.117248135671
8054.11724814359
8054.117248149332
8054.117248155537
8054.11724816043
8054.117248165873
8054.1172481731965
8054.117248179788
8054.11724818572
8054.117248192791
8054.117248199154
8054.11724820592
8054.117248211317
8054.117248216868
8054.1172482229
8054.117248227291
8054.117248232977
8054.117248237399
8054.117248241033
8054.11724824465
8054.11724824929
8054.117248251737
8054.117248254283
8054.117248253112
8054.117248249287
8054.117248243073
8054.117248238521
8054.117248233385
8054.117248225991
8054.11724821899
8054.117248213728
8054.1172482110715
8054.117248206948
8054.1172482015045
8054.117248196261
8054.117248190848
8054.117248186322
8054.117248182596
8054.117248178896
8054.117248175219
8054.1172481726035
8054.11724817025
8054.1172481667445
8054.117248164975
8054.117248162345
8054.117248158937
8054.117248155524
8054.1172481524545
8054.117248150729
8054.117248150563
8054.117248150413
8054.1172481471585
8054.117248143194
8054.117248139971
8054.1172481377625
8054.117248133004
8054.117248125604
8054.117248118252
8054.117248113022
8054.117248106926
8054.117248100403
8054.117248093493
8054.117248088658
8054.117248083962
8054.117248080774
8054.117248079636
8054.117248078958
8054.117248079041
8054.117248078077
8054.117248077902
8054.117248076705
8054.117248079784
8054.117248081862
8054.117248084424
8054.117248085694
8054.117248085795
8054.1172480890045
8054.117248092239
8054.117248093765
8054.117248095484
8054.117248098417
8054.117248100017
8054.117248103537
8054.117248105317
8054.11724810796
8054.117248108953
8054.1172481095
8054.117248109647
8054.117248109085
8054.117248108232
8054.117248108159
8054.117248109826
8054.117248107168
8054.11724810547
8054.1172481029025
8054.117248101284
8054.117248101904
8054.117248103504
8054.11724810217
8054.117248101317
8054.1172480991645
8054.117248096188
8054.1172480942005
8054.117248092761
8054.117248093541
8054.117248093552
8054.117248092176
8054.117248090244
8054.117248089199
8054.117248087218
8054.117248086129
8054.117248083763
8054.11724808094
8054.117248078745
8054.117248075734
8054.117248071636
8054.117248071066
8054.117248069166
8054.11724806711
8054.117248064222
8054.117248060584
8054.117248056616
8054.117248055123
8054.117248052739
8054.1172480499035
8054.117248048388
8054.117248048411
8054.1172480487785
8054.117248049802
8054.117248050722
8054.117248051206
8054.117248053718
8054.117248056671
8054.117248062099
8054.117248068371
8054.117248074361
8054.117248080446
8054.117248088692
8054.1172480975
8054.117248107504
8054.117248117895
8054.117248127246
8054.1172481356625
8054.117248142544
8054.11724814839
8054.117248154344
8054.117248160744
8054.117248167887
8054.117248173971
8054.117248180138
8054.117248185688
8054.11724819103
8054.117248198954
8054.117248202624
8054.117248202462
8054.117248202317
8054.117248201147
8054.117248200788
8054.117248198731
8054.117248197228
8054.11724819726
8054.117248196596
8054.117248195305
8054.117248194146
8054.117248193101
8054.117248193545
8054.117248192905
8054.117248193716
8054.1172481934045
8054.117248192088
8054.117248189863
8054.1172481889
8054.117248188033
8054.117248187598
8054.117248186862
8054.117248184813
8054.117248183316
8054.1172481837
8054.117248184391
8054.117248185015
8054.117248187653
8054.117248190374
8054.117248190745
8054.117248192118
8054.11724819751
8054.1172482013235
8054.117248205449
8054.117248209507
8054.117248212813
8054.117248218906
8054.1172482233505
8054.117248226658
8054.117248232059
8054.1172482344955
8054.117248234264
8054.117248235095
8054.117248234111
8054.117248233917
8054.117248230281
8054.1172482277
8054.117248224337
8054.117248220965
8054.117248216891
8054.117248211147
8054.1172482059765
8054.117248202708
8054.117248200807
8054.11724819875
8054.117248197243
8054.117248196926
8054.117248196296
8054.1172481957265
8054.117248194178
8054.117248194167
8054.117248192772
8054.117248190133
8054.117248187757
8054.1172481863105
8054.117248182932
8054.117248180583
8054.117248178816
8054.117248178265
8054.117248179153
8054.117248177183
8054.117248174716
8054.117248174574
8054.117248174446
8054.117248175717
8054.1172481778995
8054.117248179173
8054.117248180317
8054.1172481834255
8054.117248186916
8054.117248190403
8054.117248193888
8054.117248198064
8054.117248202861
8054.117248205794
8054.117248209817
8054.117248214133
8054.117248221132
8054.1172482257
8054.117248229465
8054.117248231121
8054.117248229148
8054.117248223216
8054.11724821788
8054.117248214115
8054.117248214189
8054.117248213564
8054.117248211616
8054.117248209171
8054.117248209393
8054.117248209247
8054.117248205307
8054.117248202106
8054.117248198533
8054.117248194624
8054.117248194224
8054.1172481949025
8054.117248195166
8054.117248195751
8054.117248196623
8054.117248196714
8054.117248200263
8054.117248204493
8054.1172482072625
8054.117248208715
8054.117248210022
8054.117248211891
8054.117248210109
8054.117248209201
8054.117248208727
8054.117248209341
8054.117248210931
8054.117248212364
8054.1172482129605
8054.117248209687
8054.117248205009
8054.117248196644
8054.117248188076
8054.117248180711
8054.117248173737
8054.117248167804
8054.117248162812
8054.117248160396
8054.11724815753
8054.117248153913
8054.117248148233
8054.117248144159
8054.117248139454
8054.117248131409
8054.117248123131
8054.117248116718
8054.11724811337
8054.117248111051
8054.117248107231
8054.117248099985
8054.11724809277
8054.117248088009
8054.117248081991
8054.117248075882
8054.117248069693
8054.117248065162
8054.117248061083
8054.117248057758
8054.1172480585765
8054.117248058619
8054.117248057965
8054.1172480584155
8054.117248058822
8054.117248061265
8054.117248064157
8054.117248066758
8054.117248065638
8054.117248066013
8054.1172480680825
8054.117248072024
8054.117248075917
8054.117248082192
8054.117248089573
8054.117248096905
8054.1172481028125
8054.117248108476
8054.117248111496
8054.117248115253
8054.117248118979
8054.117248125451
8054.117248131967
8054.117248139564
8054.117248146054
8054.117248152242
8054.117248160582
8054.117248167396
8054.1172481735275
8054.117248179739
8054.117248185331
8054.11724818586
8054.117248184951
8054.117248184825
8054.117248185058
8054.117248185614
8054.1172481871545
8054.117248185076
8054.117248182513
8054.117248180206
8054.117248177438
8054.117248173907
8054.117248170383
8054.117248166172
8054.117248160651
8054.117248157067
8054.117248156612
8054.117248157934
8054.117248159819
8054.117248158744
8054.117248158467
8054.117248159604
8054.117248162012
8054.117248164527
8054.117248167481
8054.117248170834
8054.117248170388
8054.117248169986
8054.1172481706635
8054.117248170581
8054.1172481712
8054.11724817418
8054.117248176517
8054.117248179313
8054.117248180443
8054.117248179383
8054.117248178081
8054.117248176219
8054.11724817558
8054.117248173621
8054.117248171509
8054.117248168918
8054.117248168664
8054.117248171206
8054.117248174532
8054.117248179604
8054.11724818105
8054.1172481827
8054.117248184877
8054.117248186144
8054.117248184168
8054.117248181002
8054.117248179538
8054.117248178915
8054.117248174544
8054.117248170609
8054.117248168802
8054.1172481675185
8054.1172481653275
8054.117248164393
8054.11724816182
8054.117248156387
8054.117248147687
8054.117248138127
8054.117248129868
8054.117248123474
8054.11724811876
8054.11724811798
8054.117248118318
8054.117248120006
8054.117248124643
8054.117248128124
8054.117248131949
8054.117248139201
8054.1172481481535
8054.117248152053
8054.117248152792
8054.117248152419
8054.117248151043
8054.117248150153
8054.117248147272
8054.11724814572
8054.117248147094
8054.117248151099
8054.117248154012
8054.117248156286
8054.117248161798
8054.117248167106
8054.117248169111
8054.117248167106
8054.117248167725
8054.117248171399
8054.117248175054
8054.11724817938
8054.117248181544
8054.117248186261
8054.117248190159
8054.117248192977
8054.117248194819
8054.11724819613
8054.117248196619
8054.117248196364
8054.117248195789
8054.117248193194
8054.117248193628
8054.117248194022
8054.117248194374
8054.1172481953845
8054.117248192137
8054.117248188868
8054.117248185233
8054.117248180576
8054.117248176732
8054.117248173964
8054.117248172858
8054.117248171517
8054.117248171004
8054.117248170887
8054.117248171476
8054.1172481709655
8054.11724817016
8054.11724816978
8054.117248171172
8054.11724817277
8054.117248176633
8054.117248179764
8054.117248182581
8054.117248185115
8054.117248188435
8054.117248191078
8054.117248192764
8054.1172481904705
8054.117248186676
8054.1172481836065
8054.1172481829235
8054.117248183347
8054.117248182343
8054.117248177628
8054.117248173732
8054.117248171612
8054.117248169701
8054.117248166252
8054.117248164186
8054.117248162672
8054.117248158194
8054.117248152777
8054.1172481517115
8054.117248146943
8054.1172481416115
8054.117248133005
8054.117248121795
8054.1172481110125
8054.117248102002
8054.11724809597
8054.117248089503
8054.117248082644
8054.117248076471
8054.117248071262
8054.117248066571
8054.117248061659
8054.117248056197
8054.117248049898
8054.117248045614
8054.117248043835
8054.117248043274
8054.1172480413825
8054.117248038989
8054.117248035795
8054.117248033613
8054.117248033726
8054.1172480372925
8054.117248040503
8054.117248045123
8054.11724804859
8054.117248054479
8054.117248061166
8054.117248068223
8054.117248075614
8054.117248081572
8054.117248087628
8054.117248096887
8054.117248103837
8054.117248110436
8054.117248112912
8054.11724811514
8054.1172481168
8054.117248118985
8054.117248121299
8054.117248123381
8054.11724812664
8054.117248131999
8054.117248136475
8054.117248138771
8054.1172481415315
8054.117248147132
8054.117248150788
8054.117248153386
8054.117248155724
8054.11724816129
8054.117248167687
8054.117248170672
8054.117248174745
8054.117248179101
8054.1172481830245
8054.117248188287
8054.117248189559
8054.117248189664
8054.117248190451
8054.11724819116
8054.117248189375
8054.117248188806
8054.117248187255
8054.117248185167
8054.117248183633
8054.117248180175
8054.117248178448
8054.117248175854
8054.117248170404
8054.117248165843
8054.117248162087
8054.117248156973
8054.117248153757
8054.117248149477
8054.117248144586
8054.117248138105
8054.117248132967
8054.117248126955
8054.117248119466
8054.117248114112
8054.117248108256
8054.117248101945
8054.117248097304
8054.117248093819
8054.117248091032
8054.117248089907
8054.117248087163
8054.117248085732
8054.117248085829
8054.117248084877
8054.117248084715
8054.117248084222
8054.117248082393
8054.117248081093
8054.117248080269
8054.117248078835
8054.117248078583
8054.117248078355
8054.117248079884
8054.117248079874
8054.117248082289
8054.117248083076
8054.117248083439
8054.117248082381
8054.117248081082
8054.117248078875
8054.11724808035
8054.117248080985
8054.117248082249
8054.117248083042
8054.117248083408
8054.117248086855
8054.117248091343
8054.117248095036
8054.117248101131
8054.117248104883
8054.117248112071
8054.1172481154235
8054.1172481174
8054.117248122297
8054.117248128089
8054.117248133995
8054.117248140349
8054.117248145721
8054.117248151941
8054.117248155462
8054.117248161747
8054.117248168097
8054.117248174159
8054.117248177882
8054.117248182271
8054.117248187954
8054.117248194108
8054.117248198607
8054.117248201271
8054.117248203323
8054.1172482055135
8054.117248208526
8054.1172482122765
8054.117248214959
8054.117248215295
8054.117248215598
8054.117248214484
8054.117248212443
8054.117248209914
8054.117248208675
8054.117248210679
8054.117248211442
8054.1172482058955
8054.11724820125
8054.1172481974145
8054.117248192924
8054.11724818819
8054.117248181506
8054.117248176182
8054.117248170005
8054.117248162368
8054.117248154803
8054.117248149378
8054.117248145882
8054.117248142735
8054.117248139209
8054.117248133612
8054.117248128574
8054.117248127505
8054.117248125504
8054.11724812301
8054.117248119379
8054.117248115765
8054.11724811182
8054.117248109655
8054.117248109091
8054.117248110317
8054.117248108995
8054.117248107459
8054.117248106769
8054.117248108573
8054.117248108464
8054.117248107328
8054.11724810492
8054.117248101366
8054.117248097129
8054.117248094355
8054.117248094976
8054.117248094494
8054.117248095101
8054.117248098072
8054.117248101438
8054.117248102391
8054.117248102209
8054.117248102044
8054.117248103282
8054.117248101624
8054.117248103942
8054.1172481060285
8054.117248110676
8054.117248112089
8054.117248116824
8054.117248120739
8054.117248123222
8054.11724812165
8054.1172481212725
8054.117248120239
8054.117248120005
8054.117248118752
8054.117248120742
8054.117248122188
8054.117248123835
8054.117248124971
8054.117248124262
8054.117248127087
8054.117248127205
8054.117248126618
8054.1172481264375
8054.117248127313
8054.117248127409
8054.117248128187
8054.117248128889
8054.117248128826
8054.117248127384
8054.117248123664
8054.117248119967
8054.1172481173335
8054.117248111498
8054.117248107635
8054.117248103465
8054.117248095901
8054.1172480884015
8054.117248082343
8054.117248078624
8054.117248075275
8054.117248075033
8054.1172480741225
8054.117248071917
8054.117248068892
8054.11724806825
8054.117248068016
8054.117248066768
8054.11724806599
8054.1172480673695
8054.117248071726
8054.117248075649
8054.117248078485
8054.117248079655
8054.117248081053
8054.117248078846
8054.1172480765135
8054.117248076841
8054.117248077481
8054.117248078058
8054.11724807719
8054.1172480781415
8054.117248078306
8054.117248078107
8054.117248077929
8054.117248077421
8054.1172480800815
8054.117248083516
8054.117248085221
8054.117248087101
8054.1172480887935
8054.11724808997
8054.117248090683
8054.117248090632
8054.117248091971
8054.1172480945625
8054.117248098625
8054.117248102282
8054.117248106267
8054.117248107774
8054.117248109477
8054.117248108585
8054.117248106399
8054.1172481072
8054.117248107922
8054.117248110303
8054.117248115217
8054.1172481185995
8054.117248122683
8054.117248127397
8054.117248131294
8054.117248135148
8054.117248140694
8054.1172481446465
8054.117248147165
8054.117248148393
8054.117248149151
8054.117248149833
8054.117248151832
8054.117248152247
8054.117248151926
8054.11724815233
8054.117248153389
8054.117248155032
8054.11724815582
8054.117248157912
8054.117248159798
8054.117248158723
8054.117248159141
8054.117248159863
8054.117248159474
8054.117248158086
8054.117248155796
8054.11724815339
8054.117248150185
8054.117248149379
8054.117248151424
8054.117248150148
8054.117248148306
8054.117248146649
8054.117248146197
8054.117248146136
8054.117248145042
8054.117248143712
8054.117248142514
8054.117248140742
8054.1172481377625
8054.117248135427
8054.11724813471
8054.117248133027
8054.117248131858
8054.117248132191
8054.117248133183
8054.117248137194
8054.117248143228
8054.117248146234
8054.117248149285
8054.117248152725
8054.117248154781
8054.117248154901
8054.117248155008
8054.11724815545
8054.117248158621
8054.1172481604335
8054.117248161374
8054.117248163951
8054.117248165924
8054.1172481676995
8054.117248168605
8054.117248172191
8054.117248174379
8054.11724817704
8054.117248180476
8054.117248186684
8054.117248191926
8054.117248198028
8054.117248200402
8054.11724820254
8054.117248207927
8054.11724821243
8054.117248215098
8054.117248218882
8054.1172482212505
8054.117248223035
8054.117248225679
8054.117248229446
8054.117248232835
8054.117248232768
8054.1172482288985
8054.117248223338
8054.1172482141765
8054.117248205932
8054.117248198857
8054.117248192144
8054.11724818818
8054.11724818392
8054.11724818078
8054.1172481769145
8054.117248171702
8054.11724817013
8054.11724816906
8054.117248167058
8054.117248166989
8054.1172481683125
8054.117248168118
8054.1172481693275
8054.1172481738795
8054.117248176591
8054.117248178686
8054.117248181263
8054.117248187391
8054.117248193255
8054.117248198531
8054.11724820328
8054.117248204784
8054.117248206483
8054.1172482038555
8054.117248201838
8054.11724819933
8054.11724819811
8054.117248196321
8054.117248193326
8054.117248189937
8054.117248187578
8054.11724818615
8054.117248183478
8054.117248181074
8054.117248178563
8054.117248178382
8054.117248177873
8054.117248178107
8054.117248177971
8054.117248181313
8054.117248183974
8054.117248187755
8054.11724819185
8054.11724819796
8054.117248205191
8054.11724821066
8054.117248215582
8054.117248218625
8054.117248219978
8054.117248220159
8054.117248222052
8054.117248224102
8054.117248225947
8054.117248228302
8054.117248227649
8054.117248228101
8054.1172482292
8054.117248229151
8054.117248229799
8054.11724822865
8054.117248224153
8054.117248221491
8054.117248217362
8054.117248216419
8054.117248214186
8054.117248212519
8054.117248210674
8054.117248206242
8054.1172482025995
8054.117248200015
8054.117248196302
8054.117248192615
8054.117248189644
8054.117248185238
8054.117248180579
8054.117248177078
8054.117248176699
8054.117248175664
8054.117248176811
8054.117248180613
8054.117248184731
8054.117248191897
8054.117248199388
8054.117248206129
8054.117248212541
8054.117248215543
8054.117248218591
8054.117248220988
8054.117248223145
8054.117248225084
8054.117248227178
8054.117248228369
8054.117248230479
8054.117248232727
8054.117248231977
8054.117248229225
8054.117248226403
8054.1172482217835
8054.11724822005
8054.117248215375
8054.117248210127
8054.11724820575
8054.117248200772
8054.117248196638
8054.11724819084
8054.117248184928
8054.117248182032
8054.117248182196
8054.117248179227
8054.117248177941
8054.117248176437
8054.11724817439
8054.117248175318
8054.117248179964
8054.11724818276
8054.11724818493
8054.117248186882
8054.117248188293
8054.117248188524
8054.117248186308
8054.117248183966
8054.117248181166
8054.117248177953
8054.1172481774865
8054.117248173603
8054.117248166298
8054.117248158338
8054.1172481515205
8054.117248144691
8054.117248137508
8054.117248131387
8054.11724812588
8054.117248120229
8054.117248117569
8054.117248116905
8054.117248114578
8054.117248108328
8054.117248103047
8054.117248097602
8054.117248093396
8054.117248092725
8054.117248093162
8054.11724809113
8054.1172480896485
8054.1172480910855
8054.117248092379
8054.117248096658
8054.117248098087
8054.117248099718
8054.117248100494
8054.117248105002
8054.117248110444
8054.1172481153435
8054.117248120098
8054.117248125417
8054.117248133667
8054.117248142824
8054.117248149334
8054.117248151728
8054.117248152499
8054.117248153193
8054.117248152432
8054.1172481514
8054.117248150817
8054.117248147522
8054.117248142479
8054.117248137595
8054.117248132504
8054.117248132081
8054.117248132391
8054.117248134055
8054.117248139018
8054.117248143137
8054.117248146845
8054.11724815122
8054.117248153426
8054.11724815195
8054.1172481495805
8054.117248146409
8054.117248144247
8054.117248141956
8054.117248139894
8054.117248139423
8054.117248137961
8054.117248138722
8054.117248141831
8054.11724814359
8054.117248146559
8054.117248150963
8054.117248151809
8054.117248151531
8054.117248152321
8054.117248153378
8054.117248154331
8054.117248157265
8054.117248161291
8054.117248164222
8054.117248166859
8054.117248169234
8054.117248170332
8054.117248170281
8054.117248166425
8054.117248161916
8054.117248157857
8054.117248154552
8054.117248149151
8054.1172481439435
8054.117248140296
8054.117248137016
8054.117248133021
8054.117248129774
8054.117248123043
8054.117248116291
8054.117248110215
8054.117248104399
8054.117248102629
8054.117248101728
8054.117248104727
8054.117248108119
8054.1172481104795
8054.117248111911
8054.117248116661
8054.117248121976
8054.1172481267595
8054.11724812968
8054.117248132656
8054.11724813464
8054.1172481357335
8054.11724813741
8054.117248137534
8054.117248136607
8054.117248137156
8054.117248140076
8054.117248145129
8054.117248153139
8054.117248158616
8054.117248163892
8054.117248168642
8054.117248172916
8054.117248174338
8054.117248177004
8054.11724817871
8054.117248178167
8054.117248178373
8054.117248179248
8054.117248179691
8054.117248176626
8054.117248177331
8054.117248177272
8054.117248177567
8054.117248177486
8054.117248174295
8054.117248175578
8054.117248175697
8054.1172481740705
8054.117248173991
8054.117248172536
8054.117248173998
8054.117248173927
8054.117248174556
8054.117248174774
8054.11724817324
8054.11724817186
8054.117248168193
8054.117248165585
8054.117248162545
8054.117248160849
8054.117248159668
8054.1172481592985
8054.117248157579
8054.117248156033
8054.117248154641
8054.1172481526955
8054.117248151638
8054.117248154148
8054.1172481605645
8054.117248162183
8054.117248165026
8054.117248167582
8054.1172481685
8054.117248170364
8054.117248172734
8054.11724817279
8054.1172481717995
8054.117248171948
8054.11724817312
8054.1172481738295
8054.117248173429
8054.117248169606
8054.117248164433
8054.1172481601225
8054.1172481562435
8054.117248154137
8054.117248150857
8054.117248151022
8054.117248152902
8054.1172481584035
8054.117248159546
8054.117248160227
8054.117248161532
8054.117248162361
8054.1172481638
8054.117248164055
8054.11724816567
8054.117248166432
8054.117248166078
8054.117248165413
8054.117248164122
8054.117248163654
8054.11724816427
8054.117248164132
8054.117248163661
8054.117248164276
8054.117248166562
8054.1172481696585
8054.117248171061
8054.117248171976
8054.11724817557
8054.117248177419
8054.117248177005
8054.117248176979
8054.117248177301
8054.1172481769
8054.117248176191
8054.117248174862
8054.117248174357
8054.117248175289
8054.117248177166
8054.117248180587
8054.117248179857
8054.117248179892
8054.117248183733
8054.1172481875365
8054.11724818715
8054.1172481874955
8054.117248186766
8054.117248189575
8054.11724819141
8054.117248193754
8054.117248196209
8054.117248198766
8054.117248202798
8054.117248206774
8054.117248210352
8054.117248213226
8054.117248212349
8054.1172482125985
8054.117248213516
8054.117248212263
8054.11724821079
8054.117248213621
8054.117248217554
8054.117248221092
8054.117248221507
8054.117248221187
8054.117248221937
8054.117248222613
8054.117248222529
8054.117248222455
8054.117248221693
8054.117248222048
8054.11724821821
8054.117248210256
8054.117248202749
8054.117248196685
8054.117248189842
8054.1172481854155
8054.1172481824715
8054.117248180513
8054.11724817979
8054.117248178447
8054.117248177238
8054.117248177189
8054.117248181301
8054.117248186041
8054.117248190307
8054.11724819484
8054.117248197879
8054.117248200615
8054.117248201692
8054.117248206125
8054.117248209074
8054.117248212424
8054.117248213011
8054.11724821458
8054.117248219455
8054.11724822315
8054.11724822509
8054.117248229609
8054.1172482319425
8054.117248230578
8054.117248226928
8054.117248220525
8054.117248214761
8054.1172482109605
8054.1172482071925
8054.117248204149
8054.117248202795
8054.1172481991525
8054.117248195526
8054.117248189493
8054.117248182676
8054.117248174463
8054.117248163263
8054.117248153876
8054.117248144041
8054.117248135883
8054.117248127502
8054.117248119958
8054.117248115248
8054.117248108237
8054.117248101234
8054.117248093893
8054.11724808694
8054.117248081376
8054.117248075675
8054.117248071928
8054.117248069596
8054.11724806715
8054.11724806876
8054.117248068824
8054.117248070612
8054.117248071528
8054.117248071313
8054.117248070082
8054.11724806828
8054.117248063888
8054.117248059242
8054.117248054715
8054.117248052718
8054.117248050921
8054.117248047226
8054.11724804286
8054.117248037894
8054.117248033076
8054.117248031164
8054.117248033255
8054.117248034444
8054.117248036552
8054.117248037411
8054.117248041993
8054.117248047849
8054.117248052427
8054.117248058281
8054.1172480652795
8054.117248071578
8054.117248080711
8054.117248088929
8054.117248097018
8054.11724810811
8054.117248116013
8054.117248124166
8054.117248129079
8054.117248134885
8054.117248140457
8054.117248143394
8054.11724814777
8054.117248150322
8054.117248155736
8054.117248160956
8054.11724816496
8054.1172481685635
8054.117248171807
8054.117248175073
8054.117248178704
8054.117248183013
8054.117248182388
8054.117248182864
8054.117248183985
8054.117248185686
8054.117248185832
8054.117248185964
8054.117248186081
8054.11724818792
8054.11724819096
8054.117248195082
8054.117248197752
8054.117248199116
8054.1172482013835
8054.117248204462
8054.117248208271
8054.117248209967
8054.117248211149
8054.117248211173
8054.1172482153515
8054.117248215995
8054.1172482162265
8054.1172482143575
8054.117248216485
8054.117248219439
8054.117248222445
8054.117248222725
8054.11724822644
8054.117248230476
8054.117248234456
8054.1172482376915
8054.117248241987
8054.117248243084
8054.117248240607
8054.11724823838
8054.117248237758
8054.117248236506
8054.117248236419
8054.117248236687
8054.117248235541
8054.117248235206
8054.117248235249
8054.11724823875
8054.117248240863
8054.117248243111
8054.117248242018
8054.11724824034
8054.117248239522
8054.11724823567
8054.11724823151
8054.117248228459
8054.117248223288
8054.117248219674
8054.117248216421
8054.11724821384
8054.117248213248
8054.117248213409
8054.1172482139
8054.117248210531
8054.117248207154
8054.117248203075
8054.117248196287
8054.117248191218
8054.117248185615
8054.117248182305
8054.11724818175
8054.117248181598
8054.11724818423
8054.117248185906
8054.117248188801
8054.117248189674
8054.117248191498
8054.117248194526
8054.117248194827
8054.117248194404
8054.117248190908
8054.11724818395
8054.117248178036
8054.117248171674
8054.117248167333
8054.117248163426
8054.117248160257
8054.117248156364
8054.11724815217
8054.117248148393
8054.117248144993
8054.117248143321
8054.117248143201
8054.117248143094
8054.117248145421
8054.117248148207
8054.117248149676
8054.117248155157
8054.117248160779
8054.1172481658405
8054.117248170394
8054.11724817588
8054.117248180123
8054.117248183943
8054.117248186341
8054.117248188847
8054.1172481928315
8054.117248196764
8054.117248201691
8054.117248203353
8054.117248203809
8054.117248204913
8054.117248204869
8054.11724820552
8054.117248205067
8054.117248204314
8054.117248206407
8054.117248209329
8054.117248212651
8054.117248216335
8054.117248218265
8054.117248218962
8054.117248222707
8054.117248225385
8054.117248224678
8054.11724822612
8054.117248228803
8054.11724823191
8054.117248235399
8054.117248238538
8054.117248242404
8054.117248243112
8054.117248244788
8054.117248247683
8054.117248246477
8054.117248246777
8054.117248247394
8054.117248248642
8054.117248246995
8054.117248245166
8054.11724824352
8054.117248239613
8054.117248232982
8054.117248228051
8054.117248221535
8054.117248215325
8054.117248209044
8054.117248204777
8054.117248202321
8054.117248200456
8054.117248198778
8054.117248195883
8054.117248192238
8054.117248189304
8054.117248186316
8054.11724818051
8054.1172481739
8054.117248165527
8054.117248159376
8054.117248153148
8054.117248147888
8054.117248144194
8054.117248144679
8054.117248144423
8054.117248142461
8054.117248139309
8054.117248137511
8054.1172481345075
8054.117248132843
8054.117248130654
8054.117248127644
8054.117248128053
8054.117248127034
8054.117248125078
8054.117248123665
8054.117248122392
8054.117248124018
8054.117248125482
8054.117248127145
8054.117248129336
8054.117248127842
8054.1172481278845
8054.117248128268
8054.117248126882
8054.117248124941
8054.117248122502
8054.117248124118
8054.117248124879
8054.1172481255635
8054.117248126524
8054.117248129815
8054.117248132432
8054.117248132707
8054.117248133302
8054.117248132799
8054.1172481361555
8054.117248139868
8054.117248142172
8054.117248145284
8054.117248151548
8054.117248157186
8054.11724816226
8054.117248165786
8054.117248168615
8054.117248170815
8054.117248172101
8054.117248173605
8054.117248175651
8054.117248177146
8054.11724817884
8054.117248178976
8054.11724817633
8054.117248173256
8054.117248168757
8054.117248164362
8054.117248156941
8054.1172481502645
8054.1172481435615
8054.11724813753
8054.117248131408
8054.117248124167
8054.1172481179965
8054.117248113136
8054.117248107029
8054.117248104651
8054.117248103548
8054.117248102211
8054.117248102391
8054.117248099436
8054.1172480964315
8054.117248093381
8054.11724808925
8054.117248085185
8054.11724808222
8054.117248079204
8054.117248077877
8054.117248080491
8054.117248082844
8054.117248084268
8054.117248089706
8054.117248092523
8054.117248093326
8054.117248092319
8054.117248093143
8054.117248092498
8054.117248092958
8054.117248092678
8054.1172480927735
8054.117248090434
8054.117248091447
8054.117248093398
8054.117248095846
8054.117248094584
8054.11724809449
8054.11724809475
8054.117248091521
8054.11724809104
8054.117248092339
8054.117248092468
8054.117248092931
8054.117248097503
8054.11724810058
8054.117248109929
8054.11724812146
8054.117248130799
8054.117248138165
8054.117248145488
8054.117248152771
8054.117248160018
8054.117248162384
8054.117248164169
8054.117248166814
8054.117248170232
8054.117248177118
8054.117248183662
8054.117248189552
8054.11724819416
8054.117248199348
8054.117248204707
8054.117248210917
8054.117248217545
8054.117248224549
8054.117248227735
8054.117248231296
8054.1172482348475
8054.1172482387365
8054.117248246738
8054.117248252901
8054.117248259834
8054.117248265034
8054.117248268328
8054.117248269906
8054.117248270289
8054.117248271326
8054.117248269835
8054.1172482705715
8054.1172482698485
8054.117248270583
8054.117248269514
8054.117248266126
8054.117248262732
8054.1172482569045
8054.117248253393
8054.117248246768
8054.11724823942
8054.117248229344
8054.117248216812
8054.117248202763
8054.117248191505
8054.117248179638
8054.1172481686135
8054.117248157306
8054.117248146089
8054.117248135648
8054.117248126251
8054.117248119525
8054.117248109317
8054.117248100474
8054.117248095635
8054.117248091971
8054.11724809006
8054.117248089378
8054.117248089109
8054.11724808783
8054.117248084947
8054.117248081313
8054.117248077696
8054.117248073403
8054.117248068499
8054.117248061315
8054.117248053811
8054.11724804844
8054.11724804257
8054.117248040403
8054.11724803776
8054.1172480339965
8054.117248028875
8054.117248025654
8054.117248024139
8054.117248022775
8054.117248020855
8054.11724802086
8054.117248019133
8054.117248020349
8054.117248020749
8054.117248019725
8054.117248018457
8054.117248021125
8054.117248022142
8054.117248026174
8054.117248030842
8054.117248037467
8054.1172480427385
8054.117248046441
8054.117248049081
8054.117248051805
8054.117248053218
8054.117248055527
8054.117248058991
8054.117248065573
8054.117248073919
8054.117248081779
8054.117248088159
8054.117248094941
8054.117248102777
8054.11724810879
8054.1172481142
8054.117248118032
8054.117248119055
8054.1172481213625
8054.1172481230915
8054.117248124301
8054.117248125044
8054.1172481243275
8054.117248126452
8054.117248132522
8054.117248138677
8054.117248143523
8054.117248144423
8054.117248146271
8054.117248145857
8054.117248147562
8054.117248149097
8054.117248147705
8054.1172481464555
8054.117248145676
8054.11724814913
8054.117248151547
8054.117248154068
8054.117248156336
8054.117248154916
8054.1172481539825
8054.117248154876
8054.11724815741
8054.117248163156
8054.117248167632
8054.117248173046
8054.117248177574
8054.117248182688
8054.117248186252
8054.117248190498
8054.11724819328
8054.117248195784
8054.117248199423
8054.117248204776
8054.1172482082075
8054.117248212337
8054.117248212242
8054.1172482121565
8054.117248211735
8054.117248211701
8054.117248208206
8054.117248201597
8054.117248193226
8054.117248189502
8054.11724818615
8054.117248184171
8054.117248178234
8054.1172481760095
8054.117248172621
8054.1172481678395
8054.117248165615
8054.117248166383
8054.117248166729
8054.117248163922
8054.117248162434
8054.117248162481
8054.1172481639105
8054.117248165195
8054.117248166352
8054.117248167393
8054.117248172485
8054.117248176031
8054.117248176451
8054.117248176137
8054.117248177584
8054.117248175425
8054.117248176251
8054.117248177341
8054.117248177284
8054.117248176886
8054.117248177912
8054.117248175373
8054.11724817378
8054.117248171308
8054.117248168043
8054.117248161296
8054.117248158686
8054.117248155991
8054.117248156684
8054.117248158345
8054.1172481584545
8054.117248158554
8054.117248159336
8054.117248162118
8054.1172481667
8054.117248174633
8054.117248180388
8054.117248183142
8054.117248186661
8054.11724818671
8054.1172481874455
8054.1172481888025
8054.117248189329
8054.117248190151
8054.117248189159
8054.11724818965
8054.117248191132
8054.117248193851
8054.1172481962985
8054.1172481984995
8054.117248199097
8054.117248199288
8054.117248200844
8054.1172482053635
8054.117248208739
8054.117248213161
8054.117248217487
8054.117248220342
8054.117248219448
8054.117248218297
8054.11724821726
8054.117248213903
8054.117248211575
8054.117248208787
8054.117248205931
8054.117248206132
8054.117248205274
8054.1172482045
8054.117248201034
8054.117248200685
8054.117248202103
8054.117248204073
8054.11724820619
8054.117248209829
8054.117248213796
8054.117248214943
8054.117248214588
8054.117248213231
8054.117248212356
8054.117248212608
8054.117248211101
8054.1172482111315
8054.117248212544
8054.117248211392
8054.11724820862
8054.117248206475
8054.117248205234
8054.117248204812
8054.117248203046
8054.1172482004185
8054.11724819736
8054.117248191144
8054.11724818555
8054.117248177051
8054.117248170788
8054.117248164112
8054.117248157758
8054.11724815273
8054.117248149592
8054.117248145038
8054.117248139552
8054.117248135306
8054.117248131487
8054.117248129088
8054.117248125197
8054.1172481230815
8054.117248124639
8054.117248126736
8054.11724812862
8054.117248129625
8054.11724813157
8054.117248134011
8054.117248137248
8054.117248143971
8054.117248151407
8054.117248159138
8054.117248167481
8054.117248173606
8054.117248179463
8054.117248185081
8054.117248191176
8054.117248197009
8054.1172482015645
8054.117248206011
8054.1172482124375
8054.117248215105
8054.117248214389
8054.1172482123575
8054.117248209836
8054.1172482079155
8054.117248206879
8054.117248205252
8054.117248204136
8054.117248203132
8054.117248203266
8054.117248207888
8054.11724821101
8054.117248214859
8054.117248216937
8054.117248218461
8054.1172482191405
8054.11724821802
8054.11724821805
8054.117248214962
8054.117248212874
8054.117248207531
8054.1172482054935
8054.1172482026195
8054.11724820142
8054.11724820034
8054.117248196943
8054.117248193541
8054.117248190478
8054.117248186335
8054.1172481836475
8054.117248182612
8054.117248183758
8054.117248186176
8054.1172481845415
8054.117248182726
8054.117248180398
8054.11724817761
8054.117248171637
8054.117248165223
8054.117248159449
8054.117248156679
8054.117248155916
8054.117248155922
8054.117248155929
8054.117248154896
8054.117248155697
8054.117248157112
8054.117248157345
8054.117248158939
8054.117248160031
8054.1172481599715
8054.117248159227
8054.117248159596
8054.117248156464
8054.117248152953
8054.117248150138
8054.117248147605
8054.1172481463655
8054.117248144557
8054.117248141543
8054.1172481377935
8054.117248136149
8054.117248135708
8054.117248133235
8054.117248130662
8054.1172481269605
8054.117248126745
8054.117248128284
8054.117248131745
8054.1172481338235
8054.117248133962
8054.117248135818
8054.117248140606
8054.117248144568
8054.117248148828
8054.117248151968
8054.11724815618
8054.11724815997
8054.11724816442
8054.11724816808
8054.117248168602
8054.117248172534
8054.1172481771155
8054.11724817985
8054.117248180582
8054.1172481802
8054.1172481770855
8054.117248173592
8054.117248169407
8054.1172481663325
8054.117248163912
8054.1172481613885
8054.117248160157
8054.1172481590465
8054.117248158048
8054.117248156803
8054.117248154643
8054.117248151314
8054.117248152128
8054.117248156324
8054.117248159408
8054.117248160798
8054.117248162048
8054.1172481655985
8054.117248170525
8054.117248175652
8054.117248180612
8054.117248185423
8054.117248189406
8054.11724819022
8054.117248188529
8054.117248186312
8054.117248184319
8054.117248179755
8054.117248175647
8054.117248171949
8054.1172481696585
8054.117248167253
8054.117248164741
8054.117248163865
8054.117248163423
8054.117248163719
8054.1172481629455
8054.117248161903
8054.117248159579
8054.1172481567955
8054.117248154983
8054.117248154043
8054.117248152852
8054.117248152473
8054.117248148667
8054.117248144205
8054.117248143306
8054.117248144574
8054.117248147793
8054.117248150344
8054.117248152293
8054.117248155433
8054.117248157566
8054.117248160526
8054.117248164227
8054.117248166867
8054.117248169935
8054.1172481716585
8054.117248175979
8054.117248178136
8054.117248180423
8054.117248181444
8054.117248184785
8054.11724818641
8054.117248187523
8054.117248189219
8054.117248188665
8054.117248189555
8054.117248190355
8054.117248190728
8054.117248187948
8054.117248182328
8054.1172481793465
8054.117248177357
8054.117248175221
8054.11724817399
8054.117248168726
8054.117248166067
8054.117248165059
8054.117248161382
8054.117248158072
8054.1172481547455
8054.1172481521
8054.117248148678
8054.117248143176
8054.117248141339
8054.117248142805
8054.1172481427375
8054.117248143716
8054.117248143557
8054.117248144107
8054.117248140446
8054.117248136805
8054.117248137683
8054.117248133972
8054.117248130632
8054.117248128318
8054.117248126928
8054.117248124292
8054.117248122612
8054.117248121792
8054.117248123134
8054.117248124341
8054.117248124043
8054.117248124812
8054.117248124812
8054.11724812412
8054.117248124189
8054.117248123904
8054.117248123649
8054.1172481237645
8054.117248125602
8054.117248128987
8054.11724813134
8054.117248136229
8054.117248140629
8054.1172481459735
8054.117248150093
8054.117248154492
8054.117248158103
8054.117248161355
8054.117248161857
8054.117248165426
8054.117248167945
8054.117248172983
8054.117248176133
8054.117248179313
8054.117248183561
8054.117248187036
8054.117248190166
8054.117248193329
8054.117248196173
8054.117248199774
8054.117248199203
8054.117248199037
8054.117248198541
8054.117248201559
8054.1172482015045
8054.117248201801
8054.117248201723
8054.117248200956
8054.117248201307
8054.117248202664
8054.117248202844
8054.117248203699
8054.117248204468
8054.117248205855
8054.117248203638
8054.11724820199
8054.117248200853
8054.117248199136
8054.117248197245
8054.117248195889
8054.117248198132
8054.117248201191
8054.117248203943
8054.117248206765
8054.117248207921
8054.117248208268
8054.117248211351
8054.1172482134325
8054.117248214614
8054.117248215677
8054.117248217327
8054.117248219504
8054.117248223543
8054.117248224752
8054.117248222723
8054.117248222975
8054.11724822251
8054.11724822313
8054.1172482202255
8054.117248217264
8054.11724821633
8054.117248214799
8054.117248213419
8054.117248212523
8054.117248212757
8054.117248212621
8054.117248212152
8054.11724821173
8054.11724821239
8054.117248213676
8054.117248214833
8054.117248212412
8054.117248208501
8054.117248208444
8054.117248209777
8054.117248210285
8054.117248210742
8054.117248210115
8054.117248210936
8054.11724821202
8054.117248212304
8054.11724821256
8054.11724821279
8054.117248212997
8054.117248214222
8054.117248216018
8054.1172482183265
8054.117248221098
8054.117248219435
8054.117248216207
8054.117248213647
8054.117248211344
8054.117248211002
8054.117248211041
8054.117248209692
8054.117248208478
8054.11724820773
8054.117248206019
8054.117248202401
8054.117248199144
8054.11724819656
8054.117248195964
8054.11724819924
8054.117248202187
8054.117248201374
8054.117248201338
8054.1172481981885
8054.1172481977765
8054.117248197407
8054.117248197074
8054.117248194003
8054.117248188816
8054.117248181723
8054.117248175686
8054.117248171983
8054.11724816969
8054.11724816728
8054.117248164419
8054.117248164268
8054.117248164132
8054.117248164356
8054.117248168368
8054.117248171978
8054.117248173841
8054.117248177943
8054.117248182673
8054.117248187623
8054.117248192078
8054.117248194357
8054.117248192598
8054.117248188242
8054.117248185363
8054.117248182424
8054.1172481804715
8054.117248178369
8054.1172481768235
8054.117248178547
8054.117248178716
8054.117248178174
8054.11724817838
8054.117248178564
8054.11724817873
8054.117248178533
8054.117248179741
8054.117248180135
8054.117248181529
8054.117248182091
8054.117248182597
8054.117248182013
8054.117248180795
8054.1172481803915
8054.117248181066
8054.117248182368
8054.1172481856165
8054.117248188889
8054.117248192525
8054.11724819372
8054.117248195488
8054.11724819881
8054.117248198336
8054.1172481975655
8054.117248195832
8054.11724819427
8054.11724819252
8054.11724819129
8054.117248190184
8054.117248189881
8054.117248190993
8054.117248192687
8054.117248191442
8054.1172481910135
8054.117248189934
8054.117248188617
8054.117248185007
8054.117248183144
8054.1172481814665
8054.117248176148
8054.117248171707
8054.117248168057
8054.117248164771
8054.117248161466
8054.117248159533
8054.117248158831
8054.117248157161
8054.117248155657
8054.117248156036
8054.117248157763
8054.117248156545
8054.117248156489
8054.117248156785
8054.117248158436
8054.117248159577
8054.1172481592175
8054.117248160626
8054.1172481612
8054.117248162757
8054.117248164504
8054.11724816573
8054.117248163023
8054.1172481581625
8054.117248154828
8054.1172481521735
8054.117248150476
8054.117248149296
8054.117248147888
8054.117248150427
8054.117248150291
8054.117248150514
8054.117248150715
8054.1172481474305
8054.11724814413
8054.117248140119
8054.117248136164
8054.117248133991
8054.117248131687
8054.117248129615
8054.117248128442
8054.117248128078
8054.117248128098
8054.11724812777
8054.117248128167
8054.1172481309495
8054.117248132414
8054.117248134426
8054.1172481362355
8054.117248140287
8054.117248142896
8054.117248144897
8054.117248146352
8054.117248148009
8054.117248148459
8054.117248150943
8054.117248152833
8054.117248154533
8054.117248156411
8054.117248159831
8054.117248162564
8054.117248164676
8054.11724816727
8054.117248172029
8054.117248175274
8054.117248178194
8054.117248181514
8054.117248184502
8054.117248187539
8054.117248191309
8054.117248195397
8054.117248200115
8054.117248203668
8054.117248203749
8054.1172482003585
8054.117248198345
8054.117248195494
8054.117248194312
8054.1172481911735
8054.117248188001
8054.1172481851445
8054.11724818223
8054.117248178567
8054.117248179424
8054.117248181237
8054.117248183561
8054.117248185652
8054.11724818788
8054.117248189885
8054.117248191688
8054.117248192968
8054.117248194466
8054.117248197197
8054.117248199656
8054.11724820187
8054.117248202824
8054.11724820472
8054.117248205735
8054.117248206994
8054.117248210899
8054.117248213027
8054.117248216327
8054.117248223455
8054.117248230909
8054.117248237964
8054.117248245352
8054.117248250269
8054.117248251578
8054.117248249291
8054.117248247929
8054.11724824393
8054.117248239292
8054.117248238235
8054.117248238322
8054.117248239788
8054.117248244915
8054.117248248492
8054.1172482517095
8054.117248252528
8054.117248253957
8054.117248256282
8054.1172482573365
8054.117248256553
8054.117248255154
8054.117248252857
8054.117248248366
8054.117248245362
8054.117248244046
8054.117248243206
8054.117248239679
8054.117248236505
8054.11724823053
8054.117248223769
8054.117248218721
8054.117248213141
8054.11724820881
8054.117248205952
8054.1172482006095
8054.11724819684
8054.117248192753
8054.117248191848
8054.117248192766
8054.11724819359
8054.117248193293
8054.117248193025
8054.117248193825
8054.117248194543
8054.117248195191
8054.117248195081
8054.117248191517
8054.117248184155
8054.117248177529
8054.11724817018
8054.117248163219
8054.117248155915
8054.117248146225
8054.117248136118
8054.117248127368
8054.117248119494
8054.117248113446
8054.117248109388
8054.117248107121
8054.117248104735
8054.11724810605
8054.117248107927
8054.117248112732
8054.117248118097
8054.117248124655
8054.117248126404
8054.1172481279755
8054.117248128006
8054.1172481266485
8054.1172481243875
8054.117248126162
8054.117248128451
8054.117248131205
8054.117248130912
8054.117248132381
8054.117248134741
8054.117248139291
8054.117248140615
8054.117248143883
8054.117248147865
8054.117248151795
8054.117248157755
8054.117248163467
8054.117248168952
8054.11724817008
8054.117248171789
8054.1172481771355
8054.1172481850635
8054.117248188046
8054.117248190381
8054.11724819387
8054.117248197701
8054.117248201842
8054.117248204185
8054.117248204908
8054.117248205212
8054.117248205831
8054.117248203617
8054.117248203011
8054.117248201424
8054.117248199652
8054.117248198401
8054.117248196586
8054.117248195296
8054.117248192058
8054.11724818949
8054.117248186833
8054.117248185134
8054.117248183258
8054.117248181917
8054.117248180017
8054.117248177961
8054.117248174724
8054.1172481731965
8054.117248171477
8054.11724816958
8054.117248169259
8054.117248165163
8054.117248160781
8054.117248158569
8054.117248156578
8054.1172481561725
8054.11724816031
8054.117248166805
8054.11724817265
8054.1172481779095
8054.117248181952
8054.117248184897
8054.117248186855
8054.117248187577
8054.117248190307
8054.117248193802
8054.117248197639
8054.117248197284
8054.11724819731
8054.117248196295
8054.117248194343
8054.1172481912
8054.117248186984
8054.117248183192
8054.117248179086
8054.117248175391
8054.117248172757
8054.117248166925
8054.117248157519
8054.11724814836
8054.117248140116
8054.117248136508
8054.1172481332615
8054.117248128952
8054.117248127846
8054.117248126504
8054.117248126336
8054.1172481272215
8054.117248128715
8054.1172481300555
8054.117248134379
8054.117248136887
8054.117248141567
8054.1172481475105
8054.117248150782
8054.117248150609
8054.1172481504545
8054.1172481510075
8054.11724815393
8054.117248157252
8054.117248164052
8054.117248170518
8054.117248179108
8054.117248186147
8054.117248192134
8054.117248196833
8054.117248196904
8054.117248196621
8054.11724819706
8054.117248199879
8054.117248203802
8054.117248204908
8054.117248204518
8054.117248204513
8054.1172482052025
8054.117248207207
8054.1172482103975
8054.117248213269
8054.117248216546
8054.1172482163765
8054.117248213455
8054.117248209785
8054.117248207523
8054.117248205486
8054.117248207115
8054.117248208237
8054.117248210976
8054.117248214482
8054.117248217637
8054.117248219091
8054.1172482204
8054.117248222617
8054.117248226345
8054.117248227621
8054.117248227384
8054.117248223706
8054.11724822213
8054.117248220711
8054.117248218048
8054.1172482194615
8054.117248221426
8054.117248224234
8054.1172482274515
8054.117248232081
8054.1172482345155
8054.1172482373995
8054.117248241034
8054.117248244304
8054.117248248288
8054.11724825222
8054.117248254718
8054.1172482576585
8054.117248260653
8054.11724826196
8054.117248264523
8054.117248266484
8054.117248268942
8054.117248270461
8054.117248270441
8054.117248270079
8054.117248267674
8054.117248266549
8054.117248266575
8054.117248268678
8054.117248269184
8054.117248269294
8054.117248268007
8054.117248264078
8054.117248260195
8054.11724825774
8054.117248255877
8054.117248255586
8054.117248254283
8054.117248254497
8054.117248254343
8054.117248254551
8054.11724825162
8054.117248246906
8054.117248241277
8054.117248230668
8054.117248219044
8054.117248209275
8054.1172481973645
8054.117248188031
8054.117248179977
8054.117248175499
8054.117248171817
8054.117248170232
8054.117248166383
8054.117248163611
8054.117248161462
8054.11724816334
8054.1172481657195
8054.117248167171
8054.11724816917
8054.117248170276
8054.117248172656
8054.117248175491
8054.117248182199
8054.117248187542
8054.117248193044
8054.117248199035
8054.117248205813
8054.117248212606
8054.11724821768
8054.117248222246
8054.11724822497
8054.11724822396
8054.117248219934
8054.117248217001
8054.117248217826
8054.11724821822
8054.117248219617
8054.117248220873
8054.117248218195
8054.117248215436
8054.117248211568
8054.1172482042775
8054.117248199447
8054.117248196486
8054.117248193474
8054.117248190418
8054.11724818836
8054.117248184082
8054.11724817954
8054.117248178223
8054.117248177731
8054.1172481786725
8054.117248179174
8054.117248180663
8054.117248179234
8054.117248178295
8054.1172481795265
8054.117248181328
8054.117248183296
8054.1172481840285
8054.117248187806
8054.117248190165
8054.117248192982
8054.1172481923995
8054.117248190836
8054.11724818943
8054.117248189548
8054.117248190696
8054.117248195191
8054.117248199236
8054.11724820149
8054.117248205598
8054.117248210681
8054.117248214909
8054.117248216289
8054.1172482168395
8054.1172482149095
8054.117248213172
8054.117248210917
8054.117248209581
8054.117248205606
8054.117248201336
8054.1172481968015
8054.117248191681
8054.117248185686
8054.117248183754
8054.117248184095
8054.11724818544
8054.117248187688
8054.117248190407
8054.117248192505
8054.117248198204
8054.117248203333
8054.1172482069105
8054.117248210823
8054.117248214691
8054.117248218863
8054.117248224004
8054.117248228285
8054.117248233177
8054.1172482355005
8054.117248235862
8054.117248234108
8054.1172482314905
8054.117248224978
8054.117248218425
8054.117248212873
8054.117248207529
8054.117248203067
8054.117248196626
8054.117248190136
8054.117248184989
8054.11724818001
8054.117248178647
8054.117248176381
8054.117248169839
8054.1172481677595
8054.117248165889
8054.117248163859
8054.117248160646
8054.117248158102
8054.117248154079
8054.117248150114
8054.117248147237
8054.117248148457
8054.117248150941
8054.1172481517915
8054.117248151865
8054.117248150545
8054.117248150048
8054.117248148218
8054.117248148995
8054.117248151079
8054.117248152955
8054.11724815395
8054.117248155538
8054.117248153158
8054.117248151015
8054.117248150125
8054.1172481524445
8054.117248155222
8054.117248156684
8054.117248157997
8054.117248162298
8054.117248165476
8054.11724816903
8054.1172481725725
8054.117248176801
8054.117248178529
8054.117248179738
8054.117248179787
8054.117248178098
8054.117248173462
8054.117248168251
8054.1172481646
8054.117248161659
8054.117248158321
8054.117248157048
8054.117248155556
8054.117248150403
8054.117248145766
8054.117248141592
8054.117248137835
8054.117248134455
8054.117248134875
8054.117248139064
8054.1172481438725
8054.117248148894
8054.11724815653
8054.117248165827
8054.117248175233
8054.117248183005
8054.117248189654
8054.117248194599
8054.117248201128
8054.117248208389
8054.1172482138845
8054.117248215368
8054.117248215664
8054.117248215238
8054.117248214507
8054.117248214889
8054.117248215925
8054.117248216165
8054.117248212571
8054.117248207605
8054.117248204176
8054.1172482014335
8054.117248199313
8054.117248201214
8054.117248202925
8054.117248205504
8054.11724820644
8054.1172482079755
8054.117248208663
8054.117248208589
8054.117248208525
8054.117248209157
8054.117248210766
8054.117248212561
8054.11724821383
8054.117248214277
8054.117248214683
8054.117248215393
8054.117248217071
8054.1172482182355
8054.117248218591
8054.117248215793
8054.1172482115435
8054.117248207025
8054.117248203653
8054.117248200618
8054.117248196499
8054.11724819314
8054.117248189771
8054.117248186392
8054.1172481836975
8054.117248181964
8054.117248180406
8054.117248179348
8054.117248179782
8054.117248179134
8054.117248178203
8054.117248178406
8054.117248175125
8054.117248171825
8054.117248169548
8054.1172481674985
8054.11724816704
8054.117248166626
8054.117248166947
8054.117248167581
8054.117248168846
8054.117248170331
8054.117248170974
8054.117248168089
8054.117248164108
8054.117248156368
8054.117248149402
8054.117248144173
8054.117248138772
8054.117248134606
8054.117248132241
8054.117248128381
8054.117248124216
8054.117248123235
8054.117248122354
8054.117248120868
8054.117248119877
8054.117248119678
8054.11724811846
8054.1172481180565
8054.117248119425
8054.117248120657
8054.117248122112
8054.117248124113
8054.11724812349
8054.117248122583
8054.117248123845
8054.117248127059
8054.117248130297
8054.117248132174
8054.11724813317
8054.11724813372
8054.117248135946
8054.1172481389885
8054.117248142073
8054.117248144157
8054.117248147071
8054.117248149349
8054.117248150359
8054.117248151614
8054.117248153437
8054.117248158541
8054.117248161749
8054.117248161865
8054.117248160932
8054.117248160436
8054.117248158259
8054.117248157339
8054.117248156165
8054.11724815476
8054.11724815419
8054.117248152291
8054.117248154046
8054.11724815805
8054.117248162
8054.117248165556
8054.1172481691
8054.117248169174
8054.117248169586
8054.117248167879
8054.117248165304
8054.117248163679
8054.117248162562
8054.11724816225
8054.117248161623
8054.117248164868
8054.117248167789
8054.117248170764
8054.117248172403
8054.117248175262
8054.117248174719
8054.117248173538
8054.117248172129
8054.117248170168
8054.117248165979
8054.117248159091
8054.117248152546
8054.117248145616
8054.117248139724
8054.117248135808
8054.11724813263
8054.117248133233
8054.117248137933
8054.117248142162
8054.1172481463145
8054.117248151091
8054.117248152966
8054.117248155347
8054.1172481567955
8054.1172481553285
8054.11724815747
8054.117248155936
8054.117248154556
8054.117248155045
8054.117248154447
8054.117248152868
8054.117248152486
8054.117248151796
8054.117248153947
8054.117248154498
8054.117248154298
8054.117248152389
8054.117248150324
8054.117248149157
8054.117248148799
8054.117248151249
8054.1172481524145
8054.11724815381
8054.117248156105
8054.117248158864
8054.117248157883
8054.117248156653
8054.1172481520825
8054.117248147625
8054.117248143264
8054.117248139342
8054.117248136157
8054.117248132945
8054.117248136635
8054.117248139608
8054.117248144709
8054.117248146182
8054.117248147855
8054.1172481504
8054.117248152344
8054.117248155824
8054.11724815965
8054.117248161708
8054.117248164945
8054.117248168551
8054.117248170757
8054.117248172743
8054.11724817072
8054.11724816509
8054.117248159676
8054.117248153072
8054.117248150593
8054.117248147669
8054.117248144689
8054.117248142701
8054.117248138141
8054.117248134037
8054.117248130691
8054.11724812941
8054.117248131374
8054.1172481300255
8054.117248129156
8054.117248129414
8054.117248130685
8054.117248130443
8054.117248129533
8054.1172481290605
8054.117248129674
8054.117248129533
8054.117248125597
8054.117248122055
8054.1172481185195
8054.11724811222
8054.117248105514
8054.117248099822
8054.117248092623
8054.117248088569
8054.117248084919
8054.117248081288
8054.117248076288
8054.1172480717905
8054.117248067394
8054.117248062397
8054.117248061019
8054.117248058394
8054.117248056723
8054.11724805418
8054.1172480505065
8054.11724804824
8054.117248046545
8054.117248047099
8054.117248048636
8054.1172480482865
8054.117248051089
8054.1172480536125
8054.117248055883
8054.117248062083
8054.117248066969
8054.117248069982
8054.1172480720015
8054.117248074857
8054.117248079507
8054.117248079187
8054.117248077516
8054.117248074279
8054.117248072405
8054.117248070719
8054.11724807024
8054.117248069462
8054.11724806807
8054.117248067163
8054.117248066348
8054.11724806596
8054.117248065958
8054.117248065956
8054.117248066298
8054.117248064877
8054.117248066021
8054.117248063587
8054.117248063476
8054.117248067185
8054.117248071215
8054.117248073458
8054.117248074437
8054.117248076357
8054.117248079125
8054.117248080575
8054.11724807911
8054.117248080215
8054.117248081904
8054.117248085502
8054.117248089086
8054.117248092658
8054.117248096912
8054.117248100741
8054.117248107651
8054.117248116294
8054.1172481251115
8054.117248132701
8054.117248137455
8054.117248145194
8054.117248149044
8054.117248152163
8054.11724815393
8054.117248152404
8054.117248152416
8054.1172481531175
8054.117248152712
8054.117248155464
8054.117248158978
8054.1172481621425
8054.117248164298
8054.117248164852
8054.117248165004
8054.117248165139
8054.117248162839
8054.117248160423
8054.117248158938
8054.117248158642
8054.117248161147
8054.11724816444
8054.1172481705225
8054.117248176686
8054.117248180504
8054.117248185326
8054.117248188626
8054.117248190556
8054.117248193332
8054.117248198949
8054.117248202964
8054.1172482058855
8054.117248208516
8054.117248211229
8054.117248212978
8054.117248214206
8054.117248215656
8054.117248213846
8054.117248211178
8054.1172482091215
8054.117248207272
8054.117248206298
8054.117248206464
8054.117248209035
8054.117248212389
8054.117248213329
8054.117248213829
8054.117248210468
8054.117248208136
8054.117248205691
8054.117248202453
8054.117248199538
8054.117248196222
8054.117248192198
8054.117248187883
8054.1172481846925
8054.117248183207
8054.117248180484
8054.117248177341
8054.117248172089
8054.117248167015
8054.117248162794
8054.117248160382
8054.1172481547455
8054.117248150021
8054.117248143344
8054.117248136296
8054.117248130992
8054.117248128989
8054.117248126492
8054.11724812667
8054.117248126831
8054.117248126283
8054.1172481268295
8054.117248127321
8054.1172481315725
8054.117248134359
8054.117248136176
8054.117248137119
8054.117248138658
8054.117248139698
8054.117248139942
8054.11724814016
8054.1172481410495
8054.117248142544
8054.117248143194
8054.117248143434
8054.117248145382
8054.117248147828
8054.117248149336
8054.117248150693
8054.11724814845
8054.117248148164
8054.117248147907
8054.11724814629
8054.117248144143
8054.11724814117
8054.117248139534
8054.117248137716
8054.117248134694
8054.117248130934
8054.11724812582
8054.117248120524
8054.117248115065
8054.117248109459
8054.117248100951
8054.117248093638
8054.117248087751
8054.117248081414
8054.117248077788
8054.117248073485
8054.117248070652
8054.117248067409
8054.117248065876
8054.117248061032
8054.117248056673
8054.117248053443
8054.117248048804
8054.1172480453215
8054.117248043572
8054.117248042692
8054.117248043975
8054.117248043402
8054.117248045309
8054.117248043562
8054.117248042681
8054.117248042236
8054.117248042872
8054.1172480431
8054.117248043997
8054.117248046884
8054.117248052945
8054.117248061169
8054.117248069265
8054.117248079668
8054.1172480900705
8054.117248099779
8054.11724810921
8054.117248117004
8054.117248125752
8054.117248131892
8054.117248136379
8054.117248139031
8054.117248140034
8054.117248142668
8054.117248146077
8054.117248150184
8054.1172481538815
8054.117248159981
8054.117248164084
8054.1172481681215
8054.117248172103
8054.117248174994
8054.117248177248
8054.117248182394
8054.117248183564
8054.117248186
8054.117248185077
8054.117248185284
8054.117248185471
8054.117248184254
8054.117248181427
8054.117248180615
8054.117248182654
8054.117248182066
8054.117248181189
8054.117248176937
8054.117248171723
8054.117248166687
8054.1172481625
8054.117248158385
8054.117248154682
8054.117248151693
8054.117248147621
8054.117248146379
8054.117248144222
8054.117248138818
8054.117248135686
8054.117248133559
8054.1172481337235
8054.117248131446
8054.1172481297435
8054.117248128904
8054.117248128841
8054.117248131902
8054.117248132232
8054.117248130105
8054.117248126805
8054.117248122795
8054.117248118148
8054.117248115697
8054.117248113491
8054.117248111505
8054.117248110066
8054.117248108423
8054.1172481059075
8054.117248103295
8054.117248100598
8054.117248097132
8054.117248097822
8054.117248099828
8054.117248100596
8054.11724810371
8054.117248105821
8054.117248107028
8054.11724810846
8054.117248113561
8054.117248118149
8054.117248121241
8054.117248123675
8054.117248128638
8054.117248134143
8054.117248139791
8054.117248145913
8054.117248152115
8054.117248155273
8054.117248153958
8054.117248152429
8054.117248148976
8054.1172481448275
8054.117248142133
8054.117248140402
8054.117248140229
8054.117248142842
8054.117248146582
8054.117248150985
8054.117248154256
8054.117248156854
8054.117248157114
8054.117248156308
8054.117248154544
8054.117248152263
8054.117248149519
8054.11724814497
8054.117248141221
8054.117248137157
8054.117248132807
8054.117248129928
8054.11724812734
8054.117248124316
8054.117248121248
8054.117248119873
8054.117248122444
8054.117248127183
8054.117248131102
8054.117248134628
8054.117248138842
8054.1172481450585
8054.117248149614
8054.11724815233
8054.117248154774
8054.117248160435
8054.117248165186
8054.117248169807
8054.117248175351
8054.117248179649
8054.117248184209
8054.11724818762
8054.11724819173
8054.117248191618
8054.117248192558
8054.117248196174
8054.117248199082
8054.1172482006605
8054.117248200003
8054.117248197679
8054.117248192124
8054.117248187471
8054.117248183283
8054.117248180207
8054.117248176744
8054.117248172937
8054.117248170548
8054.117248165974
8054.117248162898
8054.117248159436
8054.117248156666
8054.1172481534795
8054.117248150613
8054.117248149072
8054.1172481463
8054.117248144843
8054.117248143879
8054.117248141972
8054.11724813887
8054.117248135386
8054.117248131904
8054.117248127732
8054.117248126748
8054.117248126554
8054.117248127418
8054.117248126812
8054.1172481293825
8054.117248130657
8054.117248131459
8054.117248132179
8054.117248133521
8054.11724813542
8054.117248138169
8054.117248139952
8054.117248141901
8054.117248141579
8054.117248139555
8054.117248138427
8054.117248137757
8054.11724813854
8054.11724813786
8054.117248137942
8054.117248135242
8054.117248129697
8054.117248124013
8054.117248118897
8054.117248115678
8054.117248112436
8054.117248112288
8054.117248109037
8054.117248104726
8054.11724810154
8054.1172480972855
8054.117248097615
8054.1172480979085
8054.1172481006
8054.117248103713
8054.11724810998
8054.117248114925
8054.117248117645
8054.117248118709
8054.117248123128
8054.117248128491
8054.117248136781
8054.117248144588
8054.117248150578
8054.117248157352
8054.117248166912
8054.117248175864
8054.117248184266
8054.117248192175
8054.117248201023
8054.117248208642
8054.117248216537
8054.117248219833
8054.117248226956
8054.117248230248
8054.117248232519
8054.1172482324855
8054.1172482317625
8054.117248227302
8054.117248226405
8054.117248223171
8054.117248219569
8054.117248217367
8054.117248215732
8054.11724821322
8054.117248211998
8054.117248207782
8054.117248204333
8054.1172481977665
8054.11724819151
8054.11724818484
8054.117248177798
8054.117248172499
8054.117248167037
8054.117248163162
8054.117248160365
8054.117248156809
8054.117248153956
8054.117248153465
8054.117248155102
8054.117248156923
8054.1172481595995
8054.117248162355
8054.11724816241
8054.117248163154
8054.117248165207
8054.1172481674
8054.117248169376
8054.117248171846
8054.117248172337
8054.117248172087
8054.117248169091
8054.117248166742
8054.117248165665
8054.1172481636595
8054.117248160813
8054.117248158944
8054.1172481569165
8054.117248154398
8054.117248153171
8054.117248151719
8054.117248152494
8054.117248156652
8054.117248159701
8054.117248162446
8054.117248165955
8054.117248170499
8054.1172481756275
8054.117248178858
8054.11724818142
8054.11724818511
8054.117248184275
8054.11724818283
8054.117248182224
8054.117248181331
8054.11724818018
8054.117248178452
8054.117248177939
8054.117248176089
8054.117248177195
8054.117248182
8054.117248185633
8054.117248185091
8054.117248183566
8054.117248180461
8054.117248179052
8054.117248178823
8054.117248182426
8054.117248185323
8054.117248186891
8054.117248186571
8054.117248188013
8054.117248188273
8054.117248186776
8054.117248184041
8054.117248182274
8054.117248182761
8054.117248182507
8054.117248180894
8054.11724818048
8054.117248180455
8054.117248177658
8054.117248175837
8054.117248173158
8054.1172481704
8054.1172481672265
8054.1172481661015
8054.117248165781
8054.117248166533
8054.117248165822
8054.11724816657
8054.117248164124
8054.117248160537
8054.117248157311
8054.1172481557915
8054.117248150615
8054.117248145609
8054.117248140757
8054.117248135351
8054.11724813187
8054.117248132548
8054.117248135584
8054.117248137276
8054.1172481388
8054.1172481405165
8054.117248141025
8054.117248141134
8054.117248142272
8054.117248142256
8054.11724814259
8054.117248146351
8054.117248149739
8054.117248152094
8054.117248155252
8054.117248159135
8054.117248164012
8054.117248167018
8054.117248169724
8054.117248172851
8054.117248175319
8054.1172481816975
8054.117248186744
8054.117248193019
8054.117248202822
8054.117248210606
8054.117248217265
8054.1172482204865
8054.117248222348
8054.117248222983
8054.11724822217
8054.117248223515
8054.117248223687
8054.117248223498
8054.117248219516
8054.117248217318
8054.1172482132615
8054.117248208571
8054.117248201579
8054.117248192863
8054.117248184673
8054.117248177647
8054.117248171324
8054.117248169442
8054.117248167749
8054.117248167264
8054.117248167868
8054.11724816737
8054.117248166923
8054.117248163404
8054.117248159198
8054.11724815541
8054.1172481533895
8054.117248151224
8054.117248149968
8054.117248150222
8054.117248149757
8054.117248150725
8054.117248152982
8054.1172481553585
8054.117248158536
8054.117248162782
8054.117248169374
8054.117248175653
8054.117248180958
8054.117248182269
8054.117248184834
8054.117248187143
8054.117248188874
8054.11724818974
8054.117248190173
8054.11724819368
8054.117248197875
8054.117248200956
8054.117248203386
8054.117248205572
8054.117248204767
8054.117248204738
8054.117248204709
8054.117248204685
8054.117248205009
8054.117248202877
8054.117248203382
8054.117248201758
8054.117248197872
8054.117248192297
8054.117248188317
8054.117248178849
8054.117248171712
8054.117248166328
8054.117248163214
8054.117248159372
8054.117248156262
8054.1172481548465
8054.117248151842
8054.117248149483
8054.117248148054
8054.117248146076
8054.117248146719
8054.117248148336
8054.117248147369
8054.11724814719
8054.117248146335
8054.117248145567
8054.117248144183
8054.117248142938
8054.117248139391
8054.117248136201
8054.117248134716
8054.117248134417
8054.117248135881
8054.117248139967
8054.117248143299
8054.117248142143
8054.117248141794
8054.11724813767
8054.117248133266
8054.117248126186
8054.117248120506
8054.1172481153935
8054.117248107329
8054.117248100763
8054.117248094161
8054.117248088567
8054.117248083185
8054.117248078342
8054.117248072943
8054.117248068431
8054.117248061945
8054.117248055418
8054.117248048501
8054.117248041585
8054.11724803536
8054.117248031143
8054.117248028733
8054.117248025871
8054.1172480239875
8054.117248024718
8054.117248027107
8054.11724803272
8054.117248039505
8054.117248046995
8054.117248053044
8054.117248059873
8054.117248066365
8054.117248074287
8054.117248083494
8054.117248092126
8054.11724810059
8054.11724810682
8054.117248108618
8054.11724811266
8054.117248114912
8054.117248118671
8054.117248122055
8054.117248123367
8054.117248126627
8054.117248129214
8054.117248132583
8054.117248138731
8054.117248143572
8054.117248148274
8054.117248152507
8054.117248160127
8054.117248168715
8054.117248172636
8054.117248176512
8054.117248181384
8054.117248189233
8054.117248196298
8054.1172482030015
8054.11724821042
8054.11724821779
8054.117248220613
8054.117248221768
8054.117248223847
8054.1172482253705
8054.1172482263955
8054.117248228705
8054.117248227665
8054.117248223266
8054.117248219999
8054.11724821602
