0.7144750296273575
0.6877983478867753
0.6706272923389932
0.9572292867620574
1.125429631765186
1.092028248287921
1.2196001206917209
1.42352517814891
1.300108958251029
1.115543635937576
0.8658195839153
0.510204817055533
0.2783509975616795
0.005773373221872699
-0.19202639465497676
-0.30304622698043593
-0.2649547706246922
-0.15936262594301606
0.06288331531637269
0.6483649074303384
1.3350685101994502
1.5849652369220706
1.80794922209077
1.9286553160566764
1.6725514516411268
1.5107230201974995
1.3328614038073578
1.1466473493863045
1.0895657838917217
1.2961286630957471
1.5706711596514096
1.740719600541531
1.0669429841986777
1.1839051476445097
1.3776328437910554
1.4001705795803565
1.2914842478324005
1.1906828263173568
1.228636496675236
1.2563032427890362
1.0502468122423987
0.7895185189488448
0.7053820782270221
0.6217315842935844
0.5823069038017955
0.46562306682888754
0.30288128218398
0.15392964469339296
0.1297720345608632
0.15582583392029442
0.15471264861256656
0.008220056694379448
-0.17579055121469594
-0.30332136519151015
-0.33489305323627294
-0.6044803337318443
-0.9419426510064343
-1.092479132759874
-1.205681023253614
-1.4046932412083004
-1.5985564438052882
-1.560485254459646
-1.223460949659652
-1.0709714293848664
1.8731925710507848
1.7687421220554045
1.591803309616811
1.4207573881855495
1.3106509926577705
1.2546616910274266
1.2798865616926494
1.3183140721686617
1.4385665576230697
1.5664377918105719
1.561190722764553
1.495920683090492
1.4651761041025095
1.423780014221166
1.3134392092827631
1.152551800578854
1.061235426108322
1.0306298393827105
0.9566851264239769
0.832878906740808
0.813274405791973
0.8036892993272627
0.7261894574947225
0.7285455835292194
0.8424781102265577
0.8961056098817171
0.9173716395182031
0.9799461500104839
1.0141080587910223
1.015472282744239
0.922026578889253
1.0274345273644774
0.358727013020596
0.47192723256616276
0.5550770858396031
0.5481152943533616
0.5799808395797893
0.6500962598098482
0.7549454903795485
0.9026244326431813
1.0239609406274552
1.0486953667557644
1.1607351560808195
1.3050596329003925
1.4339647141849776
1.5334724709712084
1.643609498782968
1.7945457340411919
1.8277755644464273
1.7893241479877269
1.7562608054186826
1.5591555451319725
1.1567002419179975
0.8000755645524086
0.4460670591625749
0.13221364003478628
-0.0849747671962097
-0.25434531852194275
-0.33687768611945956
-0.34604748095722576
-0.36427533302543535
-0.4615233378822189
-0.46783489981590143
-0.5625105186234981
0.47803591323812156
0.533410509909888
0.44915687242440194
0.2945347602057069
0.5443887715993913
0.7517491288973959
0.5670993328437922
0.3471696984594664
0.5657914721031646
0.7894613256020651
0.9684549530379429
0.9427029338823842
0.9392961688736917
1.22537613321177
1.6790200739531598
1.9068972187784772
1.7978579793028533
1.5403492884876613
1.0533712796627668
0.3771177125411258
-0.33653074558908364
-0.6555196296723498
-0.7360453065396982
-0.5180114138698869
-0.11052299427537912
0.24268945668970707
0.6884980357936694
1.1349176077745156
1.5191463615984133
1.4933926642804995
1.2947315951050085
1.3532793313511424
0.3175376855392152
0.3279308207769774
0.316437313933691
0.44158613429257493
0.869770338251164
1.0268596430491899
1.0266587468349824
1.0081111154164966
0.9608672055051316
0.9209890484882615
1.0545035985934728
1.3680596947741743
1.487396211051397
1.4800067033321158
1.3712282391891961
1.2851351717416748
1.235989067212039
0.8936708629108628
0.46510162198147137
0.21430989874640216
-0.13758446714677472
-0.30033993006573717
-0.292112663592488
0.1867503743472503
0.6676099300186883
0.7002959012498952
0.6383564251486207
0.6357966528833809
0.5891859113201969
0.5796067235959943
0.5024627824518775
0.38587073273460304
0.018236806523325936
-0.008721790116468914
-0.004567290974535491
-0.07786142781482898
-0.3254901135403913
-0.4050232695015346
-0.3322123915044604
-0.1953128659801811
-0.12094244674808544
-0.005105738145950513
0.14654921178932062
0.40277573203765293
0.5994893823283958
0.779361319731903
0.9063653639796727
1.0896726099517382
1.2523488828087306
1.4347151629060955
1.6859452764413305
1.828964307026064
1.8540262340310165
1.7886081936684113
1.7042346789466893
1.4284303776370288
1.204892988437224
1.0089461275034142
0.8611449543717393
0.7669984718240261
0.6418706998955931
0.5022944245939848
0.3507291997690437
0.22424133333255905
-0.13179200532652016
-0.08060538789534413
0.16367960772680737
0.4355664501077221
0.5508289964364801
0.7147372032140625
0.8286135266704178
0.8787830913428217
0.7962940923073072
0.7190303272281044
0.7713279469454871
0.9037410191360363
1.003248652088478
1.0481861997108441
1.1006901801440023
1.214744128773597
1.3061648566210449
1.4035338400948558
1.6277562072354903
1.7497080978085255
1.8149915910056253
1.8682786950590684
1.8662558897813608
1.7131752351706289
1.4752538915849487
1.278421160467487
1.1098077566514204
0.8912450142952847
0.7656298065222319
0.6270958166471138
0.5650617376384736
0.3967653776452144
0.11475200259847984
0.17129978236909832
0.3102091634305373
0.2248585744923145
-0.03955530031295581
-0.14518502045939222
-0.318718453617396
-0.6756090763107158
-1.0368427751060298
-1.1518004386649288
-0.8888553908778641
-0.24921376015985214
0.18659221120923172
0.5102014335067021
0.8287429246966794
1.0808162406918835
1.153727147457654
1.1893617201008941
1.284949556435159
1.0806921418796598
0.5119621094144946
0.19787976494796525
0.18241589909743622
0.11783728077435253
0.3760650424105915
0.7829304722538754
1.0345583883745375
1.212057850780693
1.3144616281252335
1.1084618305333653
0.8913623439568312
0.6236769315582225
2.1441937917739935
2.020741520716024
1.8883015975794561
1.7296010722552362
1.473826363506219
1.2294026663325748
0.9521760735473062
0.6537625090144712
0.47916300639627185
0.36562444595525245
0.14999891102722634
-0.014647595842537114
-0.1675906290174251
-0.30512099733318354
-0.46112175436703895
-0.5683284250861735
-0.5877358290689577
-0.5025422876840209
-0.4350709230232103
-0.17280182145099737
0.19586402594329907
0.4997340088777972
0.7757027056227171
1.0729409241278107
1.1766771707060963
1.1989885064579584
1.2641123564322045
1.3028210266252493
1.2602442758471706
1.4200757868477474
1.6184008073634464
1.7117325792664262
-1.36392487432091
2.2737243074025546
3.2442357334982854
-1.39640668914878
1.489732705134567
-0.6890246657654232
1.669768952190034
2.6032323840111524
0.6167930283149535
2.458715318598153
2.6601663338812576
0.4484364419955921
3.210658466234184
0.6806219805331136
0.3775726211590388
2.709689467555118
1.2272380134606515
2.3319472924848133
2.301816808035294
2.889985742430016
1.6994649527960262
1.372311778529928
3.461748801692253
-1.5358156574768342
2.8339474216511604
0.27820369273758994
-1.1340675621220468
3.2546013949301673
0.6524724092971358
1.399644434061455
1.2666963430265026
2.64496591418105
2.2289026732715156
-1.634585555351355
1.739400890895506
2.200317924784577
2.8596972280741078
3.662516708146725
4.683943078209495
1.9690771343650153
0.33657966972828485
-0.4072179966665341
0.5097456115061788
3.966319382972304
1.4045952040158018
-1.6046638920680256
1.13223021180954
1.639970249525949
-0.020543451383706352
2.768989699198383
3.43482165480449
-1.7715877007649112
-3.387383405154585
0.8994626871674577
3.707951669094865
2.238746425764915
2.9005535396432554
0.04110854739642375
0.11510733941533034
1.8228312465277938
2.4866395236952026
-0.6331861004822623
2.776259099689937
3.095908291850758
0.9797618313033639
0.50706967908504
3.402998385391736
1.1568256755003439
0.5897553835293057
-0.2762698041787322
2.846121538926704
-0.08795234696314022
3.40463308863191
1.2381891475596405
2.0481160357237678
0.4864788647003563
0.19955764111295435
3.7220743782306323
0.9138174320004745
0.6017510344043058
0.6954231236962695
1.3055026891990285
3.304758762732926
1.1412384638099133
0.9436223951983644
-1.8549096067571311
-1.228762903969542
2.7246626042671367
-0.14709825770481058
1.0277041906786566
1.915540929476444
1.4888435497397483
2.061635959831378
1.6501446158174276
2.108025941203297
2.7781404835856307
3.230056831427014
1.3645056057064577
0.2524068010056265
3.097605553985661
1.866512083234145
-0.6847231841608319
2.6161263207292693
2.0204285886307614
0.631905327939814
-0.1914306716145518
0.1364973785572597
2.239908116066827
1.5166424566580523
1.3935881207748029
1.7783944531290683
2.138112159115879
3.2335330837816207
0.2918140034232744
1.260783178602004
-0.28919698799130855
0.4018918781657714
2.19881831738677
0.8370821121672796
2.2304726211485213
2.078072936435865
0.3381986679515392
3.241452846983268
3.2548273135583785
0.08974733365984672
1.4111790523658716
1.9219725419612326
0.6408802728933167
0.5395832612906005
1.3293627332604754
1.6859517087445388
2.145178649471529
-0.20518267323052042
2.5769477417685778
2.622737887173301
0.4656349027069803
-0.14344383440045
1.1942977474803649
0.9297890933652313
4.04239534411902
0.46320159267776584
1.8160687156354804
-4.072385956426724
1.829980752519535
1.213536176300921
0.09732555744311477
-0.12637554440420085
1.5571306906422546
-0.16795728151464315
2.628371805275745
3.182788551809499
-5.879932137923765
-0.09465520755898629
0.6204692083139103
3.9095815787863955
4.229773543034622
-0.3895486250533793
0.39819311515130873
2.7849027998596467
-0.6917574244663648
2.3369108389193425
1.7389887043146444
0.1386821667266604
-0.08229901386570311
1.7133646232861899
3.070951729017628
-1.2201394155536032
2.94566368709749
-0.027253277481226187
-0.24023711815405113
-1.3735071503704912
-0.47766896214909293
1.5611107234582813
-3.232745564859519
-0.3813932907071709
-0.9604079049379658
-4.7195947465814925
1.8324574828137414
0.06568934295872102
-0.025389715519300228
0.22800146147869607
0.5006749894393187
2.779830064466694
0.6495089141338782
1.082808748974685
1.1976497468548046
0.4090976151959698
2.1200908220466252
1.6338133926904204
1.4207780539519856
3.820656291874885
5.511170849477912
-1.1663698912973488
2.9583838102350852
0.33687908427375346
1.8712140469823666
-3.8911880901131317
1.1167520339783363
5.00866224568124
1.307257921563931
1.9348675962734738
2.618197407727025
0.9157869632818375
-0.6500899361898315
0.37310684007027817
1.3532491452944113
0.15576578574149305
0.5315373057843912
-0.9641577009807712
1.3619514990316863
-0.8565651895727243
-4.307207346383083
-0.6153126843102612
-2.9561249022806764
0.15582986334416707
2.240933365303916
3.711449495008635
-3.62639231694505
0.48787301377465114
1.9402526198807393
-0.4570606151636847
-0.7311384705395987
-0.8750347131881125
-0.495476026081667
2.9153493271473434
-0.6990834312619781
3.07229023853487
-5.643387048865075
2.4172591787179476
0.412807101948919
1.0268336638062328
3.877593327013989
0.07934359178209646
2.509827572630338
2.6482883905950048
-4.089130074117216
6.735731732644338
-0.7400821223476011
-0.4412012754724317
5.311779420852035
2.356433893166548
-1.8522511686685046
1.5383238115675248
1.269898238532512
1.8148614957209808
5.038866185823212
-1.9409627560606628
2.2081361305209373
-1.9036327688448527
-2.3237457807800515
0.17229341070502302
3.3407184555346667
0.0184488164306182
0.7522638749514597
1.0462317573435869
0.08017954831083056
2.5864146113870206
1.403482153279937
-1.423702699414849
1.513112394225569
