1.842101767922102
1.8777158915441015
2.192975113940153
2.277511241369529
2.137307056093704
1.900070452539419
1.590579835783778
1.2270272745603485
0.9892300206032704
0.850724434609113
0.7003192224198335
0.3778113046362548
0.20178309824333912
0.02314383540389767
-0.16055308131765683
-0.2641111683662922
-0.24717650508024766
-0.22657938963629226
-0.5035734644534301
-0.5033190424685272
-0.4585265652193924
-0.32101524917034574
-0.17816969295397164
-0.07870654407889964
0.28537392931415556
0.7345859807024964
1.1333411430810203
1.6482284827410039
1.922764140543506
1.7305347264981288
1.7492916939883456
1.8324518089113633
0.38842991940237953
0.25208681462943705
-0.17164504876934855
-0.6768661571484493
-0.9380999442485204
-1.165711744400159
-1.3882931746172835
-1.4326373997169304
-1.1223353403069525
-0.6777540972090083
-0.4944100373765297
-0.34076329311861997
-0.1633110376640125
0.04699251547432137
0.17151204838020057
0.20167377665390002
0.17236940723603297
0.04152945012610358
-0.13837980712877368
-0.056228807309138665
0.08084761299063078
0.29318601847088815
0.7369563737574981
1.4813172603429734
2.0727871882384488
2.2493875785754276
2.462896458013523
2.664083376267457
2.847271722878114
2.874869458889607
2.367313587750928
2.187578599833787
1.3611344972175203
1.3052381397993504
1.3831728849608942
1.594111195335662
2.1399133104702233
2.2193404356546913
2.253614041453932
2.328914879733875
2.207287485551914
2.0338161370100507
1.9133104896001891
1.7485064352343345
1.6137792896182377
1.3511135849695957
1.1332162086517936
0.9069333867621048
0.7324607286937493
0.29805198549158746
-0.4341537126572636
-0.5774175057892764
-0.522374375781112
-0.5817878387352364
-0.6396938660051562
-0.2508263339318756
-0.04622032172837734
-0.07359101162419247
-0.12844029923722022
-0.20089076355719457
-0.2849413637128073
-0.39059341664746144
-0.281070794443639
-0.281005341227692
-0.18163087112350496
-0.1372726191966227
-0.12801570704381332
0.06275311297382531
0.14033135044787964
0.34697261226928544
0.5707831605405308
0.6437107332605031
0.6410237496830358
0.710220592528278
0.6768197945287221
0.6660480672273198
0.685029826977042
0.6485267922619683
0.435265565448697
0.16709694145941076
0.25768923537039123
0.4472754384164356
0.6626424635406996
1.0018348079669435
1.522215224837997
1.8929700064091926
2.276577248757053
2.2502946910151964
2.0609440275718085
2.023653812459451
1.9612517194631953
1.8000341620842883
1.8159742252563587
1.876159700009482
1.5309123743006472
1.354665206488807
2.0373489766729946
2.0357072916624377
2.400948206221627
2.3056057826680734
1.5293560554123717
1.0732453189857245
0.9106020985615612
0.6696381187426627
0.375938969701201
0.11134001301951867
-0.112632281718573
-0.14000446568759625
-0.12660010813189168
-0.01874048366368427
0.22316660147038023
0.5524567122979857
0.8120644887464186
1.3215010881126257
1.7019703019822658
1.949679529631327
1.8619508558395923
1.6784961254140707
1.3493133459310191
0.46476697146446666
-0.05831535628978649
-0.14769691516921143
-0.07416107094625217
0.16289973539200733
-0.06744212303962153
-0.48843641883764555
-0.17226868671894202
-0.21290010931880457
2.4216271184889857
2.35832650357756
1.8544786510242017
1.442030150565778
1.2136346912117215
1.1557616499607313
1.0692085803471718
1.106020400618128
1.1838544743390151
1.1491086253623848
1.1427282185080512
1.0616151107838119
0.9079907619868218
0.8044980203161253
0.6076581863050047
0.28876335523239616
0.022648595745666283
-0.03552181960864769
0.276632966021846
0.1941910701193395
0.29954631619711536
0.6095409538191068
1.2030516015960016
1.6804004081828985
1.394351011503085
1.0367219348951242
0.7691589521052036
0.16214580177836269
-0.12031761141831898
0.5507604821068833
0.925094025684544
1.2688160649301194
-1.0149871774418568
-0.8527104183998275
-0.763462285640054
-0.3779788177856925
0.33081220998129574
0.7739438488817927
0.9297797467563131
1.026531952565436
1.0767844418047592
1.0614827975341545
1.2083750107452818
1.3559472654500204
1.3866201258266717
1.5475548878409358
1.7321148580779098
2.002610781579385
2.08445260971399
1.8591664647039439
1.8094190833005683
1.6047793370213086
1.2384542764313435
0.8908847021012873
0.46137029776175736
0.5029381501705014
0.6215056196311532
0.4908894349257917
0.3239022269665341
0.28427805095610525
0.2896341063638521
0.4212019857342766
0.7097452230851535
0.871926323589309
0.6792176053315541
0.5769985567848018
0.3524733758308247
0.2241427878437617
0.33702460607812385
0.4394450130359085
0.5749357202045756
0.8246987646455114
1.0646124605338214
1.2292579519713607
1.3637848485983775
1.49465442596286
1.5425359361564681
1.6104533861132446
1.8958472092866305
2.2061546360723603
2.2270823767735255
2.163310525406392
2.0816569683022546
1.7640220376033509
1.303862040171797
0.8176198486460717
0.2087187170277452
-0.11137895650354863
-0.16511143668571512
-0.294199119762386
-0.3941107892421978
-0.41266891444376547
-0.399043051020965
-0.4633039384175887
-0.6982453230508624
-0.7243342760236475
0.7626594175984168
1.195883508990059
3.2282293171761087
1.7866906498923851
2.8054716432495193
0.5454537275863194
-0.46485411066839416
1.2607970611576638
2.016667649270868
1.3938886942334443
1.6828309596007467
2.822535875221917
2.06282773293239
2.4467880231826045
1.3794643367296702
0.34144851937063386
3.76683742883317
-0.28411589773945484
-0.1513462898285533
1.3634749274238016
-0.21383089834645078
1.7802667014538947
0.6335728304546062
3.0231934873229527
0.02554805551187789
4.066072963580745
1.1278219515509844
1.1676531991302639
2.434762015130147
2.2868138166155645
1.8705096150290756
1.5429283106978715
1.41437887024972
0.07594177876512163
-1.0362663610559402
1.751353963379761
0.6272266705221874
0.5374749818061747
0.8433310649684252
3.53676972632601
2.6288097042245173
0.5479291798823528
-0.8370047335844601
2.43429065784823
-1.1880527063655466
1.2652445504605743
1.3919373645519175
2.3702339808338
0.03694667901015681
1.4476077011277928
2.3850209980963237
1.672784999111551
1.3153969042077718
0.10686143616358863
2.953340243908385
0.7774237862206925
2.258984101424956
0.7089362186762498
0.4364547971044488
2.7798471509326794
0.8640687382637242
1.2426456929553351
2.504204238174017
2.004130439578074
0.7001206748651575
-0.028936552084321082
2.361766054100145
2.6099285645872947
2.236618000123695
0.8136983992782286
0.5941476075792343
1.9399193921163786
3.8937645547361943
5.5748716474548
0.5185568048164438
0.5340645274991829
2.068333825369755
1.6959445292638184
1.4021333793599877
0.8105378959266636
0.4048645227518324
0.8417474129619171
1.344056162876349
2.988462350295582
2.179691802266333
0.6172092011320985
1.8579970026474912
-0.0017834438852235893
1.3630172773031735
0.051400561969442
1.3121864141403004
1.5589938051982288
1.6056495912257516
2.9980426284871586
0.6336398385342752
1.192647008652027
0.7427629050237116
1.1970341827216444
1.625843403221287
1.124462464707339
2.079564559285362
1.3534886203578491
1.8541463414962138
0.7336044009580994
1.109388343319624
-0.09673279460306262
1.7730650749569121
-0.4461771179606273
2.1176465400059286
2.8111227329501887
2.2376668388840972
-1.1415621872488801
1.1452881614876473
-0.06289377608273605
2.0249465432692264
0.5398655532399079
0.39156748497790456
1.6924600989098524
-1.1690162766292012
2.7538973616535327
0.15531169402254047
3.6062802829003395
4.076039559488963
0.059090635621791614
0.35338269345894935
-0.03497120301176949
2.999231522117688
-0.7002186776835531
-0.7906281468085307
0.35855725601568483
3.872442548413473
1.4806346878956234
1.5076523377723123
1.322715273142368
3.4608465217017925
0.396221197541144
2.1869652390299783
1.5782429263453495
1.5594480975329106
1.4131885799537915
0.19222560599946137
3.3063338610372703
2.9319641391158564
2.7487160411586298
3.8232606666152886
4.5832368028920145
1.6071781442340474
1.2924295690475305
1.9928036153082944
2.1893134749820438
1.7503657827281571
0.19044600683152227
0.09192660573343658
-1.1517682720399383
2.3793125399948534
1.1965776475713645
0.8318673182691436
-0.07811665479403737
1.406063902538293
2.9836800496368787
1.4368095343914482
3.475841919042739
-0.1408193233042906
0.9365587020739758
2.2442069804125278
0.9170896665658557
1.1037228691102678
1.2801476349564227
-1.2580779743925263
-0.5751932144959938
-0.7181479683527431
2.02573597360648
4.273068598714538
0.10906613093728101
0.01993097274286503
1.263469073803675
1.300620507043889
-0.3880631788885633
3.051364253354552
3.0684857855969545
0.15834112330767036
0.7672438981508968
1.7460124880340702
2.1003314936108577
1.4152223618408037
-0.1539034108769629
1.6706651407462314
4.207125721677383
1.198671999112107
1.383649334592777
-0.8690108428274853
3.0594143571731203
1.8569387347037272
1.4074306537584738
2.1972407527434252
1.4195945335142588
1.0785450053712522
2.5698971764107497
2.169354975957088
2.2927868015202346
3.03818097705529
4.165609968311363
-0.9179892459208837
-0.3090186777373425
1.41858792035064
1.5376576111209828
1.008240945958749
1.2218369370932363
1.0017126159300398
2.7552398908243596
1.7917614511124376
0.04945984336738394
1.4919387063901448
0.37726155017021645
0.43424061678582093
2.716762671357452
0.7384272309505581
2.3045053664815143
1.695122709161631
1.6504280668231874
1.3976729056440766
1.697671412386294
2.062286797454818
1.581022741463049
2.751004429528512
0.4768034397004593
-0.23685101058026406
2.455322285198413
2.479221003713644
0.7795008721266559
2.9658637486788035
1.8095459433925438
1.2640043339611058
0.5892420754772687
1.8144311542723774
2.166296240970232
0.7601602456629284
1.252338421491951
1.349118187313122
-0.6407894016523424
1.4125992623485575
0.5163309066248322
-0.37508189943067594
3.352884709656297
3.274249048875994
2.5913632548376575
1.685923816417662
1.4329462152594448
0.6408797056698621
2.0339644316236862
2.7896640707500575
-0.16325013900594448
1.3028869215316186
-0.16249786393549479
0.9947107333926978
0.35361195519669725
1.1874631548184809
2.333045542627958
0.3830940350963681
1.6021627704373704
2.371695212988605
2.934738012510552
0.5071762586463715
0.8342388230806096
1.315540521789679
1.5634921083845181
1.4785966916048978
1.4604366119092036
0.041055743552531616
1.0099538472654073
1.2742911764817082
0.25875794376584577
0.519045125202071
2.7372377948548086
0.3545547461567755
2.3000112409664157
1.9170590250714337
2.020754524807647
1.5716920441766047
1.501161524564428
2.5223356482045
0.8514198956185022
1.6106414157818199
2.6297535778540317
1.12394955362412
1.5375604311656572
1.372841614985446
1.1239267375827569
1.0431018934460508
2.3337297559554586
2.194809746923286
0.3771355505635899
0.5695033317101632
-0.6577870886026584
-0.1928421486298172
1.6778430084585874
2.4900120906789653
1.8315222063668304
5.251985787054168
2.078562273479143
1.3803177373461397
3.071695443388419
-0.1293848824869139
2.3991468839846837
1.2877185478791198
2.1803717663615965
1.646651820164182
-0.6573432672656745
1.1514886420820598
2.100896649625301
1.3077720769679142
0.6319755734292681
2.0112695258960978
0.41011149941956204
0.5627871714425515
0.8636806140114366
1.6478375798938836
2.519752562289555
0.9108428982508454
1.291845518106129
2.2959198514133665
1.4252701930277714
1.4160603702943044
0.7842916510184548
1.7033467534449054
1.9308391057336014
0.8385365602781171
1.2820432289053578
0.10223687910577876
1.073837382800688
1.6355818767304684
1.8070249773070124
1.4959429869933294
0.22107760592992381
0.6536055113453654
2.326875587475574
1.6714048308092138
-0.006549267049387311
0.1913350803144674
0.9973287542890588
2.2240822214006966
0.8742479991254538
2.175487834114887
0.5956333888591051
2.2205344589063607
1.5247954113767361
1.8624869104017208
1.6472950227890855
0.2604384059297888
1.390548051797479
2.1744574896503828
0.6647702377595578
2.0957971478900443
1.4249212146496517
0.9384304357215996
-0.23790904230516757
1.6158529302367732
1.589222203921392
1.332182808035132
3.1987945551617276
0.7861587773889681
-1.2237164947619
2.7575167804607887
1.0721064567865184
2.21529339989992
0.9976341637168059
3.049938409444266
-1.7802703547406404
1.5360387299770752
1.0321606840892505
0.563763178904356
0.2640173364458332
0.007974647638525081
-0.12109180154433014
-0.19349367552592575
-0.2670880090313627
-0.4449996361537098
-0.5046371459738216
-0.22307958402145536
0.15491527538967162
0.11746146379596678
0.19197554573816933
0.565208108521496
0.6664031909297063
0.3906920891757481
0.22823479522281143
-0.14311012028402523
-0.0761924178605925
0.33636857976370854
0.6719279642304761
0.8831690991997985
0.9955292704564511
1.4204103668652683
1.866327157238804
2.157937551534857
2.4338671878547844
2.338276440826415
2.203286693501331
2.2003198175632512
2.247798176464303
0.6204574410703103
0.5544537647682639
0.708299344819351
0.9667983402756556
1.2364518233428088
1.499943948179332
1.9991207656509626
2.519648142867292
2.371370581144352
1.7864818424254247
1.1702858059611705
1.2034668359630103
1.4435441257016026
1.3271924596977562
0.8403261612905883
0.6532533211601698
0.7113691785885466
0.7977655376810191
1.224404685013646
1.2202783639214452
0.877957849831859
0.6435246838422372
0.7106535351104548
1.261129970266602
1.4279721977507775
0.8079198180152382
-0.020989197861354964
-0.5917629761613967
-0.7886212486083007
-0.6534478659953229
-0.44292319032166677
-0.4323239171908146
0.8376272168664659
0.5318184475958033
0.40147506995341975
0.606662035043232
0.7287442258478047
0.7127077145079154
0.5798798087157193
0.6762965194007148
0.9499241662162586
1.1902538736091275
1.0730003832854194
0.6299160005931582
0.2441835422448134
0.2052566589006444
0.6083285436447582
0.8531320787639968
0.9345180492944812
1.0650856399815263
1.0205466397208935
1.1743550159296074
1.5363703481922029
1.7325403065238392
1.7791144538076575
2.1151624023179965
2.0694470881211235
1.9084740973669931
1.8846350788009965
1.9373752640387907
1.9599452430027036
2.0071968252661025
2.038221668296823
2.122208741601572
1.0028979894056989
1.2385045821187723
1.1628375412677041
0.8679541083012284
0.5805836388958336
0.18865305075855676
-0.19573854442342353
-0.018534064600155584
0.541671037687762
1.4548771668461453
1.7906176347278888
1.0575229827559463
0.5381850060269799
0.10961219475225267
-0.5634849692426651
-0.6131769763302142
-0.21010186874857312
0.19368677097812806
0.26466245398324767
0.8673849094686679
1.858651082698412
1.9701535940076194
1.376506296684067
0.9755845666539469
0.6701063951186648
0.3672173654787011
0.14888241812545253
-0.03855633463512257
-0.1276217694787893
0.29473248564244287
0.8674034642228368
1.4293175669914513
1.248537206639812
1.3257079250525505
1.384499747137025
1.2417878685858115
0.8621795083171953
0.6748293568720066
0.6235715487276905
0.47624264700293845
0.6292886401898254
0.6278931173942138
0.6829981122933703
0.39038642502867216
0.37747926357436423
0.6858016775400135
1.402371607260818
1.4681068385264353
0.9875351482962548
0.9531593787450373
1.079391509629424
1.1124106175363713
1.438950953374746
1.5637045107757506
1.41665231412415
0.30115228404738953
-0.6056022755365248
-0.3177689855935802
0.3533070781575543
0.9216375318673825
1.2674682025501152
0.9693627111251807
0.7678067634887396
0.8853328966427336
0.18974914468807574
-0.007840986848505167
-0.09768506833617874
0.038350387602135064
0.33786123147286656
0.682913465487019
0.9865622390402454
1.2387932291096713
1.2512341188707903
0.9430931384836686
0.32130991592640523
-0.08194155570332531
-0.07829334891427063
-0.313722344969467
-0.41635990657803895
-0.18741745790222702
-0.0587009551685248
-0.0249807252509782
0.3645630418970239
0.7157681579292745
1.1838130670085418
1.5879160736718663
2.0054868626039326
2.1834068131934226
1.9819231351675606
1.558417873002862
1.1093606303434476
0.7800576630769119
0.7727220834203272
0.6888605592685122
0.529942121804795
0.42999908611022436
1.290531620261641
1.5360312555321318
1.7550955809460187
1.9044421844026531
1.9030452880653594
1.7017954509028217
1.2716381013449571
0.5247577627273194
-0.18530190305646765
-0.5785233588454745
-0.7958476561603973
-0.44108487087800674
-0.11081419201159794
0.05333807464293069
0.15124771331199638
0.16623105024487222
0.17997575651340186
0.31334240735414537
0.5316809369157683
0.4361617889118219
-0.24808692217253758
-0.814110230141261
-0.8535090404842964
-0.4474465885904054
0.01314078905647233
0.6204337825387782
1.05641295639312
1.360520763106292
1.6374665187030797
1.7610152184883072
1.8253057186322161
1.7584774429015848
2.0190199458691502
2.029219771344414
1.9571790191019889
1.7877013159277215
1.6721007154902545
1.7341238196080833
1.8041494749680766
1.4913093863018505
1.4002260315836235
1.4107825152183815
1.3997152836791076
1.373965456673221
1.478998710074738
1.5617648120881997
1.2688841267631423
0.7144760561993593
0.46525095444603115
0.27863675996230336
0.00416582219139577
-0.623181933979225
-0.9444060764969993
-0.8382406513894541
-0.7511394658281301
-0.7711459204983704
-0.6225383148180281
-0.4637874240611875
-0.27496274875897486
-0.21680565190810108
-0.23209983173054763
-0.16945885996602983
-0.1156286571352829
0.05255293453277478
0.07969820710995278
0.4293789747438716
0.6421415204095374
0.6739376442190932
0.660485460006877
0.600732157955326
0.4765878972648748
0.34306024407704544
0.2633574373329094
0.3867687313752892
0.9468356212512655
1.3361406817196428
1.4529805739625965
1.4952610757908917
1.6186149904715392
1.900296442145862
2.1361458546737455
2.00641216910486
1.783830764611367
1.8165386583667509
1.4517323125948647
1.046534211262374
0.9617838552340189
0.42717685904522673
0.12662536878160655
0.37672814604209554
0.6318043557699696
0.7644799143109782
0.983964425672577
0.8265000020376815
0.5937077007937076
0.2880450145315815
0.30306129262679493
0.4867113751034393
0.5184591973509108
0.24826289375773997
0.2038110028888464
0.25285723096060214
0.3687164861540289
0.5731525263847359
0.649641567213651
0.8655131493711249
1.5016083904920359
2.207002978158342
2.524193988605944
2.3271650529820342
1.6193171360918557
1.3830736889379678
1.2861283246055546
1.100508032124935
1.1987199789877685
1.299848052520156
1.3583204345278068
1.5327235636617542
1.367531202832052
1.1228064466179293
1.2699371136105875
1.029317076468431
0.7644776156514316
0.429351337349098
-0.0029042608960063443
-0.18876942033402724
-0.22611969411742755
-0.37649756285503294
