1.317256435277786
1.3327945763210969
1.2267468152520264
1.078621122598401
0.6828731344045519
0.5774394556129485
0.6529024368888854
0.8654588783625887
1.1502536026700958
1.40069436719659
1.4150312848171964
1.1644681149812341
1.206449703343825
1.2061905592030808
1.1457494480357229
1.1192992559825534
1.0958705029852105
1.4706544886872184
2.044293115653963
2.3894730911268267
2.769460545080587
2.7367159995002606
2.3727750026852172
1.6123059055609272
1.0283443822696399
0.7653552349536631
0.8313158865471574
0.9822037511457801
1.096810241800474
1.2595214899231257
1.3205997465754378
1.4089631155475058
2.155285791662777
2.1628247984387885
2.2154836726212603
2.2438699513595584
2.332480320882418
2.222994757324409
2.0164093687722717
1.7846056549421874
1.4651842690175545
1.114276637060968
0.895717934774324
0.5692768295035381
0.24501042720677893
-0.024354462923799995
-0.211705840857461
-0.4138825009008051
-0.5003245956040038
-0.5834795476084617
-0.8960901157864833
-1.077070320881105
-1.1481879107596331
-1.112252851039566
-0.8285494219664555
-0.5116701118932906
-0.3492749143285373
-0.08980318247124529
0.08227963031008478
0.07347140598693927
0.08186890692544703
0.3031823732291533
0.6299295015061449
0.9626619603385601
1.6926480947063707
1.5625190446105421
1.3695138453438906
1.3116699192159846
1.3177021219271254
1.271293102535677
1.0455096106089081
0.7601745668681102
0.704523733451788
0.775632175005693
0.5210986953594168
0.13392029619310777
-0.13001029099094247
-0.3858186206813003
-0.7008748066015796
-0.9561766760112205
-1.083811585428774
-1.1254295400233898
-1.1642088149691663
-1.0317793016031067
-0.5508505363260631
-0.051481640477061844
0.3670251564764944
0.8303948271384008
1.0951007047296177
1.3383649036777923
1.4741030211222732
1.519137220869658
1.5846350121407138
1.8586419500364058
2.1153721948031743
2.4764286096522654
0.869206763912545
0.7753662808431286
0.8986532312914759
1.093718814653046
0.8823023484389994
0.8360145937938273
1.0155605482554189
1.2570818014004472
1.3339482404613185
1.2079262007182485
1.1730051857740453
0.9931426170532487
0.866611124422645
1.0048292678804436
1.5251430888400566
1.8654574087559186
1.917165652098035
2.13469334293675
2.487961139190775
2.68429827642332
2.6897147259817316
2.4790352676781158
2.2808778561372494
1.6348743186583832
1.0395715888280896
0.9020243679061772
0.9199827719657051
1.0335247060706754
1.2674956546023888
1.1842115206245818
1.1384218340940908
1.2604920169452491
-0.6950052652384683
-0.7030952683157697
-0.8889104356619354
-0.8312308078531452
-0.48825158631277255
-0.22051585804596557
-0.16599100032169417
-0.09552367240935716
0.1357451355106316
0.43371686097023066
0.6322964234868558
0.6931622610482819
0.7639342216884901
0.9527190197799577
1.2070598445416556
1.4181353830821486
1.4781125531358743
1.3916005109678822
1.2700460429337166
1.2469844599695794
1.1972990653468856
1.071238404580962
0.9942855915763298
1.1830562517051901
1.5446977665740855
1.749273883901924
2.019800140260172
2.38880834268466
2.753845287163301
2.7703548469952484
2.2771266274276525
2.1895518941431624
0.31046909958801283
0.3442894594931363
0.5604688082979965
1.0305057145345253
2.057750070274305
2.280905324311986
2.332132088042134
2.3599510842971965
2.187044500150819
1.934115521671748
1.9075887299851293
2.219424574062781
2.288950562129684
2.09743213949372
1.6977385464721813
1.396078812564942
1.2504935313021195
0.472753258221371
-0.3091671382522598
-0.5147887245097037
-0.6415210151188819
-0.507497495699238
-0.26630002605859204
0.8847531485167315
1.3875078141353905
1.0298248756139075
0.39542296587777953
-0.19113927132761643
-0.6314496604085771
-0.7091988758925232
-0.2962043440910158
-0.33268378295932116
2.0031693994068798
2.0050538968340477
1.9132777922841684
1.6629313672310273
1.3020953072701595
1.2844921382006484
1.4551147985297292
1.567592566120217
1.7064491077182098
1.7973547821269371
1.8538413583599225
1.6615865960158729
1.6518442536330618
1.7363816788053255
1.7635611220553369
1.7453558471543174
1.7228940213866515
1.7703642190578561
1.833151872786072
1.4649351577614298
1.061510871372235
0.7060095822667275
0.254389083349394
-0.4454117098704845
-0.8293748786785912
-0.9246896998190828
-0.8193649197502042
-0.6861384792796321
-0.5890558642447623
-0.668426612697109
-0.7239523890113535
-0.6306908368489648
-0.16024096391884085
-0.15442815600198684
-0.01097626008568898
0.27787620094398335
0.6244882048618454
0.8811189860956509
1.003179130748289
1.057239907942126
0.9919494054531489
0.9524849440457029
1.016626445012637
1.2896397200757095
1.2892588445260953
1.2423203565286196
1.2303127764431545
1.258803257269577
1.413779727279858
1.4808743379245712
1.4005517000513803
1.3994980415876315
1.4726343494833232
1.6936599826843164
2.0123866951031086
2.42884991443233
2.610503827658747
2.526456388678981
2.266416604648391
1.9125925515389595
1.6247367655175882
1.418715643630808
1.064341748887667
0.718283675862702
1.3569887699594818
1.449687534230371
1.4079105147344233
1.1660732502402436
0.8515905626341809
0.7396987072394349
0.4488451146246789
-0.19165002528606234
-0.8579921650057777
-1.1107474478975068
-0.9911159274854178
-0.3344015659604976
0.08089473254759347
0.19796354696335666
0.20685490702062878
0.23458051702234356
0.25111348359937335
0.38529281392545706
0.356456522194032
0.022476438627803637
-0.6489558709214234
-0.9961990938259715
-0.8521988643057595
-0.5113500988298144
0.32027487304361885
1.188224467001608
1.755816661315409
2.1430994605834615
2.358237080739264
2.3074942115790904
2.0268496358349433
1.7395995357271927
1.703972819946061
1.610972020876877
1.439662633519675
0.9253648330201268
0.24037052426207345
-0.24769808189432732
-0.6426670349732868
-0.8616121514810128
-0.8771342648993254
-0.8120165766138766
-0.7849665600243363
-0.537088670944029
-0.33305137214468955
-0.026769118006083246
0.3085274967210717
0.6051201254790204
0.7327357912415553
0.936688370615066
1.1682032521638768
1.512649982850215
1.563135294866251
1.553011224097549
1.6852960711116918
1.709829938606423
1.7017198648170255
1.6411425195345681
1.704378259923589
1.8637616888626178
1.7550137806856547
1.6901980874562175
1.6966935072863383
1.5340516125142625
1.0933032147953066
1.6198641654059387
1.7943377944627874
-0.39520338932427246
-0.0810808118627248
0.9882860000930951
2.9130866965052986
2.6171048725856503
0.7818741635913344
2.5961847912668183
2.7742246145732987
1.2679318357727458
2.334218430851276
1.1055954820233422
0.5880834899140591
1.7689724891927985
0.5860367137072533
1.0961765564897257
1.6974562928147043
2.241829508636072
1.8498708658030079
2.8830928855132925
1.4202775096728557
1.3307725681445741
1.7210971306853524
1.008848329310548
2.2943851206799386
1.0687316950622274
1.2290105574344656
0.4688931795180036
0.2143350888637716
-0.3900733671519033
2.497844037075651
1.6518992638011376
1.017058121409138
1.2029246486168417
2.2255255899917015
1.540867137631112
3.490053280554806
2.8136041633872213
0.9255754280382255
1.3793482930021002
-0.5888477580677417
1.340553636112811
1.5964601751237468
1.8337023441151112
1.9965587658237358
1.0070592930516535
0.5870225101817304
1.3158061298957606
2.6455876691887337
1.6414584168235646
0.5877707368783901
0.41310006230683993
3.070091209202529
1.3768724944099033
1.5000224622479919
1.405297803417793
0.41263274223738877
0.33078305774112815
1.3088020092857877
-0.02544417452014574
0.5238576639480291
1.0235555635872386
1.397838036102388
1.3073662157608164
1.5534518735914369
2.577629127843064
0.4932575118056074
0.4715850729054378
2.2708834405576095
0.7258901773314482
1.6235726383578588
2.4656818786135553
1.5732698245254593
1.3681506196368682
1.3363456194585717
2.2381231325440987
1.137515061911437
0.300572106875175
2.449365667735443
1.3285032622954003
-0.0014721199987719762
1.084732586069375
-0.34207903698036857
1.5432822683969842
2.0246489061625956
2.885913518652555
0.9145955031404754
0.215945187328041
-0.39807048761659514
0.7913235427646073
2.8460913270385646
3.075739371559635
1.3935027575676073
1.872598632130114
2.040593318595355
0.8227519840901368
0.8233918584651444
2.938037481301671
2.6925607891576733
0.7084745728961175
0.3127624185065315
0.9690200103963955
0.6310400876648432
1.1157282030088724
0.6351823648081378
2.8395837605317427
0.8556024617027548
0.8288375895799364
2.5323159013192185
1.6397615732636897
1.6941888934063811
0.7958318070328322
-0.4892496327045766
1.0166079523814786
1.9183442631784535
2.2861810093374983
1.131332012155146
0.9499271133874143
1.6928359512024274
0.44538471960994425
1.751667351738692
0.8377735914715487
0.958072066178797
0.6972386576068993
2.462430475477235
1.5277242002008615
0.41987183776067344
0.5374599044805283
2.7329559268422807
2.787165269144553
0.44168714124449104
2.009096974317183
-0.6924070201375644
1.8418659845913814
0.39459427959338567
0.05252177066315587
1.5065511269936396
1.2231984787285433
1.2070698541352551
2.2923120165575224
0.3272504346867701
2.454962717358568
-0.4610246870385141
0.8895265310471618
1.394989145119402
0.9564925080979545
0.8067224567516273
0.6080236461691011
0.7024243676521987
2.4553870946107987
-0.916955395775312
2.45356319864157
3.5292052171983466
3.735595308615034
-0.07057187013717625
-0.7987473009621981
3.3940271036754766
0.3195840991951007
0.6323955268549913
2.179725432367063
1.5702707009193622
0.6523202850145879
2.4064168758427815
1.392843052279976
0.7705804176469924
1.8269712844962382
-0.004540058610454872
2.3084173645431343
-0.25530531506781506
-0.40475174985291196
1.2179951313368702
-0.0006606650639921123
2.4346205281760267
-0.19854163434575955
0.203019436927242
1.030943679633755
0.7718171205698419
-0.5277636025782927
1.1706148707406439
1.3937365348551707
0.12946098614749624
2.109873658507215
0.3508038098294965
1.2252794389811106
1.524200044178028
1.0644680365545054
-0.32942021433161134
0.29247264665706335
2.1292787998966567
1.4528401995524232
0.19763211257436722
0.06941280738873654
2.83603432124302
1.7186357820221583
2.898972773681802
-0.3831438160675506
0.8825732417339979
2.211803665524487
-0.6799634075227106
0.9208353317936133
1.6493268572283446
0.40683179055815116
0.9968859255884547
-0.3410774164833904
-1.0624846236505943
0.41094275019498866
-0.4362116073368538
1.7185875241347577
2.1641483561862422
2.3897603300565406
2.7179124218594146
0.10790453611995865
0.5584847043848726
1.1509569552700851
1.5516221106458283
2.75324829190093
-0.3983428448140581
1.0293473649302503
0.8178210808155045
0.7532705538506269
1.3650281846352055
-1.1336523947861215
0.2419827684564788
-0.3572592374112973
2.1580160781447844
1.8755723027918856
-0.7609568462303182
0.7126859623889111
-0.690453623605275
2.760054398101184
0.49316778226471714
1.44997100127276
0.7865160866258649
-0.4322930020841093
1.0814997173512455
0.23246495194233413
0.046779421310336924
2.8993890138916085
2.205533149149024
2.3729017983274514
1.4268523489959095
-0.08442851596201409
0.6421498025803393
2.8509239051094832
1.6359931924141455
1.9817083156152928
-0.21431534676241992
-0.647826775631326
1.1939166387492122
0.8381850609611768
-0.07567402608774737
0.8585402453759002
1.6428763428713382
0.5015376063281362
0.027126983143657975
-0.14113425164810056
0.07171656916189029
0.4701080448419797
