1553804035.931463
1553804036.515346
1553804037.064532
1553804037.786223
1553804038.287922
1553804038.798855
1553804039.374821
1553804039.885434
1553804040.396683
1553804041.237706
1553804041.820621
1553804042.341984
1553804042.824239
1553804043.341831
1553804043.875416
1553804044.422001
1553804044.956292
1553804045.494451
1553804046.016276
1553804046.535141
1553804047.061444
1553804047.577594
1553804048.087651
1553804048.57535
1553804049.067452
1553804049.566424
1553804050.109071
1553804050.618179
1553804051.113389
1553804051.603222
1553804052.14794
1553804052.656459
1553804053.171864
1553804053.6551
1553804054.11853
1553804054.63861
1553804055.195321
1553804055.776298
1553804056.371249
1553804056.964211
1553804057.499688
1553804058.050884
1553804058.564069
1553804059.0742
1553804059.597536
1553804060.227367
1553804060.715469
1553804061.273474
1553804061.740225
1553804062.205
1553804062.685632
1553804063.146688
1553804063.618637
1553804064.142994
1553804064.613586
1553804065.188219
1553804065.695631
1553804066.197054
1553804066.725382
1553804067.207986
1553804067.713548
1553804068.203537
1553804068.700292
1553804069.185326
1553804069.679818
1553804070.17448
1553804070.642007
1553804071.145515
1553804071.649817
1553804072.180424
1553804072.690973
1553804073.194508
1553804073.681612
1553804074.175846
1553804074.672897
1553804075.187846
1553804075.682495
1553804076.168119
1553804076.659142
1553804077.156524
1553804077.653203
1553804078.165701
1553804078.661549
1553804079.149325
1553804079.694171
1553804080.232938
1553804080.706249
1553804081.204059
1553804081.735607
1553804082.247865
1553804082.794209
1553804083.377396
1553804083.867792
1553804084.407656
1553804084.969563
1553804085.512384
1553804086.035135
1553804086.630692
1553804087.144
1553804087.693709
1553804088.231497
1553804088.742158
1553804089.286945
1553804089.790245
1553804090.366864
1553804090.862884
1553804091.349357
1553804091.859952
1553804092.416968
1553804092.9532
1553804093.457833
1553804093.968838
1553804094.469
1553804094.995846
1553804095.492145
1553804096.049296
1553804096.651053
1553804097.212374
1553804097.785176
1553804098.378913
1553804098.944395
1553804099.448019
1553804100.048296
1553804100.593405
1553804101.083416
1553804101.650866
1553804102.157288
1553804102.668672
1553804103.216144
1553804103.737384
1553804104.25645
1553804104.764866
1553804105.345222
1553804105.879803
1553804106.372996
1553804106.949358
1553804107.458437
1553804107.995276
1553804108.540912
1553804109.085842
1553804109.623908
1553804110.228925
1553804110.80494
1553804111.33725
1553804111.851136
1553804112.351094
1553804112.903985
1553804113.460204
1553804113.976592
1553804114.52267
1553804115.008437
1553804115.579832
1553804116.089151
1553804116.611056
1553804117.208058
1553804117.718171
1553804118.211597
1553804118.696207
1553804119.212437
1553804119.727602
1553804120.240369
1553804120.742604
1553804121.225296
1553804121.716249
1553804122.201004
1553804122.721005
1553804123.238954
1553804123.789575
1553804124.318054
1553804124.870027
1553804125.400134
1553804125.932041
1553804126.398768
1553804126.887027
1553804127.40938
1553804127.903492
1553804128.428568
1553804128.962937
1553804129.459299
1553804129.961115
1553804130.471085
1553804131.006618
1553804131.590264
1553804132.152019
1553804132.697234
1553804133.237569
1553804133.751058
1553804134.224419
1553804134.6882
1553804135.224248
1553804135.699448
1553804136.188066
1553804136.724316
1553804137.33946
1553804137.803882
1553804138.317824
1553804138.928419
1553804139.485188
1553804139.995058
1553804140.510281
1553804140.965641
1553804141.455816
1553804141.972214
1553804142.475544
1553804143.084027
1553804143.58913
1553804144.133772
1553804144.706032
1553804145.270767
1553804145.785642
1553804146.290234
1553804146.830945
1553804147.350034
1553804147.843357
1553804148.33033
1553804148.829529
1553804149.349003
1553804149.917195
1553804150.463785
1553804150.957245
1553804151.435641
1553804151.9372
1553804152.486886
1553804152.981998
1553804153.476031
1553804153.961909
1553804154.467452
1553804155.00474
1553804155.543079
1553804156.077254
1553804156.616592
1553804157.159499
1553804157.706165
1553804158.236187
1553804158.741677
1553804159.23133
1553804159.809809
1553804160.33237
1553804160.798705
1553804161.301175
1553804161.846249
1553804162.35511
1553804162.862291
1553804163.353271
1553804163.84125
1553804164.365909
1553804164.952594
1553804165.467109
1553804165.956725
1553804166.456669
1553804167.029924
1553804167.546531
1553804168.0624
1553804168.662685
1553804169.227796
1553804169.794785
1553804170.39822
1553804170.957264
1553804171.442951
1553804171.896726
1553804172.373497
1553804172.88077
1553804173.431984
1553804173.952803
1553804174.580669
1553804175.151895
1553804175.621182
1553804176.114825
1553804176.692973
1553804177.232748
1553804177.815685
1553804178.393612
1553804178.918316
1553804179.51541
1553804180.077676
1553804180.675039
1553804181.260315
1553804181.838824
1553804182.433024
1553804182.979481
1553804183.491577
1553804184.018587
1553804184.599404
1553804185.151531
1553804185.764058
1553804186.266268
1553804186.803597
1553804187.329477
1553804187.890628
1553804188.482479
1553804189.05933
1553804189.578787
1553804190.117698
1553804190.667084
1553804191.223524
1553804191.72665
1553804192.284069
1553804192.849403
1553804193.390364
1553804193.925329
1553804194.4104
1553804194.931411
1553804195.461984
1553804196.02825
1553804196.545335
1553804197.087667
1553804197.602229
1553804198.122092
1553804198.643753
1553804199.192563
1553804199.694097
1553804200.245903
1553804200.754512
1553804201.261398
1553804201.877249
1553804202.452283
1553804202.95104
1553804203.526265
1553804204.06658
1553804204.645032
1553804205.199488
1553804205.796447
1553804206.349832
1553804206.872482
1553804207.364428
1553804207.921393
1553804208.52181
1553804209.030156
1553804209.636964
1553804210.186652
1553804210.720272
1553804211.277149
1553804211.80374
1553804212.391921
1553804212.865696
1553804213.407066
1553804213.899692
1553804214.423674
1553804214.923285
1553804215.434829
1553804215.941661
1553804216.415069
1553804216.900931
1553804217.462314
1553804217.957544
1553804218.492354
1553804219.038307
1553804219.531769
1553804220.038987
1553804220.543917
1553804221.090987
1553804221.629127
1553804222.189917
1553804222.691423
1553804223.243906
1553804223.739958
1553804224.299611
1553804224.816769
1553804225.356976
1553804225.866956
1553804226.382962
1553804226.931119
1553804227.485588
1553804228.061775
1553804228.646348
1553804229.226438
1553804229.763738
1553804230.299537
1553804230.895016
1553804231.458934
1553804231.998283
1553804232.534922
1553804233.067105
1553804233.616274
1553804234.191919
1553804234.722721
1553804235.271927
1553804235.882666
1553804236.512986
1553804237.071239
1553804237.635096
1553804238.123483
1553804238.709147
1553804239.249105
1553804239.780372
1553804240.351619
1553804240.958004
1553804241.471372
1553804242.111309
1553804242.625559
1553804243.118425
1553804243.685588
1553804244.231132
1553804244.812227
1553804245.296124
1553804245.872314
1553804246.475989
1553804247.033407
1553804247.566759
1553804248.154218
1553804248.721031
1553804249.211013
1553804249.719689
1553804250.26641
1553804250.823441
1553804251.424325
1553804251.994972
1553804252.462474
1553804253.02388
1553804253.576172
1553804254.093008
1553804254.690371
1553804255.202367
1553804255.68205
1553804256.219496
1553804256.714532
1553804257.306986
1553804257.806103
1553804258.363597
1553804258.906847
1553804259.457792
1553804259.95286
1553804260.464358
1553804260.986841
1553804261.491528
1553804262.008015
1553804262.553067
1553804263.069048
1553804263.650078
1553804264.218491
1553804264.758844
1553804265.30292
1553804265.85669
1553804266.488829
1553804267.007405
1553804267.540784
1553804268.088154
1553804268.669176
1553804269.217367
1553804269.779819
1553804270.366695
1553804270.891386
1553804271.454963
1553804271.941579
1553804272.41191
1553804272.942793
1553804273.48279
1553804274.034287
1553804274.528549
1553804275.070015
1553804275.562664
1553804276.05311
1553804276.601879
1553804277.094829
1553804277.610529
1553804278.115527
1553804278.606351
1553804279.117035
1553804279.647735
1553804280.149699
1553804280.652891
1553804281.175948
1553804281.75007
1553804282.265762
1553804282.79251
1553804283.309913
1553804283.813837
1553804284.315157
1553804284.796307
1553804285.282082
1553804285.783555
1553804286.339035
1553804286.822675
1553804287.337143
1553804287.866388
1553804288.360622
1553804288.890665
1553804289.37832
1553804289.88073
1553804290.403799
1553804290.945296
1553804291.456733
1553804291.936376
1553804292.447434
1553804292.961082
1553804293.433084
1553804293.911526
1553804294.439422
1553804294.978257
1553804295.464664
1553804295.993664
1553804296.519185
1553804297.039535
1553804297.526795
1553804298.074494
1553804298.59018
1553804299.156073
1553804299.660046
1553804300.176882
1553804300.716942
1553804301.216569
1553804301.678722
1553804302.170659
1553804302.676172
1553804303.194363
1553804303.659019
1553804304.191875
1553804304.714562
1553804305.233376
1553804305.74882
1553804306.23711
1553804306.738618
1553804307.272265
1553804307.782293
1553804308.298934
1553804308.824627
1553804309.319536
1553804309.826417
1553804310.337942
1553804310.839112
1553804311.355277
1553804311.843594
1553804312.352864
1553804312.853331
1553804313.337106
1553804313.811547
1553804314.305161
1553804314.827536
1553804315.316575
1553804315.857578
1553804316.36335
1553804316.878474
1553804317.405965
1553804317.911868
1553804318.398106
1553804318.88132
1553804319.421258
1553804319.884164
1553804320.364502
1553804320.856063
1553804321.394198
1553804321.855563
1553804322.329958
1553804322.824334
1553804323.348708
1553804323.864062
1553804324.356785
1553804324.852371
1553804325.333588
1553804325.814567
1553804326.28868
1553804326.779968
1553804327.278143
1553804327.810348
1553804328.323524
1553804328.801872
1553804329.30715
1553804329.80623
1553804330.29069
1553804330.799814
1553804331.267833
1553804331.803105
1553804332.356316
1553804332.868177
1553804333.325105
1553804333.821319
1553804334.287055
1553804334.783521
1553804335.278578
1553804335.775314
1553804336.352267
1553804336.846363
1553804337.384687
1553804337.860945
1553804338.357402
1553804338.888415
1553804339.373107
1553804339.876118
1553804340.379995
1553804340.897957
1553804341.421025
1553804341.937524
1553804342.451855
1553804342.994687
1553804343.524774
1553804344.041618
1553804344.516077
1553804345.088382
1553804345.594467
1553804346.078328
1553804346.568813
1553804347.06851
1553804347.593185
1553804348.080028
1553804348.563301
1553804349.063268
1553804349.558857
1553804350.085302
1553804350.633722
1553804351.1025
1553804351.654883
1553804352.146252
1553804352.632969
1553804353.158829
1553804353.679383
1553804354.179059
1553804354.716626
1553804355.214633
1553804355.71787
1553804356.254069
1553804356.745316
1553804357.237626
1553804357.789866
1553804358.292247
1553804358.850269
1553804359.33649
1553804359.854312
1553804360.357061
1553804360.857822
1553804361.382609
1553804361.904539
1553804362.405679
1553804362.940587
1553804363.49984
1553804364.059814
1553804364.590135
1553804365.162473
1553804365.704602
1553804366.238169
1553804366.756174
1553804367.325772
1553804367.866961
1553804368.439091
1553804368.980698
1553804369.5109
1553804370.030723
1553804370.540355
1553804371.061624
1553804371.599579
1553804372.09322
1553804372.606395
1553804373.120584
1553804373.650965
1553804374.182092
1553804374.698486
1553804375.209153
1553804375.717987
1553804376.202415
1553804376.687485
1553804377.253421
1553804377.73376
1553804378.292319
1553804378.812284
1553804379.366707
1553804379.888677
1553804380.483534
1553804380.98109
1553804381.504661
1553804382.001781
1553804382.4977
1553804383.045931
1553804383.583065
1553804384.093315
1553804384.607042
1553804385.154675
1553804385.640924
1553804386.18084
1553804386.723896
1553804387.216292
1553804387.704329
1553804388.225198
1553804388.708427
1553804389.175149
1553804389.675666
1553804390.167259
1553804390.659885
1553804391.167046
1553804391.652665
1553804392.186541
1553804392.641005
1553804393.116371
1553804393.630939
1553804394.140533
1553804394.726074
1553804395.218284
1553804395.794499
1553804396.346958
1553804396.873233
1553804397.415642
1553804397.911388
1553804398.417187
1553804398.955438
1553804399.465464
1553804399.977147
1553804400.486717
1553804401.035543
1553804401.597904
1553804402.186449
1553804402.750919
1553804403.337145
1553804403.92402
1553804404.422
1553804404.943574
1553804405.47613
1553804406.02296
1553804406.510367
1553804406.985909
1553804407.501077
1553804408.037553
1553804408.594427
1553804409.177802
1553804409.727429
1553804410.232009
1553804410.813445
1553804411.327808
1553804411.866264
1553804412.417453
1553804412.911815
1553804413.441406
1553804413.974794
1553804414.480684
1553804414.990917
1553804415.550212
1553804416.062117
1553804416.590362
1553804417.104713
1553804417.628975
1553804418.129539
1553804418.631081
1553804419.178678
1553804419.699729
1553804420.202034
1553804420.728971
1553804421.176205
1553804421.691342
1553804422.240309
1553804422.785317
1553804423.36814
1553804423.917629
1553804424.455323
1553804424.975425
1553804425.528324
1553804426.017145
1553804426.534565
1553804427.040564
1553804427.577165
1553804428.137275
1553804428.686928
1553804429.21417
1553804429.694392
1553804430.228583
1553804430.732897
1553804431.328784
1553804431.917328
1553804432.526378
1553804433.071626
1553804433.589249
1553804434.113078
1553804434.637599
1553804435.112728
1553804435.648157
1553804436.173143
1553804436.637674
1553804437.196835
1553804437.750019
1553804438.271994
1553804438.803359
1553804439.334553
1553804439.847509
1553804440.391948
1553804440.940639
1553804441.447374
1553804441.956298
1553804442.471758
1553804443.02053
1553804443.503167
1553804443.995909
1553804444.514096
1553804445.013667
1553804445.550187
1553804446.075082
1553804446.570559
1553804447.089218
1553804447.590824
1553804448.096252
1553804448.602393
1553804449.077823
1553804449.542178
1553804450.030314
1553804450.516057
1553804451.023163
1553804451.509119
1553804452.01695
1553804452.541316
1553804453.047919
1553804453.617928
1553804454.113384
1553804454.67892
1553804455.205582
1553804455.70913
1553804456.211896
1553804456.750815
1553804457.308715
1553804457.816872
1553804458.362619
1553804458.909715
1553804459.427979
1553804459.934728
1553804460.43492
1553804461.015146
1553804461.547306
1553804462.158621
1553804462.671168
1553804463.194719
1553804463.724433
1553804464.312404
1553804464.856896
1553804465.399587
1553804465.909584
1553804466.48204
1553804467.019678
1553804467.562273
1553804468.081425
1553804468.605083
1553804469.090038
1553804469.637242
1553804470.181083
1553804470.815518
1553804471.334718
1553804471.865316
1553804472.381274
1553804472.894522
1553804473.47808
1553804474.006367
1553804474.542787
1553804475.066795
1553804475.526811
1553804476.066533
1553804476.559733
1553804477.092246
1553804477.63484
1553804478.21012
1553804478.763475
1553804479.266531
1553804479.829887
1553804480.353782
1553804480.871095
1553804481.418076
1553804481.997217
1553804482.563782
1553804483.114787
1553804483.604943
1553804484.135075
1553804484.728058
1553804485.261776
1553804485.806332
1553804486.401603
1553804486.918289
1553804487.458075
1553804487.964753
1553804488.504891
1553804489.060345
1553804489.599136
1553804490.171044
1553804490.776127
1553804491.352187
1553804491.926511
1553804492.479355
1553804493.040236
1553804493.540469
1553804494.115035
1553804494.673215
1553804495.186861
1553804495.780433
1553804496.29425
1553804496.811845
1553804497.393013
1553804497.908676
1553804498.398077
1553804498.953847
1553804499.462656
1553804500.000458
1553804500.481025
1553804500.94854
1553804501.411873
1553804502.003721
1553804502.487869
1553804503.003494
1553804503.511323
1553804503.996827
1553804504.4946
1553804505.005705
1553804505.483072
1553804506.001228
1553804506.496842
1553804506.978618
1553804507.462485
1553804507.963629
1553804508.467282
1553804508.941143
1553804509.4251
1553804509.976509
1553804510.482616
1553804510.961409
1553804511.517608
1553804511.987878
1553804512.472022
1553804512.962076
1553804513.473139
1553804514.084846
1553804514.586582
1553804515.086769
1553804515.631883
1553804516.129025
1553804516.628246
1553804517.184261
1553804517.699639
1553804518.270149
1553804518.803318
1553804519.337806
1553804519.847161
1553804520.400331
1553804520.96793
1553804521.496729
1553804522.009757
1553804522.559969
1553804523.073085
1553804523.640378
1553804524.199883
1553804524.703117
1553804525.197495
1553804525.671918
1553804526.126441
1553804526.648033
1553804527.223323
1553804527.779045
1553804528.327975
1553804528.973344
1553804529.482826
1553804530.03439
1553804530.582605
1553804531.1764
1553804531.804482
1553804532.403926
1553804532.985808
1553804533.486235
1553804534.0059
1553804534.511271
1553804535.030582
1553804535.544948
1553804536.073335
1553804536.671865
1553804537.263542
1553804537.861337
1553804538.443885
1553804539.015354
1553804539.564228
1553804540.176802
1553804540.738957
1553804541.269804
1553804541.826223
1553804542.334825
1553804542.896857
1553804543.467907
1553804544.014138
1553804544.599738
1553804545.122957
1553804545.677144
1553804546.194871
1553804546.668018
1553804547.196429
1553804547.688089
1553804548.170087
1553804548.693335
1553804549.216387
1553804549.695975
1553804550.192928
1553804550.710552
1553804551.261439
1553804551.773223
1553804552.292517
1553804552.835525
1553804553.344947
1553804553.839473
1553804554.293758
1553804554.781806
1553804555.308571
1553804555.817656
1553804556.37776
1553804556.92335
1553804557.448339
1553804557.933785
1553804558.46163
1553804558.943095
1553804559.478039
1553804559.991744
1553804560.483944
1553804560.983566
1553804561.48418
1553804562.03994
1553804562.618516
1553804563.122782
1553804563.637506
1553804564.107652
1553804564.600135
1553804565.076162
1553804565.615828
1553804566.094591
1553804566.592718
1553804567.11342
1553804567.593462
1553804568.093592
1553804568.616409
1553804569.154065
1553804569.648472
1553804570.184285
1553804570.685397
1553804571.257782
1553804571.781685
1553804572.317016
1553804572.81184
1553804573.377813
1553804573.890035
1553804574.404212
1553804574.919378
1553804575.438545
1553804575.969466
1553804576.524031
1553804577.061135
1553804577.557567
1553804578.098869
1553804578.595414
1553804579.095246
1553804579.610632
1553804580.103138
1553804580.638563
1553804581.170542
1553804581.694958
1553804582.191741
1553804582.746091
1553804583.279894
1553804583.794676
1553804584.330944
1553804584.859057
1553804585.366026
1553804585.860417
1553804586.413069
1553804586.957558
1553804587.489421
1553804588.061657
1553804588.63396
1553804589.156995
1553804589.681018
1553804590.18785
1553804590.65267
1553804591.174465
1553804591.658501
1553804592.187154
1553804592.701935
1553804593.230645
1553804593.722321
1553804594.246759
1553804594.782171
1553804595.350195
1553804595.852303
1553804596.386475
1553804596.860731
1553804597.341393
1553804597.840905
1553804598.33777
1553804598.846243
1553804599.370831
1553804599.853485
1553804600.369094
1553804600.87538
1553804601.371937
1553804601.883058
1553804602.381067
1553804602.892017
1553804603.445212
1553804603.940225
1553804604.477515
1553804604.977135
1553804605.486263
1553804605.965484
1553804606.463737
1553804606.965914
1553804607.461662
1553804607.967628
1553804608.485351
1553804608.975863
1553804609.467817
1553804609.970439
1553804610.529939
1553804611.044265
1553804611.584957
1553804612.120737
1553804612.584846
1553804613.091445
1553804613.598603
1553804614.093494
1553804614.586045
1553804615.098243
1553804615.590323
1553804616.108547
1553804616.663745
1553804617.152486
1553804617.667581
1553804618.188141
1553804618.690189
1553804619.191552
1553804619.762976
1553804620.272564
1553804620.817087
1553804621.297766
1553804621.814793
1553804622.30717
1553804622.815528
1553804623.292282
1553804623.74464
1553804624.20572
1553804624.689041
1553804625.156889
1553804625.646407
1553804626.161863
1553804626.631501
1553804627.130116
1553804627.633914
1553804628.126986
1553804628.585615
1553804629.078853
1553804629.563717
1553804630.08712
1553804630.598573
1553804631.139799
1553804631.660204
1553804632.166989
1553804632.690725
1553804633.179555
1553804633.710638
1553804634.221945
1553804634.738884
1553804635.219335
1553804635.702161
1553804636.210272
1553804636.727289
1553804637.219641
1553804637.78629
1553804638.282516
1553804638.795879
1553804639.288153
1553804639.812565
1553804640.321845
1553804640.833949
1553804641.365973
1553804641.885011
1553804642.400239
1553804642.883716
1553804643.348414
1553804643.837011
1553804644.379888
1553804644.909992
1553804645.437666
1553804645.923605
1553804646.409798
1553804646.938697
1553804647.454601
1553804647.980538
1553804648.471514
1553804648.97853
1553804649.478074
1553804649.971076
1553804650.443308
1553804650.907717
1553804651.390214
1553804651.874207
1553804652.395535
1553804652.878216
1553804653.361917
1553804653.863302
1553804654.40619
1553804655.015088
1553804655.508475
1553804656.001731
1553804656.562189
1553804657.058285
1553804657.542754
1553804658.030276
1553804658.52517
1553804659.060479
1553804659.593686
1553804660.078485
1553804660.600496
1553804661.185797
1553804661.675539
1553804662.168095
1553804662.677203
1553804663.210179
1553804663.743904
1553804664.271871
1553804664.780318
1553804665.287689
1553804665.846776
1553804666.385783
1553804666.946954
1553804667.524729
1553804668.089518
1553804668.598327
1553804669.134921
1553804669.610737
1553804670.092911
1553804670.627056
1553804671.140265
1553804671.651157
1553804672.154149
1553804672.659811
1553804673.144046
1553804673.67098
1553804674.18983
1553804674.69787
1553804675.217771
1553804675.727274
1553804676.194997
1553804676.680338
1553804677.169501
1553804677.63376
1553804678.150573
1553804678.662757
1553804679.159246
1553804679.645079
1553804680.150614
1553804680.63251
1553804681.107783
1553804681.578329
1553804682.10956
1553804682.594356
1553804683.070172
1553804683.571543
1553804684.044364
1553804684.517211
1553804685.058369
1553804685.550191
1553804686.014913
1553804686.48234
1553804686.956047
1553804687.447064
1553804687.93666
1553804688.457769
1553804688.973002
1553804689.46432
1553804689.979965
1553804690.48026
1553804690.966181
1553804691.485953
1553804692.000643
1553804692.512474
1553804693.00889
1553804693.495388
1553804694.015638
1553804694.598312
1553804695.122444
1553804695.638605
1553804696.17623
1553804696.682508
1553804697.196624
1553804697.70629
1553804698.221565
1553804698.737732
1553804699.292713
1553804699.756522
1553804700.266774
1553804700.777113
1553804701.310512
1553804701.861839
1553804702.383807
1553804702.916335
1553804703.423577
1553804703.9558
1553804704.473131
1553804704.987008
1553804705.503105
1553804706.036301
1553804706.548078
1553804707.076978
1553804707.562286
1553804708.056823
1553804708.556392
1553804709.037536
1553804709.552491
1553804710.05003
1553804710.562844
1553804711.13391
1553804711.652037
1553804712.158644
1553804712.674348
1553804713.167394
1553804713.686456
1553804714.218362
1553804714.769701
1553804715.288779
1553804715.783085
1553804716.287254
1553804716.827818
1553804717.321665
1553804717.7891
1553804718.267888
1553804718.815797
1553804719.292602
1553804719.790643
1553804720.282845
1553804720.785749
1553804721.311313
1553804721.825343
1553804722.394292
1553804722.921093
1553804723.437542
1553804723.985024
1553804724.462176
1553804724.970395
1553804725.456767
1553804725.943331
1553804726.413104
1553804726.901075
1553804727.452074
1553804727.951542
1553804728.491389
1553804728.944417
1553804729.473573
1553804730.017784
1553804730.493773
1553804730.967199
1553804731.500396
1553804731.966523
1553804732.494383
1553804733.041303
1553804733.589526
1553804734.089967
1553804734.597217
1553804735.100458
1553804735.634223
1553804736.129051
1553804736.665932
1553804737.162579
1553804737.70384
1553804738.251994
1553804738.781264
1553804739.283618
1553804739.809516
1553804740.344168
1553804740.826877
1553804741.390181
1553804741.863779
1553804742.356453
1553804742.830862
1553804743.347154
1553804743.856545
1553804744.363478
1553804744.895095
1553804745.419705
1553804745.942059
1553804746.462353
1553804746.958844
1553804747.464145
1553804748.032384
1553804748.541032
1553804749.059063
1553804749.548428
1553804750.03034
1553804750.512866
1553804750.997566
1553804751.520869
1553804752.044929
1553804752.597125
1553804753.113235
1553804753.619469
1553804754.123205
1553804754.60646
1553804755.100364
1553804755.609288
1553804756.114593
1553804756.662557
1553804757.174162
1553804757.714551
1553804758.193162
1553804758.678872
1553804759.193439
1553804759.707185
1553804760.204797
1553804760.689249
1553804761.214788
1553804761.77286
1553804762.272484
1553804762.766802
1553804763.346966
1553804763.893752
1553804764.411416
1553804764.915094
1553804765.446335
1553804765.969485
1553804766.469975
1553804766.976993
1553804767.499493
1553804768.014224
1553804768.610479
1553804769.100842
1553804769.608586
1553804770.131283
1553804770.611053
1553804771.119704
1553804771.599196
1553804772.132933
1553804772.655118
1553804773.165555
1553804773.654432
1553804774.155716
1553804774.646254
1553804775.170311
1553804775.6805
1553804776.22892
1553804776.726165
1553804777.26638
1553804777.792886
1553804778.315147
1553804778.804105
1553804779.308544
1553804779.815966
1553804780.287064
1553804780.763846
1553804781.284176
1553804781.765621
1553804782.207484
1553804782.667326
1553804783.150646
1553804783.645959
1553804784.146147
1553804784.643465
1553804785.171048
1553804785.692194
1553804786.194606
1553804786.706736
1553804787.255708
1553804787.771761
1553804788.261214
1553804788.763975
1553804789.25102
1553804789.759555
1553804790.270238
1553804790.750538
1553804791.277455
1553804791.780563
1553804792.281097
1553804792.780708
1553804793.317826
1553804793.824876
1553804794.298878
1553804794.744764
1553804795.277781
1553804795.810855
1553804796.268471
1553804796.741336
1553804797.273893
1553804797.757778
1553804798.25938
1553804798.774084
1553804799.258045
1553804799.76816
1553804800.292644
1553804800.765099
1553804801.295198
1553804801.816321
1553804802.303654
1553804802.779458
1553804803.320763
1553804803.822143
1553804804.316394
1553804804.847236
1553804805.365914
1553804805.85936
1553804806.354111
1553804806.88067
1553804807.401802
1553804807.919235
1553804808.484391
1553804809.001124
1553804809.48642
1553804810.033823
1553804810.554155
1553804811.091023
1553804811.631057
1553804812.157809
1553804812.658891
1553804813.159804
1553804813.659947
1553804814.154995
1553804814.657515
1553804815.176737
1553804815.698524
1553804816.170367
1553804816.663766
1553804817.169238
1553804817.669303
1553804818.184425
1553804818.662837
1553804819.144554
1553804819.617624
1553804820.097009
1553804820.562615
1553804821.071067
1553804821.589861
1553804822.066189
1553804822.573501
1553804823.057477
1553804823.514479
1553804823.975749
1553804824.433703
1553804824.917475
1553804825.380626
1553804825.910612
1553804826.39605
1553804826.907894
1553804827.4471
1553804827.950317
1553804828.44416
1553804828.942545
1553804829.398748
1553804829.911316
1553804830.49644
1553804830.974011
1553804831.463543
1553804832.033711
1553804832.510999
1553804832.993161
1553804833.468626
1553804833.974843
1553804834.434365
1553804834.942591
1553804835.442343
1553804835.924831
1553804836.435816
1553804836.981759
1553804837.454057
1553804837.974344
1553804838.469817
1553804838.961157
1553804839.450954
1553804839.946603
1553804840.417526
1553804840.87584
1553804841.382892
1553804841.92774
1553804842.433379
1553804842.905178
1553804843.375489
1553804843.861738
1553804844.35274
1553804844.890886
1553804845.391043
1553804845.900798
1553804846.418765
1553804846.937374
1553804847.43017
1553804847.960602
1553804848.471902
1553804848.991368
1553804849.516479
1553804850.009163
1553804850.547511
1553804851.034982
1553804851.594772
1553804852.103551
1553804852.619
1553804853.153884
1553804853.649664
1553804854.175329
1553804854.669074
1553804855.178441
1553804855.746971
1553804856.252059
1553804856.803751
1553804857.281343
1553804857.84902
1553804858.347833
1553804858.833074
1553804859.349729
1553804859.823542
1553804860.278934
1553804860.759559
1553804861.248055
1553804861.712959
1553804862.226813
1553804862.725096
1553804863.268677
1553804863.755586
1553804864.260801
1553804864.761936
1553804865.319699
1553804865.817402
1553804866.336294
1553804866.856106
1553804867.34064
1553804867.820027
1553804868.317492
1553804868.800825
1553804869.271085
1553804869.768356
1553804870.250098
1553804870.721292
1553804871.169015
1553804871.655069
1553804872.128786
1553804872.625077
1553804873.135391
1553804873.618458
1553804874.093467
1553804874.603296
1553804875.14643
1553804875.669452
1553804876.176093
1553804876.649097
1553804877.176144
1553804877.67011
1553804878.203076
1553804878.678016
1553804879.212128
1553804879.698373
1553804880.195034
1553804880.7451
1553804881.268155
1553804881.7556
1553804882.295956
1553804882.831913
1553804883.301735
1553804883.782038
1553804884.257618
1553804884.762045
1553804885.251266
1553804885.714772
1553804886.219043
1553804886.714145
1553804887.239904
1553804887.70623
1553804888.196192
1553804888.712273
1553804889.223309
1553804889.688729
1553804890.173642
1553804890.657671
1553804891.133462
1553804891.605046
1553804892.082853
1553804892.555342
1553804893.0381
1553804893.558406
1553804894.070951
1553804894.542165
1553804895.07008
1553804895.556386
1553804896.056698
1553804896.554044
1553804897.046388
1553804897.552414
1553804898.091466
1553804898.593942
1553804899.11966
1553804899.614581
1553804900.145758
1553804900.67842
1553804901.19817
1553804901.711808
1553804902.181064
1553804902.657426
1553804903.144416
1553804903.597114
1553804904.067036
1553804904.616802
1553804905.123501
1553804905.605697
1553804906.14842
1553804906.651101
1553804907.128182
1553804907.649535
1553804908.173916
1553804908.715641
1553804909.244002
1553804909.782214
1553804910.290763
1553804910.791823
1553804911.266705
1553804911.788686
1553804912.288772
1553804912.774629
1553804913.309819
1553804913.837995
1553804914.381742
1553804914.912896
1553804915.433525
1553804915.970109
1553804916.442252
1553804916.919331
1553804917.471823
1553804917.983273
1553804918.505775
1553804919.053886
1553804919.520744
1553804920.005057
1553804920.497061
1553804920.98235
1553804921.457878
1553804922.013327
1553804922.515086
1553804923.073838
1553804923.594471
1553804924.156084
1553804924.705133
1553804925.207375
1553804925.831505
1553804926.342084
1553804926.823132
1553804927.349881
1553804927.826459
1553804928.382112
1553804928.959339
1553804929.485189
1553804929.996202
1553804930.47178
1553804930.964567
1553804931.470982
1553804931.968361
1553804932.448623
1553804932.922449
1553804933.470211
1553804933.989781
1553804934.484505
1553804934.972398
1553804935.429252
1553804935.897099
1553804936.417507
1553804936.912495
1553804937.410834
1553804937.910421
1553804938.388749
1553804938.897846
1553804939.340989
1553804939.802375
1553804940.249781
1553804940.742866
1553804941.249493
1553804941.793764
1553804942.30241
1553804942.813475
1553804943.315415
1553804943.823725
1553804944.328697
1553804944.891416
1553804945.442914
1553804945.984484
1553804946.496146
1553804947.029814
1553804947.552151
1553804948.063804
1553804948.576622
1553804949.086935
1553804949.619014
1553804950.167582
1553804950.663569
1553804951.188771
1553804951.682377
1553804952.195202
1553804952.708017
1553804953.259495
1553804953.769165
1553804954.246535
1553804954.733398
1553804955.22806
1553804955.817745
1553804956.379325
1553804956.898288
1553804957.415327
1553804957.907183
1553804958.398246
1553804958.959074
1553804959.459588
1553804959.959728
1553804960.478941
1553804960.995112
1553804961.476565
1553804962.097307
1553804962.693085
1553804963.219938
1553804963.726039
1553804964.255381
1553804964.792615
1553804965.37371
1553804965.861374
1553804966.39964
1553804967.009112
1553804967.586583
1553804968.175089
1553804968.781297
1553804969.359909
1553804969.895852
1553804970.434141
1553804970.963175
1553804971.487199
1553804971.96158
1553804972.478202
1553804972.958695
1553804973.48663
1553804974.041579
1553804974.560979
1553804975.085483
1553804975.6088
1553804976.110288
1553804976.612167
1553804977.113805
1553804977.618187
1553804978.129375
1553804978.658974
1553804979.166992
1553804979.63637
1553804980.220603
1553804980.752065
1553804981.262654
1553804981.750915
1553804982.263568
1553804982.76265
1553804983.289244
1553804983.812934
1553804984.297505
1553804984.799314
1553804985.315309
1553804985.820404
1553804986.377017
1553804986.881637
1553804987.37673
1553804987.885088
1553804988.40394
1553804988.929789
1553804989.452455
1553804989.964427
1553804990.499939
1553804990.993781
1553804991.519009
1553804992.039768
1553804992.552691
1553804993.047386
1553804993.539927
1553804994.064462
1553804994.570504
1553804995.080742
1553804995.566248
1553804996.044423
1553804996.528903
1553804997.053365
1553804997.564313
1553804998.032511
1553804998.513768
1553804999.013824
1553804999.482008
1553804999.965165
1553805000.462761
1553805000.946494
1553805001.505521
1553805001.995367
1553805002.466784
1553805002.956062
1553805003.425347
1553805003.923147
1553805004.467641
1553805004.9624
1553805005.482975
1553805006.006231
1553805006.50647
1553805007.000469
1553805007.504607
1553805008.022057
1553805008.511747
1553805009.021181
1553805009.531573
1553805010.033905
1553805010.556567
1553805011.074368
1553805011.632933
1553805012.144459
1553805012.606486
1553805013.073091
1553805013.594086
1553805014.119927
1553805014.650239
1553805015.132188
1553805015.641057
1553805016.152471
1553805016.690241
1553805017.239834
1553805017.763181
1553805018.238438
1553805018.695912
1553805019.182439
1553805019.695503
1553805020.170132
1553805020.691501
1553805021.181953
1553805021.66347
1553805022.132414
1553805022.663518
1553805023.146571
1553805023.63021
1553805024.10624
1553805024.582825
1553805025.116796
1553805025.623158
1553805026.086806
1553805026.547904
1553805027.004562
1553805027.460306
1553805027.953741
1553805028.43876
1553805028.927652
1553805029.423045
1553805029.908592
1553805030.401481
1553805030.879522
1553805031.374101
1553805031.869683
1553805032.382375
1553805032.899276
1553805033.364153
1553805033.890383
1553805034.385858
1553805034.863888
1553805035.357962
1553805035.874936
1553805036.371679
1553805036.835136
1553805037.323288
1553805037.834446
1553805038.354289
1553805038.884068
1553805039.450938
1553805040.007775
1553805040.510748
1553805041.024726
1553805041.532427
1553805042.065165
1553805042.609884
1553805043.091647
1553805043.590672
1553805044.125299
1553805044.649018
1553805045.221493
1553805045.817545
1553805046.349988
1553805046.827824
1553805047.356088
1553805047.806542
1553805048.307532
1553805048.866475
1553805049.391783
1553805049.908417
1553805050.411061
1553805050.933557
1553805051.446675
1553805051.962483
1553805052.453603
1553805053.00804
1553805053.534031
1553805054.09454
1553805054.580628
1553805055.082966
1553805055.616217
1553805056.126389
1553805056.648637
1553805057.177828
1553805057.695783
1553805058.224131
1553805058.775832
1553805059.283314
1553805059.752147
1553805060.248236
1553805060.729436
1553805061.255736
1553805061.7878
1553805062.258048
1553805062.760512
1553805063.234515
1553805063.709107
1553805064.197458
1553805064.685052
1553805065.189621
1553805065.777139
1553805066.274021
1553805066.800869
1553805067.328191
1553805067.825428
1553805068.307648
1553805068.770642
1553805069.221925
1553805069.708467
1553805070.173561
1553805070.663678
1553805071.181654
1553805071.674655
1553805072.176864
1553805072.637864
1553805073.094675
1553805073.559079
1553805074.012754
1553805074.460566
1553805074.935584
1553805075.429744
1553805075.922225
1553805076.387298
1553805076.86899
1553805077.348482
1553805077.806407
1553805078.301861
1553805078.777192
1553805079.263202
1553805079.722152
1553805080.186927
1553805080.669632
1553805081.157334
1553805081.643934
1553805082.11839
1553805082.607072
1553805083.104647
1553805083.579522
1553805084.072361
1553805084.545856
1553805085.060663
1553805085.559641
1553805086.050307
1553805086.509973
1553805086.989505
1553805087.469385
1553805087.983461
1553805088.438329
1553805088.889004
1553805089.358321
1553805089.821247
1553805090.323043
1553805090.795732
1553805091.293939
1553805091.810199
1553805092.324529
1553805092.82266
1553805093.277316
1553805093.747023
1553805094.230655
1553805094.707061
1553805095.252661
1553805095.784719
1553805096.299191
1553805096.751305
1553805097.217719
1553805097.719311
1553805098.209683
1553805098.674709
1553805099.171982
1553805099.687165
1553805100.18546
1553805100.628777
1553805101.158042
1553805101.683788
1553805102.171534
1553805102.669949
1553805103.211921
1553805103.725831
1553805104.258874
1553805104.796901
1553805105.317361
1553805105.777525
1553805106.328116
1553805106.815531
1553805107.27127
1553805107.743741
1553805108.197738
1553805108.675669
1553805109.162395
1553805109.656801
1553805110.155637
1553805110.613215
1553805111.133081
1553805111.61943
1553805112.089022
1553805112.563957
1553805113.078527
1553805113.582284
1553805114.096426
1553805114.599748
1553805115.093445
1553805115.597388
1553805116.081021
1553805116.5836
1553805117.111991
1553805117.600787
1553805118.088654
1553805118.545372
1553805119.013423
1553805119.485016
1553805119.945215
1553805120.43054
1553805120.917016
1553805121.444803
1553805121.961532
1553805122.520393
1553805123.069492
1553805123.551874
1553805124.053801
1553805124.552601
1553805125.072181
1553805125.589468
1553805126.137411
1553805126.66283
1553805127.1873
1553805127.752211
1553805128.291012
1553805128.788013
1553805129.301665
1553805129.896196
1553805130.466799
1553805131.002325
1553805131.577376
1553805132.130302
1553805132.626952
1553805133.188035
1553805133.736802
1553805134.271534
1553805134.846324
1553805135.44082
1553805135.980749
1553805136.527604
1553805137.082138
1553805137.577143
1553805138.125657
1553805138.619609
1553805139.131482
1553805139.665466
1553805140.179105
1553805140.70035
1553805141.223243
1553805141.723063
1553805142.20568
1553805142.703834
1553805143.285938
1553805143.851807
1553805144.378653
1553805144.909981
1553805145.443933
1553805145.956453
1553805146.515028
1553805147.031134
1553805147.567797
1553805148.097728
1553805148.633495
1553805149.151894
1553805149.718582
1553805150.315258
1553805150.85072
1553805151.373177
1553805151.962788
1553805152.462273
1553805152.99909
1553805153.537359
1553805154.088223
1553805154.612832
1553805155.141489
1553805155.646183
1553805156.17498
1553805156.671198
1553805157.188179
1553805157.723084
1553805158.266129
1553805158.814936
1553805159.341912
1553805159.857191
1553805160.350641
1553805160.863733
1553805161.381679
1553805161.969855
1553805162.519309
1553805163.018929
1553805163.67794
1553805164.197356
1553805164.687287
1553805165.242005
1553805165.780112
1553805166.314141
1553805166.905165
1553805167.389751
1553805167.913935
1553805168.501426
1553805169.031043
1553805169.517418
1553805169.987523
1553805170.520816
1553805171.075276
1553805171.656882
1553805172.160066
1553805172.671466
1553805173.27375
1553805173.872815
1553805174.402354
1553805174.954241
1553805175.513108
1553805176.109647
1553805176.695885
1553805177.266838
1553805177.761654
1553805178.270003
1553805178.766579
1553805179.306643
1553805179.824596
1553805180.346098
1553805180.848104
1553805181.292788
1553805181.807543
1553805182.335107
1553805182.864723
1553805183.449111
1553805183.944956
1553805184.470622
1553805184.997442
1553805185.467693
1553805185.972302
1553805186.506836
1553805187.071365
1553805187.609793
1553805188.203761
1553805188.778721
1553805189.263218
1553805189.741419
1553805190.254249
1553805190.764111
1553805191.263276
1553805191.85567
1553805192.432539
1553805192.969855
1553805193.477952
1553805194.021686
1553805194.491689
1553805194.954287
1553805195.429115
1553805195.935367
1553805196.467085
1553805197.008095
1553805197.51338
1553805197.990142
1553805198.5139
1553805199.036204
1553805199.555035
1553805200.087515
1553805200.611087
1553805201.152385
1553805201.708169
1553805202.210188
1553805202.709171
1553805203.265505
1553805203.852117
1553805204.392241
1553805204.903843
1553805205.445135
1553805205.986823
1553805206.515802
1553805207.008224
1553805207.520448
1553805208.063002
1553805208.570932
1553805209.100843
1553805209.639977
1553805210.204337
1553805210.668623
1553805211.152471
1553805211.660344
1553805212.127005
1553805212.599073
1553805213.093248
1553805213.599296
1553805214.098859
1553805214.636041
1553805215.130767
1553805215.589591
1553805216.052791
1553805216.543199
1553805217.002669
1553805217.461768
1553805217.942353
1553805218.404629
1553805218.916886
1553805219.446937
1553805219.939139
1553805220.408941
1553805220.950094
1553805221.416581
1553805221.882841
1553805222.387734
1553805222.891105
1553805223.393835
1553805223.898218
1553805224.386851
1553805224.859592
1553805225.338004
1553805225.816053
1553805226.286097
1553805226.813862
1553805227.339713
1553805227.823004
1553805228.286887
1553805228.767048
1553805229.238885
1553805229.721847
1553805230.202039
1553805230.77422
1553805231.329702
1553805231.876485
1553805232.356684
1553805232.847523
1553805233.353059
1553805233.864927
1553805234.367727
1553805234.885781
1553805235.397649
1553805235.913477
1553805236.474461
1553805237.035528
1553805237.603829
1553805238.122605
1553805238.656268
1553805239.15326
1553805239.684274
1553805240.221029
1553805240.737228
1553805241.228043
1553805241.72094
1553805242.173849
1553805242.660486
1553805243.188308
1553805243.656891
1553805244.139025
1553805244.636007
1553805245.186154
1553805245.67873
1553805246.195993
1553805246.697103
1553805247.180011
1553805247.690762
1553805248.24106
1553805248.722146
1553805249.168496
1553805249.648731
1553805250.129917
1553805250.609489
1553805251.159
1553805251.685589
1553805252.237191
1553805252.734033
1553805253.197642
1553805253.716538
1553805254.248208
1553805254.743976
1553805255.257076
1553805255.820087
1553805256.343785
1553805256.86729
1553805257.395193
1553805257.915683
1553805258.429189
1553805258.925984
1553805259.419985
1553805259.904303
1553805260.395928
1553805260.909924
1553805261.418027
1553805261.916033
1553805262.447532
1553805262.941787
1553805263.409582
1553805263.886094
1553805264.396484
1553805264.918739
1553805265.436419
1553805265.929076
1553805266.4021
1553805266.969149
1553805267.490428
1553805268.02722
1553805268.590208
1553805269.107717
1553805269.571511
1553805270.055868
1553805270.59005
1553805271.09286
1553805271.565371
1553805272.044781
1553805272.527569
1553805273.035047
1553805273.574487
1553805274.072593
1553805274.536173
1553805275.033247
1553805275.519554
1553805276.000574
1553805276.523286
1553805276.998657
1553805277.520849
1553805278.038553
1553805278.571494
1553805279.095565
1553805279.606506
1553805280.090069
1553805280.597824
1553805281.118206
1553805281.635178
1553805282.145819
1553805282.650124
1553805283.147214
1553805283.651888
1553805284.147635
1553805284.665826
1553805285.18368
1553805285.692465
1553805286.162143
1553805286.633971
1553805287.091169
1553805287.610394
1553805288.092745
1553805288.568524
1553805289.069287
1553805289.6097
1553805290.139876
1553805290.664196
1553805291.125889
1553805291.614773
1553805292.10045
1553805292.563813
1553805293.042478
1553805293.547212
1553805294.022721
1553805294.53005
1553805295.036781
1553805295.548345
1553805296.029675
1553805296.530297
1553805297.014097
1553805297.541982
1553805298.029157
1553805298.498886
1553805298.973346
1553805299.476968
1553805299.989465
1553805300.471873
1553805300.977997
1553805301.529935
1553805302.007291
1553805302.463334
1553805302.971813
1553805303.464522
1553805303.961044
1553805304.471125
1553805304.962913
1553805305.4737
1553805305.965607
1553805306.439128
1553805306.923767
1553805307.410548
1553805307.907923
1553805308.364111
1553805308.846271
1553805309.295861
1553805309.754958
1553805310.215734
1553805310.776901
1553805311.277328
1553805311.771061
1553805312.267547
1553805312.76384
1553805313.253552
1553805313.714963
1553805314.178021
1553805314.651058
1553805315.115631
1553805315.599679
1553805316.091644
1553805316.588496
1553805317.091834
1553805317.57519
1553805318.07147
1553805318.573928
1553805319.040874
1553805319.50987
1553805319.997241
1553805320.463706
1553805320.9227
1553805321.416674
1553805321.924576
1553805322.377244
1553805322.849901
1553805323.351156
1553805323.868752
1553805324.361247
1553805324.830206
1553805325.303841
1553805325.797913
1553805326.251095
1553805326.716905
1553805327.225346
1553805327.74596
1553805328.25043
1553805328.725749
1553805329.219906
1553805329.713535
1553805330.199745
1553805330.677147
1553805331.153284
1553805331.631999
1553805332.113275
1553805332.576467
1553805333.076736
1553805333.630858
1553805334.116879
1553805334.643173
1553805335.184327
1553805335.667811
1553805336.198573
1553805336.697754
1553805337.171489
1553805337.684933
1553805338.160352
1553805338.671602
1553805339.151262
1553805339.619057
1553805340.106624
1553805340.598101
1553805341.064766
1553805341.532928
1553805342.007513
1553805342.498377
1553805343.03022
1553805343.525481
1553805344.003394
1553805344.497792
1553805344.97553
1553805345.510162
1553805346.008617
1553805346.502808
1553805346.968735
1553805347.44774
1553805347.892924
1553805348.382845
1553805348.858281
1553805349.365852
1553805349.867706
1553805350.330375
1553805350.845818
1553805351.343333
1553805351.848671
1553805352.358626
1553805352.826347
1553805353.32171
1553805353.851207
1553805354.317494
1553805354.78278
1553805355.281491
1553805355.763874
1553805356.229531
1553805356.681978
1553805357.149182
1553805357.629785
1553805358.102357
1553805358.589983
1553805359.047504
1553805359.529847
1553805360.040691
1553805360.52832
1553805361.045091
1553805361.597171
1553805362.093787
1553805362.547757
1553805363.027173
1553805363.486841
1553805363.934355
1553805364.415897
1553805364.884801
1553805365.380858
1553805365.881441
1553805366.363633
1553805366.880821
1553805367.381014
1553805367.856412
1553805368.372635
1553805368.87195
1553805369.370715
1553805369.838772
1553805370.308832
1553805370.776561
1553805371.255867
1553805371.713555
1553805372.230304
1553805372.762177
1553805373.255492
1553805373.723071
1553805374.210885
1553805374.696798
1553805375.22453
1553805375.713723
1553805376.230149
1553805376.770289
1553805377.251286
1553805377.728396
1553805378.238089
1553805378.701965
1553805379.148475
1553805379.667484
1553805380.13553
1553805380.602966
1553805381.097992
1553805381.598887
1553805382.061956
1553805382.523627
1553805383.01076
1553805383.515974
1553805384.016268
1553805384.504687
1553805384.990832
1553805385.491963
1553805386.00749
1553805386.518688
1553805387.033175
1553805387.534482
1553805387.984714
1553805388.45054
1553805388.947057
1553805389.414975
1553805389.907683
1553805390.392061
1553805390.883096
1553805391.353567
1553805391.849309
1553805392.355997
1553805392.872925
1553805393.37424
1553805393.872717
1553805394.38857
1553805394.904722
1553805395.408281
1553805395.906553
1553805396.397457
1553805396.889748
1553805397.362056
1553805397.888847
1553805398.419007
1553805398.920244
1553805399.449969
1553805399.951367
1553805400.411316
1553805400.881028
1553805401.379725
1553805401.852339
1553805402.336571
1553805402.83231
1553805403.337451
1553805403.866018
1553805404.386683
1553805404.945538
1553805405.445116
1553805405.926406
1553805406.432794
1553805406.951282
1553805407.457807
1553805407.974937
1553805408.469109
1553805408.943831
1553805409.448516
1553805409.928971
1553805410.418508
1553805410.926853
1553805411.409555
1553805411.893
1553805412.377247
1553805412.857406
1553805413.340577
1553805413.806893
1553805414.289528
1553805414.771796
1553805415.291286
1553805415.824353
1553805416.339762
1553805416.868167
1553805417.428748
1553805417.907957
1553805418.408986
1553805418.931964
1553805419.490287
1553805419.986302
1553805420.485269
1553805421.005606
1553805421.532411
1553805422.070034
1553805422.577826
1553805423.066294
1553805423.554822
1553805424.017508
1553805424.52373
1553805425.001691
1553805425.536872
1553805426.027376
1553805426.541414
1553805427.061205
1553805427.55898
1553805428.035672
1553805428.56695
1553805429.056556
1553805429.565618
1553805430.107978
1553805430.617223
1553805431.107485
1553805431.641139
1553805432.141918
1553805432.65834
1553805433.184428
1553805433.663587
1553805434.145747
1553805434.649816
1553805435.174282
1553805435.693798
1553805436.215023
1553805436.69794
1553805437.194974
1553805437.68755
1553805438.178489
1553805438.655345
1553805439.162607
1553805439.708706
1553805440.220706
1553805440.772235
1553805441.311421
1553805441.81863
1553805442.313044
1553805442.832446
1553805443.376583
1553805443.853422
1553805444.376788
1553805444.869159
1553805445.350354
1553805445.900695
1553805446.384564
1553805446.860895
1553805447.379843
1553805447.880927
1553805448.384408
1553805448.88261
1553805449.398852
1553805449.87395
1553805450.366323
1553805450.850504
1553805451.307839
1553805451.771059
1553805452.229907
1553805452.764099
1553805453.285914
1553805453.791469
1553805454.294803
1553805454.830464
1553805455.344728
1553805455.84015
1553805456.312512
1553805456.802637
1553805457.300915
1553805457.82214
1553805458.326953
1553805458.824929
1553805459.330512
1553805459.845096
1553805460.379682
1553805460.886573
1553805461.39508
1553805461.917145
1553805462.393007
1553805462.893815
1553805463.36826
1553805463.869229
1553805464.368909
1553805464.89217
1553805465.36185
1553805465.82716
1553805466.334989
1553805466.814063
1553805467.288654
1553805467.799351
1553805468.267276
1553805468.774279
1553805469.276427
1553805469.760567
1553805470.247772
1553805470.732971
1553805471.220713
1553805471.706147
1553805472.181128
1553805472.664964
1553805473.15041
1553805473.637784
1553805474.128163
1553805474.630943
1553805475.135781
1553805475.64729
1553805476.135077
1553805476.63275
1553805477.155009
1553805477.643886
1553805478.128434
1553805478.615123
1553805479.100701
1553805479.572757
1553805480.071812
1553805480.583583
1553805481.041102
1553805481.505077
1553805482.005008
1553805482.502078
1553805483.024087
1553805483.517261
1553805484.028499
1553805484.513409
1553805485.017303
1553805485.526553
1553805486.027764
1553805486.586585
1553805487.091497
1553805487.605708
1553805488.123584
1553805488.609302
1553805489.11765
1553805489.649863
1553805490.205741
1553805490.678322
1553805491.181374
1553805491.724042
1553805492.229278
1553805492.747755
1553805493.255712
1553805493.729709
1553805494.205353
1553805494.704124
1553805495.173446
1553805495.622065
1553805496.089999
1553805496.560268
1553805497.052596
1553805497.551125
1553805498.023016
1553805498.526856
1553805499.062411
1553805499.534309
1553805500.026667
1553805500.547143
1553805501.016825
1553805501.490105
1553805501.961127
1553805502.463123
1553805502.947119
1553805503.417048
1553805503.892942
1553805504.381232
1553805504.890888
1553805505.385653
1553805505.873484
1553805506.347967
1553805506.896597
1553805507.405582
1553805507.88823
1553805508.378215
1553805508.885644
1553805509.385248
1553805509.883772
1553805510.37136
1553805510.870124
1553805511.359954
1553805511.871121
1553805512.367969
1553805512.85438
1553805513.362483
1553805513.84957
1553805514.36459
1553805514.881459
1553805515.361781
1553805515.870941
1553805516.398929
1553805516.90293
1553805517.421835
1553805517.931332
1553805518.407585
1553805518.956923
1553805519.447303
1553805519.920293
1553805520.425681
1553805520.955172
1553805521.445948
1553805521.975917
1553805522.452897
1553805522.954709
1553805523.447292
1553805523.922662
1553805524.40737
1553805524.888823
1553805525.374466
1553805525.840677
1553805526.296479
1553805526.756516
1553805527.234412
1553805527.717917
1553805528.185427
1553805528.662437
1553805529.166564
1553805529.627667
1553805530.088303
1553805530.552947
1553805531.045516
1553805531.543876
1553805532.019423
1553805532.478156
1553805532.95423
1553805533.419095
1553805533.906025
1553805534.419687
1553805534.9273
1553805535.413435
1553805535.901765
1553805536.387257
1553805536.86589
1553805537.341994
1553805537.826712
1553805538.285142
1553805538.728357
1553805539.23534
1553805539.726194
1553805540.224034
1553805540.728798
1553805541.222562
1553805541.725093
1553805542.260828
1553805542.760906
1553805543.265201
1553805543.795765
1553805544.29662
1553805544.794746
1553805545.315345
1553805545.815117
1553805546.311179
1553805546.834381
1553805547.342664
1553805547.837712
1553805548.352029
1553805548.957997
1553805549.487168
1553805550.013754
1553805550.553602
1553805551.035113
1553805551.534466
1553805552.021355
1553805552.52028
1553805553.092606
1553805553.632097
1553805554.145033
1553805554.642743
1553805555.216991
1553805555.726658
1553805556.203989
1553805556.742786
1553805557.224176
1553805557.719211
1553805558.221644
1553805558.696683
1553805559.215116
1553805559.76606
1553805560.284547
1553805560.753168
1553805561.197348
1553805561.758505
1553805562.298669
1553805562.808618
1553805563.331862
1553805563.824978
1553805564.304058
1553805564.781187
1553805565.269931
1553805565.770998
1553805566.310889
1553805566.81748
1553805567.297666
1553805567.836434
1553805568.299901
1553805568.766254
1553805569.244707
1553805569.726253
1553805570.197163
1553805570.706978
1553805571.212024
1553805571.672351
1553805572.164087
1553805572.667332
1553805573.161667
1553805573.661573
1553805574.208202
1553805574.685261
1553805575.191486
1553805575.692666
1553805576.199562
1553805576.709391
1553805577.203002
1553805577.679081
1553805578.21505
1553805578.726203
1553805579.228222
1553805579.717032
1553805580.206676
1553805580.703672
1553805581.177788
1553805581.67379
1553805582.163841
1553805582.650664
1553805583.162601
1553805583.673138
1553805584.189231
1553805584.69429
1553805585.26756
1553805585.765046
1553805586.249882
1553805586.711584
1553805587.179062
1553805587.684508
1553805588.171243
1553805588.687043
1553805589.19018
1553805589.643727
1553805590.127093
1553805590.642512
1553805591.177429
1553805591.690359
1553805592.151385
1553805592.61033
1553805593.106442
1553805593.618975
1553805594.112709
1553805594.590334
1553805595.051204
1553805595.563242
1553805596.05295
1553805596.537633
1553805597.061442
1553805597.58491
1553805598.081877
1553805598.554934
1553805599.095663
1553805599.618006
1553805600.110532
1553805600.601085
1553805601.064154
1553805601.545083
1553805602.041863
1553805602.539345
1553805603.043024
1553805603.553189
1553805604.027522
1553805604.500694
1553805604.98597
1553805605.5119
1553805605.998698
1553805606.459654
1553805607.010407
1553805607.491282
1553805607.995313
1553805608.470351
1553805608.939743
1553805609.438503
1553805610.013737
1553805610.501997
1553805610.999844
1553805611.513752
1553805611.971365
1553805612.440559
1553805612.911151
1553805613.400285
1553805613.906268
1553805614.434724
1553805614.951769
1553805615.445663
1553805615.966718
1553805616.490141
1553805616.996242
1553805617.472942
1553805618.047824
1553805618.515391
1553805618.984973
1553805619.470277
1553805619.942744
1553805620.393212
1553805620.858837
1553805621.304653
1553805621.788702
1553805622.258771
1553805622.737551
1553805623.199752
1553805623.744681
1553805624.224556
1553805624.69981
1553805625.221579
1553805625.742005
1553805626.239156
1553805626.743383
1553805627.256658
1553805627.838963
1553805628.326723
1553805628.849627
1553805629.327601
1553805629.810156
1553805630.339971
1553805630.880287
1553805631.382242
1553805631.865007
1553805632.354277
1553805632.852083
1553805633.406161
1553805633.887765
1553805634.362833
1553805634.916911
1553805635.415537
1553805635.90631
1553805636.432395
1553805636.937126
1553805637.446589
1553805637.998882
1553805638.531159
1553805639.087914
1553805639.614795
1553805640.141584
1553805640.624945
1553805641.143676
1553805641.66263
1553805642.12623
1553805642.599446
1553805643.128841
1553805643.641053
1553805644.151539
1553805644.673594
1553805645.209125
1553805645.756453
1553805646.250902
1553805646.747873
1553805647.25073
1553805647.735395
1553805648.312262
1553805648.86071
1553805649.387571
1553805649.897859
1553805650.40379
1553805650.901665
1553805651.414577
1553805651.901533
1553805652.380869
1553805652.88017
1553805653.36072
1553805653.847645
1553805654.347738
1553805654.859614
1553805655.38813
1553805655.927861
1553805656.460315
1553805656.954983
1553805657.47766
1553805657.966214
1553805658.450053
1553805658.943566
1553805659.442731
1553805659.917501
1553805660.466146
1553805660.985285
1553805661.447392
1553805661.936041
1553805662.429028
1553805662.925599
1553805663.447793
1553805664.020215
1553805664.517036
1553805664.986024
1553805665.492152
1553805666.007492
1553805666.490098
1553805666.987663
1553805667.474285
1553805667.978739
1553805668.510186
1553805669.009324
1553805669.507217
1553805670.048093
1553805670.533673
1553805671.090058
1553805671.610072
1553805672.109257
1553805672.587437
1553805673.073631
1553805673.611828
1553805674.156902
1553805674.678749
1553805675.187864
1553805675.706183
1553805676.18769
1553805676.659424
1553805677.15335
1553805677.628767
1553805678.108548
1553805678.601877
1553805679.112059
1553805679.634432
1553805680.158642
1553805680.688447
1553805681.200054
1553805681.696179
1553805682.205319
1553805682.735039
1553805683.250277
1553805683.728709
1553805684.237825
1553805684.729301
1553805685.239931
1553805685.766586
1553805686.311009
1553805686.795707
1553805687.293179
1553805687.810987
1553805688.310834
1553805688.818591
1553805689.302245
1553805689.788008
1553805690.283836
1553805690.763812
1553805691.25726
1553805691.729993
1553805692.245635
1553805692.718905
1553805693.175129
1553805693.703175
1553805694.197626
1553805694.709251
1553805695.258271
1553805695.76769
1553805696.276961
1553805696.776937
1553805697.340678
1553805697.85001
1553805698.360408
1553805698.845401
1553805699.327639
1553805699.835545
1553805700.323916
1553805700.846783
1553805701.350526
1553805701.851812
1553805702.340276
1553805702.867396
1553805703.393464
1553805703.862622
1553805704.325414
1553805704.846341
1553805705.402617
1553805705.890863
1553805706.398869
1553805706.896522
1553805707.376044
1553805707.888334
1553805708.413866
1553805708.868223
1553805709.347823
1553805709.837031
1553805710.361923
1553805710.868279
1553805711.398447
1553805711.849751
1553805712.435921
1553805713.070433
1553805713.588168
1553805714.113115
1553805714.619474
1553805715.078433
1553805715.533462
1553805716.007756
1553805716.464516
1553805716.953935
1553805717.425748
1553805717.898207
1553805718.354539
1553805718.829828
1553805719.333489
1553805719.827262
1553805720.31618
1553805720.794172
1553805721.28676
1553805721.80312
1553805722.33241
1553805722.842095
1553805723.294127
1553805723.801258
1553805724.249265
1553805724.730069
1553805725.24338
1553805725.746242
1553805726.251012
1553805726.740525
1553805727.264003
1553805727.768173
1553805728.277069
1553805728.733428
1553805729.192684
1553805729.684568
1553805730.154441
1553805730.643108
1553805731.132508
1553805731.697802
1553805732.217688
1553805732.724513
1553805733.203007
1553805733.692681
1553805734.218235
1553805734.740258
1553805735.219016
1553805735.718251
1553805736.223856
1553805736.700955
1553805737.199571
1553805737.688234
1553805738.197045
1553805738.68459
1553805739.178037
1553805739.666862
1553805740.144283
1553805740.620963
1553805741.12817
1553805741.655321
1553805742.199003
1553805742.751966
1553805743.283058
1553805743.73567
1553805744.234855
1553805744.754477
1553805745.305456
1553805745.803689
1553805746.298652
1553805746.80538
1553805747.396541
1553805747.901051
1553805748.410323
1553805748.96938
1553805749.455402
1553805749.941436
1553805750.429274
1553805750.899856
1553805751.386983
1553805751.843967
1553805752.320383
1553805752.84976
1553805753.371269
1553805753.889342
1553805754.355055
1553805754.837221
1553805755.35449
1553805755.888154
1553805756.403304
1553805756.957477
1553805757.479971
1553805757.958564
1553805758.46005
1553805758.932487
1553805759.38242
1553805759.910082
1553805760.385568
1553805760.846469
1553805761.328286
1553805761.826933
1553805762.303077
1553805762.786835
1553805763.296913
1553805763.791742
1553805764.260515
1553805764.740967
1553805765.224033
1553805765.704198
1553805766.185296
1553805766.712048
1553805767.239426
1553805767.759115
1553805768.232481
1553805768.713175
1553805769.207741
1553805769.674653
1553805770.148058
1553805770.635608
1553805771.11111
1553805771.576374
1553805772.045436
1553805772.606344
1553805773.098758
1553805773.587924
1553805774.103728
1553805774.588163
1553805775.066534
1553805775.573298
1553805776.008039
1553805776.456738
1553805776.979565
1553805777.437333
1553805777.896152
1553805778.371835
1553805778.817364
1553805779.352667
1553805779.908305
1553805780.388879
1553805780.848599
1553805781.320695
1553805781.78401
1553805782.241144
1553805782.707431
1553805783.163035
1553805783.66549
1553805784.167691
1553805784.652379
1553805785.169134
1553805785.66131
1553805786.162968
1553805786.652304
1553805787.117251
1553805787.667733
1553805788.173422
1553805788.667213
1553805789.182372
1553805789.658073
1553805790.156039
1553805790.666871
1553805791.158464
1553805791.635151
1553805792.11164
1553805792.56968
1553805793.162541
1553805793.638641
1553805794.119307
1553805794.623703
1553805795.126346
1553805795.62875
1553805796.10537
1553805796.562452
1553805797.061334
1553805797.537509
1553805798.041915
1553805798.535818
1553805798.989302
1553805799.480763
1553805799.974461
1553805800.476256
1553805800.98917
1553805801.578039
1553805802.127873
1553805802.629296
1553805803.176896
1553805803.659042
1553805804.158279
1553805804.66636
1553805805.18818
1553805805.71265
1553805806.172963
1553805806.693107
1553805807.145577
1553805807.64553
1553805808.163164
1553805808.662112
1553805809.173085
1553805809.674663
1553805810.186771
1553805810.671052
1553805811.140136
1553805811.636954
1553805812.129305
1553805812.670579
1553805813.168112
1553805813.668824
1553805814.186641
1553805814.652536
1553805815.094852
1553805815.5605
1553805816.052585
1553805816.542088
1553805817.070785
1553805817.593777
1553805818.111206
1553805818.615028
1553805819.147919
1553805819.659544
1553805820.140866
1553805820.647441
1553805821.150292
1553805821.659525
1553805822.206998
1553805822.73418
1553805823.259965
1553805823.756076
1553805824.268404
1553805824.745228
1553805825.220752
1553805825.662538
1553805826.208388
1553805826.6999
1553805827.220159
1553805827.724995
1553805828.227882
1553805828.742242
1553805829.246558
1553805829.740343
1553805830.290887
1553805830.772185
1553805831.289209
1553805831.81134
1553805832.301397
1553805832.774038
1553805833.265106
1553805833.759563
1553805834.250946
1553805834.741877
1553805835.234277
1553805835.732201
1553805836.264117
1553805836.85787
1553805837.356306
1553805837.847192
1553805838.318432
1553805838.817651
1553805839.326142
1553805839.824157
1553805840.347474
1553805840.820553
1553805841.322255
1553805841.810348
1553805842.291213
1553805842.829803
1553805843.313573
1553805843.806799
1553805844.323721
1553805844.788953
1553805845.26466
1553805845.815543
1553805846.285597
1553805846.772855
1553805847.321487
1553805847.832801
1553805848.338376
1553805848.812745
1553805849.276903
1553805849.770021
1553805850.284089
1553805850.773667
1553805851.258567
1553805851.793832
1553805852.328218
1553805852.82977
1553805853.329852
1553805853.867871
1553805854.376664
1553805854.882087
1553805855.381137
1553805855.845737
1553805856.321284
1553805856.807773
1553805857.27354
1553805857.754405
1553805858.259766
1553805858.74904
1553805859.239119
1553805859.773271
1553805860.306246
1553805860.838245
1553805861.330253
1553805861.808146
1553805862.256908
1553805862.702543
1553805863.186969
1553805863.700186
1553805864.220238
1553805864.737071
1553805865.269944
1553805865.796468
1553805866.298029
1553805866.800519
1553805867.281668
1553805867.74597
1553805868.195246
1553805868.675567
1553805869.166957
1553805869.69861
1553805870.213446
1553805870.730523
1553805871.236755
1553805871.758019
1553805872.319946
1553805872.79392
1553805873.290559
1553805873.895503
1553805874.427657
1553805874.959586
1553805875.438365
1553805875.984483
1553805876.470271
1553805876.985322
1553805877.505435
1553805878.051406
1553805878.551135
1553805879.042696
1553805879.545095
1553805880.079298
1553805880.586014
1553805881.068651
1553805881.583476
1553805882.098429
1553805882.64308
1553805883.1893
1553805883.652789
1553805884.139054
1553805884.657771
1553805885.143932
1553805885.626413
1553805886.106904
1553805886.583329
1553805887.121923
1553805887.60517
1553805888.064845
1553805888.6049
1553805889.084803
1553805889.567286
1553805890.094363
1553805890.596879
1553805891.11877
1553805891.668423
1553805892.179404
1553805892.680715
1553805893.191549
1553805893.693885
1553805894.160132
1553805894.666965
1553805895.166179
1553805895.687056
1553805896.261456
1553805896.775549
1553805897.242192
1553805897.736621
1553805898.243718
1553805898.806965
1553805899.304669
1553805899.792104
1553805900.258903
1553805900.739322
1553805901.234963
1553805901.684969
1553805902.185162
1553805902.728641
1553805903.255305
1553805903.736135
1553805904.221762
1553805904.69867
1553805905.201155
1553805905.685168
1553805906.176287
1553805906.709136
1553805907.180673
1553805907.643698
1553805908.133253
1553805908.633972
1553805909.123865
1553805909.580152
1553805910.103208
1553805910.628485
1553805911.101865
1553805911.576472
1553805912.047169
1553805912.49169
1553805912.969892
1553805913.456179
1553805913.909461
1553805914.368515
1553805914.882988
1553805915.379037
1553805915.862018
1553805916.337095
1553805916.792105
1553805917.254269
1553805917.761626
1553805918.285627
1553805918.793905
1553805919.326651
1553805919.84885
1553805920.34293
1553805920.856467
1553805921.37312
1553805921.897243
1553805922.411813
1553805922.891529
1553805923.388479
1553805923.913156
1553805924.442462
1553805924.931994
1553805925.425515
1553805925.954871
1553805926.446593
1553805926.9646
1553805927.471292
1553805927.960127
1553805928.477443
1553805928.991589
1553805929.507534
1553805930.022581
1553805930.517
1553805931.033544
1553805931.559086
1553805932.125481
1553805932.675081
1553805933.175641
1553805933.649688
1553805934.142459
1553805934.638172
1553805935.167498
1553805935.696609
1553805936.163331
1553805936.664123
1553805937.147724
1553805937.622295
1553805938.135898
1553805938.624941
1553805939.103076
1553805939.57847
1553805940.131125
1553805940.661462
1553805941.17411
1553805941.694623
1553805942.190948
1553805942.649016
1553805943.131415
1553805943.655109
1553805944.160286
1553805944.654777
1553805945.131765
1553805945.624266
1553805946.114391
1553805946.63159
1553805947.161053
1553805947.702117
1553805948.243609
1553805948.743623
1553805949.229405
1553805949.73617
1553805950.261122
1553805950.784604
1553805951.271783
1553805951.742513
1553805952.271823
1553805952.778515
1553805953.293068
1553805953.795883
1553805954.290285
1553805954.823965
1553805955.282756
1553805955.794686
1553805956.312957
1553805956.848488
1553805957.362295
1553805957.898146
1553805958.365047
1553805958.872007
1553805959.393421
1553805959.879561
1553805960.355805
1553805960.849372
1553805961.3454
1553805961.845906
1553805962.349014
1553805962.861972
1553805963.402
1553805963.956531
1553805964.47864
1553805965.006642
1553805965.540536
1553805966.052082
1553805966.551965
1553805967.026789
1553805967.504525
1553805967.968336
1553805968.433709
1553805968.901591
1553805969.364378
1553805969.87178
1553805970.375126
1553805970.869443
1553805971.37393
1553805971.903835
1553805972.380396
1553805972.843072
1553805973.334602
1553805973.833533
1553805974.343415
1553805974.840188
1553805975.410054
1553805975.888594
1553805976.368304
1553805976.884899
1553805977.377612
1553805977.882807
1553805978.383595
1553805978.856341
1553805979.341348
1553805979.824607
1553805980.32664
1553805980.831787
1553805981.349373
1553805981.85413
1553805982.361474
1553805982.85533
1553805983.336147
1553805983.826008
1553805984.317528
1553805984.794853
1553805985.300939
1553805985.793201
1553805986.275104
1553805986.751919
1553805987.26198
1553805987.764432
1553805988.242691
1553805988.714146
1553805989.245539
1553805989.757341
1553805990.247894
1553805990.755635
1553805991.260266
1553805991.768722
1553805992.311307
1553805992.811093
1553805993.279186
1553805993.823405
1553805994.316878
1553805994.786325
1553805995.269963
1553805995.745188
1553805996.230498
1553805996.732565
1553805997.24241
1553805997.717581
1553805998.206236
1553805998.741422
1553805999.227725
1553805999.746799
1553806000.281401
1553806000.761075
1553806001.244956
1553806001.745739
1553806002.209219
1553806002.666662
1553806003.128052
1553806003.647355
1553806004.141128
1553806004.624712
1553806005.131485
1553806005.611991
1553806006.086788
1553806006.566165
1553806007.037493
1553806007.531781
1553806008.024786
1553806008.531618
1553806009.05221
1553806009.559379
1553806010.059921
1553806010.519403
1553806010.996689
1553806011.499111
1553806011.976965
1553806012.445927
1553806012.892759
1553806013.418329
1553806013.932932
1553806014.4308
1553806014.951372
1553806015.468661
1553806015.931732
1553806016.390642
1553806016.868764
1553806017.331434
1553806017.799179
1553806018.289917
1553806018.752001
1553806019.24813
1553806019.716816
1553806020.193026
1553806020.687818
1553806021.182472
1553806021.713135
1553806022.217278
1553806022.738957
1553806023.253639
1553806023.797961
1553806024.275802
1553806024.794049
1553806025.276809
1553806025.816486
1553806026.34217
1553806026.851115
1553806027.370677
1553806027.893645
1553806028.387062
1553806028.939955
1553806029.447571
1553806029.945483
1553806030.464269
1553806030.96746
1553806031.497829
1553806032.014751
1553806032.526693
1553806033.022837
1553806033.482051
1553806033.976263
1553806034.460248
1553806034.944102
1553806035.426295
1553806035.967523
1553806036.472497
1553806036.983528
1553806037.513521
1553806038.020406
1553806038.534813
1553806039.033756
1553806039.51282
1553806039.996744
1553806040.473559
1553806040.986574
1553806041.434362
1553806041.891813
1553806042.383525
1553806042.876288
1553806043.400551
1553806043.906673
1553806044.395321
1553806044.906478
1553806045.403791
1553806045.8831
1553806046.359601
1553806046.839127
1553806047.333024
1553806047.851801
1553806048.349646
1553806048.824614
1553806049.280616
1553806049.811338
1553806050.292878
1553806050.778059
1553806051.290648
1553806051.836432
1553806052.314878
1553806052.833169
1553806053.362488
1553806053.846943
1553806054.350457
1553806054.882017
1553806055.35636
1553806055.846242
1553806056.319857
1553806056.817157
1553806057.338638
1553806057.842312
1553806058.314677
1553806058.882074
1553806059.376166
1553806059.854423
1553806060.36327
1553806060.852961
1553806061.326114
1553806061.80532
1553806062.266731
1553806062.738478
1553806063.185723
1553806063.700464
1553806064.183099
1553806064.637601
1553806065.127915
1553806065.703274
1553806066.257243
1553806066.753599
1553806067.221914
1553806067.690212
1553806068.185799
1553806068.649354
1553806069.102768
1553806069.56402
1553806070.05281
1553806070.506484
1553806070.968577
1553806071.449367
1553806071.925553
1553806072.420469
1553806072.925312
1553806073.401183
1553806073.918564
1553806074.433839
1553806074.928755
1553806075.423842
1553806075.909461
1553806076.432397
1553806076.955571
1553806077.476983
1553806078.014917
1553806078.535218
1553806079.068523
1553806079.560825
1553806080.040626
1553806080.500898
1553806081.007051
1553806081.524722
1553806082.088497
1553806082.622542
1553806083.162966
1553806083.695385
1553806084.226245
1553806084.70912
1553806085.173303
1553806085.644017
1553806086.10064
1553806086.557731
1553806087.006857
1553806087.53027
1553806088.036164
1553806088.522485
1553806089.026003
1553806089.518575
1553806089.995183
1553806090.51873
1553806091.023201
1553806091.503382
1553806091.972104
1553806092.450186
1553806092.961341
1553806093.513676
1553806094.024688
1553806094.535906
1553806095.115497
1553806095.671128
1553806096.219265
1553806096.770393
1553806097.334073
1553806097.877314
1553806098.436561
1553806098.933767
1553806099.432895
1553806099.931891
1553806100.506399
1553806101.024029
1553806101.501775
1553806101.997321
1553806102.507781
1553806103.046188
1553806103.562089
1553806104.087382
1553806104.605306
1553806105.15459
1553806105.670011
1553806106.174769
1553806106.676047
1553806107.202365
1553806107.723459
1553806108.253689
1553806108.792932
1553806109.295111
1553806109.828423
1553806110.353889
1553806110.8572
1553806111.428385
1553806111.935787
1553806112.419116
1553806112.92077
1553806113.412392
1553806113.901235
1553806114.45128
1553806114.945386
1553806115.402275
1553806115.875686
1553806116.418438
1553806116.934394
1553806117.452377
1553806117.950359
1553806118.461463
1553806118.93992
1553806119.463857
1553806119.995191
1553806120.516008
1553806121.00165
1553806121.544701
1553806122.056713
1553806122.56931
1553806123.066574
1553806123.524454
1553806124.128121
1553806124.668649
1553806125.181667
1553806125.689389
1553806126.249233
1553806126.767386
1553806127.22024
1553806127.721717
1553806128.252652
1553806128.763938
1553806129.281679
1553806129.801749
1553806130.313713
1553806130.836587
1553806131.343741
1553806131.854813
1553806132.354504
1553806132.870436
1553806133.334359
1553806133.845097
1553806134.338117
1553806134.849523
1553806135.355087
1553806135.820735
1553806136.303853
1553806136.753925
1553806137.26367
1553806137.738019
1553806138.19275
1553806138.655486
1553806139.100796
1553806139.556468
1553806140.060226
1553806140.54259
1553806141.010119
1553806141.51653
1553806141.988808
1553806142.476112
1553806143.007692
1553806143.514262
1553806144.014706
1553806144.518379
1553806145.025994
1553806145.491124
1553806145.959519
1553806146.445007
1553806146.9209
1553806147.40689
1553806147.915741
1553806148.446813
1553806148.968306
1553806149.491396
1553806149.966553
1553806150.484196
1553806150.988836
1553806151.513776
1553806151.995818
1553806152.491155
1553806152.990936
1553806153.466592
1553806153.954918
1553806154.430032
1553806154.91063
1553806155.388019
1553806155.915505
1553806156.422763
1553806156.924897
1553806157.43946
1553806157.915288
1553806158.389493
1553806158.870881
1553806159.357709
1553806159.842101
1553806160.352005
1553806160.891055
1553806161.372461
1553806161.893989
1553806162.409137
1553806162.953519
1553806163.482274
1553806164.008231
1553806164.529739
1553806165.070273
1553806165.565871
1553806166.036354
1553806166.548514
1553806167.026507
1553806167.501884
1553806167.983299
1553806168.474597
1553806168.946221
1553806169.414912
1553806169.913941
1553806170.39829
1553806170.907071
1553806171.398218
1553806171.870119
1553806172.332881
1553806172.819094
1553806173.307506
1553806173.842311
1553806174.367461
1553806174.845585
1553806175.350686
1553806175.892046
1553806176.373841
1553806176.82534
1553806177.293214
1553806177.786645
1553806178.277566
1553806178.784836
1553806179.350592
1553806179.857463
1553806180.341442
1553806180.854723
1553806181.337873
1553806181.814576
1553806182.319744
1553806182.793518
1553806183.293786
1553806183.801883
1553806184.275683
1553806184.745344
1553806185.2507
1553806185.751937
1553806186.26029
1553806186.740478
1553806187.192189
1553806187.685063
1553806188.182127
1553806188.682516
1553806189.175187
1553806189.647159
1553806190.124837
1553806190.571728
1553806191.041822
1553806191.524323
1553806192.071806
1553806192.589684
1553806193.076905
1553806193.586659
1553806194.076538
1553806194.563014
1553806195.049441
1553806195.539378
1553806196.028012
1553806196.492279
1553806196.970484
1553806197.484693
1553806197.969067
1553806198.485345
1553806198.950836
1553806199.416537
1553806199.907606
1553806200.374042
1553806200.896457
1553806201.415327
1553806201.939672
1553806202.455304
1553806202.919042
1553806203.383721
1553806203.87439
1553806204.377173
1553806204.845821
1553806205.348465
1553806205.864585
1553806206.407064
1553806206.96582
1553806207.535452
1553806208.044663
1553806208.544851
1553806209.070004
1553806209.568596
1553806210.02425
1553806210.536563
1553806211.021161
1553806211.489071
1553806211.999597
1553806212.465335
1553806212.931173
1553806213.478294
1553806213.975625
1553806214.488611
1553806215.002146
1553806215.475334
1553806215.951456
1553806216.480006
1553806216.964415
1553806217.437584
1553806217.988694
1553806218.500293
1553806219.010461
1553806219.552991
1553806220.065787
1553806220.591089
1553806221.111316
1553806221.618652
1553806222.136337
1553806222.649716
1553806223.186055
1553806223.70572
1553806224.21291
1553806224.727044
1553806225.238168
1553806225.703934
1553806226.258479
1553806226.772448
1553806227.264385
1553806227.759596
1553806228.24776
1553806228.769181
1553806229.306186
1553806229.791881
1553806230.278603
1553806230.782498
1553806231.270537
1553806231.757027
1553806232.250065
1553806232.783747
1553806233.292984
1553806233.778077
1553806234.303035
1553806234.784772
1553806235.281468
1553806235.794165
1553806236.240583
1553806236.753187
1553806237.237653
1553806237.733279
1553806238.217683
1553806238.715124
1553806239.192427
1553806239.67156
1553806240.181325
1553806240.706238
1553806241.270277
1553806241.817962
1553806242.315694
1553806242.815507
1553806243.292342
1553806243.744372
1553806244.272358
1553806244.848762
1553806245.385998
1553806245.867985
1553806246.338825
1553806246.838291
1553806247.348765
1553806247.91285
1553806248.406321
1553806248.871676
1553806249.344012
1553806249.8265
1553806250.308721
1553806250.811987
1553806251.336177
1553806251.854012
1553806252.352295
1553806252.857294
1553806253.335853
1553806253.841548
1553806254.353754
1553806254.845423
1553806255.350908
1553806255.832722
1553806256.324733
1553806256.841167
1553806257.359493
1553806257.861226
1553806258.366881
1553806258.853303
1553806259.362795
1553806259.842208
1553806260.333776
1553806260.829806
1553806261.338266
1553806261.873674
1553806262.438387
1553806262.947389
1553806263.454451
1553806264.008043
1553806264.52566
1553806265.048626
1553806265.545223
1553806266.053327
1553806266.542625
1553806267.038415
1553806267.498597
1553806267.994365
1553806268.508086
1553806269.050819
1553806269.563254
1553806270.092548
1553806270.677414
1553806271.184602
1553806271.731606
1553806272.217448
1553806272.697503
1553806273.1743
1553806273.659525
1553806274.134461
1553806274.623541
1553806275.125522
1553806275.612074
1553806276.121692
1553806276.680688
1553806277.15392
1553806277.645426
1553806278.157998
1553806278.66448
1553806279.169095
1553806279.697052
1553806280.199515
1553806280.717588
1553806281.200557
1553806281.746431
1553806282.221242
1553806282.726658
1553806283.242132
1553806283.748022
1553806284.249608
1553806284.743924
1553806285.225036
1553806285.705224
1553806286.2072
1553806286.67471
1553806287.137993
1553806287.62571
1553806288.12893
1553806288.618574
1553806289.130329
1553806289.641749
1553806290.113132
1553806290.640359
1553806291.157177
1553806291.616172
1553806292.106783
1553806292.637996
1553806293.147883
1553806293.639829
1553806294.129876
1553806294.586199
1553806295.093212
1553806295.589913
1553806296.070028
1553806296.533454
1553806297.03235
1553806297.535504
1553806298.045955
1553806298.552268
1553806299.025697
1553806299.514409
1553806300.011065
1553806300.505378
1553806301.001036
1553806301.487172
1553806302.019049
1553806302.462315
1553806302.944144
1553806303.478485
1553806303.987513
1553806304.515873
1553806304.992392
1553806305.491148
1553806305.999936
1553806306.526492
1553806307.047062
1553806307.535197
1553806308.070034
1553806308.581881
1553806309.130848
1553806309.635026
1553806310.121063
1553806310.617436
1553806311.085028
1553806311.556538
1553806312.107896
1553806312.601816
1553806313.123928
1553806313.598254
1553806314.094008
1553806314.587134
1553806315.05979
1553806315.540324
1553806316.07087
1553806316.560798
1553806317.043518
1553806317.547178
1553806318.047115
1553806318.522381
1553806319.035781
1553806319.509001
1553806319.990409
1553806320.489223
1553806320.966543
1553806321.452122
1553806321.931782
1553806322.472317
1553806322.962701
1553806323.471036
1553806323.990456
1553806324.506506
1553806324.995557
1553806325.537615
1553806326.019934
1553806326.547773
1553806327.027707
1553806327.533881
1553806328.041757
1553806328.515288
1553806328.998709
1553806329.48454
1553806330.007268
1553806330.46992
1553806330.96369
1553806331.459027
1553806331.94955
1553806332.480032
1553806333.004962
1553806333.499641
1553806334.018125
1553806334.499172
1553806334.978369
1553806335.472965
1553806335.964163
1553806336.489723
1553806336.989069
1553806337.456741
1553806337.921926
1553806338.403886
1553806338.879075
1553806339.351899
1553806339.828237
1553806340.327939
1553806340.870578
1553806341.365254
1553806341.829253
1553806342.355459
1553806342.816151
1553806343.284314
1553806343.793777
1553806344.265457
1553806344.73398
1553806345.247013
1553806345.772565
1553806346.245348
1553806346.74559
1553806347.249457
1553806347.769939
1553806348.244099
1553806348.767697
1553806349.283199
1553806349.77576
1553806350.255899
1553806350.737582
1553806351.202769
1553806351.70519
1553806352.200464
1553806352.682935
1553806353.186772
1553806353.681396
1553806354.17246
1553806354.665868
1553806355.18131
1553806355.679211
1553806356.152752
1553806356.648493
1553806357.105765
1553806357.62302
1553806358.144348
1553806358.648593
1553806359.162557
1553806359.70249
1553806360.217656
1553806360.734281
1553806361.278324
1553806361.780958
1553806362.290386
1553806362.797654
1553806363.289827
1553806363.770934
1553806364.2666
1553806364.743953
1553806365.216595
1553806365.737766
1553806366.263084
1553806366.735333
1553806367.222281
1553806367.688409
1553806368.218102
1553806368.720665
1553806369.257385
1553806369.779436
1553806370.28977
1553806370.8137
1553806371.325141
1553806371.831361
1553806372.339551
1553806372.860292
1553806373.373988
1553806373.947683
1553806374.460616
1553806374.958137
1553806375.49134
1553806375.997948
1553806376.523531
1553806377.062375
1553806377.572791
1553806378.048306
1553806378.573453
1553806379.085825
1553806379.562849
1553806380.087674
1553806380.590251
1553806381.113956
1553806381.630288
1553806382.160287
1553806382.666442
1553806383.149413
1553806383.634285
1553806384.206594
1553806384.722542
1553806385.226249
1553806385.720277
1553806386.253201
1553806386.756541
1553806387.254652
1553806387.753387
1553806388.255252
1553806388.760597
1553806389.277751
1553806389.811313
1553806390.292645
1553806390.773415
1553806391.267845
1553806391.769323
1553806392.258496
1553806392.756898
1553806393.290653
1553806393.77959
1553806394.290317
1553806394.813232
1553806395.314013
1553806395.823958
1553806396.334037
1553806396.781855
1553806397.250127
1553806397.77284
1553806398.253624
1553806398.761986
1553806399.258632
1553806399.743266
1553806400.246588
1553806400.774901
1553806401.281572
1553806401.830704
1553806402.323257
1553806402.870252
1553806403.386267
1553806403.930344
1553806404.435052
1553806404.952635
1553806405.459137
1553806405.988491
1553806406.490289
1553806407.041961
1553806407.575924
1553806408.110572
1553806408.62367
1553806409.143235
1553806409.632057
1553806410.126842
1553806410.649713
1553806411.160388
1553806411.732185
1553806412.25331
1553806412.723904
1553806413.193074
1553806413.707949
1553806414.198249
1553806414.715513
1553806415.23166
1553806415.725785
1553806416.194111
1553806416.712006
1553806417.211385
1553806417.724457
1553806418.229128
1553806418.702114
1553806419.190072
1553806419.684205
1553806420.217426
1553806420.72121
1553806421.190409
1553806421.678948
1553806422.25586
1553806422.728794
1553806423.239678
1553806423.754735
1553806424.272541
1553806424.777998
1553806425.27302
1553806425.782918
1553806426.294477
1553806426.823961
1553806427.343198
1553806427.83349
1553806428.313773
1553806428.775107
1553806429.2793
1553806429.812075
1553806430.336187
1553806430.852309
1553806431.395979
1553806431.91088
1553806432.404077
1553806432.898432
1553806433.36572
1553806433.866078
1553806434.385084
1553806434.954414
1553806435.42589
1553806435.906702
1553806436.421094
1553806436.9233
1553806437.415913
1553806437.911495
1553806438.422524
1553806438.982609
1553806439.505735
1553806440.044378
1553806440.581659
1553806441.087028
1553806441.612435
1553806442.099699
1553806442.583587
1553806443.09731
1553806443.573517
1553806444.072048
1553806444.563468
1553806445.051512
1553806445.565378
1553806446.04565
1553806446.535851
1553806447.009661
1553806447.47951
1553806447.96609
1553806448.486588
1553806449.03293
1553806449.509179
1553806450.003749
1553806450.528769
1553806451.034877
1553806451.544192
1553806452.041835
1553806452.548007
1553806453.041934
1553806453.596512
1553806454.102019
1553806454.582525
1553806455.126674
1553806455.620104
1553806456.105929
1553806456.585739
1553806457.11459
1553806457.607505
1553806458.07486
1553806458.560834
1553806459.124318
1553806459.610709
1553806460.119421
1553806460.603955
1553806461.089985
1553806461.610728
1553806462.081285
1553806462.577159
1553806463.060107
1553806463.580101
1553806464.10894
1553806464.644538
1553806465.120257
1553806465.683984
1553806466.223538
1553806466.725814
1553806467.225034
1553806467.755501
1553806468.240018
1553806468.715206
1553806469.216843
1553806469.720811
1553806470.204548
1553806470.668145
1553806471.190529
1553806471.754019
1553806472.273949
1553806472.786681
1553806473.283471
1553806473.76347
1553806474.244615
1553806474.725618
1553806475.202566
1553806475.737982
1553806476.269075
1553806476.79047
1553806477.322211
1553806477.826419
1553806478.307817
1553806478.799656
1553806479.310066
1553806479.796081
1553806480.271943
1553806480.802965
1553806481.300765
1553806481.853492
1553806482.402694
1553806482.917352
1553806483.415579
1553806483.97991
1553806484.507567
1553806484.994287
1553806485.491905
1553806485.969172
1553806486.457692
1553806487.012553
1553806487.528855
1553806487.990526
1553806488.482051
1553806489.004705
1553806489.492578
1553806490.002494
1553806490.48904
1553806490.97515
1553806491.449792
1553806491.93111
1553806492.429639
1553806492.895449
1553806493.357266
1553806493.837642
1553806494.33419
1553806494.861386
1553806495.383122
1553806495.863344
1553806496.388816
1553806496.905039
1553806497.403074
1553806497.879801
1553806498.320048
1553806498.781749
1553806499.249436
1553806499.722447
1553806500.251122
1553806500.763397
1553806501.295322
1553806501.784036
1553806502.306742
1553806502.803984
1553806503.298121
1553806503.766778
1553806504.256203
1553806504.757113
1553806505.28005
1553806505.807572
1553806506.310522
1553806506.801519
1553806507.267685
1553806507.798207
1553806508.334544
1553806508.856859
1553806509.318123
1553806509.790449
1553806510.317919
1553806510.804392
1553806511.311729
1553806511.834737
1553806512.381878
1553806512.876114
1553806513.390681
1553806513.867878
1553806514.368567
1553806514.889046
1553806515.369655
1553806515.830082
1553806516.289299
1553806516.789439
1553806517.294787
1553806517.773996
1553806518.260144
1553806518.740416
1553806519.232373
1553806519.759395
1553806520.275172
1553806520.749946
1553806521.273618
1553806521.746315
1553806522.201472
1553806522.701238
1553806523.176846
1553806523.679927
1553806524.178447
1553806524.652033
1553806525.139363
1553806525.672213
1553806526.161352
1553806526.656393
1553806527.148704
1553806527.66042
1553806528.128563
1553806528.568181
1553806529.066541
1553806529.552508
1553806529.998625
1553806530.462583
1553806530.965703
1553806531.481072
1553806531.977176
1553806532.478337
1553806532.970814
1553806533.479305
1553806533.955584
1553806534.445511
1553806534.962894
1553806535.433723
1553806535.903448
1553806536.412443
1553806536.866106
1553806537.321575
1553806537.808739
1553806538.314223
1553806538.847983
1553806539.359687
1553806539.880967
1553806540.380467
1553806540.868032
1553806541.334278
1553806541.811632
1553806542.328352
1553806542.785352
1553806543.271756
1553806543.754079
1553806544.275786
1553806544.747112
1553806545.224558
1553806545.759154
1553806546.253029
1553806546.780378
1553806547.308373
1553806547.810675
1553806548.344185
1553806548.872309
1553806549.404248
1553806549.905479
1553806550.404766
1553806550.975078
1553806551.509105
1553806552.02957
1553806552.515754
1553806552.99396
1553806553.428491
1553806553.910294
1553806554.389039
1553806554.867392
1553806555.340689
1553806555.802215
1553806556.330803
1553806556.904917
1553806557.446819
1553806557.968384
1553806558.508588
1553806559.01328
1553806559.518472
1553806559.998998
1553806560.443648
1553806560.924773
1553806561.438078
1553806561.943842
1553806562.426346
1553806562.920893
1553806563.447376
1553806563.961903
1553806564.511071
1553806565.017527
1553806565.490374
1553806565.985626
1553806566.529448
1553806567.074199
1553806567.588346
1553806568.145602
1553806568.66262
1553806569.191307
1553806569.745592
1553806570.261313
1553806570.763083
1553806571.27306
1553806571.779991
1553806572.321128
1553806572.813121
1553806573.335255
1553806573.822307
1553806574.310146
1553806574.802793

