34164742444823996e-79
5931202055211266e-30
3.020810231995237
0.9351910114977401
32430408986643973e-57
5543336413478868e-31
7912560066240246e-61
7548351841418706e-25
9.655706407796496
18.435743896569004
31.460369083171038
45.07206918544613
53.8362346687087
60.16185590748358
62.617816069863196
66.29353609976116
67.85429005350399
63.07823156310591
50.21103132490442
44.68401139050887
45.85566110068305
45.50994242724256
43.39790136368889
38.11663583791965
41.00615441075001
43.14989537965021
38.01510213129434
33.06343836140813
26.93060397047161
22.608854466553595
26.623445085312188
27.99239112392906
3.9334280698739637
35.45875063068303
59.046387715107244
65.60678849600531
62.77877311161274
48.88709274313213
32.156058590153414
24.37286850783689
24.809464809551383
27.231086746282102
32.631562146508834
32.04600324684985
27.94078756801879
23.07835684324811
18.6029157256327
13.79892821203071
13.773465938842929
12.12183080377564
16.435640553491332
41.872394735805806
54.02204872399742
53.77287258320216
46.765197396904796
37.923446195197364
27.491162433268215
18.936241319445582
8.945417070632464
3.1856702313999192
9.463183629979921
26.87611117449497
32.61224168799807
21.656770628925518
25.811204338168675
36.66042053258164
59.59200497173426
73.1370632636901
78.68177890368163
94.23241851811854
105.93142107900718
119.67999443119851
135.9156522591682
138.6909407832179
125.460732087894
97.44472340734143
68.8121651935542
31.054937669707257
9.697670950104582
4937139407493308e-22
16780691816380554e-135
15183565688191576e-216
0.7076860533488423
22.100281593148534
30.890900099874077
19.83452335819002
20.912529253506865
27.211699229749943
29.29929997974359
18.10578638228824
13.758919785719542
16.97373419246989
10.363450167773403
7593223443656802e-20
4249595730148437e-99
13645611761486237e-137
16.302551089094194
21.39384420109103
27.474841850695178
42.314870480942716
56.509346140613324
65.24912158296794
63.26499148599908
67.53445321028512
79.85832188082381
85.45376619578997
90.15583243197146
78.12195215477212
48.88807707497609
39.68646084085554
35.399221512359105
26.70062369326098
13.288939065404257
6.004091309633733
5511968003957127e-201
16511311254989778e-260
20055203753482345e-220
8592531445871936e-137
2.949745801844252
6904000133250147e-71
11129753378581474e-60
8.353828958201264
4.824953141827437
12916375878990271e-140
1.5047886732375422
13.937420031438723
14.273009088826592
10.329157919678908
7.1193887011674075
12480020337431488e-80
2957956308311062e-76
414812824149263e-83
4750477260654097e-64
2.8583037756870127
11.418615116013601
16.800789285574634
16.27505444244454
19.444745726913187
22.40158018852341
27.47825606100921
33.28468791121487
28.58407637944386
28.500735088802276
37.9696414978827
51.68728641156637
70.190731466423
84.37629108456596
89.59472215086225
89.78328149476079
84.41402208986942
91.11192409455538
96.95891774579937
91.87000973591114
76.27050952711132
66.41040670035332
62.366741898869414
57.48684089935754
42.01907147015618
42.13479345194422
46.57138927147717
16.802315309806342
17.80950284054706
7.756822606789917
5523473161859003e-35
5146615557046367e-75
12174453804421944e-137
30931811796596254e-140
11561790292219536e-71
4534021124467256e-86
3666744554413478e-41
5.000044588906869
19.904884051591324
37.37680647194939
78.3730267875331
95.07734108722761
95.99006331818862
86.85336516607208
70.7870340689521
48.95850789943754
19.706734442074406
8.457761225865562
13.999633150131592
5.9908969055006684
12090966748620099e-168
9.37896218911234
28.301859838162613
38.184086876899194
42.123945970240285
51.47435844619196
58.638067688340726
56.17910108058444
51.03546868125092
36.95524368035105
28.75596486317024
22.56808865442725
12.527049251250922
10.80941558123864
4.7461220036992735
2783154340880088e-29
9.388946913293594
12.221500201720177
20.60207903587817
36.54322529426687
60.85604391618451
83.27709039290275
82.08601321220323
95.16819411362137
106.43001941764132
93.45839907309588
72.43630761080998
50.686010428156806
23.786157685440532
18.7675574774509
31.82895451574903
27.619315603369845
24.75275901183457
33.6144163362343
29.790783958250017
23.17323571897624
15.902819709843047
7.57197103890556
6177990935689973e-83
16676044322813817e-113
4272017417997393e-24
21.84474586192999
0.018848417532372177
8.37654249941906
9.56086397937251
6.311952236274619
28.43127525273147
66.0692915616168
92.71578480960524
81.7593448441574
58.74298672806105
16.4331881181875
16634146641678118e-242
8328555290961256e-215
10507811635492616e-135
6487926098169336e-103
62128488637265e-23
20703274512110343e-65
7.481771970577866
28.90472092780233
16.17658876131146
13.992746146618728
27.425202942895126
46.87781142732151
50.15409852838705
58.72358292634704
62.0048739787511
86.14490137771591
113.69661444933676
101.38777382401528
53.352432258643795
32.78071601228027
50.197396081157464
190.4884992831379
179.73937183271522
145.18382423702616
128.09536140210784
118.23265888145777
95.18351119250362
79.15280346011383
53.69606039121444
23.3300674679945
4.335467432154043
6288079414877995e-23
10487164530938261e-43
15666316455896838e-41
12853652686616244e-52
20565896706306446e-68
5068034937407911e-31
2.6554267343415665
31693316626238205e-24
6.447974447883537
8.496082593380642
13515433434854772e-24
6578032158481871e-105
4767381230540462e-56
6.516982835297214
4077738534792724e-74
7386142982957704e-93
5239131544653402e-40
2467462342715249e-60
16.320400014745502
46.966450812424554
58.3438466779402
63.53240717968473
40.91911166348953
60.9004536049851
81.44335816817501
85.70584369070156
77.00885705874984
67.81088713180652
55.59066928439233
39.31142606078289
39.0262167726951
43.057041359672134
36.22856455973923
23.521885085430025
13.60377581641965
3.686388148069047
9.177436868462841
15.277900822372409
16.730420448739807
16.165229489786782
11.30740359713315
6291300820398861e-267
8781851984626277e-140
13.417256347126743
3.577152141022126
28398262512290472e-108
1.8452855894288254
7.095663222588705
3.1340298962599404
6407822030009223e-165
5.309282037530239
21.022109839611687
16.51890779620693
5258889144656149e-137
18.317155882651356
16.19975204931811
15.750440895914412
8.6495143084353
13197413855089638e-31
24456877669443687e-81
2792251360452937e-112
5767717737536208e-77
29320019148371233e-25
3408628082902076e-34
3.9956657818026846
12.647314285647871
13.920880746776046
22.156879069766795
39.778420413973045
55.780380246668535
76.63541312445695
104.42079305682688
127.3945800173917
117.21902123173862
100.8644825112785
88.93448862126937
60.724748702657536
30.74467577181367
11.0182146227259
213390147125931e-75
2.945265458569592
11.546555828827696
13.524230615841974
9.478965423923045
8.646384122292616
9.09737296618364
7805628641767558e-235
27263163912529733e-227
1.9014129042259473
12.165222210248492
22.545234305646698
30.16381361756314
30.338694366293833
26.721952870926337
26.65794522056935
24.491989714077334
23.70100762377723
23.22423543252356
33.11149543998707
58.41491658917499
47.940316556708176
31.434510267899896
30.27683506477825
23.863418508489666
16282310020309536e-197
7.342803251318251
24.391166380975264
19.142606758797633
25.82239521543871
39.7389339521842
59.63131670849279
83.65250821033898
106.417267517222
111.82734910313437
113.90929910771436
118.08996306069744
118.95787244437764
119.46298619667766
8933421067301099e-82
0.1084428763282315
0.41232171544226365
0.36261282454396815
0.29728503129415684
0.1879653662093672
0.07131110899425808
28760043162619433e-22
0.3427607945477961
0.7634876917496827
0.72102952108257
0.4675190972774399
0.45728850431598544
0.22431740910885162
5931143012405019e-24
4054577804531554e-154
6420095028447161e-175
11954404479028299e-123
5268906727867777e-115
11406970655041757e-41
0.13642052662875398
0.3837064676586794
0.8786766415915213
1.089664044842568
1.17356209548027
1.0575748593739862
0.7362342270856753
1.0433731097394332
1.730433086277058
2.1115974596532774
2.1831419890796453
1.964141389014289
0.18071485292141515
0.07785835271923178
127129703488235e-201
8443821753015638e-207
7464349558073227e-82
25205667967432306e-63
59483628475842385e-74
37978508497293993e-42
0.08033466731847821
0.19992536705547384
0.3414393506412199
0.26711956914580015
0.17388171335117927
0.22461829923951981
0.4758054914746141
0.6938182890300032
0.7804099967581676
0.8222122989476754
0.8243813597555882
0.7940823053911833
0.680597971739341
0.5569389125007504
0.4641513117349673
0.4299268468940577
0.4175712697622015
0.2361431938689481
0.3193032904086745
0.5007646021230485
0.4962096606451131
0.43040982692316093
0.6733016945238676
0.706859440496452
0.8822399271900614
0.9249256494788267
0.9680599191728889
0.9281182815215617
0.8663613311747184
0.8977228497580411
0.9356038486631654
1.0069793298785548
0.9672790184701539
0.8613319426497593
0.8144531127155862
0.8695161644234507
0.8691164021755582
0.8332551977193506
0.8195310168648616
0.7298925151609063
0.5113610973816979
0.19990619730394835
3553863651264263e-29
38922101444450594e-182
34328625645067054e-76
0.14454714622179
0.26321951247009046
0.3964934008763167
0.5227011360589048
0.6446380748606317
0.691666210333876
0.705488375268701
0.7545325345520318
0.8002041954515449
0.8139785100111746
0.8480570069130319
3947100058742574e-87
0.17732547234236856
0.2595023337076291
0.3902215358483982
0.5634300981471733
0.6064076596362059
0.3699115995911844
0.12264994320274848
297923436211518e-63
1806665264824113e-62
23152328220950192e-77
5184615664944168e-66
5922055359230802e-33
0.0875158628710926
0.1061089167584052
0.2783020874315845
0.5852281611983353
1.0709944449181603
1.4137843497835887
1.5081835602422
1.5121831251328328
1.1908104502692933
1.1366040217564521
1.125338188126094
1.0575214008973188
0.9607888402872965
0.7962266316694258
0.4997401695231
0.44129391699817305
0.16867682617360955
4696115224394114e-96
0.0009519807334098459
1.3403845601831594
1.2035044417486005
1.210428515315517
1.20326649834993
1.2044060117464788
1.1997168651285408
1.1941092630633556
1.1717109811910948
0.9702897299867108
0.6558202000887218
0.37462131784099456
0.2602330463317856
0.024349086250427476
15359736452712615e-92
0.04442838999612309
0.040495720453944395
11884499138701325e-78
11176472570183024e-62
8847440027237684e-60
2541405635922995e-22
0.13868022390138168
0.3242166193300647
0.36813394222086676
0.41687919033571896
0.24343081819219375
0.10986571088719901
0.3093623920340788
0.26076488524205244
9110752715384522e-24
19763e-324
20913741710605397e-21
0.369182856611055
0.8945936453567408
1.0486599535690906
1.165573410890476
1.282328852576161
1.2128788432524151
1.1291586050547544
1.133050620813904
1.1217120006875048
1.0642135109390476
0.8114918614401598
0.4843949841879506
0.3456167151204247
0.1689640997423229
0.15791022134449675
0.18385622724670567
0.01461015396464638
18525826196629176e-46
14666012899616816e-97
9675088816968089e-43
7454541214711617e-20
1946864225650171e-109
25e-324
2e-323
701079146219194e-316
3272838699296861e-216
57371580356149365e-254
1106169479976241e-171
0.020957334285044264
0.2368708547280649
0.4495470759187746
0.49885228151300504
0.5876440993974101
0.3352410054461323
0.13622681302313566
17232521865608507e-104
0.03837117726812483
0.044441612345847474
25744527121525273e-183
14570138145570493e-201
17319404481704414e-51
2660953136068088e-70
1412632060809568e-41
0.24262361364327
0.6115370938349252
0.8071476379877813
0.9616817559124402
0.9673176982694285
0.9257731157405984
0.9835427091260414
1.0841510511742465
1.0783439557656038
0.9804207552832401
0.7295021369805735
0.5560449654466366
0.38912123761889184
0.2919783699053871
0.33589268529636623
0.4121728948940282
0.5353231598590962
0.47077975120431337
0.16397319655228
5713979712067312e-20
26342106605367607e-94
20001788078349117e-87
0.32497001140342596
0.20604488269809237
0.05576488749125628
0.013967095029825781
5789764802136109e-40
6392901433760905e-112
2125044655878507e-99
4438346528896473e-102
34612608390355403e-57
0.16516173354683986
0.4238149668083957
0.5065353249588862
0.5446781035035251
0.6968063027322863
0.6926663183851524
0.5289263012556324
0.6128936865663697
0.8157848990024511
1.0013492236841188
1.0257989215799133
1.0772425119399385
0.9734416771760364
0.8860518244178135
0.8337552759474582
0.8726697211018191
0.8063053205246967
0.610016628626925
0.706005837787312
0.8494339523481944
0.8389016533608991
0.8790939051559753
0.77315984408641
0.6347624510559037
0.5973679753128023
0.6129378908234049
0.6169272379792992
0.6246405353159608
0.6295374429639495
0.6133592605708011
0.5829178166210285
0.6050941455003492
0.6113358620023139
0.5827845046473044
0.5493028994138085
0.557242144172026
0.5732001853408832
0.5663700993129068
0.5546577823078555
0.5332221890580536
0.5525702505310947
0.6093593541058914
0.5762939301899342
0.7090818115889518
0.8506181526409137
0.8731875236799819
0.8312503137216788
0.8375960757197095
0.8359442523448973
0.8077254221409639
0.8145397706041964
0.816761965899272
0.8389542906638225
0.8065621021441535
0.7758487795359618
0.8033220166590186
0.7490755839597569
0.6210757135475685
0.674019105903375
0.7018900757916128
0.7499170952560401
0.9001618748805588
0.9488451240884417
0.9106324610893325
0.9238761279950362
0.9092982327776706
0.93743056460545
0.8983754370492438
0.6767516529603961
0.72187235227598
0.9313809315783522
0.9352699555619544
0.7737854857791145
0.5041138443510871
0.4328246422038209
0.1432733805890907
6057955738682677e-66
4228536398284844e-41
7099044025003534e-119
5704333564123867e-175
15209143490428661e-128
7333270719215e-128
0.013731104696677838
1219650829058089e-24
0.06812289507002378
0.08203028286634399
0.12565270000194784
0.17704030714430713
0.3527002791446981
0.33152471888125745
0.2868344597567026
0.3413794144007393
0.4649115781052948
0.4281854353664575
0.47439813940751185
0.5847305106367663
0.6842866538122211
0.734726783214992
0.7844060229022052
0.8870513624646915
0.8992626777130939
0.8374620826177762
0.8416476020627929
0.8165077542860303
0.7782844402133724
0.7124265077059156
0.67895757347945
0.6823923277120137
0.5673970535849457
0.46216230608525016
0.5277726270499401
0.5839681172586164
0.532281208759632
0.45355567309191597
0.36360049352620893
0.2880402901058058
0.18147805729443506
0.12184325794040723
0.031843458870548756
0.6216775520082651
0.6229346490011315
0.5466971436278937
0.4492329760747739
0.45310164500791883
0.49665681867777006
0.5375787394855752
0.6134655378418218
0.6835007707085479
0.7871376217576861
0.8639780717527363
0.8701084513398473
0.9301760650274997
0.8978284587545393
0.864791043684834
0.8948506880260291
0.8634364428176846
0.8238800719698303
0.8496495695317362
0.8279134544169101
0.6424432394379507
0.430540625180553
0.3429625660041623
0.25612973200968214
0.18554205585473535
0.1521951468623277
0.11183727257948148
0.09272226469986197
0.09401238521041252
0.05766281990202317
0.0010203891782796922
7977516201395594e-144
0.8335658684868457
0.8295503433335832
0.059918610989309264
0.511020183991667
25e-324
0.39948148440790293
1.3858749624209452
0.25419984889273717
0.6241738390227164
8415070838147854e-109
0.37098833834243733
0.8863376770036635
0.2102015515873176
10891484048792037e-310
0.18509450858171192
0.5206408857654722
12136256479511574e-45
0.6135531516290805
10541332091922402e-26
0.22781841750827136
0.7036901174284463
0.696087093149379
0.5098493120142799
3.8661414595139147
0.2835082076765841
540951456837469e-312
0.06740670605496624
0.1658562729455722
0.1130423638075486
3450700480906998e-168
3266686854789047e-31
0.44587497016628413
0.32314621334836424
3021812477802679e-125
1.798512743943414
0.38480934952659285
0.38781330463246483
0.6253842052035213
0.23919270844811316
0.16795309943446127
0.5062138196657043
0.08594811364442889
0.2505822745739075
1.126346310782093
0.5868255899823893
5880098556590252e-123
0.5172200439253037
1.1212826856375402
0.27655463469109354
0.9601800578364429
0.15649226407517466
0.38466458612743487
0.3279355069798152
0.8247112999837025
0.5211978423713398
4568502243493172e-242
0.4077914724169981
0.4512305683771182
0.4232300807175025
0.7045858823615982
1.148278761153024
15e-324
2039418571321363e-248
0.6108332634979267
0.674829211327781
0.47332789964538974
0.12040488277036718
0.17914012243982544
0.3770995882792419
0.7209953850302073
1.1663428866468462
1.602985487699203
0.40682060624953753
0.4662019751609461
0.37611876910008163
0.26872836150955864
0.9274801349930636
60761035286264e-323
0.24786275394841115
1.0610232379732485
0.055033699483075404
0.9716388551949257
0.9638680379597595
0.18642307049279538
0.6162012386747676
0.5447711676312502
12729287880029893e-43
0.7355504752886474
6616958718619519e-137
0.3668700007559863
0.08838439107335565
1.0820184035484792
0.40901908172154366
1.2216206135506096
1.1640801849789721
0.9641788981179096
1.2441764124331662
1.0983689246204185
1.1990379948751968
0.5261642213564047
28034047048794932e-49
0.8299873786128857
1.1805350960384515
32109900818179185e-91
0.3562403838505122
8510181691265741e-308
0.357827180329712
25e-324
0.12026629047671238
1.0316172145196232
0.4648548533272936
0.6800285295426854
0.23532582273592773
0.20665514854643505
0.33915936019904686
0.17700631614387916
0.2026983056412778
0.12070648391649663
0.43911835958735523
0.7299469178757009
0.24791347798775165
0.6409988924161787
0.3220208110696515
1.0983843645714955
0.8119412427813378
0.06870023965955271
1.2791190377544037
0.19185891007855393
0.4834182182765323
0.2557815874733585
1.4260189373295875
0.22217852539280877
1.0806207351528534
0.39636706039248515
0.782179619053852
0.3181900543101159
1.0965351176242466
0.7439879930450607
0.2610767305354155
0.8993307015783928
1.1329457613029676
3e-323
0.7670499501845534
0.7465206245674405
13379191714446838e-100
1.879027693630296
0.18908312951266687
4881465018644853e-22
1431323583256548e-84
1407645717762842e-120
1.0732750919539562
52904807394101074e-39
0.27266967015774685
1.415216424755656
0.42420529805155416
0.5844512891519633
0.9866876505961448
1611407511912287e-276
1874326694315917e-248
0.15256547782429236
0.9686016180183714
1.1688571660455043
17495822914903004e-178
1.2580375441912441
1.867309228733574
9802550846499172e-170
6036939866962196e-120
0.2186190932725569
1.227007944433
9606402147475928e-63
0.5161338896949093
7644620721532258e-95
0.09067051715057392
3211183068841211e-109
0.36939566204500296
0.7904163722165566
0.7671183316412863
0.15890584966736143
0.02168536673322174
0.5732204535903412
7088830569775512e-47
1901493288617773e-151
0.3312443613115733
0.4209894980530847
1.7779698238008146
14511358685516427e-123
0.6828293355026633
0.4124045549346661
0.446885957439171
1.9989088820245968
21609423465372493e-107
730442081181832e-104
