1.9275190235335444
1.9439565847772458
2.2134496761193363
2.2916935428780905
2.26417629625783
2.0422431257010802
1.6418202205404475
1.2630584173546309
1.0520884314283097
0.9597120462877572
0.8726341406202855
0.6018120304757174
0.4021502036618086
0.17389342514612174
-0.038142988366330406
-0.24058402315369584
-0.3317316421573218
-0.4079910778258907
-0.8142261029836786
-0.8339147262252222
-0.714467104302807
-0.5296811057879262
-0.2991801747874599
-0.1459346556671551
0.12985126154415472
0.4842139325704318
0.8606539530441505
1.2558581355023484
1.5392711397268874
1.4553031575235482
1.1829476009287867
1.2031351830557624
0.8011723627611751
0.5789605635287575
-0.0766654631152357
-0.7225741104903157
-1.032947198828079
-1.1721338721608108
-1.1907539605236659
-1.0553285837379356
-0.6814659562014653
-0.2586782055942395
-0.11877934264149217
-0.06477452104123761
0.04054916632542283
0.11889494995908735
0.06683580938000283
-0.0848098363372407
-0.24051730463301388
-0.4441697186506152
-0.5211900456999846
-0.458624847768302
-0.24855252650178045
0.12731817724008854
0.7633131647564757
1.661901252034093
2.2637418313251856
2.43084495972796
2.5222695260938153
2.5459513758328844
2.6682197038892994
2.7749344882018536
2.4166372634378366
2.2880956695265318
1.2947805273151325
1.252931654258423
1.4296200250178381
1.7465911841681299
2.296276988276906
2.4226081146239613
2.474840125053702
2.4904023726368822
2.2919179269257883
2.074049711930465
1.958493021726403
1.7774629092431795
1.5852615945555435
1.2658013201696434
1.0187972050958194
0.7797548177304393
0.6183813448419965
0.26055999606830105
-0.3940610552537939
-0.44725826152779413
-0.3151823423142082
-0.3360580931514879
-0.40634566429661034
-0.21689991666592495
-0.12440263178113621
-0.1335849196018332
-0.13993361853645736
-0.14957892360581404
-0.17380807474505938
-0.32926933542424824
-0.3867607249160393
-0.4663302835653215
0.16047856689682122
0.08840790173439662
-0.079667310489008
0.029483055061119093
0.053566204946915934
0.3567632413195185
0.8251668891969114
1.045077301562037
1.0251816521831885
1.0192652762848255
0.8798470987379525
0.7437199850432137
0.6028375809097474
0.3966372268099526
-0.027842631899470442
-0.5117179138043167
-0.4698585925618795
-0.28968712442828665
-0.018197581124348803
0.5731339676661803
1.3743583664925045
1.8893277752408701
2.443938961476578
2.5382210229015003
2.2787360782773494
2.194250521565952
2.0284953124631078
1.7048530311224526
1.612945608008445
1.6478316730320735
1.3655602231739798
1.1685229411301565
1.8719134671359716
1.9190662622476595
2.378134602662917
2.290574346545512
1.5534041411458654
0.9584106589594167
0.4820189707190141
0.041753469499153914
-0.2729093959729535
-0.44301012769879666
-0.5607867476233694
-0.4567514497443605
-0.31611434457110826
-0.0749787734313942
0.3105099687939008
0.7413444132972625
1.0039488952825248
1.4597614399767325
1.6548236880373741
1.9153013617581738
1.8315101330352617
1.6340574167979467
1.3166375022134733
0.43135233470383433
-0.08235146476418255
-0.1946134981037778
0.00582478977875815
0.37953686802917436
0.24881363093746223
-0.19999132420594934
-0.28456349472854325
-0.4310414529935856
1.9331299749814337
1.8861697743388581
1.4557872994848189
1.1137351373396787
0.8576898989971737
0.8729531919496344
1.0011598205189898
1.1608537709313245
1.2589638835046346
1.1734825003957607
1.0806436580483592
0.9403626326205714
0.79740693791678
0.7272397234665339
0.5651033019397165
0.36653866331054535
0.24667608655003465
0.29012379670902605
0.7136130434007348
0.5999393838156183
0.5619673807964315
0.730902225155556
1.0894688557629244
1.4528922624608454
1.2979005955158922
1.0678272659567996
0.7790682487692099
0.2919379339462857
-0.014330428865059513
0.48125047364131107
1.2353367037281362
1.6409837173634652
-1.1392345899312868
-0.9412682095786792
-0.824673582790272
-0.47019564336282066
0.23660868336872823
0.5799575906782206
0.5791197400264019
0.6055323519317753
0.7274925385009714
0.8246911233062963
1.029381551347187
1.2238761809694205
1.343396586589965
1.601122922260963
1.8996046331567529
2.2731638929916786
2.3914827300039554
2.1555074744500535
1.9956093901335903
1.6221575167242204
1.1039213090907225
0.6634423762732753
0.17368782091111878
0.318922940514785
0.6164075763766288
0.5748774323207915
0.5119434763146468
0.5820037138031074
0.6827595080634602
0.869805511375488
1.1190274214428357
1.310865079030122
0.6418088889624594
0.6098252823382306
0.42359382744342977
0.2896509039567055
0.3494329211478731
0.4010784609769918
0.4805765502881573
0.6857410430934198
0.9249779505360919
1.0947386567912798
1.2585179111951124
1.4333023375606218
1.5681571196759878
1.7420226525784683
2.1084183242049552
2.5246274942322127
2.578777000065845
2.5535320821451264
2.5878067276219077
2.129660073481104
1.4979954378404357
0.976141338589693
0.35097425051999775
0.03287721326794078
0.017090168156847982
-0.10156196460079159
-0.19704158135918212
-0.1989513178503482
-0.19597986615294036
-0.17922014000897515
-0.18965558915740796
-0.1018625826638782
0.9585659983018096
0.9262661751277139
2.977570318849444
1.7326983932432567
2.3710302773116387
0.7214488179222909
0.238206456107542
1.5195172413692841
1.6170054141926862
1.2655596435914191
1.4332462215350912
3.435228951300721
2.7951363576872614
2.0907610264620913
2.0579194930271774
-0.2418362235759107
3.792452593556465
-0.36514490003189676
-0.3156306142062246
1.315543389738022
-0.12258072601289502
1.4628121399214913
0.5754431327095838
2.94054818168505
-0.44222243872591527
4.6548879985730105
1.4124011162270005
0.912907035285704
1.9773280577109913
1.903883474366571
1.8683707087189443
1.6694385535885665
1.2540930225290061
-0.12807407500541013
-0.9464011946464334
2.3481808504010364
0.6487054598931389
0.22324566772978396
0.6116677125644652
3.4997475750513134
2.5889783470045042
0.573903915763294
-0.9148548532064499
2.497173081118746
-0.21093782135150638
0.2356381674602887
1.9111836837092635
2.131103946876395
0.1504780591532315
1.0511109285440963
2.270832221981534
1.7830232086394586
0.8758802293183025
0.17183616735226728
3.499210473938079
1.060665157002739
2.24069028573224
0.5194135021892872
0.16614605339886196
2.642751018745414
0.9868448583242231
0.9613811157684424
2.474496940242603
2.105597518110211
0.5099920996304369
0.04954855405436756
2.86204180259758
1.979337669126581
1.8901596175805262
0.7729506627817516
0.43220626886669566
2.335879776277151
3.798658770856044
5.450917776356508
0.558821529725589
0.7256605583825434
2.6194245436691825
1.3345169208979815
1.3069376074994328
0.9237955943376278
0.35307518163081697
0.7031174459586548
1.125278558365135
2.6169044470820566
2.030523514715557
0.7887451867840076
2.05379736973831
0.09344322746041421
1.421802597707687
-0.009522695139275979
1.202883627573968
1.4327788899940728
1.4606752186738101
2.8032013553052435
0.4802474401789679
1.2513308081271675
-0.286147593781855
1.2214964749433441
2.556427857510446
1.2174859987186142
2.4172572499534266
0.8581588072218845
1.2213026503815183
0.3692640647680006
0.6135938983161877
-0.14010440657867645
2.550450673091886
-0.47098904126351565
1.5272189123106994
3.4423662865669464
1.33931187401885
-1.2238606056231984
0.9432403094771242
0.3691510989587846
2.1965134057878912
-0.014246739760207874
0.36095003379951485
1.2916391008006765
-1.4239018333853264
2.7006370956419845
-0.983598674091358
3.19677027318592
3.9835304959952524
-0.3992253611317708
1.0191731020921073
0.28835345820273794
3.102333883745797
-1.5240044627355864
-0.7537731899929314
0.5595941063168873
4.786556426435109
2.505459132368658
1.1122763967527054
1.267044182268047
3.542041337563821
0.4443626647444202
2.344250191739362
3.1787834679414666
0.8582045571510379
1.3990448013063645
-0.16758775530340572
3.296780611125066
3.0911606924618202
1.946051577949399
4.69696235380224
4.090120397054911
2.056227130671698
1.4729714204854139
2.2521082541536077
2.7483618196054866
1.803185246258836
0.11815873813692754
0.6139141192713925
-1.217787946529365
2.9182778888181544
0.8145051139877231
0.8888574246288532
1.1006834531965826
1.9189887469246774
3.4439400740212105
1.7490140750410053
3.4535334417644385
1.1498358637346373
0.40738450447020325
2.2548227577554414
1.3252669966987647
2.493664173458728
2.625337586552832
-1.8902995875955964
-1.2233704480638825
-0.8843216812572895
2.162312253315025
4.8154034666261785
0.13339280186494926
-0.3178648814899258
0.9343452683540168
2.071964315195569
-0.7703034925176013
3.7403468610540456
2.4865466551703754
0.589231068587285
1.6036539208407106
1.8332748239923933
2.609196225093721
1.3465117910140396
-0.04252682740376198
1.4423439902170985
5.174459376972228
1.6143669729522563
1.1350413995776347
-1.277529793305635
3.0301646384450565
2.2051148808384755
1.914584014199753
2.5353840859935066
2.2613343907321983
2.219390505820357
3.3738006273472774
2.29136606149242
1.959324766316191
3.2697413817763294
4.040900837724047
-1.08702481065086
0.21560564893748466
1.9532322467751886
1.8738672962252791
1.1942425808335457
2.8283818513892367
-0.5978179600056513
1.2235516181179495
2.701467335891981
0.13590399799796352
0.4387493974405107
0.5216253249506007
1.4518105704059348
2.260931936603052
0.4852351085989981
2.741412258115433
1.3935658479214594
0.9533279663866975
1.2812871257950196
2.2245121935151215
2.4490837056046466
0.8460969361364223
2.7665569266282395
-0.5043545176824243
-0.355684334210224
3.232122354985477
2.287554253796553
0.8549581683185397
2.6352630927612095
1.8513446689687127
0.8336775093763481
1.129759811258214
1.8176149589962796
1.9510475988634473
1.6570696476581448
0.20388990057209894
2.5431958080870354
0.0889618613594951
1.5344399958850157
0.18526068495575398
-0.10339356300217346
3.6840486589388837
1.9484925594132343
3.4430336966909776
1.0404461451445857
0.7931018941090113
0.9040128375291578
2.2545187967689504
3.116564370051606
-0.2965625566311708
1.2026134056060762
-0.4575621363916228
0.5262880536531771
0.1733720917104057
0.6103328184125199
2.1925178424781384
0.655302478984445
1.0657017077780815
2.1894572453662833
2.688740359482025
0.4365049203189367
0.41624281032850224
1.315976204511164
1.7523024272358083
1.4693986288886471
1.376652292074632
-0.6902749048542475
0.17225993081962204
1.9293665755383114
0.4061153026584313
0.9321773097059669
3.437979667782026
0.9738453231122328
1.4590357683194664
1.1833934159278403
1.887185484161495
1.3678764896937516
1.896149502695391
2.168337283367249
0.9843159644463285
1.1055384576321994
2.505258636368658
1.1889704844648041
1.320718621465261
1.7810898085668825
0.5456510997107409
-0.12196085023563108
2.540610580544356
2.296373644571831
0.22115097413222176
0.566732466901172
-0.6233889534859132
0.21910548126512167
1.6422244936923147
2.315110344700759
1.3489645333668765
4.915941440767796
2.495013592983662
0.3510184782139671
3.172841935309152
-0.5370088852439723
1.9446876274526643
1.281062525542255
2.193190108502685
2.579935224665571
-0.8972341009788617
0.7701309538539878
1.8580024641709663
1.0790484207291753
0.7921170970223381
1.6533059124024787
0.7584735013221713
0.5637229455155024
0.8327044565816153
1.5569537786345566
2.485143140895753
0.7589610836382834
1.3314683240155907
2.095187446815669
1.2210443398226403
1.2227135333558494
0.9169580407171115
1.5796795547868683
1.7289889975499084
0.9867309317158969
0.9209128426727671
-0.7387590929128248
1.1730918923753644
2.292943221278731
1.4808478297679175
2.1694910067872906
-0.1376728864415309
1.1864206646221471
1.322551844073565
1.567574654265328
-0.2569806928676252
0.49126572459986273
1.4723393227235826
1.7655064264421996
0.2863683189531852
2.909740453139589
0.8738762560300195
0.7126684298250777
1.5481749626502712
1.4536975537597006
2.003331071892307
-0.2190843883711309
1.703387951340891
1.8511689164262837
0.7879687152956886
2.192566945160915
1.0976855927228502
0.6416556714554554
-0.5976907575301253
1.9100133101064092
0.5337772381350443
0.6221253393977226
2.822284673674066
0.3721787144706543
-0.4198558937858406
2.766108972717079
1.082085655716186
2.692018730882481
0.7881492230796077
3.4787433064817472
-1.645972128494069
0.9055815805092129
0.7008691355026164
0.49372773680801635
0.44117826012654565
0.3014589346455016
0.11955075054338998
-0.32136443761577277
-0.771686777078755
-0.9419414995317887
-0.7866430508150892
-0.44925239938929973
-0.24192597711011413
-0.24912281350238868
-0.15738740992757783
0.2000580912546092
0.48925806282442424
0.3988047586131803
0.22255186328692356
0.10148955359467157
0.2555708820553524
0.4704403161069023
0.7084024359531811
0.8112273749254053
0.8217605996622375
0.9272318322165839
1.397113710435837
1.9463335185170256
2.296354461138142
2.362286845504092
2.357238023149386
2.4284505708641153
2.4496732638958805
0.9499082361052504
0.6827566913786859
0.794367242522083
1.1608485927755479
1.4325612370693654
1.6550360321091486
1.9434425228752563
2.3485390649744757
2.561581021762237
2.097489643874453
1.2299194026978657
0.6312260546385605
0.43489937185043115
0.490850835490703
0.6369399746588865
0.6168932464492608
0.567838937675173
0.6416748212134549
0.9551873975024917
0.8969674252724784
0.8855280718990819
0.921538980776276
0.9650337105294552
1.394952944976379
1.2428942382974615
0.8244319914101589
0.4246450311753345
0.048260719844642676
-0.09876179167607449
-0.0036432814520658244
0.1849314360581989
0.45777416733139936
0.6865715104600895
0.48696442712981225
0.38727150804736066
0.43141413136338175
0.522111377410432
0.5414267322659818
0.5006059187052363
0.6330445898043019
0.8950137836700747
1.1826473624045266
1.2119863145588234
0.8973775108753315
0.709196015348423
0.6421966413074012
0.8064939198659163
0.9200183513312195
0.9242366716512223
1.0786174791887704
1.1313499042390243
1.3199722075672051
1.9039618496054547
2.1955100572289834
2.147424899282941
2.2491901020243814
2.160206575160891
1.978010420377271
1.9393432815610718
1.9503108613359013
1.9441184322086702
1.8003305863201873
1.6373605221612948
1.5076565444371814
1.2081900285220586
1.2268485155818976
1.0823898427184537
0.8171323617631316
0.5571131551101065
0.2743314553788793
0.11767037863958969
0.4416929483036392
0.9917897995705977
1.6316225185166942
1.8014911229431354
1.254851089556484
0.8327005094865124
0.45298818365319976
-0.20045533679470648
-0.4445563973889963
-0.24210338597457182
0.0691437954868532
0.23356089421077883
0.7266078200882741
1.5874221060889286
1.7653767630034016
1.37247334423397
1.08937466233335
0.9144604787884052
0.5701555207029031
0.15197121566172334
-0.20045391619010988
-0.44007153480948674
-0.09649218057566929
0.4533820686662835
1.0484805036699338
1.5952939869171436
1.8106105669256811
1.857253726007833
1.708892722100503
1.2852057571645823
1.0088152988881736
0.8268101118545023
0.4795433575010136
0.3973529127115895
0.47852621469519674
0.5992797886346025
0.3279331885764197
0.38644751683591716
0.6228289424712206
1.0771318313366938
1.1782467503517404
0.9385309659402781
0.9566809293879458
0.9651888064927788
0.9607791303369422
0.9720815728293988
0.8724859080779056
0.7007823269303204
-0.27015240378120886
-1.08978017383583
-0.8085539510913923
-0.07636848513588973
0.6837775735335571
1.3592363105872558
1.3131248333659877
1.2464336053215403
1.3760173577042987
0.24083441220671287
-0.011153867918994885
-0.08164700365603038
0.02066894702404447
0.2754575856778479
0.5896591010246643
0.9420472112201255
1.2722042383440457
1.311652584609665
0.9749313046439455
0.3360656080194385
-0.06025528566700233
-0.12530733923309517
-0.33551012321003226
-0.2858053556529966
-0.09605050691872477
-0.06820423158608789
0.08878217837586076
0.43713069671281923
0.8359166964604755
1.4696212944241318
1.8157294764068943
2.111611869969812
2.228752790625738
2.088537257737128
1.74204871824224
1.3212838206055162
1.054954955540917
0.9698473108340381
0.7492360706015783
0.4658707535578787
0.3055322488318043
1.429263324842581
1.4649158117308456
1.5477504124257142
1.6295558448424101
1.7468084829075416
1.7797098813259977
1.8231556774105424
1.4242783398518577
0.5989565355033959
-0.11409474627827934
-0.5976096301170927
-0.128124255490253
0.2917883374414911
0.4083059867561137
0.3431747489396368
0.15192943269615708
0.0943807794941542
0.23777669842587312
0.3546938952337573
0.038653368001967
-0.7197493284545008
-1.2397529461210004
-1.1138643056811015
-0.3073317696934683
0.5319390253520289
0.914742869249539
0.9207129984842348
0.9752901426073896
1.1180871466360838
1.1649903450941101
1.086149568814232
0.8857144678145493
1.8810547943170244
2.0632511782353773
2.0157780667649337
1.841279274623205
1.6027336726809873
1.5209062027618525
1.3490587428706293
0.933536746722708
0.9358306950432341
1.1699143937949985
1.3365082623839455
1.0393002720582147
0.9682012206239275
1.0614074583117108
0.8881976967249462
0.588968741513212
0.4702794748343785
0.21670602623896867
-0.17364775792717188
-0.703340179016427
-1.0056366317471985
-0.8645323575153628
-0.8458695465755304
-1.2245183065397507
-1.482479918687008
-1.2484599408774415
-0.7608352263139597
-0.5068055119581459
-0.3442701636571686
-0.1376274512434175
0.13355428104601752
0.4963111602033881
0.08956288921810152
0.2128614733398352
0.2752257974615391
0.2918665964393948
0.3261167886074926
0.33568252413178984
0.41123177758366786
0.4668510872928024
0.22076919961607866
0.15288727404019173
0.6872238749537346
1.5330932986528376
1.7774975811302787
1.7063103547521137
1.687139228679292
1.8528875438737336
1.996567367314064
1.868598701984247
1.6917842077017937
1.7628346235716406
1.3144610534276975
0.9046786144865674
1.031870785707648
0.9837148267093649
1.211040695915591
1.3052645582594793
1.128125522984827
1.0708735686262731
1.0193357922787425
0.8827214668180915
0.7011577872867961
0.34322943904711684
0.23630659222678635
0.34957618720788614
0.4584136918225745
0.4087299792645022
0.48533032763551753
0.6055814742724033
0.7087985115765962
0.8836079581225934
0.9482623523683956
0.9753394885754527
1.426683167819329
2.1132146647477157
2.4244746564345587
2.308014754089947
1.6929293048570662
1.4754620961016631
1.4414999634116106
1.1477874999759405
1.2545468619979503
1.276957387554583
1.0493843862995744
1.0792689079150062
1.0148620163862243
0.9649638451735426
1.1183318456086386
0.8814819405339387
0.5340649704969197
0.05756606489079445
-0.4646352539646562
-0.5475294503285287
-0.4426666605643691
-0.4902773134412286
