-1.2440769331953714
-1.9458628784317116
-1.6503339360916942
-0.912883353192414
-0.11226262183120626
0.4066264449923863
0.5926417716414543
0.6258391386009593
0.4100872614746439
0.36750618718544803
0.17969298859709812
0.2513113541276131
1.0024255564733773
1.0181733641534783
0.7291160766923214
1.4291998838930933
2.511364354570688
3.674387180129963
4.198837863399868
4.5042236231592305
4.702004204878734
5.009192681889105
5.807828289117922
6.157034693099972
6.299885868973349
6.209709108878794
5.387877556093209
4.726264732797927
3.9978558731705753
2.749289492246116
2.626547023372574
3.212866557410372
-1.219402011369436
0.11025715779825696
1.4428157037630986
1.4295905830008115
0.8833640225631304
0.7439432515488672
0.09244298603796688
0.42027915729596305
1.8176281754245247
2.8877410449373437
4.04723909813755
5.1158972614136715
5.339720492058119
5.290090008794753
5.749633709059351
5.814678015737302
5.462783249572667
5.040328345881177
4.618859226984687
4.1132503372432865
4.04454473587962
4.239193998315643
3.683937910689097
2.9374988383191556
2.948491901632589
2.690376030274074
2.111335855550154
1.7790866453367242
1.5220993798519133
1.3190025688820788
0.7744935019108188
-0.2848982277947934
1.5821433501214202
2.5074004123124127
4.139570764579298
5.087866718306787
5.811533708636517
6.810459989294363
6.965167433541047
6.865485890950073
7.002788995924584
6.847099820724895
6.037714010203165
4.504493014782228
3.3132557205918394
1.689897342215307
0.2691489374221703
-1.2104159743959912
-2.113120903168005
-2.5149558164520958
-2.1847797455064732
-0.6888331137424359
0.7156704636775225
1.8199436608508364
2.390647893911216
2.997237254899569
2.786972400461989
1.3807863813550973
0.21183118169319956
-0.04198364141498715
-0.7089830036984722
-0.9767194930300951
-0.8840372434175002
-0.7801234944922782
1.4880948261967992
2.26813067404613
3.2862049195216976
4.208587789381321
4.916969664198076
5.43533910636729
5.129935789244172
5.120166460840516
6.041516773042538
6.50756182472971
6.78210660366408
6.250009488091327
4.310602816848409
3.04979353918034
2.577866732305934
1.1943994134807532
-0.7224879725864455
-2.8024966904335153
-4.916923139769358
-4.704033570379734
-3.5204134112867576
-2.3158823593522144
-1.2082778249832613
-0.7919672126187071
-0.45757286409831566
-0.23294348811463877
-1.4611818975077557
-2.9470137128136527
-2.829043294129208
-0.8341710000328735
0.05520743626996743
-0.7671964317549984
6.863407868173026
7.417380013515304
6.991765386855299
6.589495367981452
5.911507345783779
5.057839818816132
4.16694429906426
3.221242083907028
3.0729520494636455
3.312015909125154
3.1556629113761256
2.5905546885766353
0.8755463412067814
-1.1868018122999249
-0.771084221307831
0.06484583073777321
0.3931532632218317
0.45120383733139857
1.1901254998095343
-0.39549768696890086
-1.3799386743017048
-0.9112605554568856
-1.4475413218191884
-2.2523794696786736
-3.1825934983552115
-3.7245222950107
-4.650228679058547
-5.120099539372541
-4.189813872447039
-3.0506564108528162
-3.1483872616563446
-4.109730611030031
-0.032312049556374844
0.3600575515681081
1.0585854338053018
1.2634240082004564
1.543176382894887
1.9166940419034248
1.8541297719725465
1.7447415955258119
1.791514751686319
1.90116589293316
1.952496723233735
2.1319447711494597
2.8131565004675014
4.6021234018838335
4.822448404444841
4.427549067142085
4.300530892868856
3.755235702527056
1.4402010948637953
0.6534306736016782
1.2913976074812095
1.9804000348952346
1.9043038159027927
2.0505556574939034
3.4320821936247135
4.699295249235823
5.270461768681573
5.389389499183669
5.472710856738597
5.90198372785178
5.962229323813711
5.6227207108615564
-0.7695560497024931
-1.1164549363783476
-0.3403149806173771
0.062213437742396946
0.2185218773400516
0.44350278243419533
0.6366756361203538
1.1633306026236452
0.9714094900628337
0.724388056495158
0.8389253983211526
1.2924625337496756
2.2066609661098058
2.3838948764545753
2.630133506874671
3.163090967809612
3.6894331799066618
4.928108165856054
6.436234920082662
7.140150799213205
7.368286268350753
7.467644835760616
6.572417828480784
5.352320593059718
4.65498465681471
3.555532135642598
3.0666646930691597
3.1309572187145793
1.9424488343100432
0.5113256042514288
0.657854152576849
1.6480885948800672
1.275032109626822
0.5783494592902386
-0.6149369194256513
-1.565473361931403
-1.8546897115715277
-1.51736079665831
-0.0007792692676330469
1.6054590190878828
1.7761041677688094
1.138770469528234
1.2474887198071813
1.9817517343888869
3.294286619617035
5.176112498346018
5.206267291011111
4.428947253163925
3.297675739662612
2.381619148833814
2.134733810998777
3.2829062733257968
3.218725140259351
1.6588966786676456
1.3166367665182548
1.6209447043673262
2.334002459963823
2.649158558751665
4.244137163165986
5.749987569812298
5.766327519908522
5.15336591440241
5.339942360106031
6.461775357859446
0.6550787961479827
1.4868203641886235
2.592927104711191
3.0950629291537415
3.1381974987849865
3.050656736616991
2.198078007971069
1.0287385741833872
0.8625849612356731
0.9813149954625533
0.21914126388688834
-0.9998350343044614
-1.969178470190059
-3.276258842376586
-3.626495569654203
-3.315964145862719
-2.556988398389939
-1.9755844303619932
-1.9195441495627175
-2.8058333677351395
-2.6290938070914827
-1.3819655931178834
-0.894580324419063
-0.8366557211347956
-1.1383854145205647
-1.1931945560099046
-2.1242592682928394
-3.008001899339225
-2.9985392461103237
-2.504961701735395
-2.7675417936720867
-3.509393061739318
0.12105135572877208
-0.366804865585208
0.07033713753448063
0.6310882117700626
1.144730651947308
1.7131158765472092
1.806228542941425
2.5098945466722222
3.037278584317815
3.350564767004285
3.501976555409733
3.8673593334827188
4.425299368159633
3.6473823887904633
3.47025543682511
3.6642255136620565
3.188933120720444
2.9352975197425195
3.2324647936978264
3.0687323631522196
3.2027032239652327
3.8041292389588044
3.8311023709455174
3.6035090097570226
3.7932945015461033
3.32924947293394
2.6733846987472716
2.19704411836953
0.7950425835968662
-0.9347131757627779
-1.2076898829605693
-0.46396745875922235
4.895919714643004
5.172110995709246
3.8592532867649085
2.223240267216569
0.9097162772518975
-0.38958853778528246
-0.8624506775433474
-1.4439861656552844
-1.6826242486908762
-1.6776067554306202
-0.7479567448535421
0.5479744713905281
1.2570222233215373
3.2071929819651053
4.035195166133597
4.227762046264117
5.352105591379299
5.707756125563131
5.259540426401326
4.930374248448927
3.630834885459647
1.396943270519469
0.1805270787060217
0.08579353466841703
-0.5512615113682148
-0.2808344799493844
1.616023822639052
2.8853548072448403
4.5154939486811925
6.1726658323630135
6.488465078192111
5.937418032458781
-0.7920001266665634
-1.979075178201703
-0.7226707178715915
0.9317599051766798
2.03889510542175
3.192240043210201
4.382721234024299
4.987842371331995
3.7382256942699583
2.346122261985969
0.4797400515125207
-1.192479371009188
-1.1408013003664148
-2.0631695192165993
-3.0646728688221874
-3.1064182960054887
-3.0095268835275086
-1.6951675251571867
0.7641379915013919
2.8542631185931047
4.06726313797806
4.986873592953312
5.766520217067643
5.926449873155871
5.966073781321419
5.385565118008463
5.18977759909768
5.504546179523576
3.769210802861475
1.0342633484011936
0.6214102507992093
2.307614979834402
5.719627880322247
5.1142842106316895
5.137943260138447
5.056318810283841
4.77940596404742
4.617287078352416
4.074802036654472
3.2295258228205195
2.398058689879934
1.3274181208880005
0.20906592006186853
-0.1488113151597072
-1.1475770233904923
-1.648388876193854
-0.9062555011960712
-0.3584548262953343
-0.04079132924928675
0.2639925552904149
0.025014049895626323
0.12753525984019237
0.6928921786689093
1.4484122185629769
1.634813346837076
1.8045962935464421
1.4222348797663455
1.18985595859869
2.0766822639511036
1.7993764268215278
1.3883159698892424
1.135278524004878
2.190497725983694
3.508440048222318
-0.31879990906940603
0.27603071747867125
1.0284774612633996
1.1362100732457032
1.3706526385993036
1.884106323337843
1.8982353248558146
2.1254295375591643
3.2707545521569767
4.258989328510309
4.639672157687575
3.9514679544392823
3.552989465251803
3.501158854108932
2.9797684346559117
3.0332137549176914
3.0778045654256667
2.944912666667259
3.079381374988643
3.1228730415579187
2.814060839346084
2.309652118154813
3.048040787117896
3.839206610136024
3.935963714419652
3.037169099184308
2.7573096603445135
3.3958014910706504
3.9156508103777936
4.854965320863634
5.2415312427437115
4.872442217018076
1.795760577149167
2.420883976603477
3.4796572208609637
3.514695570160572
3.2899340078622394
3.7928593538693747
4.433805949109534
4.597681706545231
3.8502917051516357
2.8629068605708716
1.89307615108145
1.1055840079930794
0.8247525368007799
0.6473847353677366
0.6540262713674804
0.15185261533306313
-1.172541195388855
-2.9631816849310137
-3.726761629767121
-4.225906199266652
-3.674798965660443
-2.8859719775785564
-2.4924124431783463
-2.0198064291284648
-2.0938894328588584
-1.6192047575262067
-1.129780367223703
-1.1138406884154541
-1.2415696681518662
-1.683667049675818
-1.1879877558236596
-1.0616184644215314
1.9512305956327305
1.5294834869746288
0.8080862662928037
0.8551672056748191
1.0555014129469424
0.8385451544441805
0.0030458516845488573
-0.5261633458780829
-0.2563503226003688
0.014519031590554649
0.15388889906926717
0.749324331475603
1.0644434970230772
1.2629096877975667
1.7976139735940586
2.5477458899784198
3.7054426141023833
4.845365385158403
5.06970419250022
5.331896211434298
4.9804634115783335
4.605379424324857
4.291840640183676
3.882653151319459
3.8453490783448814
3.5558993841121422
3.3218448034146006
2.834092407617738
2.769482569593151
3.0054722227244275
2.6651984150573247
2.822054775885722
6.410857777641571
6.293339839551851
6.229522642752068
6.5374655854788095
6.629933596549449
6.884334389655096
7.138379023755958
7.054619424794411
6.43836635916647
5.776925810844772
5.239928736062046
5.233624167592522
4.823323536409283
4.789042776861166
5.366572953143845
6.038864477002343
6.045067125023126
5.9117810359689
5.832615872425074
5.367308970268813
4.765983644161725
4.368196613407999
4.315952961308823
4.291729035311474
4.085196111081264
3.850416763336922
4.110306184551818
4.291922998659413
4.305944119386725
4.017790467386735
4.207351254136385
4.540915755217379
6.010244897754206
6.144313446966314
5.673556617746814
5.626935898843879
5.640789374111698
5.8571995067862614
6.048005397557368
6.416818559501003
6.622630615377977
6.914113592197617
7.196100050031544
7.0962920757568915
6.8570361127419455
6.053184440423229
5.677056929922751
5.89871331614367
5.841198522991141
5.778873909928088
5.80162740414983
5.58754257382219
4.025010507414854
2.084364595065777
1.743306226695993
1.6417006704858335
1.3284620905080617
1.3101293672717753
1.1026873728823587
0.9257854454205753
0.8413545981023712
1.0290346146173672
1.1234004640283421
1.2046750975012996
1.3326667243651098
1.484465675572956
1.0249084585984085
0.9427779205986693
1.8472192758898376
2.5097915498243264
2.488152410681653
3.716010109170311
4.410705726939668
4.989418041924057
5.914230866233016
6.298713567695555
7.087866966579551
7.474306905947981
7.06123705989843
7.396068090130754
7.296625041602878
6.881889949527141
6.458708316399232
6.139026951616862
5.684676751620373
4.8546802304611685
4.424680915366155
4.664088162721129
5.392949329006781
4.841486631406069
4.292399186967746
4.054931055061216
2.9264908166601966
2.4687148892259283
2.0437148009923503
1.7803964075098673
3.612855021740688
3.1909712710093787
3.1399532462418147
3.2802583675766326
3.170235978934026
2.5176735126796195
2.0093431776137134
1.52719328879705
1.3123753291059372
0.8988889045833568
0.7489332907118665
0.9797976524811707
0.8896900539715269
1.507604088126088
1.480839800666553
0.45163446915516076
0.29838414619962333
0.5367602085443529
1.0081798241716131
1.4236834309551594
2.648651358154422
3.823665926353974
4.403272890665248
5.103852029192407
6.168866962603411
6.517844922976859
6.2631717930815
6.542758322930428
7.197966598757663
7.812845088164491
7.546275623086962
7.597124309300934
0.47305711945126777
-0.24037007122840492
-0.8708447608535566
-1.0232370848638586
-0.9716297723781463
-1.6450559693541413
-2.624272005756704
-3.2765507675347543
-2.7872926071074855
-1.8372433942001918
-0.5655657084522099
-0.18603230187570235
0.026790428177558903
0.17877024481933598
-0.5620543167029022
-1.5361003067124441
-1.6283663895356344
-0.9618959761611916
-0.48929754839345174
0.28149818187988546
2.2129619287847517
4.126691005393072
5.132886220295374
5.772601288492733
7.217954601067959
8.040533361961744
7.461152731688046
7.090927507651201
7.09129248854071
7.8373993107878
7.46007201909046
7.0762237770443095
-0.2649832883324881
0.15800800785891794
0.4021450615532295
0.31491689722043315
0.37820341735940194
-0.19409623976353704
-0.603806451062767
-0.0871710349695959
1.2494198277744224
2.9503000027562996
4.434209620258146
5.5606488283152755
6.715558983990171
7.200365988043357
6.195544122419873
5.514727311116318
5.83318934420556
6.097637997359956
5.70821462644746
5.3141558169110255
4.5978326319008
4.213677193662372
4.598156069425836
4.95990529892564
6.1444977761504465
6.479630880216259
5.881710281424896
5.783702715673017
5.737053419443885
6.234551362863376
5.3559121607353015
4.549015220151123
2.801179831361869
2.791223628697352
2.801552261102045
2.8091409494085946
2.8613724973659624
3.0097518221156343
3.0931765449761635
3.055481664115491
3.5225530460055627
4.062262914779874
4.382675095576959
4.469505188485342
4.8703667457102116
5.018971802771956
4.763325249686415
4.719625570271783
4.591312459343441
4.732811830234192
4.910458981732555
4.805356135649706
5.12277322437126
5.564598853830782
5.585005005039557
5.2964910738089035
5.084443206448581
4.544386939858415
3.9809952706185134
3.969389614539233
4.10099189477445
3.9905878799043557
3.609815397333842
3.3634610545122445
1.4389330484933445
1.3685719796362008
0.6751825851710733
0.3391992773368864
0.6956148954115542
0.9067125302162313
1.0815232292606867
1.7807497520252962
2.413532908534112
3.4189010985301818
4.381761357397385
4.613217566269248
4.865521616004622
5.213633999310742
5.110788246248072
5.003830271768328
5.0104544444000965
5.746154930529235
6.354604684919395
6.3124957712632765
6.038297354892695
5.355317032167576
4.850223753338222
4.314721188021945
4.020527821039316
3.1433617294773315
2.2625221497454397
2.910291553038366
3.316002903190953
2.9228176936286547
2.554734228264903
2.205702695932216
2.518670866356618
3.1987602643735458
2.066392167050899
1.2036369946885799
2.8030023467816076
3.3464398377533784
5.885077007839466
5.579484053327601
2.7457089844367464
1.4305279268100592
1.4416873377910757
1.3484564819751546
3.709114720511664
-0.777920501409129
0.7830648780589974
3.9500768466605574
-0.8911258213778918
1.4608108330903269
-2.2316800562850347
0.41732332513849296
-0.28116037404103433
-0.8973257522899442
0.7102505019658458
5.011107906790705
-0.4873920140846534
-2.492444859413272
0.01888063721582812
6.264102467083942
-0.479021384713155
-1.3609886914515115
-1.7274559986426228
1.0966161168104667
2.4609482012477604
-3.6115980632960825
5.710258741237857
1.5772430826114663
-0.3763184293128201
1.0283619285624948
1.7386849767404249
-0.89706715544148
4.580288950373498
0.49541107837657966
1.4240096499676167
3.0420678175816396
3.1214737070938323
-1.3155598101897654
-0.4389624809714171
2.064060455077784
2.748617979472032
-1.08484929543059
2.0660983931017243
2.205122438306009
0.3707801600272029
2.535634635203008
2.5411044586434617
1.901911968435153
4.4016734285345045
1.9083539711780975
2.2107409104777176
1.909953289371026
5.131353302291405
-1.6690933163464905
-2.7453510448877982
2.3665409046394563
0.451017868082203
4.6001781404316135
4.0687221387634125
0.5527586574502453
3.2678821264540496
1.8958775221062076
1.9985773270502667
1.774817724786264
0.5491882408753692
3.0967605675847447
0.6608681232790014
3.0383998894826973
2.883976401226082
-0.09913641638376543
3.1896738684914974
3.819163197835229
0.8627659638382132
5.180915353409357
1.4132688697929499
0.6081049939298628
0.4531914446401209
1.1913593327855219
1.1574523691549
1.1719214098551176
1.1170636166120875
2.268123838855641
1.3648571044093536
1.5990239378241786
1.578875174657286
6.147550480971947
2.127902164380635
2.040958509563819
1.605012631309771
2.719181712768311
-2.6292347150177755
1.8425106242155531
2.623544845751398
0.7219319567067137
-2.4554690758516236
0.8083207280014174
-1.5683017202636766
0.9349106557963368
0.2999927469152317
-3.8014167357254305
-0.7682122866033321
-0.968096192529495
-0.6035949830804698
2.9090299708938923
1.332222582630458
1.035891030371986
5.134852121379253
1.097734286016845
2.3922727831506063
3.2684591344125327
-0.11749215975491417
1.8875869974594979
-0.9282355018554674
2.874136338812342
0.30067931162968387
5.158552675324284
2.5221063413779814
0.5207123050632947
6.732072398128702
5.858084815240787
1.6279874145468558
-2.5746335478394453
7.391417085185264
1.157704798144124
4.182972229103385
2.757962276780846
-0.5663507556055976
2.474253191005385
2.0314989093101645
0.25059263428332346
0.12093437296643499
5.260560362151614
2.586269679203908
1.0716526841817393
5.845927725264669
4.527744645240487
2.9029548572922845
-0.4373075639995522
5.812292520568007
1.0151544188377817
-0.46117900769685155
2.1982727142517535
4.633283203943313
-3.332913561973963
3.9338869409572275
-1.130876158316943
1.0840984014149766
-0.30248740469914875
0.2557478139319116
2.636664782557713
2.6333212830681587
-0.9979659942762199
3.186844764876247
-0.6765292800840004
3.1619121145979903
2.0924618480957853
2.824122670537622
0.37878282419650816
4.474725091923534
2.3240468302464348
7.394145004142946
0.7018964628337944
1.9390077023939496
2.085317715408829
3.8043459661756662
0.24928921296657455
0.1320632936211986
-0.2268838199085584
0.29556434588218644
-1.0001215897955678
2.826035538332334
0.4014754535801239
1.0000077715021976
0.017229789245644778
2.6229734530248594
4.228197355087609
4.420506290399914
1.7022957922801312
1.636105294439556
6.435320709903196
4.652653033841102
-0.4097260006276579
1.8081468107666012
0.5282836605026441
