15037.562273046797
8724.35143687674
8757.47157437785
7078.018539546155
7074.40592825392
7062.510253850902
7059.050839042126
7320.584930196463
7287.649078557078
7348.359283368063
7340.521615795786
8112.091171946404
8171.144441249772
7998.197535563032
8056.279323725229
7146.3944201373115
7157.302012467885
7070.595543175872
6924.752912813824
7032.414623447638
7126.2167215795935
7069.082771518919
6912.102303538433
6943.103065686224
6900.826551231342
6954.090925564129
6959.443808294441
7279.61788287091
7301.618894327192
7323.198333183722
7299.17002783249
6777.962931709715
6958.260130378457
6836.4591213751155
6536.216928969831
6396.480947534629
6526.309652486407
6509.795216587675
6237.064217208961
6216.4404865227025
6093.253727528368
6093.305169381279
6223.831175749639
6191.502906135058
6071.670427353761
6031.833784563085
6051.803147821884
6020.5173817702935
5705.327168131501
5652.670928103903
5670.112068713386
5667.566259553477
5635.851837467975
5650.698276455507
5661.38736809083
5737.192510986647
5630.749677716269
5551.654554807486
5511.996987764197
5436.676493639375
5390.2947559671065
5294.91026548946
5257.600800257214
5405.480861616829
5407.152291465068
5346.350997960163
5247.727693348422
5489.736010278117
5530.775126606003
5249.820833512312
5217.282384177807
5418.308530946347
5446.61766498972
5244.913429658701
5206.396507648136
5528.743363502162
5583.038498559058
5361.058708204809
5299.798901328841
5050.5815950668975
5059.966344015996
5108.713914983525
5097.874972990002
5048.489425332968
5032.62558532737
4959.827294782585
4954.875038999031
4939.293338920596
4933.348445241377
4913.805344871287
4909.7033851778015
4901.876450404774
4897.837316520704
4888.126475459888
4884.29709405858
4878.838287268591
4875.251577171091
4868.5664355864565
4877.694033308254
4836.061647669652
4843.5152008474215
4825.705302198894
4821.180378304786
4785.552246185131
4818.443812677521
4820.774367023629
4899.430967835826
4892.292452312046
4880.65738312382
4882.717220501148
5005.447101780283
4998.683315617778
4917.9592621141865
4921.503020268564
5062.8583728579715
5052.0946517121765
4925.8423198155515
4931.933810280053
5083.227667714431
5068.410749670595
4929.766058772957
4939.84562919282
5105.292123240767
5086.322056063187
4939.182873395019
4953.780212846023
5138.890121016626
5115.1456442558265
4953.793539761448
4973.217800649074
5182.790088390122
5153.447276588601
4972.443679846321
4997.151341023707
5236.219956790428
5200.312529977758
4994.81890571051
5025.47640511663
5300.060067565613
5256.405896610249
5020.988580133007
5058.456447213955
5375.917102946815
5323.0852355777715
5050.991921871671
5096.271797845398
5465.535299292985
5401.892562220911
5084.669095392733
5138.804253929229
5570.556531555305
5494.401843339114
5121.53429301127
5185.438158851078
5692.270832466901
5602.085367145541
5160.621439370581
5234.812142510865
5831.247028071167
5726.086427604683
5200.339629211602
5284.587497262028
5986.890023589996
6365.680307219209
5488.342799518608
5024.015423667455
5642.620203643105
5610.990750024964
5344.250219732855
5413.443659057451
6324.361683744601
6656.910072307093
5638.8243217871095
5276.615718656614
6282.445813430361
6200.670368544197
5292.849157408285
5379.034710133563
6505.980981324277
6601.0523487341725
6638.371313632626
6579.4115456596055
7801.487702049436
7619.673974849534
7687.883486356631
7935.271597025389
9095.355932096718
8650.328072911117
5572.22641258391
5633.625381923523
4760.567701092023
4761.480281461217
4785.2106104589
4802.62079161516
4696.925142481162
4822.167675152177
4820.295936120797
5008.400978622773
5015.93032445277
5163.9839515757785
5169.0731907364525
5308.193819768633
5330.080875599429
5116.092824352305
5124.991586468918
5166.232624114696
5165.936879298294
5099.127379933392
5102.235450914217
5090.636810974129
5091.68478916339
5026.46327162824
5029.84937310392
5009.511226501236
5010.22549685713
4936.856549296669
4938.336017399274
4929.821938243128
4915.188194897814
5121.5765086779775
5126.247007719337
4868.269003880459
4850.106947718848
4842.752496798619
4845.230409890862
4864.154679253438
4855.601779372022
4941.886989490501
4945.532700526854
4905.614229984767
4892.829205572571
4975.676092833189
4981.486031998191
4938.600005231253
4921.512842775643
5032.235717411628
5040.318841451866
4966.155626849731
4943.031531723293
5088.4724576138215
5099.425025679684
4989.777246134421
4959.974284009091
5168.619590439415
5182.318101197953
5020.067063372725
4982.748767959216
5295.775319248284
5311.482872539527
5067.295494612539
5022.0054622119305
5510.3334259094445
5524.770621564971
5137.152762017567
5085.801852747321
4787.049950857057
4753.246040233838
5026.211315927834
5074.14056859695
4878.27343596
4824.833499034315
5302.4216547311735
5393.787866549583
5156.632789781583
5069.012203438261
5646.098662048599
5777.257255750769
5488.9496946543095
5340.269526488897
6015.871958095958
6216.814922367058
5933.304750157313
5680.819400432419
6649.734351362265
6979.674879486402
6726.040140290469
6980.623061728574
6216.320854597844
6366.217344574036
6378.507829313438
6299.296866080056
6554.691361800449
6197.228780734805
6036.744471419745
5962.216231447221
5490.973142625188
6279.353313066493
6389.03423876088
7795.700890478761
7696.873410974601
8083.462966299525
8315.537895010788
7713.7134387275955
8810.701918671155
9006.94545788596
9578.484646500503
9575.490879425002
8734.314746613683
8369.033555391261
8249.048091226052
7599.346627331256
7427.327764005967
6516.389161947748
6431.851961439554
6356.430701872269
6569.171633504563
5889.595152169542
5509.3464425262655
5610.907673305715
5548.499696291082
4991.508742783761
4974.4996442089705
4766.07436526585
4756.873405421489
4733.393946143064
4687.403027918712
4602.669951274884
4588.385076925561
4582.5737566988355
4588.592074874084
4559.840889630841
4533.078336094082
4464.748307305232
4518.2858778880745
4543.854286102712
4659.688800639704
4626.412256709258
4614.996059608465
4614.736016694936
4503.3656409614205
4466.249905067403
4442.267546529973
4448.1391796940725
4411.518855043598
4394.911116689571
4368.7448111523745
4369.467187010348
4350.734379992335
4341.719418682419
4325.170019368386
4323.899909597975
4312.900490595984
4307.703656825019
4298.362263647604
4296.643329229819
4289.76847220323
4286.4551601683515
4280.675298997213
4278.965090522342
4274.214615934977
4271.767433246805
4267.699688829114
4266.064047360574
4262.408501325975
4260.3756997814435
4257.15661727874
4255.583358417461
4252.515704234611
4250.696365117984
4247.924465573903
4246.3954190267705
4243.661944653814
4241.962738202671
4239.4421541166885
4237.94446459266
4242.114211002065
4240.489700121334
4237.801698110414
4236.715678072847
4233.640195196297
4231.684040329378
4228.8135926080895
4227.5392478358335
4224.743262741781
4222.865953284725
4220.31514008088
4219.033565173203
4216.517505699856
4214.746981620356
4212.463339076647
4211.199553214318
4208.907481340989
4207.21250646754
4205.146324930009
4203.908849027885
4201.810834009907
4200.16843947648
4198.302934044052
4197.101669747896
4195.196969639239
4193.593065335084
4191.9447910422405
4190.795413368475
4189.114893402266
4187.542534965342
4186.166956603444
4185.095463259637
4183.711378454571
4182.1702432846505
4181.178139297024
4180.228031220731
4179.274396549879
4177.771440651264
4177.36080888058
4176.6050843488965
4176.31236579788
4174.862591476213
4175.372929258983
4174.93348083986
4175.67783098823
4174.3017059407475
4176.293197246378
4176.368743463913
4178.71416562298
4177.420696254023
4181.750781301164
4182.645020773126
4187.282796917213
4186.01060013917
4193.782117647674
4195.89530467698
4203.226557290351
4201.70150161937
4213.782035823269
4217.486055284615
4226.536649901256
4224.079550115346
4239.968643711304
4245.3160216484675
4252.548056339071
4248.156682134561
4265.102214901168
4271.552142779013
4272.062381683413
4265.178990137877
4279.594821574762
4286.126034886561
4277.994551236661
4269.321274327281
4279.740878792398
4285.394316800174
4271.603782920459
4262.701469168244
4270.316710516002
4274.694680112779
4259.868643516963
4252.028453354239
4258.770016651076
4262.0370491080785
4249.26747463432
4242.997808033255
4250.139703298031
4252.687958448096
4243.174000618254
4238.386405419044
4246.386760295907
4248.579991428529
4242.38797334465
4238.715839885771
4247.524091435626
4249.618734916197
4246.228267490096
4243.2247266218155
4252.609914622823
4254.762876877127
4253.310629985575
4250.5506083966
4260.359103291972
4262.65914936513
4262.114186742115
4259.253668047799
4269.570912941263
4272.070842799733
4271.4288361359995
4268.233300514894
4279.451277890259
4282.191961936066
4280.6269443746205
4276.967916082964
4289.782872107273
4292.807792135012
4289.702926670164
4285.5285480530565
4300.895865038552
4304.25677404067
4299.105479251166
4294.398731406769
4313.479581875378
4317.233855436065
4309.469897015274
4304.21073540179
4328.346492583953
4332.548438262783
4321.375472432773
4315.518658981462
4346.250181968509
4350.9395612654835
4335.20202864982
4328.674453787255
4367.801929564901
4372.991839388231
4351.09801532493
4343.813345252384
4393.4849188868575
4399.1492147826775
4369.036984804117
4360.922916790869
4423.744974242952
4429.803505708541
4388.922967551496
4379.9561084765655
4459.125832294772
4465.423813343118
4410.696192942957
4400.941456768067
4500.407687208465
4506.683594276155
4434.394439538597
4424.050359204823
4548.7109142748795
4554.546052760521
4460.151010033313
4449.608039206803
4605.551507373075
4610.2944628724545
4488.14685866378
4478.068809512236
4672.867085878433
4675.527808975618
4518.553694507965
4509.9893337984195
4753.041516932077
4752.15345204932
4551.490542970594
4546.0114818581715
4848.922279410704
4842.380665403005
4586.982647689534
4586.822823307891
4963.755853615214
4948.666077141506
4624.888258674488
4633.021513628838
5100.885234052517
5073.512227614748
4664.757025083134
4684.780798398635
5262.978329423642
5218.983679404216
4705.595646626807
4741.202401943704
5450.552525534294
5385.792246267191
4745.574713802591
4799.394063842727
5659.891512650972
5571.938587650315
4781.910900292856
4853.849639108846
5881.491929564908
5771.473233741717
4811.387888536362
4897.408753427504
6101.298720228254
6410.466602402879
5626.91633300676
5259.489164925655
6507.876720242227
6772.885814374877
5616.232480449974
5303.401487109712
6848.2380246151015
6836.432448914825
6696.20870012128
6667.1012473887295
8118.7997004066965
8215.551378295217
5809.748763399386
6684.275388205917
6480.862629086374
8015.976631072249
7897.637556301283
6332.8337902477615
6263.053351672542
6034.330968580593
6645.118529864198
5667.718409522048
5027.689672387112
5846.385006681975
6124.5989068736335
5108.026640491573
4651.2839679597855
5005.587007297499
4967.1756909642145
4829.903655032121
4850.8621213176775
5623.474102352474
5553.242836493005
4852.144056668292
4912.702169925471
5882.935263124267
5784.279770197218
4911.377297172785
4991.921628888127
6173.941619045775
6342.833005585267
6129.241021227997
5933.46122152841
7194.534979778373
7235.635424109168
5457.919217559165
5338.939986851468
6843.673961565572
6734.463121878807
7525.988329985904
7611.247967138822
8529.697808130913
8359.871322400297
5534.236610555284
5281.971544100506
5237.268900652132
5390.242013056818
5340.7832545048195
6605.427862701643
6702.622276482025
6433.402772843754
6316.588620689572
5992.403925134651
6158.670075214059
6512.755469862705
6632.546841127979
5109.125934497673
4645.360924797956
4631.479851952565
4814.273963807303
4861.500281453977
5077.902052454639
5033.615096792196
4796.836712756327
4762.492569051612
4895.505799237902
4887.803585929829
4785.20345062344
4762.848455208168
4859.068778306698
4860.156558840145
4690.160629056346
4671.771017430171
4668.551990449447
4669.131616059261
4651.331023911018
4637.413861069758
4701.084334452689
4699.440040020334
4648.446792109269
4634.037639658869
4750.156974677463
4747.557691372616
4826.063114669585
4815.938107307543
4881.286376557646
4869.089776685251
4889.784211538729
4875.217159069548
4901.5033619388205
4886.706795557104
4863.076620623704
4848.85812917119
4866.91557511686
4853.872318605533
4825.091948154037
4813.30394079759
4842.922437582727
4831.342017810964
4807.776427268353
4797.32854327159
4841.3297824150395
4830.10679389566
4806.8118135434215
4796.448032305611
4851.466491835261
4839.937085053674
4811.206148702468
4800.34676992729
4862.101522057831
4850.081543300229
4813.871066733169
4802.513049145734
4867.720831228791
4855.343805646269
4812.76439003312
4801.163513065592
4867.639813270408
4855.158013609469
4808.4756130869555
4796.912217586141
4862.666365917639
4850.344364889351
4801.6328350345175
4790.360781083012
4852.779805093253
4840.918505434875
4791.672251513694
4780.966462290207
4836.420654980613
4825.459227565397
4776.320511674411
4766.519475608995
4809.916577948763
4800.5615080952075
4750.397777852554
4741.88746401405
4766.445112237699
4759.683152033538
4704.705096372649
4697.773132605547
4700.4640125206
4696.888252183885
4636.241594874646
4630.868356076352
4628.382754881084
4627.2387416642605
4572.583621503414
4568.614648463765
4576.555478782166
4576.720897331583
4535.286690829321
4532.278544460576
4550.32087383642
4551.065025626735
4520.443940318575
4517.920586936231
4542.774329484098
4543.752186915375
4519.615045958842
4517.308634397446
4545.870728015018
4546.930764431247
4525.082127680799
4522.832134454017
4552.066048773934
4553.134828174652
4530.725681520922
4528.473828792051
4555.952174771688
4557.01901310884
4532.829900318271
4530.5985873945065
4554.858599213942
4555.956099642223
4530.141818869015
4527.996017686561
4548.678926299538
4549.849156810719
4523.416092708744
4521.420575586704
4539.156105903274
4540.427297917381
4514.655579305361
4512.846197880802
4528.793056879771
4530.175233164905
4506.113934923365
4504.490890311834
4519.714868201125
4521.203858834312
4499.401176504944
4497.939410769717
4513.056697216855
4514.641394236411
4495.157403979411
4493.82125588092
4509.001780755174
4510.671093014228
4493.245529319708
4491.998747408074
4507.12992520265
4508.876337677893
4493.115150317207
4491.925735596456
4506.777418929282
4508.597658489327
4494.112435493708
4492.954536935325
4507.292058860797
4509.186390190185
4495.6716335596175
4494.525884009147
4508.168259613474
4510.139251854759
4497.39758147751
4496.250454827439
4509.087995154743
4511.139180952292
4499.073535950756
4497.916068000776
4509.905935508529
4512.040724342636
4500.631316625752
4499.457481999655
4510.611980128711
4512.833081916975
4502.110567968834
4500.9155595304455
4511.290328347982
4513.599706932298
4503.619801391965
4502.398419581847
4512.081489726885
4514.480650268575
4505.301863666213
4504.047202287465
4513.147833303117
4515.638177338319
4507.30338775684
4506.005972996368
4514.643289635231
4517.226338929972
4509.749010167937
4508.396487801081
4516.689366241137
4519.366774188275
4512.722583736419
4511.29996378973
4519.3597951383
4522.133159752088
4516.257288332231
4514.7476699473455
4522.67484251896
4525.545391414151
4520.335025592845
4518.720651522818
4526.604792908691
4529.573039350716
4524.894022338591
4523.15745850557
4531.080970308923
4534.146443560399
4529.842498615175
4527.967713552171
4536.011547099619
4539.1726692252605
4535.075194198456
4533.04835082507
4541.298122815643
4544.552237740191
4540.48853023785
4538.298408198056
4546.8483759375895
4550.191864674105
4545.990168458712
4543.628276793056
4552.581218733413
4556.009604290541
4551.50069715985
4548.9612446048795
4558.4240451386695
4561.932023211144
4556.948712836246
4554.228615916258
4564.305345617812
4567.886745583526
4562.263715113786
4559.362737984205
4570.147953142972
4573.795685496673
4567.372002891349
4564.292992344734
4575.867345003387
4579.573393933379
4572.198762175286
4568.947839802815
4581.3764435064795
4585.131923704478
4576.676117070827
4573.262666575302
4586.5950486444635
4590.39029516526
4580.754038630292
4577.190382422769
4591.460072747925
4595.284702295431
4584.410010340751
4580.710770422772
4595.932845090196
4599.775729537918
4587.654392019968
4583.8356244881725
4600.001462404303
4603.850581945638
4590.530597558114
4586.608838713781
4603.678311470308
4607.520485701262
4593.111218984943
4589.102573827788
4606.994358460944
4610.814872764734
4595.49217397126
4591.411531947095
4609.992087071386
4613.774236022024
4597.78668095601
4593.647087797772
4612.718322283762
4616.442891658511
4600.119858779197
4595.932029305829
4615.21725325399
4618.861974345391
4602.623662518782
4598.3955937369965
4617.523382237622
4621.062433803063
4605.43110534934
4601.167736502844
4619.6542179287535
4623.057937841253
4608.668352624821
4604.371208618257
4621.603427491413
4624.838539624815
4612.443217926656
4608.109957129677
4623.336914094137
4626.367772649713
4616.828847415338
4612.452612576755
4624.796734781833
4627.588289635676
4621.842162574522
4617.41061370489
4625.919817377464
4628.443072658146
4627.4180847282605
4622.912012258867
4626.676377558183
4628.916819115433
4633.381695841496
4628.773289746234
4627.119307484431
4629.087909958939
4639.417803919307
4634.669301667634
4627.402852167793
4629.147893575327
4645.025999168208
4640.0911132381
4627.682439001128
4629.298613846479
4649.431576759912
4644.265033363402
4627.788687925188
4629.417273372718
4651.423758749354
4646.00607574925
4626.677847222061
4628.486467769005
4649.184868542921
4643.562281222153
4622.101168750313
4624.2283226294985
4640.552993992057
4634.868478321669
4611.795561604006
4614.274633833075
4624.870787746838
4619.337587706587
4596.802546232066
4599.566532880352
4605.968547946705
4600.759681037896
4582.072496955286
4585.053335015305
4590.066997674867
4585.20382299
4571.539116862512
4574.687905094412
4579.621971284206
4575.009086238944
4565.344719196696
4568.622073943581
4572.987002061246
4568.526191911807
4561.145580807077
4564.522405405877
4567.1147787340415
4562.767720502321
4556.295480586267
4559.74786536781
4559.739322260759
4555.530127307866
4549.504178873169
4553.014018041184
4550.492560200856
4546.470392766602
4541.316037909287
4544.87797945318
4540.605305504169
4536.800133626339
4533.177176134925
4536.79483837128
4531.559786000579
4527.966545311901
4526.168071888631
4529.843557854964
4524.048068026192
4520.640220259464
4520.50036610423
4524.230228169621
4517.888796411358
4514.638022053597
4515.750119535545
4519.526538789662
4512.478506445581
4509.366038828696
4511.331764841871
4515.145614782603
4507.267678732642
4504.285410567964
4506.8630963247815
4510.7073642091445
4502.010157065745
4499.155450785236
4502.275829356594
4506.147482453156
4496.750524638305
4494.020256614654
4497.710367135665
4501.60968715642
4491.661902675267
4489.049481986961
4493.342875646191
4497.271436406988
4486.888153574182
4484.3838531469955
4489.271481674779
4493.230458344855
4482.475357356537
4480.068225691398
4485.4953266933
4489.484807329594
4478.386573523163
4476.066228105653
4481.95333847798
4485.972449353256
4474.552613085664
4472.310149945062
4478.576035739382
4482.623430384382
4470.9171916059895
4468.745244030729
4475.3201286841195
4479.394456472113
4467.457724755355
4465.350065097594
4472.177710017754
4476.277869245485
4464.182970936894
4462.134050965296
4469.166904640118
4473.292074027254
4461.118447772334
4459.123099729922
4466.315762542517
4470.465306206748
4458.290805108752
4456.344143902034
4463.648635530577
4467.821981466452
4455.717645901724
4453.815107767743
4461.179066644696
4465.375618541574
4453.404167602101
4451.541596148505
4458.908888046104
4463.127988119494
4451.344804623808
4449.518518729158
4456.831078703908
4461.072013307071
4449.5270819555935
4447.7338969522425
4454.9337030038705
4459.195730963338
4447.935391398361
4446.172595533487
4453.203100190139
4457.485484277277
4446.55348775854
4444.8187915519175
4451.625610769474
4455.9276387330065
4445.365507360405
4443.656986195541
4450.187982904924
4454.5089731693
4444.355923844589
4442.671968355025
4448.8770183777615
4453.216312583575
4443.509038267277
4441.848318733652
4447.679030572417
4452.035978388031
4442.808480818765
4441.16992516067
4446.579487351721
4450.953429765862
4442.2369678627465
4440.619748900318
4445.5629612249595
4449.95321607456
4441.776342131193
4440.1798694899835
4444.613336202844
4449.019188138606
4441.407806101541
4439.831718812693
4443.714142886235
4448.134837122791
4441.112226135903
4439.556384195213
4442.848907507064
4447.283646871343
4440.870422210381
4439.334896078068
4442.001446696659
4446.449390188271
4440.663404002894
4439.148462406411
4441.1560939763685
4445.616356647966
4440.472560086153
4438.978655947082
4440.297874016464
4444.769527238948
4440.279821351337
4438.80757625481
4439.412651558128
4443.894724353814
4440.067823863987
4438.618010607896
4438.487273747227
4442.978754768779
4439.820080291757
4438.393603710694
4437.509709443106
4442.009550230803
4439.521158783343
4438.119034569854
4436.469180698243
4440.976299687853
4439.156857823417
4437.780189803308
4435.356274279073
4439.86956181112
4438.714364489003
4437.364320591497
4434.16302437913
4438.681348180282
4438.182384756564
4436.860172410817
4432.882959497463
4437.405170627019
4437.551239008386
4436.25808053458
4431.511111863073
4436.036050730272
4436.812920251643
4435.550029021662
4430.043993010035
4434.570495534506
4435.961116914297
4434.72967474864
4428.479539863652
4433.006443476751
4434.991202512613
4433.79233896671
4426.8170379842495
4431.343187733239
4433.900197187904
4432.7349709037
4425.057027470333
4429.5812818797485
4432.686704650823
4431.556087205327
4423.201197358406
4427.722434385403
4431.350829234395
4430.255691445668
4421.252271760319
4425.76939446593
4429.894076877018
4428.835177763446
4419.213894982401
4423.725837376013
4428.319245304961
4427.297223402293
4417.090514908386
4421.596247320792
4426.630305657541
4425.6456728888625
4414.887271138763
4419.385805861689
4424.8322813618815
4423.885418837324
4412.60988790615
4417.100284173551
4422.931126729115
4422.022282735295
4410.264575692764
4414.745944963601
4420.933609505328
4420.062898849644
4407.857940588814
4412.329450979416
4418.847200089283
4418.014605161781
4405.396906206394
4409.857787303184
4416.679971550573
4415.885344051573
4402.8886459567
4407.338192624659
4414.440512401266
4413.683576243142
4400.340530615452
4404.77810739805
4412.13785573794
4411.4182098660485
4397.760087292786
4402.185131589488
4409.781426888257
4409.098548776658
4395.154978149299
4399.567004510081
4407.381013973057
4406.734262112055
4392.532992398339
4396.931595401077
4404.946763353627
4404.335379932498
4389.902062981313
4394.2869220607145
4402.489205640558
4401.912317072854
4387.270300701163
4391.6411834817445
4400.019316531422
4399.475933579399
4384.646062362397
4389.002831389655
4397.548619821916
4397.037633941946
4382.038043149424
4386.380661177266
4395.0893415747105
4394.609519946206
4379.455421110683
4383.783962351594
4392.654626717169
4392.204600865924
4376.9080393897275
4381.222699807204
4390.258836292271
4389.837087744633
4374.406676620722
4378.707795121478
4387.917944838861
4387.522779478034
4371.963384420236
4376.251464696638
4385.650072607558
4385.279588684003
4369.591982561102
4373.867735750241
4383.476187615229
4383.128222904257
4367.308689788098
4371.57308338879
4381.421042915173
4381.093107531812
4365.133048580641
4369.387396316396
4379.514409260542
4379.203578575297
4363.089140818518
4367.335216490225
4377.7927178426135
4377.495491355721
4361.207365925708
4365.447600867284
4376.301202087037
4376.013283328775
4359.526833685685
4363.764587313431
4375.096695314511
4374.812690992499
4358.09880540059
4362.338811938112
4374.251128961448
4373.964088896784
4356.991273478158
4361.240279330276
4373.855731378143
4373.556508135729
4356.295108059723
4360.562865441825
4374.025435218771
4373.701742232072
4356.131326539448
4360.431981055275
4374.902285128366
4374.537432143045
4356.658380274627
4361.012396006494
4376.654802237463
4376.226048402123
4358.0752276740905
4362.511638307268
4379.467639274109
4378.944444813028
4360.611728727897
4365.170147490447
4383.512334206381
4382.855199727307
4364.491619356616
4369.222342420812
4388.889615314618
4388.051156767238
4369.854014625703
4374.8138616475635
4395.543758787055
4394.473951519509
4376.641376119951
4381.8839697344065
4403.178794178453
4401.834477618195
4384.513421655402
4390.077587073882
4411.241214074963
4409.595065449785
4392.875373618934
4398.778276954307
4419.026956309966
4417.0704220820935
4401.043552904776
4407.281211477639
4425.887674087397
4423.628232805554
4408.463918258422
4415.018444791579
4431.4212055690905
4428.8761923718785
4414.857174854325
4421.705861122642
4435.543406991258
4432.734021054285
4420.231263394825
4427.3550122047645
4438.423583949983
4435.369609912167
4424.777738957137
4432.162411910096
4440.353366623333
4437.073151634506
4428.756185484919
4436.397403233806
4441.615136055643
4438.121564373295
4432.36240575626
4440.2501932600135
4442.431790153312
4438.744689631792
4435.787154532317
4443.938292438365
4442.909396741351
4439.027543688695
4438.967548020653
4447.330534130405
4443.193842837643
4439.173437076359
4442.335194556888
4451.0476236918485
4443.1511646396275
4438.893000123746
4444.851633957722
4453.521807623576
4443.400606153594
4439.2378807616615
4449.646888901998
4459.36087068133
4442.665919394896
4437.735156864029
4448.2580610367595
4455.881561086145
4446.487001173669
4443.340129570986
4463.352929108003
4476.073749152545
4450.655817053326
4469.374655993499
4383.403543516175
4380.590773510603
4435.217358002756
4431.88648000694
4570.625534585216
4588.54979976767
4572.833115723874
4564.719943755804
4725.7346857819875
4744.531903225943
4622.511595744487
4613.954201222438
4705.489174901129
4723.977125400805
4562.020246495368
4585.28090556619
4505.206467599228
4515.564963256523
4451.064102560957
4467.0503375870385
4629.149364446215
4595.655067288284
4739.840443032316
4728.581530211584
4958.582965297092
4954.067437560971
4813.9102879185675
4807.9506251175135
4915.747799727481
4904.739965620396
4724.434270016556
4725.7513625153615
4765.672517191798
4783.666068072141
4490.7025420491755
4490.991311478982
4548.607728706555
4543.981905563667
4470.202216086253
4462.899587676716
4555.004505234658
4556.5037989881575
4575.809208791162
4586.560733641241
4600.2034285973095
4593.569295658739
4525.024526266806
4531.076574838313
4544.960892786924
4542.408725916309
4509.273058814343
4517.92266476588
4555.633434236862
4551.709089132265
4537.76840123472
4548.7375151927645
4583.538448414034
4578.388969500343
4535.165962856841
4545.598477000487
4572.917959491516
4567.847320254532
4508.359335322538
4517.449619635087
4545.840817139562
4541.7835586250385
4490.885878852445
4500.21965145729
4534.092045063299
4530.365845437767
4478.50967972089
4487.402029203846
4525.777718218391
4522.569519365705
4470.769685668513
4479.744436607235
4520.243568174261
4517.171367307177
4460.576513226379
4468.847556376104
4509.901292540061
4507.330546081954
4451.883064776979
4460.0821229624835
4499.236429605416
4496.857154091383
4440.200798236043
4447.407076787144
4485.672103141191
4483.928545485351
4434.370450921183
4442.124481695282
4474.5848005244325
4472.723470262846
4420.1379095926395
4425.587626008244
