0.22733122917833173
0.20545779145188184
0.36810422918213
0.2958566796786971
0.2241423122856189
0.355733972522298
0.006717445530521677
-0.42353895859468266
-0.4784988206884009
-0.4436964648488459
-0.35402529779435865
-0.22183812861224067
-0.031941416286073665
-0.3249452157681287
-0.18581871016722135
-0.17779852662357565
-0.1840045157372999
-0.10823139081689465
0.3471726409509844
0.6942946351352469
0.7945286416700575
0.8843661036226614
0.7580376386557146
0.35840656209362964
0.16501853105373102
-0.07392429562615876
-0.23437263837588168
-0.19369071237926683
0.2581494409748273
0.46593749926087896
0.619641171131966
0.8080145105597539
0.6797108079979683
0.872038234118197
1.0421928714874458
1.0358593397794014
1.0248418646132391
0.9993395825931565
1.0739556205439718
1.6701023388797425
1.8887547956044293
1.9103974634515024
2.07992299034036
2.101630167766645
2.09345901041171
2.122689447594771
2.137848440097973
1.9323504783951284
1.0557522308153389
0.8272998741082755
0.5696221923072967
0.3771074236389543
0.2891663112633395
0.10601880273564444
-0.09065498963533833
-0.025793923655737724
-0.04624264648306976
0.10904524748408456
0.5675815104789713
0.5685616498999901
0.4531665608224671
0.5283438697225528
0.41403764936771087
0.006225559576044913
0.26821487687677165
0.30488706112770403
0.44104758284610446
0.6776354070916543
0.7780528478282772
0.8434986397353622
0.9895316694446897
1.0799073011223437
1.053446040241792
1.062381316059189
0.9593088521624316
0.8409980637947346
0.6392312624981646
0.42329614284964034
0.5596350719367438
0.6533324381818085
0.5698327403598039
0.6589595829737901
0.6511557889690949
0.7399002688320444
0.8938699770455333
1.0849532777859636
1.3973619495334788
1.6269021972002726
1.7457487607540405
1.939338055362811
2.239597233407752
2.15560766107241
2.033963010198251
1.8441755421727446
1.807972598041886
1.8094410652501636
1.8173618027888978
1.636741129909748
1.5719232395683125
1.5033302800859818
1.1660252448943096
0.9353279163667911
0.7217498208825227
0.41964697332627665
0.3852856602173219
0.18513291454709424
0.0697303197811301
-0.09455692688641197
-0.1818636287454896
-0.23758221778276659
-0.19684507139412502
-0.1770356782860105
-0.08724079472246064
-0.29607698019822376
-0.4041565546260253
-0.44668780175807665
-0.477461036700638
-0.5004129893162044
-0.5614799161200993
-0.5625860317919927
-0.577609854665989
-0.6195026329453653
-0.7596686226667827
-0.811158703208764
-0.727522803057072
-0.49674448702257695
-0.5229563375132489
-0.552426928599261
-0.21671924899520523
-0.049536342129570005
0.1571509170303801
0.21223188180716862
0.3560512759162448
0.37835993026604336
0.3065908002000846
0.418671411379606
0.4457637335069643
0.46360293704566313
0.4194164071066781
0.17155566599397656
-0.07107496344325034
-0.20507179241345205
-0.3911414859284888
-0.2819420180138684
-0.0369790447853868
-0.07157917335939906
-0.20646133605930062
-0.22674537928587132
-0.2723297222316071
-0.43123115144739643
-0.5376269194224305
-0.5124898455653366
-0.7403581072336214
-0.9439312138867854
-0.8952755797846289
-0.7243060755825619
-0.3922986249148503
0.2660296767624669
0.7855441453227563
1.6195796969181766
2.1922530561029276
2.4061537477586064
2.259087999300864
2.2233799630008995
1.9104662578620821
1.4764866215789092
1.1297925537680997
1.0699186137794228
1.0806567353719918
1.2018499257294326
1.0099215182970698
0.8813386985979259
0.8732408114787713
0.8979819734644612
0.8545747210631559
0.7400930254021071
0.4389758180489588
0.4726124266474815
0.592914127421169
0.5741612745157657
0.5547431742514228
0.5569965045516887
0.5988738396310628
0.7233779562975929
0.804943768555907
0.7279363422665026
0.6484459563576273
0.580912059563953
0.3974712112530608
0.3961302213197674
0.2984334483459395
0.10981557694317895
-0.6989978531155069
-0.7408004127851934
-0.5588493576265346
-0.2764086345903674
-0.4276087034930934
-0.6991497341058301
-0.8682467371453892
-0.8348880434184202
-0.6664956815754476
-0.8483874949076426
-0.9225971700356731
-0.811242518599616
-0.5475321799306524
-0.33966600662733315
-0.03516611157358789
0.2665136386110764
0.33721885098296983
0.5266390271834427
0.6101957092864357
0.6292055786181213
0.6929195613957363
0.9272031779150215
1.2378781810799027
1.3466194288763338
1.4647517735174271
1.541260886207593
1.5260692649181555
1.4556368637872248
1.2582829927167458
1.0889959965780562
1.1277555423997099
0.9669370544600175
0.7699746633512944
0.4671144188819344
0.8537346110994241
0.7169683975648139
0.6307017021230187
0.5202271061865678
0.34106029440549196
0.3466057077795934
0.49930494495075467
0.8161149628299262
1.0496570847840871
1.013312592383351
1.0428612453856425
0.9682854265947518
0.7978951842755215
0.7969987039198488
0.989413639592514
1.0147011079500259
1.126243024370527
1.2849386528358562
1.313956274194848
1.271531431192755
1.1746098845640092
1.088672935402939
1.030515880389553
0.8518813592382116
0.6691170701160571
0.6634790483522444
0.5559825977966687
0.22212980742242325
0.20161779170818844
0.33652219380242426
0.1600671425806331
0.10352409118409799
0.06620602976258831
0.12543141873396713
0.16100073789642003
0.1359396400595121
-0.09803636121250642
-0.08881308673248561
0.10716892071278923
0.016787996004626663
0.03674986925632227
0.04629842873653335
0.09176714986771968
0.26615672396090373
0.4039739219053191
0.8179480700063462
1.0483825798176267
1.0807565759585394
1.325541574470681
1.6673793675913504
1.9488074494183067
1.9780784793702166
1.8181842918735065
1.7149615115937635
1.496785724642991
1.158526832826928
0.900402537165228
0.6250617714334916
0.7580277749483714
1.2949405787198682
1.490594919696641
1.5750917018971156
1.4283922756898257
1.1564088822359557
1.3517871114178726
1.3935056749048735
1.2477623664975541
1.0582956877979328
0.9483899418951771
1.030374343756319
1.036139664211343
0.9355385105326021
1.0077714115944898
1.0455165825541437
0.9676054351028694
0.6467299257582154
0.5151517314539497
0.5275412578090073
0.19979280594187815
0.18774859866514917
0.2099461560997958
0.19637678756526317
0.19007703936020792
0.1639874159744618
0.1943667788575166
0.30250633395052356
0.2987166371562928
0.19603199204871938
0.26647635597528335
0.12796385919886066
0.10004115354469734
0.19339986860024913
0.2785819557870573
0.2922873251826087
0.29945092003805396
0.3772338689527209
0.3498596574548595
0.37364847304009263
0.5363555849773091
0.518409009172596
0.6360767217113446
0.6865913631607617
0.7970455894940572
0.977901714508771
0.907463611434623
0.8228338465415213
0.7725235249856471
0.505387308272517
0.13063666030019272
0.2372095148760264
0.2886862248925376
0.32288228499877647
0.23028832074811673
0.13249321282781878
0.08619321521863893
0.23370047798209154
0.43133153569975746
0.696826631452702
0.9057044378379346
1.1549595865586748
1.2362675894625919
1.222624744489138
0.9633702344385737
0.48565541788612876
0.5508060468274714
0.3487396595385998
0.18055077103341285
-0.02271427890300492
0.0861655708381133
0.05855049662342079
0.20779104948903315
0.26894368130167867
0.2947368086143907
0.44122518879467415
0.7810964294730057
1.2102607919311688
1.2241982699713951
1.0756676760172483
1.2041771491608126
1.399853367701838
1.350844017258772
1.2781973580334216
1.2797331334457813
1.3907851700168579
1.614958707591518
1.6200368425462586
1.5356980711557309
1.5147642392023903
1.350006649715096
1.2935402143301464
1.2173399121568762
0.9769634000552301
0.6745836079065036
0.5133198725812816
0.48257804583582814
0.30040302864915436
0.17235555042763126
0.20065106842399943
1.2703972872725509
1.274571445500244
1.3801932269894222
1.4286564360123073
1.3013436717731575
1.2335748747207649
1.1548111078913397
1.1794320734794395
1.325942107806
1.3012683304472088
1.362111606627982
1.3913419203954973
1.5290345502355966
1.8223861723428783
2.145400305182247
1.9940800118823494
1.8491994737044049
1.885946892476224
1.7161153257404638
1.3554394890068449
0.916972037886529
0.6719775647378945
0.5313409094698222
0.3424698085167525
0.36231155414847976
0.26714068085348774
0.10607124366329208
0.1943691054005512
0.19253057950391633
0.38652362011343383
0.5050119467623989
0.6121331384986
0.5381587706748664
0.6226561215633959
0.6450498090405189
0.6403608353782324
0.5506437427893675
0.5227049468850511
0.47785689013858895
0.49787197731932537
0.4728644893440885
0.39595385702012564
0.43883941473745314
0.4002339839989387
0.3821675060945533
0.4138912171052955
0.4188815572062243
0.38379950120671
0.36777786869360146
0.29769684316523237
0.19678317603516626
0.20901016385192767
0.22579641093655956
0.17422064236199936
0.15861048463928018
0.0999168203194096
0.10059291200105794
0.08980903078257595
0.20086546427193822
0.35563278844824986
0.32294524948817116
0.2452258709301927
0.3229204434521537
0.3820690523618081
1.1857227903785017
1.2147600273559478
1.2491981081041184
1.360762777018339
1.4231526583345526
1.265529110843743
1.3317420559855364
1.2182937187264025
0.8366683188156895
0.6881783670792176
0.3860128223092149
0.3138564192452582
0.3046524029183586
0.22086141023474512
0.1842408967039213
0.1773121359165109
0.2030028678062408
0.27194677939759826
0.19987776246609254
0.2797837347284193
0.3882620356962308
0.34497319056121944
0.6602416081000474
0.8955529449873989
1.0396034608106666
1.418678513560469
1.6323765890056166
1.651539883708968
1.4000267625287293
1.0690076624148048
0.8225337923568719
0.8106670706605922
0.9488436086724419
0.9654742911773826
0.6310537389806913
0.46955071010485777
0.546276911107272
0.6122511414321479
0.5018351959596763
0.19688609585219094
0.1654947992973133
0.22643195109056335
0.27364134315036515
0.171356700292059
-0.005467284147070241
-0.34186731344160604
-0.46344381319155054
-0.37221937819451706
0.1895677408870227
0.3734829187584095
0.7392863075897428
0.9432203195777882
0.8898219309952637
0.8902583747448145
0.797319566436159
0.7420965915199675
0.6736071190083507
0.5370689103252688
0.2931804842141963
0.22172548930383437
0.5824132421560282
0.7108335468427305
0.6855413817907082
0.9485675805163106
-0.1601355899205727
-0.06766240598486858
0.08912634603354895
0.2648114144195708
0.4227716052220279
0.5950731922183691
1.006117935417009
1.2170175522079119
0.9872441293824072
1.1427490565882028
1.178545495403706
1.100479216813667
0.9173115522761622
1.0340479679054326
1.0602489840564897
0.8990170413735218
0.9836435731142361
0.7990680080841897
0.6345579879728394
0.6781361216591539
0.7593735827546548
0.6886164613713734
0.7552357289137537
0.9884528230840776
0.9515752862101301
0.929611853345953
0.9632119273040356
1.0331222281617773
0.8154572052773573
0.7793702603519601
0.7883392834138823
0.9032158949613351
1.039925664394369
1.2356746777249497
0.7982689785501479
0.7586071103137016
0.7254673500046077
0.6367643623052671
0.5400516752385841
0.5442364662006536
0.6181568635439548
1.0364142985555962
0.8280067611405275
0.7944660571697783
0.8057016987407281
0.483514959857055
0.4974497832942114
0.39488351674275984
0.27152396954093283
0.11514901986932224
-0.34624929475740884
-0.6267177780441994
-0.7418857402044213
-0.7678746278158758
-0.7181204172056589
-0.5930437231969284
-0.44128023305814
-0.1669359235966038
0.1798235536765886
0.22045066858686524
0.07740751670763506
0.5163897447795478
1.2851129478797516
1.2177721672097563
0.3916285800979518
0.41455554140014683
0.3008484093514877
0.24827810294346012
0.11052051972310079
0.012789228435137997
-0.052554534825352626
-0.10346748611031031
0.06319948570651725
-0.022469499197819934
-0.0017382449177036274
0.04839524208898066
0.12168874977959523
0.23091105214114796
0.4381659803067918
0.4060287868874765
0.3430247211182964
0.46367845839207145
0.4932011888145639
0.37952866685968667
0.19471131540099343
0.0902435121505883
-0.10710549359452505
-0.17464186503748383
-0.16738097802569107
-0.28527425186641236
-0.4756749805294308
-0.45126386510829614
-0.37687853612968286
-0.3406637426020252
-0.2848116685211155
-0.27025488607148007
-0.2166350734005715
-0.03278422786834723
0.12288869726902157
0.2694630939034049
0.45930334064177103
0.6337201906311206
0.828324655726563
1.1082478391562711
1.265603049569562
1.3695860998511518
1.5617402727882412
1.6206275250763877
1.6458935856796248
1.698411854032933
1.759681989522053
1.7076252155373903
1.5513670047996602
1.3831708035096129
1.2851607286017233
1.3272350322773105
1.316956104789027
1.3393819631332613
1.3308806677044753
1.3412510151475088
1.4141983192073286
1.482650925441584
1.5727154031218404
1.566184525578396
1.5111975696478603
1.4587422104496746
1.380617983738709
1.3283713229512266
1.0209831915756749
0.9972469038950812
0.9667664096363005
0.7576212432655755
0.7080285311922029
0.7820064176174921
0.9334270740778567
0.9359535017181105
0.7758326653951697
0.8275882510350686
0.7240892254520642
0.5392232918721961
0.2884026847906846
0.1178022887147314
-0.14313815600953897
-0.501858213455158
-0.5810136047739365
-0.46827652494389155
-0.5754865183381643
-0.5883500953915971
-0.34710103982638746
-0.12352511735041619
0.29921099271767215
0.6727575169036825
1.0436765066387073
1.2237692951196604
1.1776303620006474
1.1893743798493794
1.155010093593504
0.9808877798598843
0.9751925419888915
1.0943975704835007
1.2466241075809192
1.4096942200824094
1.3204457738981141
1.218408847927759
1.256116416064441
1.4424592407900252
1.4546023079081694
1.3387637602810118
1.1804751865584275
0.9812579022921414
0.8196549453441015
0.7268625178474526
0.7080500671710832
0.9115343788372299
0.9570816497960741
0.9192007711575589
1.0649102976295082
1.0104812211556866
0.7137568588939415
0.4602472305243434
0.45854625907836566
0.46337682501087674
0.3811915661976053
0.1822388796836061
0.052466394721189545
-0.06758148126383269
-0.14970726983299962
-0.04491862024185387
-0.008102530409615772
-0.05646097437058405
-0.16683524941642186
-0.21720953616146652
0.3336155932289244
0.14730078638454147
0.09523200823846383
0.044636232218531316
-0.05207749990855938
0.01427266830401281
0.0721043286404909
-0.06803072591996477
-0.26577195573338264
-0.0424193446863395
0.08978889005422011
0.40542056403404186
0.8463387374748798
0.8908043136782298
0.8365309949418926
1.1042444304928587
1.0359543412484518
0.3446461089005708
-0.014897122761116958
-0.03797783299078816
-0.06382506977164273
0.055990397831755294
0.15627014218870197
0.058085087521229074
0.24059620116461367
0.6538614486047906
1.1515132085475226
1.2059931454868933
1.524921499747962
1.3690162155095058
1.1086154804604753
0.7540578804064751
0.44949777657724743
0.1814075587139319
0.6221338741199284
0.6374510207040126
0.6172840523108473
0.7117173984128848
0.9386677908910741
0.9359105093266561
0.9224853880038937
0.8269757714007755
0.6963752416765833
1.011876240174837
1.1409077314198972
1.1448613406075685
1.1483491390172373
1.1079046433829596
1.1372103408159093
1.2983489557728283
1.0642855026631828
1.0008692396149166
1.1157657641139116
1.0753135666635494
1.0816116524330506
0.9475979800086649
0.9244318990761171
1.0257605756604853
1.0088197797255738
0.9881167787495831
0.6506391375366503
0.19340562038319536
0.24031945371744243
0.46184400202151976
-0.037277454852096305
0.028259308066870444
-0.19878429293117011
-0.21374054806432455
0.039001704707837974
0.38511979685687214
0.6863936583123783
0.6767650484393926
0.6670274159952099
0.6922479421511384
0.6681193055984889
0.6336937008759839
0.5465099358023566
0.4482772106874088
0.40142358648600895
0.6061103970964026
0.7254858741766876
0.8162866910638649
1.0029203552375123
1.2410506005324786
1.4770644846164038
1.582428615651365
1.651789414298496
1.80514331360712
1.8382416712359246
1.9161474571490087
1.9204900948702983
1.7616594872933642
1.5079425561048085
1.1630270528943123
0.7846480734934699
0.3614976372880542
0.1977006240619799
0.07495218434622597
0.17729167761200987
0.2530083829428437
0.4439784609645233
0.6406813055141792
0.7508207454883559
0.7776966043971834
0.7690926394501969
0.7783855981981048
0.8157834434984619
0.752297428346618
0.7211738702993902
0.6513632948695423
0.5749719326227323
0.6317187378531776
0.6753176045057604
0.5038609051101833
0.35204960618921066
0.2935617066468987
0.3204173986364954
0.43820762182994283
0.48780263464196166
0.48537439913620084
0.4583246695193816
0.5334798021504357
0.6091849086365232
0.6613934756038211
0.8100778566503255
0.7453394778212967
0.6704662826537678
0.7590368730653267
1.0199241351399273
1.0526297724251834
1.1205735153725187
1.087641029629161
0.921575215231867
0.7137815628173275
0.8383042136919557
1.0818002723633078
1.1062612394428257
1.1517358415317505
1.318606614459221
1.2966470721004415
1.2143816646402517
1.2533306602711618
1.2112023234844203
1.0831245973020214
1.0671877026719905
1.0393298189748357
0.9161297889077702
0.9033947124722219
0.834737494032691
0.753696988655025
0.6514480757880919
0.6810525136507105
0.6731035339514299
0.5673998177261106
0.5248234596545309
0.5675256359862499
0.5497787962666747
0.3098113242806551
0.2660573274485243
0.17053095004133306
0.11356914720170475
0.04367838180939846
-0.17464638766542506
-0.25670200238150925
-0.4038847006174498
-0.49656836690565076
-0.5345548498879026
-0.6151233374966882
-0.5810281490683722
-0.5090973069500236
-0.5646882338206005
-0.49936762634603693
-0.45356823212604447
-0.344710503454665
-0.2937075502805118
-0.2727264380650156
-0.13177287982728741
0.2144078066094333
0.622803471855415
0.7764117759837662
0.8761131012007656
1.0151653365583253
1.1743040256681563
1.271006406447859
1.3654950827773225
1.5169855279958226
1.5593603701671894
1.687362028255869
1.597798826330264
1.5108023490247429
1.648507528312905
1.5944655147886542
0.24034532861157454
0.10214254880458398
0.15170037872893144
0.12424786704478685
0.351585328600114
0.5751169668063885
-0.013812934723712091
-0.3763812088696539
-0.40621268338866334
-0.3284083759571356
-0.02561167730268069
0.30900480469705177
0.6352820189636026
0.6679640896134432
0.42595862105227617
0.46311908163395554
0.5173416080846615
0.3478268299772522
0.38511626158464374
0.33827742651065096
0.5683304102914183
0.8406395854335735
0.7179506534342633
0.2767805005455393
0.040832544008428756
-0.13429819631184178
-0.46421059202083015
-0.34462566833871444
-0.0026859657694017006
0.43393637639944993
0.4396286266763322
0.18434572688461617
0.16345354937558096
0.2793054415846203
0.33207508363216287
0.38147399707859475
0.31741703502126634
0.34551226063942486
0.4820863401213314
0.45261677022865415
0.4118038324731344
0.3973692158330332
0.40795548045460206
0.7052979397336337
0.899673766524697
1.2281377303741674
1.3173230104514542
1.5877641314241158
2.1033396100009214
2.3935214654648305
2.2736079313372923
2.1318325343936273
2.163761337943179
1.9612816936451851
1.797559883426076
1.7462579868237746
1.5647123512041055
1.3094579675852935
0.86773826172974
0.5364127238834802
0.42732466919822254
0.3782240553725389
0.18121996360638115
0.1933898611327251
0.5032107142191123
0.5417273082098664
0.497505364726505
0.33487595553669
0.379940817654419
0.5790408903961647
0.8861352588045882
0.9818660012797363
0.957730429665955
1.1198758410388545
1.3220652780222846
1.2803095790235974
1.1714401850414895
1.083990281329746
0.907093252078832
0.7223538620468716
0.6325398687839547
0.574351920716933
0.5318273669974696
0.39428318536092816
0.25399545780151067
0.18574142352185993
0.06201585226091115
-0.07454530448064299
-0.013731822467648735
0.04795821473647782
0.14046739737079028
0.24091271116615323
0.30324514560264726
0.19416549461099644
0.13767388667585875
0.21931664726674438
0.3252541244918606
0.46638086440457893
0.5465545944841003
0.6786703490471837
0.8655244974275661
1.127621423370047
1.3912250237036687
1.377375439991613
1.234980193765171
0.9572291972995367
0.7968090890856918
0.8928505158319813
0.935501683610007
1.130901569539001
1.2363189288481409
1.2131681067456825
1.1741830940783848
1.1911015779875251
1.0632445727925148
0.9500773533287996
0.9155789747693465
0.8907272303833803
0.9157042867854596
0.8952143265883259
0.8320410836168083
0.9616648679793308
1.1519102094121985
1.262336552518617
1.1898658637770505
1.2180408168980337
1.3948339939555314
1.200954000154264
0.6872893162146936
2.6000193356668744
-0.09485026155435752
2.307220773604064
2.8458210328817315
-2.1958020428107643
-2.7417174482918103
1.4004943483088805
1.8607443873918625
3.007091178188627
4.637285913224989
1.203138096622225
0.9095058671559558
4.92844497997744
0.46669378177071086
-1.503321313858435
0.2792663364069618
5.890609314320991
2.888820018721332
-2.4346143131878333
0.8399674233942284
1.9968711146441018
2.8065073509195573
0.41580660275673176
3.1352321025472674
-2.5006773841135868
0.10035270409138179
3.2479932070757638
2.4595487719213125
1.7832204622770842
0.9611343164018827
-1.3701534113214384
3.2517587643103214
0.9824599363091309
2.1485598869605544
1.61346445802041
-2.0948436232466285
-0.3836726064170223
2.2297190983330935
3.250847832456398
0.24661831951190857
-0.5486592317713356
-1.493564514520098
3.176449652653608
3.7108484420504944
1.0742866370483344
3.9949866478289513
1.5108983536006912
0.3946113725310683
1.043676296227458
0.9614778114257907
1.8829920404385272
3.3543840708570523
2.4508944267599695
1.732971634966196
2.064266853458401
-0.08157204559221481
1.2947019621397056
-0.49324145811160974
1.5343266691669202
1.3107304667857398
-0.35441426462762615
0.012173893092729416
1.9762062021030444
1.0434111975011742
-0.08825942665836543
1.057414999495286
0.2273641023843423
2.0545530930193716
1.1549387867661574
1.8087884818945001
1.7272468119160376
-0.003590817366488533
-0.0832774154800751
1.5732642410234297
0.7704858157063467
2.083184742176893
1.637698399104843
1.013965171283834
1.9322886183362702
4.700993724737949
-0.33216684384417905
2.279042638312161
0.21030117612019725
0.33832200628975423
1.8706283488669662
1.7734762222661409
1.1330454059345738
-0.30950724075609454
0.5693868576450393
0.7395859137073661
-0.36126782806437446
1.8819877233546036
1.1307887215032402
-0.7574646399144099
-0.19829499890476165
-1.2335327794719064
0.7683092456069593
4.2560815462985575
2.2798953494148706
1.6098484053699553
0.8683927653003872
3.172712922953944
2.0514902874863887
0.4932490097902876
4.607468686021024
0.8973267361223354
1.2453949574861192
-0.25679527752488224
-2.60975668141133
0.622088878154025
1.6987848542734927
0.7007401332661088
2.2626718749659593
-0.04222944269031559
3.4102225486429845
1.8085264978364086
2.901377958014514
0.3364508568288318
1.7558795955239455
3.1966841436414977
2.142737288644489
-0.5665180799456823
0.04654053196791878
-0.9440037689499191
2.235852710185016
4.408178928013534
4.061139796417859
0.5192408600238415
2.0061665560046427
1.3597899387519563
1.0691949608969842
-0.528818667360235
-0.30097914834527384
1.5395937397483161
0.3585214933879083
0.7119681703305174
-0.03576189903932658
1.5318694190453133
0.5283920354916178
2.221025655743025
1.3868503134043801
-1.2809110434428412
1.0829023398631554
0.6564113052894022
-1.6163809108037217
-1.3429866153063403
0.7521303692671182
1.135572433919635
1.0826157251634227
0.7757047307430551
-0.4304948104055056
0.2384783737725303
-0.08133223544786213
2.1447723662999794
-0.21656456249655476
0.053399166160268866
0.3330208703255138
1.5474761918061621
2.0516711136658405
-0.3096727228356011
1.5097971547940419
-0.3514738747539076
1.9134645186646564
1.0381029270076978
0.8700856558018171
0.2312137477424092
0.3006262364015397
0.20330972450602436
-0.0908529689893081
2.473114109437185
-0.06480295401446903
-0.08299068596926054
1.6679701826255824
2.324282361519998
1.6200909950135427
-0.4063316032582918
0.6040218055330534
-1.497794427962628
-0.6081939838715369
0.4733238659824946
-0.22345303651418338
-0.738261242772458
-0.18697091055857884
1.146381166524799
1.349995594850561
-1.3693817865442133
0.5458697695188984
0.21613135130559763
-0.1607838311212482
-0.9566811618658353
-0.6755934913147159
0.09040749356626056
0.40484571481538983
1.7814986283183347
2.6285258897269994
0.4917175038182847
1.1432646760771044
0.8123912888589885
-0.5049474000879777
1.4059382436041594
-1.3684175548713449
1.0247386778988388
2.4245445907540377
1.1541661654510578
0.9254364936142743
-0.49075540651020655
1.0332389433836224
-1.8229509689932712
2.0889822394374233
-1.2932693018952426
0.35783984984500444
0.9715316769015979
-1.1686730983182874
2.195844044541949
0.40396119791489205
-0.6915934661444835
-0.6780727652293728
-0.047192661617673735
0.3065501317616962
1.0031691627830333
0.7181648000037444
-0.05234863743449042
0.6604634805061914
-0.6061081615189269
0.5828688080532985
-0.3833814803071775
1.2384142253278265
1.9304059824566906
-0.11461434546240779
2.164642581099832
1.82598502277553
0.11447628429782165
-1.4148059948902458
0.8522728890344976
-0.40447750052995185
0.387590852267322
-0.03775523280201922
1.0932933907827351
2.507717241472144
0.5815990013899226
2.2160122610286366
1.2909793999217611
1.668606287255352
0.28684593040370465
0.8597932983492934
0.4059687697752092
0.5661151256525561
2.402962856270244
1.4155601188740305
-0.3193832869079674
0.694344891990255
1.2199224534818573
2.2613125619913945
-0.46227841058579233
1.0607947843490053
0.8522293607740212
0.9693749378647686
0.7934885483702828
-2.0109369787678184
1.2186693664040287
0.258758512198462
-0.4554588978252875
0.2638208203054525
0.6389730363239782
-0.13495120591994486
0.8424950837411662
2.219241361043632
0.7621411234041718
-0.5669013392871736
-0.9874886676198673
0.9129891715323508
1.9658572700198662
2.5865764640025093
0.4901187152645528
-0.09750023291224826
-0.04381712992879992
-0.6389325047697293
-1.8733353032845514
0.7526704194434486
0.7649545057473206
2.2948027656312058
-0.6265296181845242
0.8628166996550759
1.3092047461288518
-1.213011954184304
2.1324881363267427
1.5764945501863554
-0.20938768400783236
0.4591495512139205
0.5442757559985648
1.3178294221964415
0.24443306654436817
0.6645027960411247
0.8361241884913079
-0.5012600621001433
0.10903519760888182
0.9115344414356289
1.20135013921434
0.5329015181799893
1.624738481091612
-0.2289773174261494
0.2914298262163903
1.2748198553399746
0.2002849183583511
1.8761613175489977
1.7085594350849378
-0.14096012054425772
0.5286830497006866
0.4248566191168709
-0.5915981965390951
-0.8615060953555409
0.8276654881294144
0.8935699191840881
0.5057163359472876
0.8094695864411636
0.4774089421440385
0.1755601716493355
2.308885997206571
1.4625943355518052
0.9435317099516458
1.7884942321910096
0.32996546938294957
2.4507698796321606
0.6752804196634106
1.2150613266118058
0.8139222059612159
1.5179559280439903
-0.1927144274630782
0.7292785375736638
0.3973611788528509
-0.040164031801370556
0.34668880780192385
0.48427823797521047
-0.09753886944432068
0.7959669314317458
2.6963266030317574
0.42965830764157265
1.6644654650598296
1.3629411365612352
0.3818065660274894
2.2676663725650106
1.2072484353579682
0.1451213304978893
-0.6413852285246444
0.1545394382128038
0.4705705314070752
-0.09094021593107306
0.3686598990260156
2.564570542847561
-1.9275569203354985
1.68255732281494
-0.36243108705934707
1.2624052496568825
-0.2519727684531224
-0.5802580987791643
0.6588524648569996
1.1952947086560162
1.004836161731315
-0.5158634170721706
0.582346758095288
1.9031408890443007
1.3721120616460036
-0.3552013408038573
1.8485313187842138
0.6693965365131376
0.20053891130972315
-0.48531474382434336
0.2649854160837476
-0.445899699359075
1.6471051907706709
1.1413687991269632
1.0043729619491935
0.3044559799481444
0.46093067622418255
0.1544176265056522
0.3759833497315952
-0.2879442565764942
0.6052623640159971
-0.3340967088336666
0.7836499001918503
-0.30708324193716957
1.3753197717993642
0.9069579309336686
0.09430495039530427
0.17572656238230294
0.36145225507688966
0.3582536709856576
0.8648823898908073
0.16462710834765976
0.8120748062691694
0.7682454813215243
0.10850314186404907
0.9681087636477632
0.2760911884223655
0.07257680463840376
0.35315337129841756
0.6076759144407622
0.6628508506905426
0.7818269120257062
0.779838872704663
0.020224130715621163
0.874878195316672
0.5395835958711988
0.06208245566317369
0.7551856165311512
0.0987403728537025
0.11270116365413473
0.44408786911052406
0.3919336392885306
0.7316956578437297
0.5009990508872479
0.6794215651262083
0.0707907636033339
0.2700834794553328
0.036072221950322975
0.3201276996638511
0.14616430327276392
0.4166118293033438
0.22054782658398836
0.4782007477998302
0.4472465550844679
0.4941978824148984
0.36677427347964703
0.146875183681401
0.2642441649384572
0.11181944940818177
0.8984280770091191
0.21435261378835374
0.4873538564222705
0.43270968444106134
0.9029295730403919
0.9457339303894869
0.1589252299684733
0.5585368805350994
0.146082160500778
0.2809637024030191
0.9421603936295961
0.14070297485306454
0.0695437356556806
0.9474856606832849
0.0743171217140187
0.016086543764127253
0.9157942854286725
0.20877482511329698
0.568858364864034
0.04794279419071054
0.2502350906714392
0.5828144842223684
0.3884877141550533
0.864891576100965
0.6687451831565099
0.2204052904686415
0.6598098454446704
0.9035005384093895
0.45936940315172586
0.8035494183283614
0.43047031976300326
0.8662716166210294
0.6557981352839966
0.6954429007202065
0.17605996545748098
0.5748349453008872
0.013741038055777978
0.3994643986726944
0.7008387307751913
0.8609661782797879
0.8163655243733514
0.5071090337414115
0.9699952788259159
0.589100800116944
0.4254459681774902
0.8281983377366564
0.447972668043711
0.1502132780181295
0.9030919663804287
0.9848547609473801
0.26789069356674505
0.7346608241664307
0.7125498400929116
0.7998288555616193
0.5651503350441696
0.15553542773722334
0.5754435092109611
0.5646175613596152
0.5632843648662158
0.9891686693541129
0.31717241620400966
0.2299274335754799
0.4521226093192054
0.994408443037246
0.9028180309421863
0.28357733785753697
0.8440798467033437
0.3507997265759976
0.8868197287445898
0.852968548988505
0.849783176366919
0.45729537653503155
0.4252874536578148
0.04109197918690097
0.2225343290764667
0.9510236971635111
0.3239417310147778
0.16826140811128737
0.34917717527361697
0.8848907403118567
0.2916589052440845
0.6428100229228115
0.48970669631765434
0.5828435213710268
0.5283769020383287
0.9342193146594959
0.827530228403625
0.39242369308511454
0.907043829372451
0.8841537758098337
0.7059689597923711
0.8081228969578444
0.2797101371696646
0.8656421637863323
0.3037628684530071
0.8293560255482872
0.29010415122896943
0.4655276785993265
0.9497925038637849
0.523627399280032
0.4993990972147057
0.29811960035619783
0.8922941198299523
0.10214518974029484
0.7781986249636683
0.789951327080574
0.8729970533945526
0.6249082684988321
0.3848608010134171
0.26573662986396934
0.26798747603478085
0.29479030729004213
0.20579190366323624
0.9595932465850892
0.9100275992320526
0.8055911330142245
0.03329897936705914
0.12657809610518694
0.0808862884702025
0.14894025430653784
0.6219600566991623
0.21890200351826355
0.4777980960428176
0.9490636586650052
0.33037869980998175
0.6820219782076005
0.08240999841595818
0.392490981056744
0.7411012421628247
0.9272057565190648
0.3414897376305834
0.5900120754542895
0.635587771393225
0.09050436431385199
0.27116392652297966
0.3637844809993284
0.524792847360747
0.22508537277926338
0.03632544003486923
0.6528404282530513
0.7512435693633488
0.10628663856870234
0.5251518121960028
0.8049312260081123
0.7958381297080419
0.17648307307712224
0.34963572214528255
0.7200618590125729
0.8712728006364536
0.9938107237608877
0.7915634593077889
0.4994384158193587
0.9438147600980669
0.31409410652627295
0.4757006966316714
0.8501600405590115
0.8844856461066666
0.051385443647573
0.5572824915976178
0.9044141563249317
0.44436315384183306
0.17296592996705956
0.6544709034485492
0.6951977298472747
0.13244404270683358
0.6647878491092014
0.673149173290637
0.7484625107195062
0.12224899830452794
0.2767616992533108
0.42872047208432157
0.5154542322010984
0.920240131167416
0.23085703759159232
0.9915732295159128
0.7409563445908782
0.7785307182107328
0.13492824443064982
0.9834191679825333
0.05253330408018239
0.8481299339841024
0.7569577873818354
0.41283551241026867
0.2718974831150153
0.21682974610448674
0.030784776382390227
0.28929412093631107
0.9942325941593273
0.33217831271359305
0.5597359562706539
0.5609630485533348
0.185097448724659
0.5808273841839853
0.7719255005151069
0.6213480530650857
0.18583889165660333
0.3280826499767064
0.5878419732758176
0.13616492630161153
0.9195813090674789
0.6267061061861354
0.07141238179174457
0.7265809727336132
0.8486253479111296
0.9351311060777265
0.27510392072709416
0.7213848868847212
0.8220022264881404
0.10339893239239416
0.7777763344744941
0.25699054613373623
0.4048995044355838
0.3600159878702613
0.7836000715324405
0.33358741019220023
0.09797618830945419
0.6251820664548764
0.7320847122040377
0.3490667185252289
0.8745176974808149
0.33300862712426577
0.7008420551867063
0.3286588577167419
0.19665729935709514
0.6973090236348614
0.37504773768148
0.897430044633625
0.12203583520917848
0.06816026712506772
0.08098501449184524
0.7484805876405063
0.9232061079195857
0.7312254543773928
0.267763144276232
0.20152030749275024
0.0008928462776106679
0.7078068462033855
0.985628975897543
0.01826828805390727
0.7977618840695544
0.07264275297953403
0.7588057422172934
0.7575470829163244
0.38590967631588974
0.5774393067344588
0.018597092837009093
0.8932578930805781
0.6960607122101299
0.31608555070734407
0.9989876665048345
0.26377845623910784
0.6819478800644989
0.18168378340062924
0.9705578494285649
0.8196293626623452
0.2951841161353527
0.8966157432715296
0.9977909292507197
0.9476892617799946
0.028214871150435233
0.5933622815738662
0.7903630464911724
0.6343311777442893
0.23435475916989662
0.8232724904978652
0.2530619540232703
0.1818342153470371
0.3054018220996721
0.3451549654383685
0.09785543488732405
0.15152429612691115
0.6205073314737188
0.8159348668679682
0.2510792316604606
0.5357927438709837
0.30147974762604907
0.3559349757132228
0.6900749642574826
0.7861379119394678
0.31715777929696015
0.7414723949334276
0.18626896075496274
0.5951900835174861
0.6809553723375699
0.06164559455438087
0.06303521701287994
0.9431633916192996
0.5999617274430205
0.026023782250591026
0.531692385286453
0.9275252399018274
0.7096175423024624
0.13998438833912047
0.7973787737630926
0.6017935263991223
0.602514218463652
0.023772557267489985
0.1770762900942186
0.8576059081719911
0.8642731294483197
0.5892256092489185
0.28014371331178783
0.25522635852953707
0.4302739333302911
0.008301199614084822
0.5905708174340611
0.1666473788955895
0.8370549078759004
0.13053978791444182
0.9428901154689895
0.40511783424869446
0.5074443096429393
0.8205632982232156
0.6394663071278595
0.5972685964737576
0.40608453652033843
0.11011512338897754
0.5987670016203062
0.38483965318043717
0.9178323781583193
0.7792603863228835
0.828804860053028
0.27121248920113356
0.7259814610441426
0.8349997668731408
0.5529715863640758
0.6330076764729704
0.5877999240732648
0.008294338062749264
0.48235644790719306
0.99936783813666
0.27976035477151545
0.9209332462746833
0.4414742126305075
0.6446017330077898
0.3539675103438111
0.13336741903273336
0.44432607065858115
0.8965215151154244
0.10990765387550115
0.5923007698347773
0.20452861221698154
0.043323297779371245
0.7368062765018863
0.39922377823194205
0.12485152883456495
0.031231539216063513
0.32559802652505615
0.6359920340530996
0.5714323570466129
0.7242296973399436
0.3471080297037263
0.8295069225947189
0.7507970821355974
0.8485956631727256
0.28056010831728967
0.6244839002438725
0.8677950570429978
0.44087942255040663
0.6488558381981837
0.5618915321716131
0.5712263618198723
0.6162239800385798
0.7305056920337356
0.3442823671735042
0.18098039468342092
0.7480860785042316
0.9645836327366104
0.7460640702792805
0.8917089227186732
0.46026917813001206
0.6121924814615638
0.9991040519663352
0.22186447996980213
0.43234788590498824
0.3592227685363289
0.2366201167819199
0.014643609011010807
0.06864931642399817
0.07089885009944573
0.42819616324855153
0.1662019119884603
0.11805794548496627
0.5736897590390897
0.6200813908790708
0.5604902002828476
0.2715302373525125
0.742534199840776
0.4081535071900472
0.5415016633034924
0.7946163147399397
0.9911940620585782
0.5097818588810443
0.25473387305295553
0.40581050071518704
0.7905464992554949
0.9256003046332806
0.5407824533219254
0.005246513587047313
0.7388533751014779
0.903661907419109
0.5640152275539325
0.4359380701259587
0.12658031195903846
0.607167705935516
0.7325961149846032
0.7490454617705036
0.3138464097535751
0.9115146923026689
0.16473936523340765
0.34111894155357997
0.2469683591747069
0.6203736814722873
0.8292963189780154
0.9562520870364808
0.6823837178138288
0.5550369913043196
0.9539365099351065
0.08360602715262631
0.46750000968291533
0.7180596132178358
0.8200644252979881
0.9876885829578506
0.6318351511052309
0.6952732480116917
0.8022711824253055
0.8175388505228589
0.7556709868527463
0.5462202119634811
0.45461111369598844
0.7313137530689657
0.5028813946541586
0.8908766767286285
0.1113060979502468
0.36917155586524747
0.6691042640462457
0.5522688040654542
0.8518138325951365
0.4429419628231909
0.6948245049947039
0.4062296495630257
0.17133764842246751
0.48708263501686905
0.25544855963335483
0.4435321199669466
0.8757426316916741
0.9804061421946515
0.22169496861793386
0.9792163881422165
0.7317240834611798
0.9771561227186161
0.6227633944084492
0.03297632866171005
0.766653076814819
0.2762137284170078
0.9524996031677455
0.837375892966499
0.34422225263002176
0.07245580403339745
0.45868004070996776
0.9464446301960114
0.24477270241559584
0.7985795485413665
0.37888999020338926
0.31268847418114926
0.2704161841870824
0.41651856233609025
0.2562372521450222
0.4686079844510331
0.15788948888160687
0.5132904884664267
0.6827564300169318
0.8399161697483861
0.22601121535734298
0.4265812967143778
0.6789625136659001
0.7021385004238714
0.16932869431083114
0.37840061476015946
0.7583496156499332
0.357949309327989
0.8549394481626376
0.17848357705748147
0.048651212264291116
0.05235930194912872
0.4623480023112205
0.9846596009215456
0.9820002043378899
0.014568755469014262
0.6100454760134553
0.9921485567035
0.40072720398461364
0.41210251055574804
0.8940584579319626
0.48586128629077713
0.3238600981646966
0.03570866593587238
0.2106572623393163
0.12225371998382793
0.49458566719964087
0.24148398493422313
0.997374661424937
0.29765423795558726
0.8008278196760146
0.86306123409633
0.8551896418163873
0.8626081692334966
0.7157533146447004
0.03427080849262229
0.6082559854511826
0.2685403503580949
0.7211250788495107
0.758611064327023
0.6405923477835569
0.37776263883014
0.3280890874428219
0.08245742107436281
0.4357004676683351
0.3352593208461398
0.476582862686774
0.6393517259544932
0.561586890347908
0.7277705303162212
0.742816349065647
0.2509398239765794
0.34738120749870477
0.8735383722606409
0.7938481791306742
0.32448888819744054
0.5850827037682678
0.8437284785363617
0.7988801531021246
0.7093290365139409
0.12844667493626954
0.4850716112027406
0.14738367569220262
0.5645206935178093
0.027199379330029288
0.43639598631370674
0.11459902627253836
0.7599154611246246
0.48479383774135626
0.4535824855939285
0.6800145356598708
0.5666743331553932
0.9988489644643761
0.8111011327639737
0.7633533868230795
0.6702865985227036
0.9140352852820655
0.27583224355021646
0.4321034101684957
0.7014384925995163
0.9603076769131427
0.2525673739131386
0.8862981626348734
0.6394584370808618
0.9063730664532348
0.8303220957887272
0.6874465088593475
0.7824651768669555
0.8260859173607431
0.7007917720778225
0.3685707458983198
0.5214246125140278
0.9529203276046696
0.2903096976413683
0.0802593155875496
0.7102188984264255
0.03759648851467698
0.4215057485274489
0.5024962481817246
0.8378935213233487
0.8273485814399997
0.2157370559921205
0.6844670709956646
0.6084142560021499
0.8675908112208484
0.43007912962948786
0.20211776712134916
0.6992232586019711
0.8960926848919795
0.26880816998086415
0.9647018471639393
0.06524820111481798
0.08367250886632004
0.7195337429919275
0.8720508556938518
0.20378474439999045
0.9674112468406129
0.5919577886578999
0.33690229173811387
0.09573925227837009
0.6239266103477592
0.33222104211167175
0.36977556834282205
0.9186122357014932
0.3244281610625405
0.3953659730224863
0.34625122784331847
0.4492014075570269
0.7511526323678359
0.6730566518374892
0.6380487830098238
0.6452792724479512
0.5551865469621078
0.9818317199044713
0.57146011138447
0.5165701122870334
0.6090536400260136
0.6355134409966348
0.46814465084651385
0.6725164782801325
0.8388160294905054
0.03878567048382084
0.2717022075624999
0.6124798409902212
0.7630350551218004
0.021275147520293174
0.4853381306223063
0.9541167243756481
0.6691879519181099
0.11069630137774432
0.7117767108088904
0.7036671976432411
0.9330262109654057
0.2736319842397114
0.21556533442730624
0.8321855040375141
0.3561135281785976
0.6917536617565223
0.8965740782667653
0.2292474102316639
0.9834238701246265
0.1780973050915879
0.25068299537220534
0.5224097728422632
0.7724601934963709
0.4336834540041012
0.07332074072075843
0.7715361975265236
0.6732543057916325
0.9896041257856565
0.051724464161725464
0.2618142721473364
0.08339213630336749
0.3224991671332866
0.3016043445598217
0.6612810199937735
0.43864034071977515
0.67177781192027
0.4046588127740271
0.8670280868139291
0.8919219342483355
0.4990502014271842
0.2087413187413782
0.5772244732688825
0.4570899080649233
0.7178277596387244
0.0023659138555255474
0.9635243025593796
0.09827980223483555
0.2960991855814085
0.21467956896917423
0.012807522085228064
0.05298093134669743
0.6796303349208039
0.21435670856116568
0.20955914097492573
0.3982745869969408
0.6377703532723777
0.6344164276665878
0.854777291892612
0.20962666127934843
0.8614052022815077
0.22164838253251123
0.43294060301010456
0.3990625106191918
0.17732549981919682
0.5018245577250733
0.27285629108087045
0.059257331131128715
0.8014362865437068
0.8585423187524588
0.5031984448376441
0.11989754107412752
0.14525772263656095
0.4112083603669973
0.05523440188025627
0.9601296678217404
0.19073709032274516
0.13881992250271685
0.10590326754613276
0.7301151986202006
0.8040595332497331
0.3721274269236476
0.04966435624794116
0.26337534431417725
0.762906564111318
0.05993903427880118
0.5571476208996942
0.6874390133169883
0.29004317763793813
0.09712312649203635
0.587594741310584
0.7942888115657885
0.09919818557815017
0.28411256492992404
0.791404049064111
0.3112066694939057
0.3971756980803764
0.5801462874861949
0.030817207688426478
0.54675955295943
0.053535367424250996
0.9269122416599336
0.008750027115792649
0.5315785873763721
0.7486983904052735
0.7958331601702766
0.29555890422856973
0.6598267228016357
0.33381827645244705
0.16306176232429842
0.41719567200283486
