17984.50186269846
17372.72095344587
17382.641429423275
15455.159109760894
15498.547861489942
9858.4870076405
10275.08813541113
10372.675423668947
11290.928342672712
11263.011005744353
12708.538076872735
12640.065787118356
13774.19110919451
13310.902229095298
14650.030369923817
14863.421821694907
15574.585047061842
14979.336358241631
10788.975861264855
11860.61188960508
12650.98845339305
12934.430385819202
11673.096440569281
9978.89283264209
10301.022214102128
10901.403848036824
10898.103277825612
10621.358652813602
10549.378108660969
11256.588963025102
11142.66398100766
9513.819728073016
9440.623509497156
9592.101537739702
9871.414384030391
9582.736713925344
9615.477408556631
9531.935310303808
8738.184415834505
8451.90694409767
8779.078619129168
8788.467373192192
8891.956725297567
9423.61936683978
9628.453048939906
9250.224348439817
9929.524664117924
10317.22037940741
9211.797122458618
9352.268728351282
9116.321004252448
9075.246587561844
9063.511485667608
9602.733010579319
9494.08646638494
9901.558195963666
9923.374936025113
10446.423550441186
10235.576607265879
11748.682086448445
11729.179196518318
9983.717728678175
9728.852233045516
10174.48247907984
10372.206593124396
11119.76813872423
10491.823617055694
11242.139713847462
11252.333708281183
12229.589349164806
11851.72578947589
12527.7243797924
12754.02142051301
10950.713432190449
12386.576252453464
12612.319460120934
11305.043028231577
10626.863037678711
13013.359782824788
12691.781634805026
12257.09561599996
12257.250825201483
11688.280795258444
11349.199956429678
10687.744926157895
9513.085685908238
9310.521218147729
8913.490700791104
8146.221546930377
7759.9298504954395
7528.813866017074
7536.843429030882
7520.734194522303
7208.374768477953
7184.104542565971
7321.280221584496
7275.369134961824
7098.547399054486
7097.5117271844965
7344.983475289941
7300.156683944996
7142.197204566543
7156.79414665087
7471.672101945569
7419.912480785629
7256.708496349567
7272.656447955098
7569.782981296853
7531.699306810327
7381.114977541188
7358.44175924796
7706.292358593337
7737.509733468316
7651.668284937344
7524.967029418874
8179.94966039062
8361.271417146336
8353.538450541986
9345.76969930237
9292.812513557292
9335.013573421396
10226.184933031345
10169.70754383917
9405.506071583939
9698.425904291104
9916.84262727323
9270.106028974806
8964.018262927351
8757.167059849791
10317.99437421178
9706.351539738125
8926.20148236435
8717.560652859953
10038.881015596811
10090.713749198225
8288.122844850854
9779.398969550295
9312.335505469957
7890.5920502154695
8057.058627704874
8689.916456689623
8673.642407917267
8344.43822227136
9416.784003600107
9071.7076672229
8353.371542485818
7931.081329371139
7737.8793195008375
7573.170843319399
7347.450762860487
7404.582069816547
7744.589966204477
8517.192177067369
8623.158003569048
7902.644747026461
9159.306210706396
8456.236154838009
8682.424217495063
8432.85546592792
9529.94516965608
10079.039357417894
9365.421181007769
10898.318599995418
10879.528976056052
9690.673858780838
10189.846765968452
9855.853826120703
8606.588190899947
8287.210072026044
7952.2439495384015
7961.079090487468
7143.462100829064
7524.409518578899
7433.899011756535
6735.402577753972
6612.181374242425
6576.329284625599
6570.5671148676865
6424.747008299598
6623.010404234178
6468.051079214643
6405.6983945719485
6430.284770045644
6581.050250969349
6640.805901005506
6417.618710623349
6739.123304892753
6675.963889058137
6435.32260215042
6430.150276528417
6922.50641826873
6906.807985794169
6397.975134806435
6379.113778843173
6955.21663166144
6972.234555645378
6504.967064863492
6422.8286439212925
7165.788444566738
7282.201703696441
7155.851072700716
6866.750165040182
8300.04716104944
8721.62807384824
9017.61156976467
8375.450190191772
9195.694463666245
9870.578702857489
11000.649026575526
9632.532607563833
8507.344330742846
8822.191412239938
12095.224290620787
12146.520731459856
10630.364799312558
9607.2145394814
9420.299948958547
9144.380933119674
8739.986667646303
8434.892587922588
9304.995083068276
9170.790514898197
9880.323630921823
10018.912534531852
9953.457671786491
9830.377061592928
9430.279732671344
9191.738576326139
8699.449785640909
8654.599414502227
9900.344202254775
9907.496534991682
10928.40736196412
9976.21716182354
9349.823332474125
11659.688097419075
12152.673649741932
11250.036551033887
11076.893907481708
11936.59794517546
11964.781618612264
10143.16830208804
10675.17523169103
11822.544639239608
11639.778390038386
10414.288970300553
10430.692717958702
9472.454227149587
9822.842723194017
9776.208924011664
10837.977489017654
10110.005107048202
8921.827750334636
9624.186648955014
9315.418726873311
8282.761506236762
8707.286123398848
8528.167385895435
8615.829875821042
8550.414687583176
8000.927819359486
8650.77139721402
8707.099048396902
8219.835553834522
9124.7844238782
9177.580668636823
10001.20398465213
9179.287216759365
9123.033628392734
9653.7011779082
10640.705543177914
10044.1414548861
9579.100107902692
10075.57795841548
9839.469705379686
9727.544477110612
9809.303698913298
10298.999984622518
9784.034466867615
9464.54825189083
8941.832444281112
8347.395412860182
8138.629192946558
7181.30509490136
7574.57990513224
8087.916415893102
9517.819039094686
8768.474776991015
7865.855364570213
7465.374748098845
8600.152239716785
8756.042804978033
7170.906908476391
6672.856781005088
7417.85012380992
8075.390951579622
7851.989532572019
9072.178062382578
8629.104521800567
8958.346232439299
8476.37515021118
7122.17132128468
7185.7286582227525
7833.426302864733
7819.787768448369
7678.421930560041
7877.118970940873
8283.586028508667
7666.272734699524
7048.78855205844
6970.462366256252
7258.228038341161
7251.623297249095
6965.530592509003
7179.532655141153
7121.165648731942
7435.547090145748
7281.25501640337
7631.83999592167
7498.931035425143
7624.6845561477285
7676.218526964983
7484.90391373652
7406.175875392016
7550.861621493124
7418.716937939532
8655.306475621892
8882.084736878702
8985.775581829912
9410.948602718856
8534.123888129838
8253.637729460574
7936.352432732499
7489.466054845943
6434.1870635496425
6753.224448388066
6759.724594976858
6478.288224689334
6314.83657556912
5975.739463922823
5914.6305328274675
5778.034667601674
5736.963012678845
5656.04857613325
5668.722874754814
5781.638819334126
5732.794375678284
5565.648743787266
5535.441601954355
5537.501601028037
5516.925978215201
5495.1954516106325
5478.733598134832
5453.768902744976
5448.789643032339
5434.970165669398
5430.904136633542
5417.206072569517
5410.906967031307
5401.125076964264
5396.651251700557
5385.55549845226
5379.967666492057
5373.910255943593
5369.519571029622
5359.126816379326
5354.3288640329965
5351.211388839286
5347.020168549775
5338.459722264842
5334.689017138903
5335.308148553356
5331.42863153585
5324.406514198675
5321.9534684180535
5325.554948797718
5322.039126220537
5316.1405545973985
5315.090281783063
5320.989857336802
5317.592194406445
5311.207686276235
5311.440793803043
5317.94709765519
5314.341642597956
5307.116403511357
5308.436152979846
5313.848371889436
5309.780604380612
5302.254350184948
5304.466474810717
5307.215816439709
5302.585160198954
5296.367594331069
5299.297884109001
5298.0531234659875
5292.918603836063
5289.430801253276
5292.896938888804
5286.550910426808
5281.0488652177555
5280.534668461601
5284.265409933841
5272.586285148235
5266.813489833998
5267.877676243558
5271.505294204439
5256.051839764019
5250.009104379315
5250.499843886437
5253.712843306514
5237.544179544779
5231.228353027914
5229.920180644836
5232.64867977092
5218.506504919099
5212.072021934357
5209.581112891203
5211.979335425009
5200.919076998007
5194.71527734486
5193.272397636606
5195.552623446957
5187.001927528701
5181.500475860599
5184.67709498472
5186.986181530247
5179.170952598596
5174.951615096326
5187.86079721041
5190.188209725469
5179.79482775529
5177.586811745886
5206.086682917755
5208.009028035707
5189.368081927649
5189.869746129005
5235.882287752649
5236.294550519938
5203.259449069411
5206.426993750153
5261.075597550799
5259.142148440037
5211.705585803639
5215.834383736546
5261.552116294262
5258.303999827145
5205.485977109019
5207.5821433625115
5231.899077807781
5228.820390000386
5181.027695166892
5179.21143125262
5183.084243797853
5180.040162505696
5142.416051205321
5137.322014590711
5129.071378265073
5125.346818307964
5099.052705409251
5092.54788960386
5080.361247238198
5076.118595210856
5059.924979152934
5053.82886756318
5043.753875341669
5039.860008701484
5030.8230259143775
5026.336584933544
5021.62292623418
5018.806083525542
5013.757638114274
5011.056994992606
5012.544119657712
5011.053493268916
5007.65872300924
5006.136799369931
5014.414485305201
5014.303203278586
5011.368782780465
5010.522379786751
5029.400344953587
5031.161315916932
5027.118981261694
5026.753579804476
5065.235967597345
5070.230225449191
5059.21374089797
5059.02968518906
5129.311175278027
5139.013380964306
5105.605399833087
5104.65831594187
5210.461079406271
5223.969247239195
5148.248718780857
5145.523901111053
5267.2019185640775
5280.766484545795
5163.578412143905
5159.308564558568
5268.737103202064
5279.734934971866
5149.901776526715
5145.016944378956
5235.1741606111245
5243.464373500322
5126.071001406308
5121.045279720021
5202.914361303007
5209.190482807473
5110.2280009350425
5104.884531450893
5195.272811991151
5200.14553449975
5118.275985539084
5112.223742210815
5229.684830973267
5233.326674920786
5173.731320529063
5167.806215608069
5309.15171776931
5308.829362157527
5300.961388919696
5302.61526169475
5365.093439295636
5366.525341019047
5387.7741057767
5395.467467008746
5394.3557302321115
5393.92732317716
5408.810744555794
5417.42878169973
5396.591726838343
5397.264008898143
5373.127194887734
5387.294763960458
5385.311623220321
5369.595230513116
5234.577399721424
5244.088234103269
5182.557449153375
5174.334258791576
5137.101783346285
5168.865194171514
5229.892332133039
5200.54975255743
5130.562477256488
5130.8687587417135
5156.212130532585
5157.177429270863
5094.550974664196
5087.896673021747
5133.235275072282
5140.756007834458
5108.384816842833
5097.597580664527
5139.939678923655
5140.598167838121
5115.488434276097
5116.036975586223
5159.830462948687
5159.208432244677
5135.511289295696
5137.65774555198
5176.60144319818
5175.193559625467
5139.696767753784
5140.293170152336
5183.176940798736
5184.5915006340565
5131.60263957345
5131.809223287225
5171.45960361137
5171.07464489344
5136.010367200598
5138.310239585328
5171.992639371694
5170.334039933839
5132.038518466083
5132.4766263794445
5171.175738678815
5172.802257795189
5118.711118524695
5118.696163923153
5155.139037604979
5154.911616795049
5120.888874390847
5123.037441560446
5155.291468453223
5153.543852110481
5119.298053508213
5119.754958897873
5155.744545542852
5156.7636865489385
5110.069694207895
5111.081546641634
5143.880816719245
5142.587288535124
5111.019573150341
5112.280466010814
5145.755898481962
5145.509396406072
5109.574398952809
5111.613057943847
5142.958340607546
5141.150658385323
5108.211549209765
5108.72253758971
5143.07545558372
5143.794223347362
5100.770465482517
5102.3890517809195
5132.753421993867
5130.899336190775
5099.875840067549
5100.419303580849
5134.455978814382
5135.311666770814
5094.128197458764
5095.391887100837
5127.902610509524
5126.284061769225
5098.034324436327
5098.94942397059
5134.747901332642
5135.312387547997
5098.213181183225
5099.944310679377
5135.664869065671
5133.606175134543
5106.595396307137
5107.342989651273
5146.484316791585
5147.509019954096
5104.71365767846
5106.648544543257
5142.9009840724975
5140.57685654819
5111.649492797821
5112.3549588035885
5150.9054585411795
5151.416998117708
5108.36913060085
5111.279401078054
5141.0867762534635
5138.566274560696
5104.324461144012
5104.97076623953
5165.784849335169
5161.407931782117
5147.50403016646
5154.283614212722
5200.436638199871
5195.50932394923
5184.846869649146
5184.0602188863595
5308.050347688729
5299.55986446047
5352.69364884148
5370.894647888496
5324.844832373823
5321.173661179484
5310.952856914205
5305.106896498151
5237.416822090797
5238.0401481953995
5274.691409615723
5281.362645143172
5203.245553893386
5204.201849830692
5194.761691688073
5195.9876785837805
5155.998808537359
5158.243268134538
5135.20470051742
5139.796150940728
5099.82560827399
5116.3988390048435
5117.909524303393
5101.14303504799
5115.36478809562
5115.063682190213
5106.792472735843
5104.754926434453
5121.6299187312625
5123.886730825562
5103.785436458989
5103.588352483168
5125.769558683479
5126.645009396759
5110.536359244275
5111.985480402901
5125.453030610859
5125.57149024096
5114.964895609092
5116.884107832686
5125.86397799126
5125.771221141993
5114.230464669372
5115.39349855458
5126.43149024264
5126.987077627301
5110.7711640332
5112.403521266861
5122.033003243608
5122.018747380854
5109.181299423813
5110.72254120887
5119.316499104659
5119.454632010277
5105.306069748317
5106.931062148342
5114.640751140029
5114.642717411428
5100.375878644107
5101.641914185436
5110.542230222508
5110.775442541957
5095.138711148244
5096.759644181038
5104.385092306315
5104.2647553769675
5089.698687949619
5090.468094226825
5102.0255566319465
5102.601835816517
5083.551673502752
5084.770446543096
5095.735756805204
5095.735321986106
5082.136065799873
5083.623234704192
5092.579991690317
5092.478711524783
5078.552336618531
5079.400914038354
5091.069033481695
5091.42210488662
5073.9831335994595
5075.292030161049
5085.861332140506
5085.701110564887
5071.833533132435
5072.818882089249
5084.374471133819
5084.519816293088
5068.319325354588
5069.698217586464
5079.886522220369
5079.6175988146415
5064.347755025652
5064.783610623118
5079.898224836437
5080.555763207191
5058.573895348118
5059.231316420351
5074.817454638562
5074.941320149725
5059.822869074136
5061.261813358774
5073.5600877941415
5073.2055900366395
5058.715548074502
5058.8404986174455
5079.114568603062
5080.499923595456
5052.442897013771
5052.368690230166
5072.539766707857
5072.967537389657
5055.326296401026
5056.586605060828
5071.7131316759605
5071.3654682363995
5058.777650239207
5059.248990513997
5078.027026365262
5078.74322234374
5055.935187227057
5056.7991457303215
5074.396373738412
5074.307745250729
5059.979140951153
5061.773025727021
5074.507012914302
5075.306537822158
5049.032353833092
5048.008074099498
5078.37986182992
5076.939656008754
5063.924490022488
5066.840840861295
5080.702405123193
5080.13001464313
5069.285095799428
5068.047646976624
5088.603134166103
5089.763013620726
5078.960877403778
5080.5602549133655
5095.978066439529
5095.96014179565
5092.516530427522
5095.003791048301
5102.525207965149
5102.378606957686
5089.2449740936845
5088.426568065227
5116.767952781399
5118.606267625527
5079.4509217131745
5080.350778817516
5096.812607373814
5096.862337411664
5082.958220350026
5085.898272371439
5090.463873312812
5091.674063789178
5090.944918038879
5100.928222467829
5147.617617715215
5138.280480468977
5115.431419982493
5114.467454702619
5128.484196388833
5126.757463815339
5117.662298979049
5117.572117319628
5135.091962769458
5132.830114811463
5127.9568545729235
5128.295860607837
5141.786844366561
5142.821337379594
5132.620184143992
5136.70603726094
5130.551045097966
5129.347440124807
5117.20542347028
5117.513602207691
5133.059738353252
5130.106051721022
5123.555889113732
5124.652017234306
5142.307772369427
5145.310059543102
5119.536894680268
5119.771267409416
5138.225285068907
5139.409923452756
5128.34118429552
5131.417861730627
5139.003893023565
5138.323599068237
5131.372746383357
5132.67129278556
5147.2745502789
5149.358478856291
5125.915896622187
5127.337840243615
5142.656850749563
5143.058423477983
5134.558732386145
5138.13576505547
5142.444473234724
5141.696820434712
5129.453830573624
5130.051610765155
5150.161347791326
5153.54633207242
5115.625842897195
5115.634015246923
5134.542399908408
5135.07832311883
5123.940084624086
5128.042528080667
5129.710714038347
5128.5552099943225
5113.82868013903
5114.398081794648
5161.484692680868
5162.156940184838
5134.093659814408
5132.923348935616
5158.634230024193
5158.646694096276
5171.825522979557
5176.366838309093
5171.37302011558
5170.8998833912965
5158.6522953373005
5159.179284571008
5172.533874787044
5175.099380993953
5137.051762920737
5138.721357729365
5147.674810163034
5147.462422608505
5139.222835864691
5142.8021557602715
5138.987197740461
5138.517238099553
5120.5894566251945
5120.722614696329
5138.672032659902
5141.9263777245915
5099.01518530604
5098.827168998634
5114.828109450631
5114.839534876623
5105.259984198491
5108.544801181913
5108.007205906465
5107.4586335703525
5088.25598378193
5088.581447519
5128.284286994889
5132.9928477846815
5085.441348168844
5082.533822089114
5127.596295433803
5122.047742700784
5147.971981597179
5151.233317190619
5155.556895410746
5156.14633797876
5160.772032912238
5165.440032829808
5152.374442952066
5151.525316306724
5146.556170874847
5146.407694129369
5163.007450402405
5166.590445934284
5126.573105598317
5126.154593870772
5134.840732517605
5134.922710441584
5134.482931409273
5138.516625955549
5124.888477995511
5124.306402332736
5112.9399456872125
5113.149106052357
5149.007624487444
5156.128643150525
5104.65107060041
5101.538083311974
5146.271570030519
5139.932795156182
5174.529486507975
5183.5715185914605
5150.770995086409
5149.052599623374
5178.261729318647
5175.766756119637
5174.64055305786
5174.317612339036
5192.257549184563
5191.9962719399555
5191.297355441883
5192.528320117665
5211.254317639582
5216.459678197624
5174.7444944241715
5174.826881569612
5185.584242782568
5186.5041612421555
5178.401351529867
5183.44118168596
5170.669184040466
5169.876182799179
5161.4338240592215
5161.84916746909
5176.749655647701
5182.078698332703
5138.271073656578
5137.493938220272
5146.717909573648
5146.509383719278
5134.841083015492
5134.771980522046
5146.305075695467
5144.483932906119
5142.065882666711
5142.384629097992
5161.4410778945785
5166.638460189631
5127.126407545806
5126.53076970452
5134.587660455945
5134.324583645593
5132.9717638568145
5131.169474199684
5141.904065291366
5142.37643540373
5154.578865856674
5159.687359784788
5144.639359302132
5143.930506977208
5142.623457701946
5142.49071055151
5163.493476909401
5170.226221576439
5122.261799676396
5120.385420622538
5137.440786038569
5134.854909420292
5152.161807867155
5150.6726359957165
5161.815245687175
5162.612241513162
5187.802495471796
5193.728839838726
5171.706636380032
5171.106026003243
5183.520783353043
5185.3456686791005
5178.429631582105
5181.712141572359
5170.390955707492
5172.368022294423
5165.177137625566
5166.272107716638
5173.357271971301
5177.808709497832
5158.1801544934415
5158.017493997339
5169.151265007694
5172.258853835036
5155.734320964438
5156.946780163488
5161.551724420629
5164.979205582687
5148.751168127944
5149.159452034323
5159.115844596319
5162.69521320141
5144.8637792972495
5145.321214267049
5154.9084522244475
5158.2733896926875
5141.078273454413
5141.643266177866
5150.876352915643
5154.180466383487
5137.538124975388
5138.068781947555
5147.8670114205925
5151.11545376984
5134.8873358877145
5135.445807210371
5145.556993886803
5148.764200152224
5132.91937208062
5133.496834141491
5144.0134950338
5147.201000393901
5131.63049454811
5132.230271451642
5143.168409599166
5146.350569874426
5130.970829483338
5131.598270639899
5142.960889408179
5146.150724937717
5130.895488633164
5131.555646361773
5143.3528489105975
5146.562064295848
5131.379676730261
5132.078947984609
5144.321154873424
5147.560079718468
5132.414744924737
5133.161247144888
5145.858125682074
5149.135861775785
5134.007917037374
5134.812060640325
5147.969808322253
5151.294030248462
5136.182021579951
5137.05743380131
5150.673556940257
5154.04998042242
5138.975073750565
5139.939836325957
5153.995173495015
5157.426600886388
5142.4394920708355
5143.517795796309
5157.964077724462
5161.448825545057
5146.639448341293
5147.863735088674
5162.604312908975
5166.133803337656
5151.643634797749
5153.057135283621
5167.918303576569
5171.473701688587
5157.508798148063
5159.167937757831
5173.8596545723085
5177.407880914959
5164.246782653155
5166.221931282333
5180.292738372818
5183.7833505452845
5171.766530905231
5174.137793929451
5186.944188957147
5190.3106987405745
5179.789423703046
5182.632301691464
5193.369119746105
5196.540116715575
5187.765645144469
5191.123000050289
5198.978011661453
5201.900711845705
5194.877694206806
5198.726186554946
5203.167725496541
5205.834348370313
5200.248204217555
5204.48687959737
5205.531116692965
5207.98471188723
5203.33132390386
5207.816532014524
5206.0225757614535
5208.330211759945
5204.189573449995
5208.792969417949
5204.958601435543
5207.176523488916
5203.37506640538
5208.014803591278
5202.8497439472685
5205.011070409922
5201.559092230378
5206.194482412818
5200.181422999275
5202.30283549787
5199.255872273025
5203.869709974052
5197.285334315828
5199.375686735881
5196.759283023946
5201.344424541213
5194.334756758064
5196.399725219633
5194.20081323182
5198.753404850997
5191.399669318937
5193.443608499216
5191.626446429635
5196.1434423436685
5188.5012249303945
5190.5277690792245
5189.049622228222
5193.5283064245905
5185.644643296073
5187.65683465409
5186.47687444369
5190.915014070616
5182.833104268478
5184.833406718612
5183.915842446294
5188.31185275841
5180.071025596675
5182.061360690664
5181.375410784945
5185.728369329585
5177.363340634577
5179.345165438656
5178.863934956723
5183.173481498114
5174.714238062426
5176.688641743069
5176.388000113509
5180.654198130271
5172.1265175538865
5174.094312835155
5173.952125287714
5178.175336208543
5169.601577808838
5171.563375490548
5171.559066240618
5175.739855286691
5167.139724540068
5169.095989491178
5169.210306237067
5173.349378671865
5164.740532169207
5166.691623931488
5166.906491495584
5171.004650717504
5162.403129334354
5164.349331588434
5164.647732272251
5168.705851354531
5160.1263811313065
5162.0679233653345
5162.43378148993
5166.452782304192
5157.908990451737
5159.846064185676
5160.264132851663
5164.244969683819
5155.749549994864
5157.682320895276
5158.138075368067
5162.081721418187
5153.646569999579
5155.575186869796
5156.0547290836375
5159.962165348978
5151.598495914635
5153.52309706287
5154.013073308771
5157.885279404249
5149.603722815033
5151.524440413601
5152.011971828541
5155.849918575192
5147.660608203535
5149.577571000864
5150.050195897893
5153.854839370384
5145.767483892236
5147.680818695093
5148.126445049596
5151.89872188016
5143.92266659059
5145.832498811245
5146.239365483974
5149.980189204772
5142.124467079982
5144.030920577915
5144.387566169141
5148.097824390523
5140.371198215956
5142.274394689141
5142.569632773353
5146.25018509218
5138.661181402824
5140.561239423782
5140.784139627982
5144.4358161297605
5136.992751955851
5138.889785787429
5139.029659818643
5142.653260049854
5135.364263432699
5137.25838175306
5137.304773694632
5140.901066081543
5133.774090655756
5135.66539516387
5135.608075977141
5139.177797589909
5132.220631906413
5134.109215939242
5133.938181229294
5137.48203782716
5130.702310029613
5132.588257176659
5132.293728149612
5135.81239449894
5129.217572593974
5131.100955321265
5130.673382596389
5134.167502945763
5127.764891444933
5129.645769813918
5129.075839466047
5132.546028212895
5126.342761190002
5128.221181577559
5127.499823711117
5130.946666148155
5124.949697441581
5126.825691357507
5125.9440904748635
5129.3681436513125
5123.584234321366
5125.457817284596
5124.407424635978
5127.809218299413
5122.244921562589
5124.116092012844
5122.888639620922
5126.268677164785
5120.930321451193
5122.7990597573325
5121.386575899256
5124.745335342374
5119.639005555744
5121.505273089894
5119.900098991176
5123.238033950006
5118.369551324509
5120.233289591756
5118.428097619311
5121.745638305356
5117.120538698532
5118.981668519833
5116.969481283227
5120.267035424397
5115.890547031564
5117.748967829717
5115.523178195594
5118.801131983241
5114.678151922602
5116.533741032216
5114.0881330076745
5117.34685192799
5113.481922732917
5115.334534845903
5112.663304892829
5115.903134582586
5112.300420115604
5114.149886738513
5111.247665811752
5114.468932827334
5111.132194269497
5112.978323292898
5109.840199032332
5113.043211573975
5109.975783628137
5111.8183589806495
5108.439897995006
5111.624946567963
5108.8297141487965
5110.668495531221
5107.045765638894
5110.213123646719
5107.692499443263
5109.527222204702
5105.656814269581
5108.80673859274
5106.562641263194
5108.393016301444
5104.272065928343
5107.404797434373
5105.438631068506
5107.264344900889
5102.890553066432
5106.00631702672
5104.318952391558
5106.139667364029
5101.511320222561
5104.61032676279
5103.202083761995
5105.017438318624
5100.13342593606
5103.215870385681
5102.086502665134
5103.896111810723
5098.755945483016
5101.822008731257
5100.9706902522485
5102.7741461148835
5097.377974148987
5100.427822978374
5099.853136747769
5101.650009280186
5095.998631163236
5099.032418590845
5098.732347643509
5100.522185467715
5094.617064019163
5097.634929620488
5097.606850585935
5099.389181965874
5093.232453644219
5096.234523969656
5096.4752025257785
5098.2495364011775
5091.84401987451
5094.830408887128
5095.335997630107
5097.10182478952
5090.451027401921
5093.421837057885
5094.187875046125
5095.944669288379
5089.052792220428
5092.008113162424
5093.029527055509
5094.776746399505
5087.648688313632
5090.588600771745
5091.859706869605
5093.5967946748415
5086.238154652633
5089.16272958089
5090.6772361892845
5092.403622168837
5084.820702578291
5087.730003142968
5089.4810119494705
5091.196112913224
5083.395923263898
5086.290006747632
5088.270012201372
5089.973232471497
5081.963495312979
5084.842415499891
5087.043300901737
5088.734032243791
5080.523192707958
5083.387002964048
5085.800030889492
5087.477651734832
5079.074892944747
5081.923650109809
5084.539444888537
5086.203318673698
5077.618585418807
5080.452354666446
5083.260874455816
5084.91034681607
5076.154380396684
5078.973241364727
5081.963735812676
5083.5981302714345
5074.68251880168
5077.486573263591
5080.647522474051
5082.266134248063
5073.203383244514
5075.992764745675
5079.311793966914
5080.91388136277
5071.717511011377
5074.492396977579
5077.956159699325
5079.540932406215
5070.225609948109
5072.986236986444
5076.580257295287
5078.146860765291
5068.728578513627
5071.475261817288
5075.183723993304
5076.731218767031
5067.227532141295
5069.9606903772465
5073.766159388242
5075.293493794507
5065.72383868599
5068.444026106897
5072.327077530986
5073.8330517824015
5064.219167194788
5066.927115668915
5070.865844936138
5072.349063684061
5062.715556016032
5065.412230664421
5069.381600318318
5070.840409723327
5061.215509195649
5063.902183088276
5067.873150006941
5069.305553738414
5059.72213467659
5062.400490720579
5066.338830042088
5067.742375993961
5058.23934470745
5060.911616876391
5064.776323082116
5066.147949211316
5056.772149382849
5059.441321970259
5063.182412537929
5064.518234539116
5055.327091104599
5057.997185000525
5061.552650817188
5062.847666152553
5053.912895081037
5056.589387343407
5059.880910669193
5061.1285807762915
5052.541448625761
5055.23189925381
5058.158787243273
5059.350441057747
5051.229277532424
5053.944282890347
5056.374835992847
5057.498811083913
5049.99973014452
