0.8218735066801963
0.8233127987236837
0.7883945542713969
0.7172135219652218
0.885092375681004
0.9765149795902545
0.9194229484524871
0.8737341055964617
0.8318616009726804
0.8960276905533296
1.0108321370305857
1.124322331769062
1.2576151928995216
1.2406014298292198
1.0085102564758153
1.0872758235399733
1.157925124254767
1.0818112387082914
1.2205564287121706
1.3550945250892317
1.546565406626247
1.6534017602102764
1.5338119422059546
1.376558661599268
1.293596548005673
1.25399863888225
1.1529140827697335
1.1513183022658235
1.0781148881380593
0.8246570476679866
0.6124914754396716
0.11103280419492677
-0.21715852064049193
-0.28902470120972984
-0.31744997995901797
-0.3862776721430549
-0.272874551956753
-0.1513587418003052
-0.03599624269012913
0.04213769264133845
0.12307248248567101
0.2291473240614286
0.211374308237463
0.3025126101346729
0.3450137045948538
0.35339220547420275
0.3230076110392926
0.4010795961279938
0.6431353018110134
1.0012458744472752
1.3270382408596966
1.3947547273324905
1.4162289370354024
1.4209200790193994
1.3960402109347996
1.4592595571393696
1.3765384445460298
1.3086237269964904
1.2612398991780336
1.1964194703485298
1.2357294224311717
1.1695448877722587
1.2304097142287393
1.3107029108274306
0.08557377311689178
0.041081206203081234
0.07251726367714384
0.17197718813890472
0.17518106765502284
0.17283215740576344
-0.07293157730626518
-0.2328534676033402
-0.06587001981980617
-0.17965749406178208
-0.142886929582014
-0.025102810714255897
0.15535686016377345
0.15980004634978767
0.31040623488968005
0.5120085799981436
0.5149261173225052
0.7273615872039404
0.981752685804066
1.0990959393987347
1.2261613426946478
1.366124375624774
1.3912083313353696
1.2814112633497836
1.317906519223832
1.2553791795016385
1.006473911310278
0.8912141999413918
0.9286120213349403
0.966181019187582
0.9798075806934621
0.9146959730400962
0.7856156863574747
0.649691763317164
0.9662446707830751
1.0132812196559347
1.0455136149096416
1.0712386609396387
1.086250193721793
1.1831953243403228
1.3011075605317457
1.3829904382647566
1.650186805705727
1.6573132479776818
1.6428272851830759
1.6904892663921225
1.6678415283145216
1.6813528508164153
1.6920056176194886
1.6417030157905141
1.6543797999280032
1.6873404645827905
1.667860315631282
1.5975885382450221
1.489056895271495
1.5013739210112231
1.414615668397715
1.2888439758139347
1.2094447414150478
1.1075286189985112
1.074202701345155
0.9953780144325538
0.8179009908295086
0.7607462318857735
0.8459757730651366
0.8632516076572894
0.9011409584967791
0.9672114929974204
0.9283511895413171
0.8708197944297101
0.8229410775496945
0.8913576143399968
1.0556075374993354
0.9982801068026717
0.9393040045087033
0.8496423891460275
0.8121097526800992
0.9399133399681531
1.1541497216937961
1.2084480432371412
1.2466917829473827
1.381296970540349
1.2574415864477964
1.119812003235053
0.9360253648261493
0.7744610661699652
0.761200765326765
0.776120077301594
0.8161083108456503
0.8030718163930866
0.7083411325917062
0.6299723061782744
0.6187079927210145
0.9202796824055376
1.1237040387913089
1.4257528751144657
1.5333527331828567
1.4684438457869073
1.5312356900328208
1.569044580925075
1.4642235963242156
1.331996987971462
1.2088736489761764
1.1145702389290377
1.099323677746039
1.0122888897113285
1.0153323658943487
0.909041644122178
0.8460040622965951
0.6796583520601456
0.5887259484101534
0.5995345938148541
0.5622430295921165
0.4632783440421418
0.4909457952438819
0.5115128218613602
0.4683954773603201
0.4397564253857086
0.42336233414867824
0.39449424935787997
0.3689172063007459
0.24475280765493776
0.1632907844298282
0.13734337969172014
0.12680901570374323
0.16373025023486484
0.19935346502942672
0.27920264943922146
0.3398248364051818
0.26652311362568865
0.28435391168811164
0.22906748132523402
0.1136825509960264
0.1862383550681556
-0.13801230275948798
-0.5257973573709397
-0.5513080463494389
-0.6140107742586304
-0.5930369571592885
-0.4562495616811106
-0.24658137242115674
-0.4035863699623402
-0.22825349434871642
-0.3270046625545946
-0.4288086957326931
-0.4389633763285584
-0.26620897537220856
-0.14669747590092272
-0.16541385220705282
-0.15663442595595253
-0.23086452396706464
-0.4790995020773284
-0.5346865123361343
-0.5838734160905317
-0.6504152116841735
-0.5796126114484116
-0.11398653801142124
0.2024616651323828
0.26648221575587716
0.46116834764163284
0.5014395933833489
0.7999557696988259
0.9352746031018236
0.9925397572535101
1.0900883259480891
1.1050436974299043
1.1784722710658098
1.6814941334764106
1.858816716586586
1.9657875457243443
2.1919910823899333
2.178040768035019
2.1785351786680414
2.185997619757275
2.152378000029394
1.986203707792612
1.3404351389108273
1.0413554606414037
0.7528885969072417
0.6212417205117522
0.5292785836140831
0.37166620941957496
0.20683544751328034
0.22688090899693025
0.24914295450038224
0.30093953936349466
0.5993695090806568
0.5766021572578734
0.4443691084479355
0.40697764891447624
0.2508581365260704
0.04888895048852133
0.8558923091743714
0.925386623533065
1.0532513587666406
1.1782978540480973
1.199205338494215
1.18691308036161
1.3211335890456801
1.4713464327151826
1.4984492532759108
1.4286207792908163
1.312174751890042
1.084362441484212
0.7959068900554163
0.5740939467352761
0.6893016414329102
0.715068139245271
0.5927747728450835
0.8465073636489455
0.9278242838494067
0.9600100830373323
0.9898258642324216
1.0495792870372582
1.2554387379044465
1.3925464577341666
1.4842652857802625
1.5747360584973051
1.728019888400116
1.6431738651928935
1.5470803378991955
1.4318835009335904
1.4149945388091385
1.5758456206621365
1.6557130191085498
1.570247608871365
1.4186348353335372
1.297568578095248
0.9746605785077473
0.7970744216565061
0.554166797651504
0.21121810683322606
0.07149900410375687
-0.2808424620510785
-0.3009597186345071
-0.4883991143426097
-0.6596084224418342
-0.6605345404433998
-0.5912217629971055
-0.5411443465867983
-0.4222517188016147
-0.599092279146655
-0.5366007320283038
-0.4915083068427242
-0.46818852697372915
-0.41648609657468744
-0.4274714425577638
-0.4335756462565639
-0.462467708423214
-0.4919058062715915
-0.6005133693978439
-0.5117193141502608
-0.2781821926505366
-0.11470105535304347
-0.26361297731107225
-0.35945032134912985
0.10459050120420924
0.035793159733322755
0.008827347144034438
0.05970542153721171
-0.004702246089950897
-0.03085331451678169
0.128605869421166
-0.0036963561771009073
-0.2998837167378132
-0.3623545089606748
-0.4541973751424927
-0.26455002429988034
0.0007511019098549089
0.09754018165569588
0.3876501673389077
0.5924287546809838
0.539987824951251
0.6070426692471105
0.6793152184408378
0.839435855913373
1.1241994749060098
1.2868444249282067
1.5725112135248267
1.7576667730782907
1.8968530197945375
2.1824740519474513
2.4707349314333373
2.3456625175246457
2.029894248719109
1.2535923852251867
0.7876302169013162
0.20443132298796263
-0.16182671308788385
-0.46513203929617053
-0.4237294362123046
-0.5073995615064676
-0.3549616546850117
-0.14626061536230536
0.01745521388815978
0.04501525296504622
0.06081771462026146
0.25131284565948026
0.4846669484601772
0.5584615391573025
0.4733906777189767
0.1408647925004997
-0.013777895764651852
0.058056310863026914
0.2737099740789232
0.37950018211095016
0.4630305932853927
0.5665892905869028
0.6606869759730036
0.7455761445925013
0.7683951032653672
0.6813957663246224
0.691595655106807
0.8486730590011887
0.8579702582976203
0.923449974652915
0.9712680048354007
0.8865486827208322
1.0501691092686771
1.3276776262807655
-0.34750017617271
-0.4245083236863421
-0.5072342527597306
-0.5683502116668807
-0.5175507650848667
-0.47604718016608916
-0.3508012098416469
-0.39438286043844634
-0.6386385250653374
-0.7552104922977155
-0.9938924124923882
-1.1135502497492997
-1.2726326363364517
-1.3844461579850937
-1.5641695532052176
-1.4177824565869306
-1.2554009517147817
-1.1907069728417266
-0.9229823581379945
-0.41394137044276347
0.26310788256976264
0.6922509955412542
1.0987744105903365
1.486917029836057
1.6005798922619225
1.6893714878640842
1.813115505449693
1.6538421408457245
1.5744236488019023
1.349017339840727
1.1652852570702619
0.9237412616462806
0.8929042447008281
0.8341855581538747
0.8796829392738607
0.7310882778615323
0.7806984219412282
0.9481478016749989
0.9470229225993442
0.9064858591100989
0.7815390321985954
0.6210995739495632
0.5547810688280046
0.5661068833978674
0.44868559087392146
0.25366237168894856
0.20710999279619702
0.20565409817888167
0.21759041710997146
0.12752536260825417
-0.11968355919225832
-0.2711809896519369
-0.22438867460594247
-0.1546561014510054
-0.17536862496846042
-0.27743343236306406
-0.3389237360362427
-0.364833962967811
-0.3203601895146672
-0.3228263525324285
-0.18436191286433046
-0.18323159865003388
-0.24083134588250915
-0.25722904772110367
1.1299373243525161
1.0729536725107358
1.0779996364417435
0.9796336766912462
0.5621206599309158
0.175897770048208
0.08161684848400964
0.26743694436446197
0.3247113371357758
0.011032335843440481
0.03287099830927069
-0.0712631010500587
-0.3337151895105778
-0.3357572492820412
-0.13361712931627429
-0.28979661148054475
-0.2646864579375683
0.06487820818980652
0.4867531981787959
0.9944984591405517
1.3276463088240023
1.46263077455651
1.4018060681771218
1.496380668973601
1.4863357646689919
1.1084095734015122
0.7319752058966886
0.5726871307791888
0.7639179406117388
0.7672701373751037
0.6361211636997389
0.5601632386277667
0.6131063907261263
0.6653116012428066
0.48500326888526196
0.3524799616413269
0.1841393678095803
0.12719443503311162
0.04269477474539249
0.01012872330893036
-0.06557503043873109
-0.3642434493996741
-0.2599888739387735
-0.13609812709675054
-0.2743358726278456
-0.3554039076030132
-0.26915688636191076
-0.19743501221106613
-0.16352618238023384
-0.017881376604923376
0.36008022614278756
0.5388938802946008
0.6347208017683397
0.8315141712536238
1.0153645463434127
1.154997527684209
1.2467786070356688
1.4948305981781285
1.7816523232854866
1.974847743286621
2.0568358496309087
2.0354052253677133
1.9582361586105332
1.6681082797696938
0.7333175153691827
0.7013988614074589
0.6171455412969871
0.5399422614674688
0.6243400978468617
0.6445956568158894
0.4374352949828041
0.3424365022149068
0.448679444522839
0.4776617593136656
0.5387970219889195
0.549475797576861
0.6182859595830459
0.6516479707658925
0.40028677647713923
0.3261415558112153
0.35836824018345
0.25562317101348486
0.16521499125649183
0.028137716774432
-0.11130009483863032
-0.1678897693811657
-0.32558420453966747
-0.45143137146551865
-0.4869936750682002
-0.6130622840967539
-0.8550417565894898
-0.7545032999257416
-0.48234174966587273
-0.08890306212916678
0.13179644548728073
0.30615507191539065
0.48550306351811023
0.6472381680466065
0.7329830690582397
0.8440687195338903
0.8653163473951075
0.9082833139702788
0.965591253150118
1.014576665770449
1.1117097044851756
1.0955358399619353
1.1092500652080077
1.1913197598371918
1.2655613209006755
1.533382667052978
1.65850183565896
1.6179842620027451
1.613252092346828
1.7078972537959256
1.7476571047150384
1.7385510229092456
1.7008379270330936
1.6335490710777114
1.554190451223701
1.5504979512382784
1.4811519338380412
1.3414879812155573
1.2327621955051977
1.1084438357493762
1.0490470851529616
0.9143252344365781
0.6487381224352256
0.501324445992255
0.2995798493544253
0.4845675830355114
0.5636552748026725
0.550801277138734
0.8379173277543369
1.0013314013824355
1.3311145928735377
1.5031123695224897
1.3285657900862022
1.550679997644
1.6225287186030322
1.4454313066775157
1.2158644111101813
1.00024118656997
0.570282734658233
0.5341480428304565
0.5132844010006364
0.28158662208038293
-0.009656813735506031
-0.29932428747723944
-0.49904817791771516
-0.6262577008843437
-0.6251902670937463
-0.6568675286321204
-0.7154667609356111
-0.5054740519695075
-0.11477871022999549
0.1549476421433759
0.14498327912120784
0.14647752658006974
0.2732489205185583
0.6662496780687444
1.0799240319598977
1.3317587379942541
1.1713613417424156
1.1861098683060596
1.161576128456991
1.2275889932374802
1.2733107741307328
0.9494122518092427
0.7809940735679364
0.5908635225941539
0.21632595541648117
0.2452425190912797
0.2940100341978896
0.5120665008628718
0.6552470680910899
0.6762208283822797
1.0123058492332313
1.1173415889428844
1.079400318443479
1.025215777676873
1.004429060099867
0.9703983104986205
0.9453334279605828
0.9127091692741106
0.8763169473115747
0.82331674810982
0.6002247188738444
0.5554804315479657
0.6200754282957692
0.7328336105080423
0.7955745069861353
0.7447473276723935
-0.00793488968024093
0.04637561133852136
0.21403081993925904
0.3697994304965258
0.30213865428981757
0.4138098462518453
0.7114241863760133
0.8220515009483453
0.7420776114383438
0.9651668029132159
1.0663251433393317
1.0493738676005762
0.9835155752391226
1.0340679684608631
1.2105236526500174
1.1922332037282164
1.255993503785868
0.9221926797505619
0.5975419690649109
0.5542141081515047
0.3856028072711285
0.29979525302933846
0.36598909978466204
0.48637005706115954
0.5243460728510483
0.5619235284971345
0.7540089204606096
0.8552678876073799
0.9396057495674934
1.0876925390908443
1.1926197726733596
1.4602677133942759
1.5523845822307112
1.5766172058481034
1.5458859036257737
1.5731070768955187
1.3701345145316417
1.1611618965638824
1.0546396480540057
1.133069933208543
1.1721780907714623
1.3173574045296836
1.0724905850865492
1.0516298917552336
1.1495182644535955
1.0725701287580565
1.0401687239833302
0.8739698363472344
0.4465922339084817
0.1680448528313764
-0.4535377384183755
-0.731310126842122
-0.761509099671441
-0.817304321617907
-0.7705014998164762
-0.7609895746290002
-0.6140721942263236
-0.37806645136190437
-0.0587400140544648
0.05033702155656677
-0.2468153637258591
-0.185572456420795
0.2480035057036628
0.20140221578859788
0.14347449094884837
1.6471902367783002
1.206641309727126
-0.0859689137069715
1.206071806880574
2.4897649324010067
4.793962151579228
4.48327612075801
3.1433389861603325
0.2697920993635617
2.9428260042127317
1.7760557705210736
-1.9581190211305708
2.790567056013751
-0.6712915094825908
5.884041972159675
1.76193794595361
1.2646205998712505
-1.0984112277008902
4.589891181226116
-2.2591388115248012
4.271553547027369
2.7484707220461058
2.78256573508322
-0.22211611923421173
4.745131921431432
1.8594216997717088
3.409788341484106
-1.2188222648275437
-0.024794529599450634
0.16308829432258337
3.2495661012158004
0.9150128943100851
3.2656572680043605
6.123722513436509
3.2767493820111047
0.9707862859588643
-0.7662549160357482
0.8572073007647505
0.86209471937233
0.5918332325548666
-1.4186367595493712
0.8712629429699751
0.9997953158856601
2.8762956203990386
0.6454067687880832
3.0508573834206527
0.7727976257288719
0.202986990608299
0.611116532703052
0.9747683216517933
1.9173529329788548
1.1034528226887297
1.8455757438355145
1.53827176980273
2.7277594283239037
-0.6151921370019471
1.064084647025845
3.982904624367157
0.996922188818184
-0.32511277030963176
-0.11950838209509748
1.7621220967931284
-1.4516809975424745
1.133594098648086
1.582970469384841
-1.2895050472228278
2.3455456425587284
3.541421780894715
1.4809900995642906
-3.2668273368101493
2.9170647664649776
2.565346158381768
2.1561815543344243
2.97617270496329
2.675052699678558
0.5315521024302491
3.1133202484302247
2.561763445591852
1.054347264412172
0.8911555090243496
0.5916142379740675
1.5930199430651186
-0.5817531934860671
2.544051769939966
1.4568880316203396
2.5013527214284084
2.5114302001777524
1.782218616924983
0.07577427435488947
2.107439322734587
0.34345445467451285
2.3955621880816467
0.8225658957979343
1.807320694758519
0.04454683207574504
0.9498091696540827
0.9735031812782451
1.0569305066850354
-0.688851214349244
0.5624157985903191
-0.3101938875007782
-2.793691655962073
0.05909250912350542
0.3053192752284992
0.8843528067578212
-1.0987922244131054
-1.227082424801829
-0.6575085110287135
2.7944223738110434
1.5790754545270893
2.6820142373205607
1.2933981178167306
-0.9168853940853546
-1.3735012340533261
1.3007283651034849
0.4251662368064331
0.9498857843604763
2.2286067709967496
0.8242936077876687
2.059133634852796
1.723242329452753
1.3985945520178467
2.1181404055711472
0.34520605881927924
1.2330510653192122
0.30662831197111584
0.27149747778034716
1.2126447669736338
0.2439534764030528
0.7960687881445012
1.5982151521518615
3.0957308842883777
2.3180924898038757
-1.506416531009661
-0.43460236857472
0.5090890156170855
0.4167990790506307
-0.676138663918125
2.6976916129016177
0.5630893948164561
2.141796904791844
-0.389012061236005
0.33489588548046473
0.45915752251455055
-0.10369930607421379
2.1517908371584578
1.1367068557902742
0.5912785082797348
-2.131358623615736
2.611910334164118
1.0772026089976645
0.7220209418614231
2.4688200234094353
2.066176925446281
1.4704088317002737
0.19319498228721113
0.4162685221201215
1.6144834219327224
-0.38021495133491795
1.8697943630096994
-1.3156404323900595
0.8801062927169544
0.16239539024464106
-0.4821650615288913
0.2179536415740087
0.2467626094082222
-0.4185677112470977
2.6824679242825025
0.6617165628699679
1.3883804486462683
-0.2060562087049478
0.7841356856678561
-0.9775313778345824
1.9440080017726495
0.18817440426386178
1.6226625131208008
3.4737492507605428
-1.0224745860142137
1.700413042460417
1.944030162236598
1.1934859526252521
-1.1493338460204594
0.5753704062818015
1.3640743315022439
2.1461862244151098
1.7099753174415266
0.4286530184343659
3.4163113544460737
0.013675174593398955
0.15696236455268878
-1.096436861649122
-0.5965898534098564
0.7468595285066246
-0.17581279694382132
0.4506692297646772
0.6394361986392222
1.1706513673537602
0.8531462668890089
-1.168541185001196
0.9440277018778688
1.530807771440659
0.7638794797528167
0.2323811300105905
1.1354295864402404
-0.29750867216251037
0.3829653189710573
0.8763106821444336
1.386803658325484
