0.18418146033874094
0.3941537436165082
0.5498354466040039
0.593052467679518
0.8190876279027774
0.8092717228640516
0.9047697844079151
1.168568498956776
1.0122184054677943
0.9655507996753111
0.7464852344031355
0.6195885768025282
0.8005381310267354
0.9278633732414397
0.7640263221556088
1.065603225611183
1.1986451120472656
1.2066903977720849
1.4508912940685548
1.8604583318412944
2.4661683411408704
3.09994649636939
4.116374258358454
4.535571953063996
4.768590791310878
4.818457178820724
4.861443860517717
4.765915014376038
4.715575523662796
4.55713149120981
4.396125839045548
4.161271489059798
3.678765121877446
3.1578535333172697
3.219738663882363
2.7443962718646078
2.126883414232133
1.8565916919635161
1.4073568004474541
1.081173803805782
1.0560994678446798
0.7504949818834615
0.3620998706999428
0.2944878027298952
0.33447487423140654
0.22656587898834527
0.18542768299077095
0.3518347540523104
0.3430766430493295
0.6453787677502961
0.6757552792468258
0.4638357671695844
0.5165950860041136
0.5153323618009992
0.42984039614055786
0.3873592886178149
0.2358687455966166
0.14084115165533265
0.35659988851173335
0.700844366482141
0.5819723064554513
0.15907161474127524
0.2938709583854211
0.3194078027035682
1.3533083973102515
1.4431762187272816
1.5446842489763555
1.4613304159294465
1.6292935792399557
1.8136341268228826
2.247095325749388
2.4710390849541684
2.4568884021709305
2.523139386068247
2.321253488844301
1.9044438327107156
1.609715229510972
1.4811579883799526
1.332573337505067
1.0919789680591994
1.239342458617205
1.2953214877667496
1.1075639146745695
1.0739439052958923
0.8995172476358173
0.7197691556936889
0.6345542337542629
0.6872987676158357
0.7003777819245018
0.6876741542846688
0.7040879191603355
0.809600728843438
0.7228837400449204
0.6618847821497443
0.6754837110275239
0.7928557470656797
1.1515274063501728
1.3901880675067264
1.112325036574577
1.148804142656332
1.1195159028138635
1.1193745319885482
0.9664424070991944
0.8477867722104323
0.8085310375573467
0.6950873854271575
0.42658606329418436
0.1584541699225214
0.008401065664337808
-0.12639276596784005
-0.19459592977830306
-0.3302725825199818
-0.4290995446674985
-0.457125931981134
-0.3226492816838769
-0.25495151809718414
-0.32328484811256936
-0.28053135886684477
-0.25569796176315607
-0.2272289014984703
-0.26587841786980154
-0.19826345639462192
0.10087759067575892
0.33064101545210745
0.48250661538355244
0.717798545894651
0.9390774241917303
0.702974407730075
-0.012982211852905837
0.09480198493214981
0.12401123113146395
0.06790041250514317
-0.15207854201256904
-0.4413253173472783
-0.8755534991875936
-0.815272041634064
-0.6722478749058822
-0.6775636538306784
0.003617297485650799
0.44034357876685787
0.6141027218293162
0.5314775443172309
0.2507598900392635
-0.06857656089590573
-0.49774521859225274
-0.49883388611159324
-0.269798106725175
-0.39948913051362955
-0.3685433818103002
-0.0474683875425136
0.07909987230371865
-0.010114524437129103
-0.03958989185801589
-0.10771523753922209
-0.20935743306197244
0.004332366121356397
0.1602379386163531
-0.05267214364587631
-0.2610685386138755
-0.5243161442984189
-1.0169823068330341
-1.0874941567079421
-1.684850438005229
-2.0370500895734005
-2.178846525011918
-2.3549247317951005
-2.2899283351602313
-2.2114305233659888
-2.048573355285256
-1.671174617622268
-1.4726183454797688
-1.1929582199688535
-0.783839801056783
-0.4240701835232033
-0.1370783691040994
0.27299034206619816
0.5314834109131022
1.0853905028066706
1.3608260983393305
1.1323550322137448
1.165050220519271
1.08116851160835
1.0064725392631493
1.0451927993315826
1.0538836372876357
1.1989794863565932
0.7868448763655312
0.4260378790595043
0.21780832944776712
0.4068598791239456
0.6467552073027203
0.6776656150886342
0.019017889644502916
0.007328230558751501
0.14408085675410517
0.2203540123469502
-0.06410136465008655
-0.22637817985272216
-0.3515140717414878
-0.5281411052336294
-0.5687941129029755
-0.623349731528415
-0.5660383127777195
-0.40650432480885834
-0.30909163894263253
-0.19437022650431102
0.2236143073142639
0.5070782620059298
0.5879773385977766
0.6366249720176563
0.6532850094475652
0.7132527133845061
0.7285688497962922
0.7011091248287196
0.5520022325788166
0.4425913727831679
0.46024266281939924
0.4868325325576597
0.4550639808248602
0.3761291338926312
0.4553205094950961
0.48553122383707475
0.4904360804003523
0.6826876537041173
0.8571573677496986
0.8825906572096495
1.4589354509892245
1.6418504900988335
1.8482178406303411
2.0516545260919297
2.271344765911218
2.4105132248155265
2.4181052515424564
2.516156130235434
2.768371357867423
2.942237961501892
2.8910194207155846
2.9190191180789378
2.815081048956261
2.7455922671982766
2.878484270726172
2.7291204037829244
2.5646113245217497
2.656252816421778
2.7126813867593222
2.7194259175851894
2.7469752800506706
2.6818660495438458
2.7145645308661526
2.6314911825652514
2.5394532688015627
2.553083362036381
2.4328770587795105
2.1578979085322123
1.9288467093958868
2.0091022063136452
1.0437021366370316
1.0261774612317327
1.1583194467520401
1.3691505522261211
1.4197928027300286
1.5228594399067392
1.6509917491782327
1.592308361905696
1.4968915395133775
1.5154245362233285
1.2789274734670921
1.1485445522533422
1.1761575021965687
1.2763167825088337
1.540729849202511
1.8298053024917362
1.9591224378523666
1.8417190064228823
1.653409927374391
1.7390575708545781
1.843534366230822
1.9794866844174819
2.344687255359796
2.6083247139411636
2.706518320038567
2.7357329779077464
2.8527170628736904
2.730009704427504
2.6653742677941206
2.6867664670864144
2.811873680850289
2.795540111412946
2.748148493258879
2.526375623625172
2.661310842388857
2.6285389324265345
2.2027088643133097
1.9649593465641075
1.712824277027007
1.5512305926308352
1.5450983467415862
1.3352984637712089
1.1665990820332535
1.0312950235773208
0.9066216634566043
0.7283263807752799
0.6427741985005891
0.48646414647319136
0.29351929508494806
-0.04404940028096921
-0.5254855776205363
-0.5994982207892294
-0.5584388105498551
-0.565982648349232
-0.5860605122284084
-0.6335864273768986
-0.6319768694902951
-0.7220123723786982
-0.5796424519077544
-0.4285543716491422
-0.441442849418684
-0.501575173676808
-0.4998383618800674
-0.4221509448139616
-0.4121572367349505
-0.5214443355772839
-0.8538977138145363
-0.578377135170206
0.10521442079062038
0.5755289566333439
0.6522675544198511
0.7044034209887854
0.8627666447668546
0.9861070075896954
1.0349816987273486
1.1859488900450434
1.4160563702435804
1.5013005054498734
1.2456873588336583
1.6113888351842989
1.6302527326549718
1.5326108202015314
1.7034488575503635
1.7300265911882498
1.8819071406573007
2.016869284102186
2.1918356159465793
2.177098703021059
2.1480235112611954
2.2293190005689345
2.3675248222149348
2.2022532545755977
2.0040457095880746
2.116587358020232
2.0954656220038843
1.5717827657329249
0.8346434148999884
0.21033862491419847
0.44503446408001657
0.3890632696283106
0.19735530992859998
0.0019033656026107033
-0.13786210526125905
-0.25081281955551427
-0.18446106584020974
-0.3132829443822777
-0.3936461794026567
-0.47282203573294895
-0.4081127275822153
-0.3957129162733554
-0.29035943454578317
-0.2581433096069976
-0.41921822287635174
-0.3722999345188346
-0.35893722126500116
-0.5048297244750188
-0.575205426043233
-0.6847380070595261
-0.8733590183315303
-0.8111583894141011
-0.9379176575476116
-1.0081409053501593
-1.0619728200987701
-1.2860411194605623
-1.3075984346402694
-1.400881641512714
-1.3687192981619196
-1.3620719043001035
-0.28460344219623246
-0.5238829950119213
-0.7181389797519409
-0.605536343283326
-0.5162328744271418
-0.19231263089546477
0.22054256994284016
0.07202630371825777
0.11887434304399883
0.17173807074140002
-0.03835937832832365
-0.21519099560093924
-0.3928505206400467
-0.3868214724950271
-0.1580575164931944
-0.028117009521078727
0.22665617794322818
0.24167137558764168
-0.043804337524613976
-0.120739845848546
-0.23639534017880653
-0.5811979944064111
-0.9500576445710599
-0.933715658597162
-1.024245791145341
-0.9526860488436713
-0.7922386047514032
-0.9495509976338636
-1.0228442989438178
-0.7459650996818171
-0.37144202789654734
0.10746012376261044
0.8551691086569119
1.1960620156932387
1.7468812452526294
2.274937298182081
2.7404803201860664
3.1157615573223123
3.4259554669353807
3.6273278788817063
3.5356095965205774
3.5192454038542365
3.6237144000465387
3.563970739546874
3.369977951279878
3.1539619598193545
3.0062223744592775
2.5385732687442877
2.2720031699712253
1.4708665593401709
0.6099732710440144
0.6751130174208158
0.5822903862184766
0.4934293142685734
0.45576295493502395
0.43319134345187843
0.46272291380445674
0.4130720735914544
0.6052727716463102
0.520373601180861
0.5075233014377069
0.6677630504633746
0.7980170018304081
0.6073455396325007
1.087763363407346
1.108632317887174
1.3232990594457241
1.1872920459034966
0.5822106316618999
0.3508383532283497
0.7387828332580381
0.9313958970939327
0.9330245411094081
0.8936181453125606
0.9463797114692241
0.8070802987148399
0.49154998455570736
0.35365049948329685
1.0769286437265293
0.9667121589505442
0.9322859977313699
1.0475952151252534
0.9469984673597887
0.8773654123764627
0.5415500067927981
-0.07074068141000793
-0.8210756793951144
-1.1004065868143484
-1.0252175857519683
-1.1740431882000422
-1.4394710228977592
-1.326057853124535
-1.1601257010551886
-1.3082430659641116
-1.4753616245069952
-1.253756019962609
-0.8071997494969023
-0.3780730896206553
-0.2084974484105432
0.09867474210404928
0.33360388111347566
0.5166935727072062
0.7444735293310423
0.8906189777704082
0.7905085045810095
0.813233058561667
0.9313086244606473
0.874472545162978
0.6729263867591435
0.6660845461277244
0.5266449097228839
0.3097679191818365
0.24832834631126677
0.11970210828083365
0.42109170866200724
0.8152823320241405
0.9461122856590173
1.212169501642416
1.5749541073274558
1.7973456059026511
2.0543108886202077
2.4641145046851567
2.894422768873909
3.4604081052880225
3.531826239967723
3.384602321967602
3.493075828263602
3.3696452873161546
2.7615807324046404
-0.5901144462903631
1.9440605812869232
-0.49788989153507646
3.1316373379632956
-1.52368170922014
2.3518311652558657
1.8710312741764623
-3.148458160964055
2.771174316418534
1.1016304645624828
1.7531830394438142
2.474026876908306
1.6523238637889204
-0.9218964956342023
1.5715858564567802
2.6931921580272986
1.97359098323296
0.15381353184083701
2.731742429510739
-0.4692885384811743
1.9774553046339745
-0.7031911459268012
2.686741030937242
0.45616387366007266
0.6952089530620591
0.016746371333703394
3.4519653559672396
1.142188394417773
2.3515681263977872
-0.36083645698502775
1.8005624045136304
0.04971512898513915
2.0673301044987578
0.8739900358868772
3.5081651816795327
0.3823278968209917
1.02034129030896
0.10129480281794079
-0.13553387265212782
-0.3980248084901543
1.7040092866393002
-0.46039129068466217
2.4882752972073514
5.234214368977244
0.20259687485629493
3.2688255098166765
1.0554741269751065
0.4949824355018388
2.5209715617265136
3.867822883013687
2.9387263366589007
0.7379958502338627
0.27298910974293644
4.9680570070021055
7.327894566772205
1.4823101728945078
1.5847800609090157
2.8151703531835452
1.6044984220364802
1.23744129152949
1.7475407261545457
2.477758455724909
1.4460561130362044
-0.18900248923959403
2.010821889712807
-0.06732008804377285
2.1086602692195084
0.4743797318256863
2.044742349161076
-0.2028839942406489
-0.3811160431379345
3.3059560265423515
1.3964409185297373
0.6141983999037173
2.8952420008961384
-3.0128590857565234
-0.09902918792882116
0.14608002523404381
-1.1765613516165878
-1.4436135452531476
0.7848628784600111
1.731115203399335
0.24442284607974168
1.871451503528767
-1.4978161249333715
0.7432966835364155
3.046837452890854
2.3246131538886163
1.4896334539755656
1.2158480252856194
0.5093681867783003
2.0787904926770198
1.5510355278759187
0.011397170377710002
0.6431577171560022
-0.5264569447927476
1.893182905112518
3.607763359174893
1.1948843239855271
3.462800072008729
1.3897420906118594
3.034712135055962
-0.14615708862585422
0.19129770595864518
0.15435741504854614
0.11795636417465154
4.080803701780986
1.0353337627884653
-0.6222213681655778
-1.145118637302263
-2.0039620405695113
2.2012535829439965
2.5861351477194203
-0.8013443960061715
-0.21639086519401957
-1.3741677370765195
1.4284887752297328
-2.2282059547917124
1.3259240137560857
-1.1983158356642267
1.3523801822683834
0.626127205079355
2.294807199580319
1.4761843648814077
-0.7230517531041276
3.4094622251642015
-1.854375599946103
-1.730789242261081
3.725746922223289
-0.7285836199260364
3.21340739524651
2.2670368765549447
-2.8316647087702016
1.654269719842587
-2.534909529708884
1.883016669312944
2.0242935035890954
0.2701024037143444
1.2407655640568156
1.195837782475606
2.413324375187628
0.001311684894467651
1.1934523703798403
3.056606186099177
1.9513113188443205
2.284410779734033
0.7996547298740841
-0.17260184642952736
2.303561169698449
2.304362214695528
0.5512965938272522
0.6578053466378159
2.466904750365842
2.218568579260991
2.5611880988527878
-1.4523874271420742
-0.09282272060633227
3.0463863913392735
-0.5086611443382527
0.1162222522340813
1.324515520622828
3.4240472547098113
0.7340280249491807
2.752428851125298
1.7182482010696558
5.008288219335078
2.7185859731843873
2.807613193038225
0.1861989787476924
2.90851802739787
0.7176620705506067
-0.2243644301685618
2.4294890898959944
-0.3386561568498281
3.0216203905144345
2.6787420378123343
2.504452321660568
-1.4511371443793684
1.6374889708729887
2.999048869705061
1.6756234088166349
3.4681347438860546
2.1429391976850054
1.7798950512215672
0.0299706396454579
-0.0383800308232772
-1.7137427697067915
4.772594867330771
-1.438613212361507
1.0641107077023304
5.237007474758803
0.29743689999833706
1.933495686003801
-0.07953010987487995
4.077312689865154
-0.3206158079536215
1.6062638995281637
-0.34512300839218457
1.683520507539958
1.99391963758449
1.3448365757112508
1.4011796947870645
0.8136773816267217
1.1259783816996387
1.864426411837362
2.233917178042672
1.8374234419875373
0.6226486059124352
-0.17786578399886696
2.982093284488108
2.767383339413241
2.5676402833913134
0.022295278181282126
0.8829355831804764
-0.16135288047016103
-0.01481099396779488
2.007112657682292
2.977810960793206
0.5393457749903956
2.2615959035778257
0.18722887512923236
-1.8471654702939233
1.5702131851196028
-0.21228684278418203
0.6352377180149067
0.526255387030507
-0.9518602006206421
1.1231702236109182
3.594836670210409
0.455177062947642
0.626555833767515
3.743271191318941
4.012767671142829
-0.3400481194755061
3.1700961413365087
0.017167014295952854
2.4401005523138086
-1.6321399018657043
0.09665671994746008
-1.6150009308264732
2.472099896960534
0.9385051879237165
-0.32021374740480063
-0.8994635692181727
-0.17371439392960983
0.6991619528324113
1.6336052306960964
3.0896119582902655
-2.909112462272635
2.1409168656677355
0.4674782846145709
1.9083175854881134
1.55898647372115
1.9224055944722065
2.9175074010349378
1.0341991297814184
1.0353409971036216
1.0232678283613952
0.9586438382343697
0.98735226615154
1.0564670979905035
1.4898810603057366
1.4855305743090625
0.8816052639102415
1.0606324495540675
1.1077348464168608
1.090440473161311
1.031086910125648
1.1203462540655316
0.5172210416951952
0.34704208310791623
0.3037702752482575
-0.21771239565770917
-0.1867191086416588
0.3277341356280139
0.15201330949109906
-0.2211695458986187
-0.13138984005818793
0.2615388920742376
0.33823347491536676
0.4525948841217594
1.010651926265289
0.989554886869518
1.1596039033360628
1.0618675875250143
1.2758260549104254
2.06075432524781
2.092513649523285
1.961617636667201
1.7578507652441318
1.6190613035691397
1.5886195325830206
1.5470724812623977
1.4840455019592362
1.4377457253657429
1.252608705798226
1.0538714146396
1.146460684608384
1.4636267602588378
1.2617707679241275
1.340545139158267
1.5163348880097753
1.2913941894364316
0.6502262077298566
0.6340208867084898
0.35352489394683073
0.0205329119180982
0.11188126363824609
0.3116160693452221
0.5730951387988599
0.5997897473328433
0.9575150764101699
1.6865241461748164
2.209285216520553
2.2938023171080433
2.240805625110573
2.2456180039824996
1.8290542727453785
1.0742296539614695
-0.36636448329527355
-0.27415729703812447
-0.3681763907821956
-0.6822377284853579
-0.7211902695029442
-0.7127999970621688
-1.2186783839249524
-1.6267369910573755
-1.6936421219558768
-2.138167753849432
-2.1346979612578827
-1.9382699629363531
-1.5300304874596389
-1.181555877308566
-1.0513107208991004
-1.1139708907098345
-1.082804444872451
-1.147335247008598
-1.2983622915764725
-2.067405573825062
-2.305947176267257
-1.9849973781491401
-2.467877048656103
-3.1239801359678756
-3.317470462822655
-3.766794304882345
-4.1965746691464885
-3.55531071842434
-2.7215603486162876
-1.9538657910743682
-1.5254097765985635
-1.4793129941672951
-0.8490593151908381
-0.2884517857420873
0.27561200575132605
0.6129238063254951
0.49888508191939246
0.7600161271832142
1.1208476102739362
1.024874546663144
1.1281457594317503
0.7049945327076816
0.6031272584438374
0.8858162593711122
1.1829600135918068
1.8446384458250273
2.3452179014276346
2.439615089170876
2.89216306316872
2.914384933813602
2.978686218177303
3.365931916507653
3.334649430392617
3.1490458816578024
2.885726530801598
2.8744540433220793
2.75837920960898
2.539476768720492
2.3505207955072587
2.2716784012215205
2.2633215577881347
2.081200894589669
1.8726697663348095
1.841411107675629
1.4107430279907462
1.282267291776656
1.2355322453384046
1.2507936901593715
0.9760182309352491
0.7494119995157509
0.8098929682842726
0.6520010450509207
0.5049391067209371
0.3742664640067682
0.28999182386898725
0.6383393964446713
1.3740332418779535
2.152053071261324
2.419086064552328
2.1918939432679876
2.1763983218338616
2.242068854591088
1.9231686679388926
1.7424418140300582
1.321205739205388
1.0344150547200137
1.0622385226025526
1.4613156158037384
1.8537281021363918
2.196162583830835
2.1817810305291094
1.8662799156259025
1.3293137223846632
0.6847478140046696
0.5107730191941102
0.3098493151014183
0.22779577463379408
-0.05831908779435914
-0.28118695161644053
-0.3801755384941667
-0.05629582742673256
0.03619351571742176
0.18727113787627983
0.23309454068887583
0.44095068762933565
1.3491158442312006
1.9357501572809148
2.285520743421736
2.1899510729252487
1.3724412158728845
0.9457474406569101
1.0276537300856339
1.5017354518138117
1.9158467083026096
2.20660749159803
2.48319331461179
2.5166426608961703
2.6058283090837877
2.6329118163471588
2.6388669625812327
2.8775899250878916
3.316347385367903
3.387925744501684
3.392220848105473
3.306951438063479
3.312679751798208
3.9373748025951265
4.416011816061415
1.6190980201998388
1.8685556274601742
1.9481706869684112
2.048598885527617
1.9485182713470748
1.4112456973093108
1.7743749037201912
2.5228611039214717
2.7641690188429773
2.8765906373543255
3.0494988661503255
2.882911815873363
2.5636300886469057
3.2312597609296363
3.2069805603913326
2.9964113755310278
2.7616029633990613
2.701602542296253
2.2608083904921696
1.8461483833487875
1.2661294815708193
0.7038492245335746
0.48565046933886585
0.6288445573977666
0.10076699130158889
-0.16220728819444122
0.41247494718086364
0.31160012381235136
0.045340367858931294
0.04088310428407944
0.5354341546259476
1.2499565382669815
1.0325581284808003
0.8470909645576894
0.5118949780121971
0.440597922218529
0.19816916986000832
-0.02677773138409712
-0.2279146974154851
-0.4705648695698725
-0.6475240647052042
-1.1086073968247898
-1.3687999939416846
-1.2561889254821272
-1.2838340973480329
-1.2550073943442128
-1.0559835474189834
-0.9218068467685345
-0.6490257721078072
-0.25438493510431026
0.18958893105291177
0.5214592742573477
0.6474263888188861
0.8471021938038684
1.3251975006874923
1.3709612607806438
1.5125266273184264
1.428492169927707
1.223659482890421
1.229656383283352
1.1993180882473151
1.1033378467419752
1.1700919198819457
1.211762528562255
0.8168101714520832
0.9466895235827973
0.8986375870637431
0.6645105531359535
1.1703003629442212
1.5414298750001842
0.9337311585983408
0.6227747858247581
0.6124231411202203
0.6401552724822005
0.7860287399534022
0.8001758550461051
0.9833798486200991
0.8191379900509028
0.5454831261851439
0.716085951818236
0.8376479331347049
0.4068605736261869
0.31036689355398545
-0.25576344556074065
-0.3768223123377283
-0.12878846291303933
-0.5133036019883207
-1.4390638144970807
-1.7193100709507954
-2.2298698975418705
-2.937321581115306
-2.315843601362514
-1.3971288664568071
-0.24529588240130368
0.2310098817404258
0.44541613151467707
0.921447226639041
1.4506247373785777
1.992137764275654
2.2850485464998553
1.8880876704826726
1.9693942355969951
2.118806533617395
1.8315031056352582
1.7620909050739155
1.039912099296443
0.5728201845042584
0.7485807022705183
1.1772580075696355
2.247731858626158
2.7765968542918165
2.8650946803398893
3.185191660900165
3.340421544901459
3.213327489011383
3.1595860374054636
3.083631459747666
2.7990108769420954
2.4356752851674446
2.480798623664455
2.2493555438150157
1.8004994520636726
1.6160314214382572
1.5580891759481508
1.424613419650722
1.0021328546793813
0.5492629290196686
0.35340871059670925
0.10396518535106303
0.10667439700316567
0.270177300217864
0.5192640683210815
0.525371976903364
0.496482016595125
0.6079382662792467
0.8513246496721573
1.0721016973929651
1.1941016863869856
1.1199719319515076
0.9807662756225295
0.7442759307385315
0.6584105974843354
0.9573944398168894
1.1381587366338455
1.2530642873035822
1.5140678522441642
1.7479610955835212
2.30191190044692
2.5481385715902065
2.2925927583604926
2.557945182791284
2.9759920780429288
3.1327372179790522
3.3050241666734372
3.269470281544612
2.7461246010792433
2.177212850562604
2.037386582105757
1.9370897323366838
2.183836895807197
1.8045139172765423
1.4559764630916878
1.1465776990825132
0.8659281768442253
0.8378559927185552
0.4837676770995553
0.04932554582979892
0.10673194192574574
0.06619226021918848
0.46901291737619993
0.5992614139780723
0.32072708730708366
0.06932795784697547
-0.8342113665930185
-1.3492248247164162
-1.3519903563612647
-1.6693976044418832
-1.81182923932581
-1.9053999852257848
-2.208529315670184
-2.2930708523558
-2.2487926137657834
-2.186001769755787
-2.1651878429646274
-2.1084843454031805
-2.0699817828742395
-1.9359236169049696
-1.9477144914626348
-1.9630548337877156
-1.6766360765489967
-1.1859021321134453
-0.8993434208746331
1.0961856485421961
0.9995543673350746
0.9792040806562946
0.9886139413385538
0.9546772915377666
0.9165282690898269
1.2571490501644274
1.2064054679184442
0.721677694342214
0.8555436883810167
0.9603757741819857
1.0471987802104938
1.0649271970211789
1.1365686845203835
0.9002185257525277
0.9653441403548249
1.0965809464553198
0.7667945796814982
0.5050936184834641
0.7293170960563348
0.9440933684958192
0.9484532314046331
0.9990101892621678
1.2680962930579196
1.1451932530289428
1.3461477457466995
1.9194254780937579
1.9308852439285464
1.9803415368180026
1.6208288539358404
1.3992425144636749
1.256574518257288
1.2289453510463029
1.032417197206036
0.673978823113449
0.5475265588511843
0.6550106376498731
0.6379001701618625
0.6637272139346293
0.6278802071722116
0.6116748525059262
0.9140950715291011
0.9598732103992048
1.177316288897615
1.0513977404637616
0.6541072418016273
0.5566892167790439
0.5054972577382572
0.6409377122512266
0.9161072053434551
1.09029491764097
1.3005672932860135
1.440291737743767
1.5739043865410232
1.8115893089313784
1.8929986573241757
1.9684352946734147
2.154561208092412
2.1147358142683856
2.012302780660634
1.967997615663789
2.0160686974761424
2.280284703789969
2.3386735074446237
-0.23911472512002369
-0.2802156361386003
-0.18268735436398442
0.017730407413420027
-0.12344765040289861
-0.15278958417954516
0.5804910039188298
0.9814855959665553
0.9287247604798409
1.2233202547126285
1.082412259590419
0.9137922399168384
0.5957566293061023
0.5013041017712616
0.46477345475041437
0.6711257907299701
0.6490135831227333
0.49408389729170366
-0.0789747974363763
-0.1220615444346919
-0.009764374237744292
-0.16074605501303948
0.21280443334886243
0.975107727487208
1.4562766977746682
2.284090495838864
3.145255618836425
2.9449027574044937
2.467256754682042
1.9570024381930238
1.6608909650474757
1.6368373645547727
1.5203800897467432
1.297209465913259
1.0934806987541652
0.9550337662140488
1.1923477793333095
1.1343668331892647
1.0894736908168774
1.1521900397279665
1.1607138689264178
1.6782400026482274
1.5390994233538133
1.278979709788329
1.0655933603211887
0.3210843691695108
-0.11521421899305177
-0.24343023792934534
-0.3669294198563899
-0.5396028228144392
-0.7259773191299133
-0.9239199727914932
-0.961867173764957
-0.8936853319064809
-0.7693032584519528
-0.9716639943030577
-0.9415562926764648
-0.9942264997766815
-1.3912883908840792
-1.4194485215257222
-1.4656168934240934
-1.2920805560181463
-0.6812820718843791
-0.09244740527136901
-0.1081160463280968
-0.2643308930742621
-0.34543283785951395
-0.46612741415823045
-0.7011238665523429
-0.8215622197450667
-0.7558824625693137
-1.004214507862162
-1.3556161316027961
-1.5006223414719482
-1.5279277528726882
-1.30730377324924
-0.9708358325252212
-0.5401888554449107
-0.6144151950108635
-0.7378100642332936
-0.6135242917975273
-0.7532629279089756
-0.6865048532222271
-0.36228273327873056
-0.17442119150725816
0.000920213904725906
-0.051502725575586335
0.151770828345036
0.2598503118346306
0.19398449199847245
0.20368609090416534
0.16114066336557806
0.22951727453021967
-0.11180259834613901
-0.21122574314359613
-0.54000917021237
-0.5136196266399273
-0.49765493029955066
-0.5190665471970177
-0.4686038152243672
-0.2600090733233151
-0.02695236127405951
0.216465015357703
0.43359676494813
0.647422933842528
0.9363642114147316
1.1645809521049875
1.5816526112672273
1.5570889345306302
1.299142738299477
1.3291006683503739
1.2631179744922254
1.1647831075458994
1.248415269351342
1.2017142609095808
1.3096666395110035
1.3760126775404287
1.471864792652436
1.5422605913229215
1.5658704919291488
1.7779592438941911
2.2345877526225095
2.5885552079699927
2.551366856594587
2.531736359833825
2.6241627324703862
2.7892284558683373
2.6565588340079622
0.330655942896088
0.286694490858195
0.3692064729982317
0.3798739973992145
0.39187465728239435
0.6489412547495531
0.3599478827326497
-0.08966039374669844
0.04149898122995779
0.023005197427153075
-0.08513412039930873
0.11037556525147063
0.5628556633327153
0.32542523079185337
0.7371645758113178
0.9155591552092024
1.0553543963831231
1.3084234023716779
1.241133148606665
0.9386835362129997
0.9167610089563287
1.0366741849779362
1.15579702187361
0.941371861761899
1.2069944395413597
1.5796013440170862
1.1928051090734744
1.2868492600874704
1.288488373079093
1.245690381238503
0.8623389378876837
0.2716387716042192
0.25472135799623136
0.39173050648609414
0.5522235418690552
0.5854786446850379
0.9677289987011348
1.1086155456820033
1.2579267814537431
1.7350496713324355
2.114046816879782
2.995915568566671
3.1924614037639496
2.9172222905458765
2.9833624336847406
2.4913176534523322
1.9709249498161323
1.9497222957969331
1.9673252120599471
1.9470632450083571
1.9413657595391551
1.9237237559227354
1.758870346709471
1.4863065404421756
1.0979518060630977
1.0098648974967186
0.7319865249831662
0.42617008138953666
0.32298026069214464
0.31600586904578587
0.1834554811574193
0.08033938834404174
0.5519099290648565
1.153748306342982
0.22132308539072829
-0.10273811722393662
-0.176488005518605
0.035548605786464745
-0.2148233258724982
-0.36897981031897953
-0.14015168586569804
-0.09105610789565124
-0.1210858899443044
-0.2508448157008445
-0.49021504313369424
-0.6411735864542216
-0.946920749999895
-1.222221567495738
-1.0393143448158262
-1.0298202197100879
-1.045409687382416
-0.5654526181820819
-0.007086279233586856
1.1165027778260896
1.9085366049396624
2.0798299704773187
2.594475751155856
3.371951733204207
3.8577492803267175
4.106940534790133
4.1366568729324324
3.4184088250570457
2.8842727549582046
2.270663261032109
1.8386561550716618
1.492744860179945
1.2622352429775066
0.9210124048464561
0.6523116893916553
0.47814890073469835
0.7245180275733415
0.7003146842617223
0.5264284167302622
0.6723262334788238
0.6658206049542569
0.9508233129031564
1.4804953569607806
1.3184449878195468
0.8615327874491958
0.1467014216240483
-0.2623909685294996
-0.37223811331149326
-0.7640630870833353
-1.1486725779407743
-1.2757494471393582
-1.5060595624017803
-1.5086423620018046
-1.3320072068240487
-1.26719885814599
-1.3073764877565677
-1.1662808466147447
-0.8025947902935345
-0.5770647189876833
-0.6492418459627949
-0.38327399219642716
0.09418798941142624
0.045793145500932185
-0.1705572433723584
1.3537087755992756
1.4871526241010704
1.6044149789158375
1.7939649421480908
1.7468030798150969
1.636643651296649
1.9964075081331647
2.3779645717365527
2.4182698657329693
2.566869183137336
2.6720226179746804
2.5845435107472574
2.274955989809097
2.1296850691904563
2.196683121170014
2.160720073800357
1.9125771783689531
1.9407701433625857
1.9285666749965193
2.1048325908773005
1.9368023762588358
1.5434537067164982
1.512216403599389
1.6070379144575946
1.4796080468460333
1.7055714185236601
2.373186800381131
2.19675647472145
1.848505538889769
1.3371021899440936
1.270911180399677
1.6923302929189303
1.395415539823564
1.1845881275779773
0.862213243613229
0.6635506640181458
0.3970183238750985
0.2470350647896187
0.14915255856096205
-0.089115642195199
-0.2967013850897418
-0.7953703604001129
-1.013347621357722
-1.0888350771804842
-1.2612084923814624
-1.4605126738832959
-1.3681575289746297
-1.2920360683057526
-1.2678007082606895
-1.2896749724074104
-1.1506293440685034
-1.154179012042176
-1.1114806015435126
-0.9685233174134651
-0.711586285624724
-0.6506423316669826
-0.5709673687660727
-0.40216590815655195
-0.35811123711328
-0.3383963408894041
-0.25265654244429975
-0.057786636072101064
0.05475894168954142
0.05706810694967867
