0.7131609839449754
0.7286562534783876
0.718910939140096
0.6505280878453007
0.847712910468551
0.9762434679833942
0.9297511849163728
0.8453556941599031
0.7566762397433153
0.9085339893012732
1.0739276783946818
1.232311152405792
1.3919408473898924
1.3537344074843254
1.098354741834325
1.215877290868426
1.2786021060576271
1.0928626314012289
1.2188036064650423
1.339464561805358
1.4572477347662498
1.513931692366917
1.3611604911409927
1.1487170841419247
1.0373325658324892
1.014605077113618
0.9585898942305221
0.971390470331456
0.9454101532997482
0.7349388196154891
0.5468854000582966
0.10334876848166014
-0.27423710898743764
-0.38869163444820165
-0.3910246841982966
-0.454218428026184
-0.34288989227801714
-0.23286433065329404
-0.12607116125395418
-0.0031697880877154237
0.13000469134324635
0.30786842550659715
0.26079163368722974
0.3514586005555695
0.4318477848200881
0.4431958662287509
0.40688237219479567
0.4616419463175621
0.587653778800033
0.9308845166201828
1.1939164713401331
1.207016033768602
1.2145082228923132
1.2050232880129745
1.1807832732091461
1.259895556513657
1.1952637551562149
1.1660366455591098
1.193566965422038
1.1318342301635234
1.0998718353179906
0.9812855426213812
1.087122500135374
1.174600169264297
0.11475025349593508
0.047474684347350596
0.061510075821257996
0.15740620708423322
0.09259593205266631
-0.007085599154747423
-0.39378352660763144
-0.4988621822030613
-0.1952689942779176
-0.3452031389760265
-0.2707883049540897
-0.14885892278649393
0.0008369033234564002
0.021273414006158956
0.17086184401205548
0.3934744164367726
0.38067598029303
0.6226103864472783
0.9381911567589871
1.1133166671139512
1.2961128102226416
1.450037641143835
1.3648925769850386
1.2148305283175223
1.2777706863346596
1.1099079223710528
0.7130180204052959
0.5316675161119672
0.6748623637306278
0.8553007892761381
0.9737812075621319
0.9667635703329076
0.7841487853265351
0.5689138990344103
0.9726056476692417
1.0034470147302275
0.9353299386333405
0.9003787698290261
0.8546278736849542
0.9398073833977572
1.1092662664117219
1.1419423334989025
1.4209845650721433
1.4349143371293958
1.4248844150879663
1.5465594472590545
1.5401000045875615
1.5562312747078286
1.5601747969768491
1.5585176999986647
1.6617912067145724
1.7131885477485629
1.6939218204952262
1.6218519993645732
1.5147898544290492
1.5938667049240423
1.5220940563633218
1.3447197527956862
1.2363875070589372
1.094798495165489
1.0227959608161135
0.8502901132064594
0.5694960647625038
0.47261694318981967
0.8371093862974412
0.8392588905730465
0.8645423620983775
0.924477807978423
0.8767661322075773
0.8080238386133384
0.7110070929536615
0.7648723783351311
0.9583569083495116
0.8629793643169464
0.7901463714009691
0.7279039309044709
0.7417557393351599
0.9012802166250032
1.1471813779832911
1.2329469734898966
1.2650830854073083
1.435358817494941
1.3333830182786321
1.201947245305075
1.0554090091915873
0.9157248579166486
0.9125485768450097
0.9247443801838111
0.9691220199640301
0.9540646908780327
0.838714336499534
0.7329384311668942
0.6980126153005538
0.9738807553363904
1.1572942976248524
1.3870310937108024
1.4279834408571888
1.3119102139924241
1.4243355922989966
1.4623246322307424
1.3734683861309331
1.2511614114338991
1.1376123154513345
1.046849757582642
1.0309573557863962
0.9443320121683253
0.9980518876803774
0.8880931686214382
0.8151155447928715
0.6318245699084892
0.5167680487367629
0.543318448423962
0.5479275957923604
0.4726113245256243
0.557677973487993
0.6096493107579721
0.5744625147362655
0.5517452313319866
0.5314104636979134
0.4946310776502338
0.45469595677880664
0.2913560975684778
0.15954736522248808
0.11612745920485813
0.1194811456203102
0.12348068605879838
0.11209957640847183
0.23076848442182427
0.3563226913340735
0.2797104344012667
0.30586206174211794
0.274637875574269
0.17592050550396582
0.23424548898016354
-0.042887121189101464
-0.39904714660493606
-0.4675475636834421
-0.5044023054415255
-0.4852945653157173
-0.3613121166192426
-0.17328024341595552
-0.3462409936483586
-0.17709008095211842
-0.25480607103797465
-0.37885003191058486
-0.4452522664861229
-0.27280663744778655
-0.09951592045794871
-0.08363599619229808
-0.08522237344465142
-0.19967760812131186
-0.44052625536070045
-0.4596686041510047
-0.4681618573679936
-0.4309525230137933
-0.342825636920573
0.15733520157693798
0.3896681520209668
0.43217672548787617
0.6251022876376324
0.6151933942009671
0.8970345603046512
1.0327239236917767
1.0339769303833974
1.0980842200431324
1.1063213872534117
1.173803255497489
1.682247557334557
1.857875946631806
1.9343090514189456
2.1249157058659214
2.122379619865316
2.1059142031025258
2.1153376102487575
2.0765131847139044
1.8853415826983142
1.201800475078
0.9379558787910857
0.6496683942247347
0.4841100078617335
0.4034725021558174
0.2415157304543942
0.07492557411940912
0.12540751121543756
0.1960277395856278
0.3121829389583052
0.6458766246755091
0.6242012277690753
0.47249802626496534
0.4237342279762573
0.2695362510947187
0.04708915733594284
0.9400115585937264
1.001765184201645
1.101630187321388
1.212276715503148
1.2360781348175691
1.2381225051871763
1.3442134511620563
1.4523691116495738
1.4958732746212202
1.4188138428510049
1.3012415938027362
1.0957153676220106
0.8551367882557825
0.6599031755135516
0.7699500052973973
0.7843991744163189
0.675760247178207
0.9441736013942552
1.029775195870768
1.0397957697486166
1.0595013762005128
1.1123846481752133
1.3109529896582326
1.428077673223334
1.4984458494559856
1.5737906564225985
1.6844242452374025
1.5997683517439685
1.4922881674903445
1.3981410635519649
1.3870677771939983
1.5057104154548353
1.5637090329130294
1.493006663598229
1.360521487109972
1.266401161252084
1.0019265078444228
0.8520008553323266
0.6442119867633455
0.36332408736074745
0.24274345166836622
-0.06608847291916818
-0.046835564969969296
-0.23555263412704527
-0.4008694083490748
-0.40779134574599313
-0.3544596841435571
-0.30863044505322695
-0.1974956454062664
-0.37736064658789054
-0.31986687609927483
-0.26541055560079874
-0.2519466791844964
-0.21334008155656406
-0.2399038773155291
-0.2638819258290713
-0.3159590598008428
-0.3840044081872125
-0.502934132344605
-0.43704581395944003
-0.2013757146751621
-0.03793918135370288
-0.1967306868418855
-0.2836106289236601
0.06614352005555943
0.022977501711911805
0.019528049438951756
0.047686100480106235
0.05526763039821667
0.12999258069315708
0.3428036619929351
0.1602779845682151
-0.16710386469375707
-0.26448260504881166
-0.36507374324501707
-0.22432474669956012
0.004961514473703637
0.104301715679081
0.4004463725046718
0.5043226104412115
0.47113733764382987
0.61843869482225
0.774579928424672
0.9250894246653283
1.1934683138074906
1.3920042219924464
1.744881271936868
1.9081263727712838
1.909709786555644
2.1072023888458777
2.3697482737887596
2.311584677960502
1.8987355839972486
1.1284103607274247
0.615620861950101
-0.01725685924918029
-0.3060321793620217
-0.4592908641871494
-0.5217704085174685
-0.5769942708584069
-0.3326079656263122
-0.08326186643918392
0.08965005456413537
0.17949011347036486
0.14544978085214522
0.3309178949207638
0.5922176895456335
0.6013985869976328
0.49695549156952196
0.18435296758653197
0.07147592422399658
0.1369338949865177
0.3252471625050417
0.35783261868796895
0.37253831729137293
0.46138591398499107
0.5579302704197722
0.6696236991084815
0.7114649753207016
0.5649646187417029
0.5147569646784942
0.67979952268753
0.768072954594962
0.89833231687756
1.0319830397876797
1.0961706208307505
1.2655926058858296
1.4345425756012258
-0.5182755275540921
-0.5664830683679154
-0.6231867645726832
-0.6654827368735625
-0.5352736782986778
-0.41305267863176426
-0.19863723554585105
-0.27119330787399665
-0.5932529858279525
-0.639905287187823
-0.8931945235384587
-1.0239905282379462
-1.1748116803359863
-1.3106176701516865
-1.5462946527070713
-1.4006549373819894
-1.1954976744102925
-1.1828925338805232
-0.935053131419541
-0.4708984360907557
0.14797654331730897
0.5763853532300173
1.0417773554092344
1.430061755854023
1.5144552707732002
1.6608860090054884
1.858631527344913
1.7364030906100056
1.5834383703554933
1.3220355481052002
1.093769734855962
0.8496289811061517
0.8551834710924265
0.8459352069297126
0.8398753435099502
0.7004150974304462
0.8073686339005804
1.0113272834541478
1.0284747752964665
1.000662200499296
0.8695034319950203
0.7610271633519392
0.6603493764804493
0.6527357407996436
0.5417109507520044
0.305695442844025
0.26492636996497276
0.24926512917290117
0.23828013760124317
0.11268697479168163
-0.2236658330566522
-0.41132954517904563
-0.37411368572080517
-0.3134963641258336
-0.34125452637769854
-0.4793425232302612
-0.5659578158139641
-0.5876516821956398
-0.5132148664365572
-0.49473587050480533
-0.3321001002112451
-0.26837923948725495
-0.24145373560024697
-0.24599910254380078
1.00738564526034
0.9395516127956943
0.9714173058670544
0.9037873688870721
0.4991779419908979
0.12358004663157986
0.04329016953953657
0.25157178838595223
0.2707098669736254
0.03281438264402153
0.03950693057018828
-0.05155831632102045
-0.28984486690373035
-0.2897099785481315
-0.15274171684114057
-0.23559542064332686
-0.15322099199899458
0.07191128014080998
0.41534005395323037
0.9062824117239896
1.2628490072815897
1.4228273083530396
1.4016149194038614
1.513520006598615
1.5752613269839582
1.3127042142481065
1.0047415286031982
0.8178829979281771
1.0475812688340935
1.0666581789967384
0.9026548575466196
0.8289633921400595
0.8448774089001977
0.834251673351692
0.6824783538385637
0.5167115424326217
0.32358262714963293
0.2628207052294497
0.17033254111239346
0.10907517089694826
0.060481230506080126
-0.19112803922925292
-0.15882294623309265
-0.0023762209896741474
-0.12091679680939943
-0.270459130907147
-0.220790985047801
-0.1581438353329008
-0.1293455377807268
0.05989349876654618
0.4156969039487403
0.5588403534682062
0.640212672250432
0.7936191449825399
0.9333088982698783
1.0732374591046818
1.1564111593305095
1.3765673834924115
1.6320945002098035
1.8025375603573406
1.8354782683810524
1.7541954102930508
1.7711873301605616
1.5789758428008467
0.83358934723491
0.7752085555174394
0.675858477857171
0.5957291131295752
0.6352830124584119
0.58987895246471
0.33927152195919874
0.28719105268574424
0.42519907318360756
0.45705684186699275
0.5136956761643738
0.5116764920713256
0.5408786075399098
0.5398843141472389
0.2559664006822412
0.20764762842751286
0.2195603400366898
0.09389895433338188
-0.013525417109615157
-0.12339618612738534
-0.22293190325391654
-0.28117078807095264
-0.4916690007051185
-0.6081839310987833
-0.5635455601412167
-0.6671113656940528
-0.9129692409255902
-0.8335013306516801
-0.46626552472341765
-0.03586649222442257
0.2244238457459946
0.4523827837908925
0.6348412151564381
0.7472070974485366
0.8523602054347951
0.9410827969256141
0.8779160194670056
0.8945294111808729
0.928912624917036
0.9033643881776212
1.0083858282365261
0.9179185910085922
0.8971986580581972
1.0122044703128223
1.0816152291865033
1.3740565049476363
1.5154018995542768
1.4879978923354162
1.5304204194011803
1.669560726167624
1.7794173641461697
1.793527887373983
1.7567969743962455
1.6870319679643435
1.6069785773100123
1.6366851779323466
1.5924646706083287
1.4344437141867266
1.2547696883417565
1.096093632069537
1.02891428554177
0.8243946519167165
0.5021122347933473
0.37556172449759684
0.3696281844004538
0.5641849922422577
0.6171701020022518
0.6083983452726777
0.8940106350246132
1.0828732343951089
1.3694951423137895
1.4694168485019117
1.3423606751053183
1.5394627372079952
1.6124464639971683
1.472174811999306
1.3004271450590232
1.0775312666996653
0.696863901480878
0.6562946760965204
0.6325526178708586
0.48607184167578876
0.24792886671436684
-0.04975064558899401
-0.28571001158256476
-0.43525206329889365
-0.43579433061180656
-0.49052550030583236
-0.5749549463877146
-0.398910636460043
-0.08980286581639865
0.1511760308968173
0.08452511818629067
0.07364924868899062
0.20869527527435194
0.553837034237008
0.9161713998310074
1.1651672926285574
1.031625719447434
1.0874420439333041
1.129677661532577
1.1994055581144534
1.2630760007094257
1.0238691338475823
0.8840353604258021
0.7656563908613877
0.4768447077237127
0.4628099263222948
0.510027395004741
0.7117679968661557
0.8219872600477425
0.8462883283256463
1.132254485633271
1.1776619998750637
1.1330557879903442
1.0989885762477472
1.0560711413886041
1.0081641444255187
0.9671703293240563
0.9310531827259049
0.8737801525373536
0.7883051239433703
0.572751072455536
0.5150977028103874
0.5957269713582348
0.7418838118093734
0.7931993518890837
0.7475383391495742
-0.03700335418648505
0.03881680269137714
0.215431745128064
0.3894533650435087
0.3479389313942771
0.47703702970884293
0.8433258709367348
0.9916643632888616
0.8923457529004981
1.1152062443267332
1.194270869258948
1.1378709920295391
1.0456989454113632
1.0747621565322367
1.2477180155261107
1.191582156044496
1.2393718074039624
0.9040440272578426
0.4783384486436593
0.3581798690263261
0.1410587056454679
0.0373430922434929
0.1292656208553113
0.28294295690592686
0.3454235010420731
0.44815926863851635
0.7177468841686521
0.8655347047984373
0.9094000865780762
1.000061195603072
1.1034886306973983
1.4143060362015265
1.6157623660823541
1.7215966520702994
1.6352986967328182
1.6646787877300058
1.4524189159264433
1.2331205673275738
1.1397936084206426
1.1587029124461505
1.1483459261234508
1.266400578135439
0.9773097671567754
0.9626190232667257
1.0618546861316154
0.9992400173486802
0.9744476133233861
0.8070913306297679
0.43988938813125333
0.1387052961206108
-0.5201779263284916
-0.7989943906478407
-0.8283739489260193
-0.900393995168162
-0.8692047193775545
-0.8700953065625228
-0.7079329019877446
-0.45883068366050206
-0.17740864350450616
-0.06530215294154199
-0.34339288346322977
-0.20244309794166093
0.2725763213384676
0.2396093008720045
0.196275672037418
1.5925753729501824
1.145892201497502
0.007964457853715145
1.1443041441177142
2.5664346614729694
4.725187078553913
4.388405451438926
3.422770007060361
-0.06401743384785248
2.974848511522574
2.4680501461348485
-1.2835466702798513
2.822642434516292
-0.8568084987314462
5.261793970539279
1.3577823257280852
1.944135049073638
-1.3011732653225512
4.38250564303917
-2.41364264802871
4.650175485347678
2.106801629667445
2.508815416181474
-0.1481293103980562
3.9292552008174204
2.0561218607902068
2.991943381994804
-1.1908765494482114
0.2929211767444947
0.643300382720646
2.9594985448897666
0.8896191541404681
2.864852995689711
5.645561225773079
3.3253382025292617
0.7463552424119153
-0.8063024046033147
0.9277861892413265
1.1300989318344727
1.1016934851797024
-1.0482595621976254
1.2564757770181962
1.174482243426923
2.5220511372788064
0.7876143375129674
2.932796288868654
0.8653180374957166
0.19404736925025312
1.273173679219171
0.8754189539447526
1.6842745769395233
0.918338603184354
2.3029790751230195
1.230814501205955
2.2449751930240898
-0.1831115883599701
1.1900611284310627
4.379708189900818
1.0825838070277047
0.023884201615596307
-0.14896449091703148
1.666282090578819
-0.8380746171800638
1.1002862455047535
0.8241222681258646
-1.4346258731361352
2.189709993915544
3.5003799189071674
1.7507709032648708
-3.7759209295745517
3.2223883708016756
2.240060303479366
1.8318282005043645
3.029404806355236
2.813588008410344
0.7387102715941563
2.901126543442718
2.938382437698518
0.764610306913756
0.47237202229630015
0.6258141833842581
1.8272269904849427
-0.5706029340035043
2.402680820594789
1.7489686325897753
2.397151649655932
2.468352496422827
1.4479154453464715
-0.03491633626574134
2.3542070292288053
0.6175383587275031
2.42956763920942
0.8819858076109545
2.0152350605967384
0.2501012439640004
0.6532549271987502
1.2964507458532823
0.847432215851651
-0.2889042768014504
0.3390949264770664
-0.148262486921266
-3.088255647758411
0.41808680500558293
0.7783516734710663
1.0783370499123652
-1.0740669013419648
-1.0359177656418823
-0.6672632088937804
2.7451655268679973
1.6924899861581908
2.555854715982407
1.3111806747390904
-0.7653301738552383
-0.977161158300933
1.1046271497676758
0.3495186950406299
1.3502666876712661
2.33339201384294
0.9209891579100832
2.1472521931250124
1.576633479980481
1.1967431767070038
1.9584490466145557
0.3858391528790636
1.0719375073418977
0.6764910328946497
0.3107082625131801
1.0979971705378715
0.25371696559867335
1.142767963475226
1.7546050509245992
2.5846066710270548
2.446460357799529
-1.38145785426824
-0.4145224313978982
0.543576287545014
0.29723068816967807
-0.9294458412526712
3.0282002704102426
0.25343571678414534
2.5345495875523807
-0.800890123625068
0.04724764443961624
0.3421510861024554
-0.7792427283944682
1.8159891966651809
1.3808546785610751
1.0545252829772154
-2.396540029652087
2.3359683218273952
1.1613865046605742
0.7511087260594895
2.7295668073721973
2.0160007765215244
1.955327830589528
0.5719704834609967
0.28523984357872134
1.5147187244056566
-0.8262809935505351
1.9964428363153586
-1.2999732441037553
0.5455895490172005
-0.007992306614514543
-0.4536709243813671
0.5972157232434762
0.77222835670339
-0.11202710082381012
2.2463917557685478
0.2972315289492657
0.8430480358369271
-0.11274090221741269
1.0943387302628502
-1.088449460157876
2.3784244940979677
0.08497066311561598
1.3016183872758937
3.1940134236865747
-1.0293410578846733
2.23481536412708
2.1344820205423907
1.5170186856485814
-0.9210036952465768
0.052212494825500846
1.3469599675381139
2.3490836439139398
1.8385068941214313
0.5044505049219742
2.6602963067167917
0.25968806304636505
-0.3081394198161553
-0.99629436479136
0.41263946386933037
0.6377256859642819
0.39179843445513485
0.49598279295034026
0.9199367651477524
1.7135821328332341
0.6573922285182667
-0.6680325458364165
1.19749561699446
1.2193967948565354
0.4579097407496096
0.8647490019479896
1.0060375749014328
-0.635940013627018
0.6116228080488182
1.1296642762023004
1.4021556933736021
