18261.415997409702
11607.753603054989
11679.947193159984
9532.891693776095
9418.936348403991
9429.646183142575
9259.121094022094
9118.788778942515
9045.256461930536
9155.90829633883
9017.027033645438
9228.141600298268
9300.511174967243
9178.932460165284
9127.63831997975
9010.591050789944
9171.359369542279
9195.512467889312
9011.29238410143
8847.284463594437
8868.08263518577
8801.708307302477
8877.108630399734
8896.665382747511
8749.017970878092
8696.80976565266
8593.37217526392
8587.468604006637
8552.849655485536
8582.56369960506
8298.49961127013
8435.771498606831
8417.57304374733
8336.29676087227
8299.052307170103
8330.13069009907
8010.108168355425
7746.475403685873
8094.041549716847
8008.855776345925
7816.138729144306
7691.781003094937
7886.020461231114
7735.599318721175
7630.17028819026
7899.06625730018
7983.381096930035
7630.814944992231
7707.946884338957
7698.985693019522
7151.773567885702
7244.565791030108
7188.7798453526675
6982.950801791348
6898.191207701344
6903.9170581628305
7287.907886191786
7039.373141345199
7199.727344050881
6921.826146493341
6526.7469498876835
6408.576816760223
6230.553722642716
6300.223142972954
6046.4775786416785
6036.97309864247
5926.640535182709
5928.421144090517
6031.215183060381
5997.105854863081
6106.804473340183
5840.3827150243305
5745.92302014262
5697.5634319931705
5618.257197666377
5474.867557166257
5611.250649671611
5623.323146823571
5711.625512844471
5757.022524656199
6019.436047975559
5919.474854298222
6176.422877569549
6131.473058535837
5465.449039045077
5484.1380189239335
5349.046030425796
5335.807321387656
5430.985472585051
5419.850691007925
5390.080234689482
5401.9184639986615
5517.103770770973
5492.46332937886
5431.5206792866875
5450.831455906823
5581.847752270362
5547.981773273179
5447.554425564741
5470.7346826684825
5606.535972784913
5566.942850253164
5447.605098089992
5472.418272977416
5608.963720065322
5566.574293185304
5441.677502107946
5466.981271224865
5603.524121020933
5560.068939161642
5433.3903018508445
5458.573536394997
5594.63295507321
5551.225778704437
5423.611018623113
5448.201837752613
5583.2000251805575
5540.861404216423
5412.772055924087
5436.322759949872
5569.885287747882
5529.697835374489
5401.660774356322
5423.752009837488
5556.063280039678
5519.096900935321
5391.639592509852
5411.908008684589
5544.08557054853
5511.21639004006
5384.5956872752695
5402.74582769688
5537.262395822576
5508.978863883967
5382.681356471819
5398.484155236887
5539.598656811861
5515.888336160679
5387.88696778164
5401.196136750655
5555.199687268604
5535.581298385369
5401.497529973188
5412.296367463576
5587.302014765205
5570.97685309038
5423.530517513095
5431.978705340663
5637.161112984993
5623.177471455901
5452.409607809552
5458.872794525858
5703.353284906622
5690.7057124125395
5485.2610878173355
5490.338653198071
5782.050887708476
5769.730375657692
5518.862274217125
5523.385246996747
5868.167389729735
5855.225307403509
5550.568583814928
5555.492386701247
5956.446380315726
5942.102762639825
5578.633865237744
5584.820047277778
6041.950076155265
6025.712116906271
5602.145415751675
5610.144343091471
6120.447054473469
6102.167656374442
5620.915878532372
5630.877414570573
6188.99390905235
6168.82812202206
5635.30282782897
5647.044840154805
6246.272456716786
6224.5576992442075
5645.956986067525
5659.1198337998285
6292.425012325568
6269.5513821107925
5653.603762201366
5667.7953496518885
6328.565116538076
6304.8860642736145
5658.909351360406
5673.790887265739
6356.2450965613725
6332.039009129767
5662.426933868051
5677.741626659926
6377.0668653086195
6452.665140667682
5576.6970025946775
5380.30734169393
5917.005227276996
5894.57069289462
6975.201944970602
6968.900150416589
5731.076083245303
5754.549709445402
5656.851165748929
5604.104634445658
6528.50537869415
6560.772946041184
5514.814909435933
5499.409416443948
5448.137570952051
5578.793298216633
5501.764283130594
5691.753674841797
5430.837653685472
5155.949361487234
5437.906581894684
5390.896257889529
5831.361447425317
5854.466722718364
5444.908448934058
5519.336219511307
5247.961792726901
5511.4392571902645
5483.719523421692
5547.187236132109
5609.74064808176
5260.333007761229
5656.530602607284
5561.259941750447
5266.626638127775
5306.209849270522
5138.977614956946
5074.324639862331
5080.067846157277
5116.519988934166
5113.131541007475
4988.211044360526
5123.530402310744
5218.9540412401075
5309.913298201824
5343.371698174974
5158.1351003833925
5342.992776074268
5343.813515754302
5725.121072887177
5667.601611813275
6293.8842510110735
6256.962668147753
5825.662608547969
5699.008421502234
5050.073622531493
5071.8405556252665
5398.819242178351
5357.976500815105
4985.425831301763
4992.5950598409145
5467.071271296997
5454.0785508547415
5036.2888619084015
5049.669035431075
5567.385720086451
5544.643652229502
5086.972573049192
5104.331495924297
5623.0079193599495
5596.2246729782
5121.920251003321
5138.571849208842
5640.480235780267
5617.628739916971
5152.990585052828
5165.177200508245
5659.298790486237
5645.254285883206
5198.442060976439
5203.4394452621145
5707.554773683802
5704.571233821756
5271.172927837916
5266.023408584945
5798.205396499593
5808.744353472326
5380.983785951481
5360.792882660037
5940.226320127574
5969.112188010358
5539.346245825439
5495.553431260657
6147.014829313647
6202.927616513514
5762.38879738544
5681.256084822592
6438.631988007034
6534.751984036504
6070.643421042803
5933.590880091273
6833.664928464784
6985.078782952488
6483.571732965185
6826.763911114574
5729.1986869764905
6411.475906463644
6425.616941007533
5378.485237236828
5202.693467163806
4888.3834963852205
4880.303582761234
5218.50734877379
5222.243061557563
5055.274788073969
5035.660807015773
4709.165061732649
4692.8818391083505
4599.514604712777
4538.466400777251
4532.444871783211
4512.761696695089
4511.413047423267
4518.404767833559
4516.799214671962
4540.463922948809
4540.619310901741
4508.237245270226
4504.66388966879
4493.583984081593
4492.434713672251
4496.617202952758
4495.4443619709255
4486.478755254985
4485.485054461473
4489.098943741375
4488.012395822443
4480.195480805285
4479.291864144898
4482.623659943463
4481.602728466738
4474.464195468781
4473.619129575218
4476.895952273691
4475.931884853572
4469.159322991492
4468.355208602535
4471.778149271972
4470.867763819702
4464.217530820416
4463.4424599997465
4467.218288964687
4466.362529555551
4459.612600885441
4458.857392613836
4463.224977640403
4462.428671536882
4455.347287007492
4454.603947356064
4459.8652108948245
4459.1377166052325
4451.45337102851
4450.71419996347
4446.952222695766
4448.982710099513
4444.26605597984
4464.824564942831
4473.8874105686355
4584.3457337446725
4599.603660623651
4887.4548249867175
4852.3949633933335
4398.528886054163
4417.955938984612
4423.31933018406
4387.3483955257025
4391.128800714642
4386.745422444824
4395.786520298367
4398.060490042877
4407.912520173445
4407.803192444678
4413.148478546945
4413.10308939915
4427.404667556621
4428.408050965041
4430.28773015718
4429.7169168586615
4445.724423135547
4446.691463360378
4444.342250462182
4443.344256797617
4460.384069044317
4461.442966773695
4454.227515467646
4452.776757166269
4469.83471806613
4470.917198896516
4459.2283439876255
4457.396622808067
4473.844181968703
4474.875644718831
4459.968860805394
4457.911711560966
4473.589967455986
4474.530626821255
4457.837683037739
4455.715859747452
4470.758484920398
4471.598982985718
4454.238262493452
4452.170449970633
4466.824992195499
4467.5731161912445
4450.222413097721
4448.277283110225
4462.8061763609385
4463.47612879876
4446.448932298766
4444.6567417078
4459.301494419281
4459.90778212412
4443.275625633047
4441.643004806921
4456.618637748304
4457.173361199158
4440.8654756994765
4439.386798027892
4454.886124476055
4455.398103801173
4439.266388519858
4437.930888029741
4454.129932173972
4454.604659608723
4438.461683632797
4437.257371159707
4454.3191562510765
4454.759082267991
4438.399260425786
4437.314819053457
4455.391062782696
4455.796029320908
4439.007642058781
4438.033145315387
4457.264142516559
4457.631925125239
4440.204840811952
4439.331801090644
4459.844980405838
4460.171959359658
4441.903816704725
4441.124840628397
4463.03254207969
4463.314530750896
4444.016719381749
4443.324912766082
4466.721962761876
4466.955201197413
4446.459029599241
4445.847229481006
4470.808902818488
4470.991187653597
4449.154003104693
4448.613894477445
4475.19483696978
4475.326716482934
4452.037371084398
4451.558553420657
4479.7931817512
4479.879107847392
4455.0620153081745
4454.631102826309
4484.535894888183
4484.585202344666
4458.202266933233
4457.802122349039
4489.380064381872
4489.407649173716
4461.457515421789
4461.066716516588
4494.313988721435
4494.340584118771
4464.854886035443
4464.447500232745
4499.362267577428
4499.41426564826
4468.450790360583
4467.996484390163
4504.589427271307
4504.698255336439
4472.331143350235
4471.795592078711
4510.101582382162
4510.302704633674
4476.609973796056
4475.95547122398
4516.045604140434
4516.377261417778
4481.426056103801
4480.612193196345
4522.60525751799
4523.107067650511
4486.937089317898
4485.921367495362
4529.993810427437
4530.70531942449
4493.310889235989
4492.049198568952
4538.442743217801
4539.401947984678
4500.7131336725615
4499.160144264696
4548.186486879542
4549.42826209156
4509.291582137194
4507.401267709994
4559.443770867726
4560.998054806708
4519.157615445773
4516.884325983606
4572.397389773429
4574.286943193447
4530.367541128745
4527.668223416369
4587.176011848971
4589.4135665442545
4542.90807322698
4539.746333014204
4603.843430800244
4606.428057757373
4556.691593554814
4553.044214536327
4622.400844065445
4625.313325858796
4571.565438370015
4567.431662955853
4642.804351341607
4646.001183967849
4587.334344410626
4582.74771976686
4664.992386753661
4668.397823029846
4603.787911759863
4598.829954100282
4688.909512525988
4692.4050710706915
4620.720760349152
4615.535177330508
4714.511046890815
4717.922613150929
4637.93793391011
4632.743483454225
4741.743805899403
4744.828199420396
4655.252382709301
4650.351312054807
4770.520193190035
4772.955529353408
4672.495457673672
4668.273149320134
4800.722073229168
4802.10782911773
4689.559787248061
4686.471364596414
4832.266303947569
4832.137264060099
4706.469162293917
4705.012479089691
4865.225293047014
4863.077390739282
4723.437410880092
4724.118772836577
4899.945466780311
4895.263930298885
4740.870465045405
4744.175110880099
4937.091892499982
4929.369222248064
4759.298258493646
4765.6766729408655
4977.5915514092885
4966.3279794604005
4779.268103185964
4789.141477447635
5022.512019346283
5007.200348214394
4801.247217069453
4815.026569180902
5072.937785874842
5053.0410362602115
4825.56220060565
4843.671305093711
5129.882593505395
5104.814043070077
4852.374486327561
4875.267292002519
5194.238734731105
5163.352031305398
4881.676189415715
4909.841863540603
5266.743946664061
5229.339119304025
4913.291777410206
4947.242449276631
5347.946286052439
5303.29666881779
4946.878308674401
4987.115669181078
5438.156506812903
5385.56097462967
4981.923924489895
5028.882224932339
5537.388158551508
5476.251093631153
5017.749178584533
5071.715369521816
5645.295671679957
5575.232372866221
5053.51898559304
5114.536651822899
5761.129329657344
5682.086815430634
5088.274036763957
5156.045785555675
5883.730448029499
5796.104426012647
5120.987828780734
5194.797996760786
6011.585438516067
5916.307595041755
5150.647724028062
5229.329058326504
6142.940468347044
6469.266703795653
6014.998374701791
5723.537371435715
6551.100061328177
6906.738238823294
5707.33758898814
5369.441997055854
6298.020387916583
6201.795368837915
5115.008085107689
5182.177673030662
6229.5272501895115
6459.407042020355
6677.224192509138
6511.910425839364
7281.147021362636
7414.872320268317
5787.610146938012
5638.112906281166
6694.857301949455
6818.2543364801395
6619.8981967898235
6502.171528958254
7357.835291889643
7415.6889074172805
6043.790130360301
5969.1882762165005
7019.679665708474
7065.274372958132
6582.072886030073
6525.014319707864
7386.259451164352
7394.3844493443485
6207.362818964062
6174.7272350470475
7171.309093374114
7170.036716707519
6568.266421019665
6548.267183044675
7397.714471826403
7367.207359737047
6353.564438199738
6351.619537316146
7289.398632717037
7244.043688711502
6613.281162573711
6625.342471992384
7459.181557838715
7383.121766744512
6527.489540120882
6559.176650795076
7451.0974009636975
7349.827710926561
6743.075347064573
6794.388618876562
7617.230902754734
7479.549907662835
6759.541339902294
6834.657213855899
7703.481137087075
7549.234467357178
8824.223501254037
8983.396936506546
8917.797146053492
8746.386328525918
5482.276571079237
5508.877613270728
7090.348663884509
7013.1888490958345
9081.08340131224
9108.440484896915
9101.542711755726
8931.795431254815
5756.822984972607
5808.4664244008345
7650.0327309364
7515.556965318798
9382.512333040198
9413.54618985186
9452.879482500693
9448.178293067733
5403.105513949917
4568.394981795117
4689.311937854227
4654.340435071461
4501.7144291034565
4532.091025849669
4616.353532135549
4679.656589635726
4733.215078713466
4687.714995851289
4864.395179384533
4839.258854842678
5204.394498288467
5218.9095785993195
5123.497625251541
5081.384381752457
4889.403826987718
4853.289124783337
5232.84278109551
5235.503111061283
4876.696511154183
4844.449518997393
5079.905263508415
5080.232505041148
4825.237122571622
4819.333214592566
4919.984548232584
4913.031256697278
4926.763254208482
4911.858716323737
5005.057927490201
4994.598180921243
5019.229850381047
4997.051656942695
5085.116902201813
5072.2841653653695
5057.736918548694
5027.6455856413995
5127.896706510876
5148.346061914247
4798.503649887373
4790.429346022867
4961.003575602823
4965.325415746512
4930.061112260041
4907.0207161600065
5080.829323782245
5081.804693616245
4910.482026438703
4907.071170457499
4911.5909782827
4905.283242799084
4956.776557487921
4944.209300686488
4947.4410449209345
4938.835619764819
5019.127556546499
5004.351595738033
4992.965528011036
4982.307387358979
5056.967195442385
5039.160094959352
5017.231214828867
5006.011005209889
5068.518800207165
5049.1500344247925
5024.300000773052
5013.54859087737
5064.423237427342
5044.870981439457
5020.827461859988
5010.902189625577
5050.073016242318
5031.423129623912
5007.181160919591
4998.086336827958
5024.588149039699
5007.930322761208
4980.049810580993
5002.699107051799
4864.9652295962
4854.885802910033
4994.195416712759
4995.303765927583
4917.998990562379
4916.788676496659
4905.31826191734
4898.388290549473
4966.383833247836
4956.287265911507
4931.33739148414
4921.937397675138
5013.4370539189085
5002.954299153488
4966.898977519576
4955.205254291148
5054.179765914121
5042.512807624734
4993.39288574157
4979.7887577897345
5082.351158043749
5070.136621158399
5009.4766753261
4994.34455901989
5100.804937779716
5088.805485085901
5018.223079843049
5001.831314965091
5113.652546174329
5102.440513088291
5021.356561504961
5003.949610366859
5121.9185830582965
5111.90153257028
5016.706672169039
4998.8930117399395
5120.894555285772
5112.304048414589
4997.352936829503
4980.720651659893
5097.3819628191095
5115.116338459825
4858.48440019213
4849.722665478974
5051.757527704685
5053.897462140123
4937.76651997818
4920.379432573648
5102.7970001080685
5099.222237558172
5083.863353883811
5064.642130760493
5250.427857364268
5261.770351107524
4925.798688643667
4915.720841038246
5141.918090009904
5146.429618371259
4999.210323724
4973.6134209344345
5208.784084307206
5209.6359935033115
4977.376779583703
4972.466428315003
5066.657170410828
5062.27789144975
5078.233347528888
5060.14761819568
5182.680588716422
5172.789957996268
5159.4635807425475
5134.434838274604
5268.438285305268
5292.051026219535
4960.8548195575395
4946.053048068867
5224.217514436152
5230.807009915555
5133.752420895579
5098.471678803438
5405.794316704153
5407.992385773717
5076.7226348519625
5067.2391058830035
5162.513833917887
5153.983297977126
5191.410978587489
5168.70126889853
5260.991526054096
5246.6969481299675
5261.98480161574
5232.279814619009
5323.365778901859
5307.982596323397
5258.132130157772
5224.144344603923
5337.193031919101
5355.974296989333
5027.754754877388
5016.1638754946125
5309.131315473197
5314.598737512709
5187.790262806191
5146.18894995229
5441.397207593781
5442.8252899020235
5051.878102447706
5044.436074383012
5135.640219801313
5125.611088538041
5133.459852193968
5117.00231307161
5216.172481854764
5201.07527637222
5200.894179121495
5180.000040716455
5264.568045036354
5246.024125340342
5202.964785800338
5180.164064949881
5255.978082822023
5238.802356594369
5172.334456788095
5150.456940472334
5233.937273363081
5219.536922607066
5143.518989251318
5122.683795994682
5219.970662010883
5207.997473269244
5122.005022353364
5101.573366622043
5213.125276311951
5203.3754001915395
5102.629587747898
5082.406360752944
5207.639265856477
5229.189506888123
4900.818025258221
4899.884947769245
5126.242979607744
5126.87497802505
5013.376372612804
4995.483742561202
5195.01967957235
5189.297376401132
5135.194336903239
5109.840639611496
5330.237088912456
5328.122244478334
5022.023017795437
5011.808008251578
5322.101922184937
5326.635542625445
5036.2502963737925
5007.936546647536
5327.166029147633
5334.8577962162735
5097.3891916639095
5062.896953493477
5496.629036482189
5505.778994409375
5118.259510857951
5077.726763664347
5604.03085474268
5613.079654679532
5217.551228633582
5171.104762889852
4676.276604656865
4656.132060557332
4963.797701716302
4981.996283892286
4715.398428803655
4690.23993922709
4452.473238055806
4421.931397023713
4520.85820585669
4534.524425970197
4518.26578265593
4500.545990398463
4410.946344765749
4413.301195998414
4398.682370750937
4392.281064215608
4364.181394210698
4363.465017639029
4356.735262097729
4354.283961586268
4341.853078092399
4341.014304269851
4337.305954357829
4336.020256056887
4329.41170721349
4328.695624757568
4326.390862001041
4325.583227421182
4321.610723256694
4321.000451347677
4319.451395112475
4318.88106455246
4316.273322055693
4315.742818614928
4314.644672879087
4314.207145456038
4312.375239060189
4311.905766577402
4311.097723167067
4310.741025039992
4309.382067013684
4308.960625456828
4308.35126149786
4308.047239927333
4306.993628876778
4306.6109076700295
4306.146138358582
4305.878804703448
4305.033120160739
4304.682200143405
4304.329905372904
4304.09003030695
4303.393894434686
4303.069484998214
4302.811424921168
4302.593740071652
4302.01164473607
4301.709621405973
4301.536947171649
4301.338591328389
4300.8490191503015
4300.566123627876
4300.476934140551
4300.29658639567
4299.887028481741
4299.620661871339
4299.618879313541
4299.456310551056
4299.120496664125
4298.868569260602
4298.963750425434
4298.819639780501
4298.556059368467
4298.316873068772
4298.524764969304
4298.4006910714925
4298.211872214994
4297.984016422493
4298.327800055533
4298.226360894987
4298.118580075664
4297.900822147897
4298.413089287029
4298.338135272917
4298.321318682341
4298.112465001447
4298.838043422383
4298.795027819374
4298.882596580724
4298.681288749573
4299.681065436069
4299.677526293098
4299.885831531351
4299.690222015241
4301.046087212865
4301.092274129117
4301.439042277527
4301.246263003833
4303.067155951292
4303.176798046826
4303.677634460835
4303.482930596871
4305.911617804107
4306.102785382205
4306.764268553024
4306.559626648007
4309.779162690859
4310.075089974657
4310.882453157203
4310.654537776068
4314.892255408763
4315.321855785112
4316.219111209303
4315.946406816766
4321.471870343585
4322.069504556041
4322.931031738247
4322.580387152647
4329.692655732373
4330.496583809793
4331.093070420406
4330.616489483366
4339.616724298844
4340.665745767132
4340.634878070932
4339.968350914288
4351.1181715621415
4352.446434340149
4351.2878503091915
4350.354749779973
4363.829284784327
4365.46016291958
4362.577078479348
4361.29802934844
4377.151434629191
4379.092366083075
4373.887873058849
4372.196102519338
4390.358154737241
4392.598627511782
4384.601744984163
4382.458732302481
4402.768502600701
4405.282403224242
4394.249313180515
4391.6535112386355
4413.916736881042
4416.668370652822
4402.609114439848
4399.593432780394
4423.639420871424
4426.590900009917
4409.714014266917
4406.333908541854
4432.053383611249
4435.1708311993025
4415.782343957733
4412.100720046836
4439.460299390793
4442.717392423169
4421.122292796583
4417.19716899556
4446.23688885347
4449.615689690293
4426.051300905446
4421.928916576974
4452.7518972404705
4456.241807137756
4430.847559799511
4426.560528617755
4459.321436083781
4462.917257607431
4435.730968917812
4431.299686344685
4466.195289439293
4469.895114797092
4440.863191459117
4436.298732066363
4473.561554732125
4477.364850108656
4446.356995073864
4441.664328602148
4481.559307360145
4485.4653087829965
4452.288406447845
4447.469349725933
4490.2930590573715
4494.299455704209
4458.708300573181
4453.7640131730395
4499.845999585566
4503.947821055273
4465.652036214369
4460.5850738648805
4510.290916373385
4514.47952328866
4473.1467953548845
4467.962824284972
4521.698625584071
4525.960704135523
4481.21675799287
4475.92606192529
4534.144150393809
4538.460619109934
4489.886432296379
4484.505345720708
4547.711033524304
4552.055780158403
4499.182522425624
4493.734913804982
4562.494219375418
4566.832595368528
4509.134723208164
4503.653636874459
4578.601941628899
4582.888950758194
4519.775805785862
4514.305352959198
4596.157023711029
4600.335149554531
4531.141309529268
4525.738878763595
4615.29794726323
4619.294570533601
4543.2690909092335
4538.007927729837
4636.179973984116
4639.904335914174
4556.198905045793
4551.171089746444
4658.976525319323
4662.316196977381
4569.972120289548
4565.291953272554
4683.880939419375
4686.6977606605005
4584.63159204679
4580.439375925419
4711.108632473868
4713.234090218457
4600.221652952263
4596.68783783131
4740.89958911958
4742.129617303
4616.788106129467
4614.117734050331
4773.52097482511
4773.610185338283
4634.3780374756025
4632.815374643389
4809.269491805248
4807.924900353376
4653.039188840701
4652.872356344623
4848.472874763499
4845.347286761457
4672.8185646305665
4674.383851024326
4891.48964149392
4886.175039215712
4693.759884579423
4697.44522277788
4938.705882260287
4930.727436257229
4715.8994619344185
4722.146257105136
4990.52752245417
4979.339269658398
4739.26009047228
4748.562183170724
5047.366178732888
5032.349980404352
4763.842590314277
4776.74065116875
5109.616556951324
5090.086642399546
4789.614827316837
4806.683985673835
5177.623495826471
5152.839600068466
4816.498346730222
4838.3265333609925
5251.637527820801
5220.830094068911
4844.353342762249
4871.507979793336
5331.759596773117
5294.170317307281
4872.963610724502
4905.9453350372
5417.878682901151
5372.818227642376
4902.0244046385615
4941.2088944736015
5509.610561829178
5456.5321664694675
4931.137490798181
4976.71033958744
5606.250902018984
5544.833469807675
4959.818486498596
5011.712880212243
5706.759250808244
5636.987670753626
4987.520733065922
5045.371798998715
5809.788938639767
5732.014641042693
5013.676619987854
5076.807199578564
5913.769052613897
5828.733377778071
5037.75171692983
5105.199780413625
6017.029345993655
6305.5254699078105
5993.066767779757
5730.669729195361
6598.388945251641
6892.425279273456
5650.960345779846
5354.175389228514
6342.410163237641
6596.997310842677
6265.918355596299
6039.910418516106
7066.4140051088
7191.284558127175
6061.832294151673
5918.598632694404
7064.81047432038
7101.452649280082
6730.891321201253
6656.794340890961
7690.994769698328
7615.542804547282
6507.556928735474
6515.902347719236
7761.359336942138
8008.45813706409
5607.440244026471
5235.735679646698
4422.7794797038305
4476.0907720872665
4493.96062195424
4614.779440690389
4621.519885786594
4549.334841501118
4594.371042199073
4470.108964477649
4441.945011838295
4430.459227324714
4492.777503436724
4489.0832211729185
4611.641371719341
4587.446827564776
4857.288201069358
4866.306193075027
5393.239633692268
5397.573246844273
5079.4919959408735
5038.167395247064
5346.33153795244
5349.153339659901
5024.925861006375
4985.524317469089
5172.8785402195135
5166.297394856627
5118.977915988531
5088.60941483986
5229.300510320404
5243.625192157347
4928.015566581567
4914.094314501734
5176.483287129459
5180.635258843724
5012.552378889411
4976.888133627103
5189.613204804638
5184.148178729825
5099.632929762433
5073.9836398997395
5214.096389020853
5216.615377483177
4895.874925899054
4888.5625467577365
5030.038810414524
5029.032698606604
4838.065489318293
4834.307845583252
4919.188497025276
4914.391744617746
4883.189926981475
4873.298845911248
4956.5123783716945
4948.558317307882
4918.943749717857
4909.402289373728
4991.560477173478
4981.73193657411
4936.234841865332
4925.837566351425
5006.369936069216
4995.997031538834
4937.507672680645
4926.814496802998
5008.471344537766
4998.406905745602
4932.130527800829
4921.474182381164
5006.717774105366
4997.323030227077
4925.498183748285
4914.923378950357
5004.6148071493735
4996.06581014526
4918.615645236331
4908.102315037296
5002.238387609614
4994.728253677472
4910.4319518934135
4900.091088957617
4998.265914663733
4992.0124185231625
4897.229135535497
4887.689198619926
4986.310613422008
4994.516746437546
4805.779495043398
4801.489744275292
4970.069814777907
4971.334451290958
4863.132668841213
4847.960360767173
5014.892593652246
5011.969654735904
4916.2150628414565
4906.805233869118
5047.638415474583
5050.656289381613
4825.455987983577
4823.160461147203
4980.269894847354
4980.596409501543
4865.320518129647
4849.666869943527
5057.531626947516
5052.922339222811
4950.282087616427
4938.641309694917
5134.344464571763
5127.241819405512
4947.6965232194525
4936.008519062468
5112.777804529989
5124.848286455414
4827.681394554057
4820.600712656948
5046.441601861538
5047.311574170596
4896.443763685088
4881.991324841653
5147.194902675456
5142.011021265248
5055.502367643468
5038.822507818852
5305.283199652212
5295.436908656453
5046.798864182438
5027.159391998562
5269.81751334452
5275.057534230721
4773.1136391914715
4784.643623269355
4854.727685857437
4840.723319800074
4904.86600950735
4901.253743701832
5134.097899039936
5115.393496956848
5070.582957183815
5059.105704996168
5242.211160049299
5217.421173786281
5094.07483158085
5080.690442009317
5196.343161109349
5173.362617040001
5041.336617362576
5031.02137597316
5123.502947003925
5106.064535128107
4982.209552005677
5005.277088866202
4932.9439328549615
4925.500872404624
4989.051061826425
4989.071236037607
4985.26959234301
4984.131049958582
4868.1166411759505
4857.606150317049
4945.842013836909
4940.349695428924
4849.494091882726
4842.9168655384
4954.847310384434
4949.278535091056
4865.357709870718
4858.478621470206
4985.52692942431
4979.577072728064
4883.685421355843
4875.926357754128
5012.138700437608
5006.136917723018
4889.657065317668
4881.638818554075
5021.331613474183
5015.768427758571
4870.454478870681
4863.905248073374
4993.478675370762
4988.278958801042
4830.811139383862
4826.466729589318
4941.256332463742
4936.195312344274
4809.075319264052
4805.1420681529535
4921.564006739604
4917.134707104738
4800.708363555091
4796.970682362679
4916.422589286146
4912.150799217164
4797.5283635352935
4793.742088617438
4916.235215424834
4912.062353688585
