0.22885665602737557
0.4551304981266949
477048199491883e-111
0.6467191763269896
0.5132897261447982
13952518689699297e-69
0.4908256113791031
1.4850403417037825
2.45073386331391
2.5811503551155313
3.7749023256493626
4.245513801003381
4.22883087255214
3.955216906369611
5.560373622966462
7.616200896544951
7.582022563890872
7.493207329476737
8.250087634766546
8.66680763466428
8.49788707885308
8.009165029146391
7.036304408680608
6.37142131603453
6.963193213755958
6.797809878902057
6.091089095609222
5.8735531290765195
5.923964909619267
5.640886360653896
4.729071676100491
3.905419233804121
2.0690655641427287
28291724513560134e-91
1.8765264877156322
1.9267466514547977
0.9286772518240815
0.11943187204294833
9302549823642145e-31
14038701381153541e-78
5987353034567979e-77
1980483649574765e-114
12122151814607059e-116
4222442835192006e-111
4562869587661524e-135
6394986342300397e-88
22447781592219735e-104
7424150773275131e-111
2687932912085086e-168
1780936114385052e-86
0.7266243103843184
1.3059527873867725
2.0720911129128954
2.9204015421759073
3.662651499717099
4.486051652687816
5.419463422478868
6.929600274548572
7.976857165420735
9.332080506083
8.586162407636515
6.137509414253962
5.946525886573301
6.380537255438259
8.215078367039018
9.329091721573594
10.079040496321698
10.106303427020457
9.948989960875501
9.74263199414355
10.22697759885221
9.870411940761013
9.304950382471908
9.48407416660265
8.08102673658405
6.045458977205802
4.945095097300039
4.756645564174161
5.1051686146061765
5.138138779581424
5.891600731551886
6.023601235988612
4.635942047287504
4.577132505713684
3.9727447302963936
4.137036774763231
4.578834024930898
5.415584142633726
6.103410704589403
6.120701587584445
6.2760873691147285
6.501614257885605
6.500887431841111
6.285351442135556
6.780652844193785
7.8055933388765695
10.168438192876732
10.761654488409139
9.984590921740441
9.770821193234234
8.316826588368412
7.309176424820436
5.900159102494991
4.8492278176409425
5.294028059690451
5.021378706886268
3.9872365391869806
3.2597424157017127
2.8830155131049957
2.4241232849002206
2.240454426959275
1.5948488733794617
0.8650615345027697
0.20215909789850933
30814871263126118e-49
11372620122266344e-66
2738076226842314e-84
2834632613274121e-91
17928595351685615e-181
3301449239507594e-142
4512227844924467e-77
27066511500247828e-158
27536121605973668e-30
0.2633649954699736
0.2974270875275906
1.0197116471459298
0.6674767849387782
0.811220668680268
24.08142799716191
23.990869191690653
31.909247675457376
30.861204263826696
22.00513300009476
18.19343263929619
17.661761199129156
15.746042564893246
10.590608661443339
8.549248627739967
5.910358748004975
4.859721578274266
4.079508439755633
5.323456763230333
12.137878777373846
5.347923893160569
3.491376171845418
4.436853421187061
1.344373702652235
7164888898508395e-22
4298283023544702e-33
9538061272214805e-32
1.8292666545132774
2.9754625935386674
2.040809016855073
0.42001545424642045
9002959803992168e-57
2.6808317877336525
4.804885772997157
1.9142567145083331
2269817950940781e-86
6620366212391809e-38
4.66498228590262
12.634837742006315
4.569720847499019
2.557395873564024
338991573437898e-19
32280984480855916e-63
2495337533817182e-182
11470581922645247e-196
23799614649717994e-221
9544396855045487e-249
18061388742065258e-154
6330583391705572e-180
27620376996799954e-213
10629373111395186e-102
249923282604373e-55
63519397995238904e-47
0.9088292928599402
672331596802065e-54
1960683846053854e-191
1779676661895241e-157
6382035718874337e-70
36883306172986614e-45
0.05231780851974741
22026410310749293e-122
45140842018066085e-130
26188176696179462e-24
23140335443607923e-22
3.8222942164107123
6.694866597071621
10.851805957268978
12.65940366294031
13.534155726051354
2.7998543512648433
2.1564993913296733
2.0474844579720046
2.853447644783332
4.110639517414312
4.83643644081452
3.950957789381939
4.614177725243796
5.935874639909755
6.766539843304372
9.660359890896606
12.030565205966752
13.209810309162421
12.991589484026449
12.339204833996213
12.677058647672736
11.590489488932835
10.566747954775414
10.90503793412122
10.493419993297639
9.956970660454749
10.368418714520319
11.099395992599343
11.021658217750694
10.89546404049293
11.121784566121232
11.50375264027785
11.369449575755509
11.074106749585232
11.117992128918551
10.93274705928801
9.06379793305819
5.048121134940491
2.514226916696172
2.81360253956483
2.560905278742133
0.799341300797781
7349586653080198e-124
16926528687352185e-195
41607964411936554e-212
12345537803826051e-119
32601521430872e-83
30661081324546993e-92
35603716829516397e-94
0.017242390081629925
20860871475799754e-24
0.015530146423925166
0.3857736578619005
0.014750156097891574
0.63594340738623
0.36674318569717373
12924079969314893e-38
624604931237956e-49
21794223818423383e-74
17179368540229392e-97
0.24916548836363192
0.2965936498023306
0.47491482859831585
0.09678623254199843
5940505490714271e-195
2304286229981904e-262
7054996830769696e-32
21776365061124486e-35
13750614278991227e-37
14508715337780403e-77
2826734159267848e-208
21725727550023322e-150
0.4108378601222066
0.7124273846032005
1.097746921957518
1.3666208934472595
0.9110622919993215
0.4484390950854134
0.4724649033049564
1544346845269918e-30
15669645594052625e-52
0.39059803496811557
0.741517555679092
0.963616390182524
1.5222619440333067
1.7226677543656141
1.810024853682344
1.6944717792940733
1.937886907515024
3.0379145624428174
4.331370493010015
6.33972076080286
7.34784861375451
7.3840939004537764
7.776316033143589
8.504655881550459
7.981092495228321
7.752427867576269
8.18928735338084
8.748642932152046
9.241883165188659
9.419799215569826
8.68033374086619
9.888682118318075
9.803763651052655
9.386115638148198
9.492082605991206
9.237937639420066
8.914078006003852
8.643184676788742
8.300652808889726
8.26306454665772
8.400111446670154
8.181436281804709
7.96772796824178
8.07293408353261
7.605990122915068
6.995948326215699
5.731274162389196
2.8781752844805415
2.1777719989077755
2.167788670016465
1.756392645419485
1.480943619212802
1.0109743138613156
0.5630135996979174
14327064634793088e-92
3263760439977211e-28
3560309376382176e-86
5177534397072982e-249
3616136463714859e-275
6135792192609424e-199
18079969147437897e-153
0.8682820908557772
0.8114103295273882
0.5357219834908532
0.8407529910187017
2.3002402578461902
2.738915565792043
2.0479516058360265
1.2490233162282165
1.5191812437132122
1.6959698643144445
1.0425990423550817
0.3986606930321958
0.7428747208739401
1.5580609235077012
0.6435842134046494
1.5363266718141568
2.7974920814263844
2.8830463961455943
2.6462787683656868
2.8678162080760594
2.4890429220952677
2.266680328083098
0.8604124112094379
4759576156346133e-40
8006280328552512e-75
0.12312006706597772
10754640946144028e-31
15138647554185776e-23
5545497441523425e-81
559964388174367e-51
1853456401175884e-93
9898774692782414e-119
816407494115696e-146
37431543933973134e-279
0.016427510447270213
0.18290551676918615
1.3894646273971718
2.0010231965600846
2.1985120301719063
2.3338110227664473
2.99481300089711
3.147276386567921
3.37347813377468
3.4516619412116167
3.4664542358806902
3.74756840287148
3.459960491329234
4.139282562667631
5.994701625323432
7.319941587819394
9.35577318326468
9.479825396825797
9.069313077556382
8.736463565139754
8.081176518017282
7.035862119571175
6.029842686749733
4.884713893681696
3.3515342162750446
1.893180966094615
1.6143546293913236
0.646121596451797
6317180914739302e-317
4670058365540265e-211
0.839868816007091
1.1219093900242825
1.6204148794640845
1.2238785088794986
0.47910002317205974
27132378389187283e-71
8493999754359529e-185
24535211098994134e-200
10474608736707947e-153
36368565897926023e-122
0.9720411557927934
1.8219409204484835
1.9185453201477252
1.6810758221990028
1.2094170569724836
0.2819904417150873
3763638484118332e-48
0.2025342588184783
0.2845927636097792
2614848337917921e-24
4484028547216344e-54
33133386905113765e-24
7468060561900136e-46
44793005084476595e-91
6257394381601034e-99
10434052478106466e-103
6612530034653214e-86
0.0009614176879280347
0.41172183080124874
0.07129554867833128
0.46034470705323827
1.5706921130882665
3.1087728501912992
4.888089197318007
4.414958853621896
4.809932902523344
5.961846356466445
6.746685022671574
7.68586197546931
8.3175917243415
8.817529675301962
10.063051454066128
10.8584309151534
11.727973727131063
12.345635424617178
12.772609798267851
12.760146555225862
12.903861883509691
13.24489539292996
13.665864827494179
13.362529890473008
13.066077841126948
12.676623620957246
12.08258718949979
11.527760778085359
11.743760573563149
11.671386628793181
11.463437939645159
10.781928994846085
9.602685840858467
9.047057181917694
10.53916603670853
11.31333228065265
10.48152427177016
13385744973268502e-73
11209582848136316e-91
23262945223421293e-232
25e-324
0.18766591723770756
3.2100646690218415
7.619674736587681
9.997707244720337
9.745592999676495
9.094466824009386
7.731389625862499
5.484223366149965
3.850040417029927
3.353297205618829
2.8945411929813996
2.099191402223219
2.3597224475232697
3.320706305412763
4.0769075393617
4.473147414013546
5.185176728917492
4.595075727751888
3.8791452162634528
3.5208086691731264
2.6709601558720886
2.3257145560343355
2.3007789993057783
2.9813345670017983
1.9061695628956903
1.516060197515838
0.8546064543937809
16196362172751385e-26
1.0992217420806722
2.172225292616092
2.172807656091974
2.4132833747495273
4.268085828618093
5.056699867498659
5.179346488642589
5.40756227471717
4.3331163655236375
3.7361085853550904
3.3001487104319116
1.8264814685719157
1.669182685539558
1.802669931807214
2.2108805863586682
1.3476022436818687
0.6753952218298056
13453049699456772e-50
30210998245050487e-78
18735591877951218e-133
1634868495146131e-204
3646567797886176e-228
12441107714901784e-239
12435083147353678e-178
5065611954655159e-286
0.2388377354226332
3.4512499056136385
4.847301735379992
4.94294062119684
5.846110442488722
9.85860188671309
7.574090037721641
1.0783905083409169
13069479431649971e-28
3.9155270982668804
0.0010998476036729486
3.621015024436432
9263345728112413e-67
0.40341096650667724
0.0011743508257511582
1734442601052794e-62
3.6329342040216233
0.01731645575648575
2.1775013466303914
25521744454491947e-117
1.8626273903558255
0.43995362625631024
0.29510472541937377
2.2741766832837333
2.2538475342703275
16.419119706629704
2.417423257248753
0.3918171791414549
1.4603475704943132
0.02228514903983656
14.283768621534598
0.6251824887216705
0.48513198678100217
361625253285549e-78
0.17172903337092335
13.878458029042974
0.3369043040574737
0.09320769850053458
0.0060746479054174275
1.1223852251577517
2.827568077974496
0.01073987167361512
0.49163102700225036
0.1417670928193274
1.792259101140358
1.2146310906723974
1.0069594036295726
0.04472332769436092
18.32481827593964
0.00017830914037894935
0.03597223555431063
29697350963527112e-105
0.005995642634913307
3.6171873159420693
0.008830736107537568
163.55787757526508
28598202944390056e-25
1.9596688848007895
0.1017114788806459
0.08886107162478003
2.901548454246486
7.414064617161347
0.7767194180685388
0.15168777834672237
0.32803041593509136
1465153453802461e-68
14.79557931181333
1.7073764672764098
26988670624932135e-139
1.7244743582272126
0.958168870737415
6161798815016223e-72
0.8379255347676613
31869368251589984e-169
0.3330504105945963
9.14347041260254
0.1638179743718126
20004806214237124e-81
18964971505855826e-157
0.5234274796155648
55982245163313286e-24
1148629658207933e-187
2.145709735190098
0.04237999672286363
17280471768363367e-60
31498316610051877e-56
0.17738280761315647
1.8334988018458476
1.67579277635415
0.07049100325258571
0.0004731012456054341
19056308559823685e-48
1.6564635940357906
729799761806667e-56
0.003988014161650771
27986902355981655e-23
0.4628288542758101
0.04186046374572665
1.6761755803914553
0.028388727478873364
2636665058261315e-62
1236025146530786e-154
0.12871736341308201
0.6146819574067178
0.2997715528596458
12650467430475602e-191
2806206073835816e-31
0.007162331005528671
9621826839709386e-61
1.4899887739528452
0.05725771224090222
7950412999327563e-35
6545460264196692e-24
0.026453608308534163
0.6916533905220013
1.9689389769332206
6370116675619029e-27
0.22435591869592816
0.276872890058084
1.493903704593023
0.6146492119340666
0.17995720121913764
0.34198617893090655
2945001987686499e-43
4183735171664885e-60
2.0011544175647837
0.12752283022361155
0.006809682359759628
4.442558176025371
4934692165074909e-35
0.009489048088525336
0.5831159617000596
12448701476606607e-21
0.4189903111237654
8449237646850222e-56
0.03866027982007984
44603468690970835e-36
50529987016303356e-52
5259854233822171e-41
5.64795895062257
32952352715287986e-33
2.5115364403265623
8472135615132628e-22
1.953180222983446
0.006368030122371451
13578292006060837e-96
1.1382264087931397
0.05523701284544849
3.2416850556141115
12047937966199598e-70
0.11113384463642492
1.2958486463827557
30380570262832592e-53
75.63827614951667
3088196603755317e-34
0.07418098566982473
2.6362324909467914
2508082209126788e-31
3.2450533618644988
12485091458075516e-44
23117833845384457e-71
39635164947232905e-55
36336063731494037e-60
7670806496528579e-51
0.3364940391706836
7.2102760497601
4437073334350343e-37
5190748824902547e-61
8088599349542883e-38
5.071989641157723
9732526586013773e-49
3214621444820465e-41
1.9461743988534372
3.5752899151049866
7369894868721692e-27
9298741207813819e-30
34307085433398376e-85
42763945803840497e-45
8733557872111923e-31
7766927500509404e-27
1.064302418631677
0.414183603806786
1.307141409339943
11459234086865524e-82
2.761119521528468
2963071449329069e-92
0.5727864122689731
48891654865548344e-136
0.19492450759311672
0.9694742481040407
46052652508890026e-137
4960532274659304e-89
0.9564269337912732
30691860938595474e-70
6533467999160851e-37
2.9145841280117253
21823711361251158e-37
0.32052721205135076
36781477502452396e-100
5.103119509298998
1.1350076513725884
0.001366632462747049
18.954833422716938
0.005345325170763962
5.946767355840321
0.07464410170049753
3.307492457031514
4.360545063130611
3981770791448303e-24
2.014879473925879
0.43295171849452885
23790807021952954e-26
2.7158127288227276
7.3211422402606035
0.9450812399095488
0.6685436238595184
1.0785693351989636
0.5868958764529513
1.058438047990932
1.024756127391417
5.922683145881802
1.3008028066260218
0.11726434808005726
47444731001011915e-65
0.5275334938430789
0.49448990241326063
0.19545923369326063
217243213564307e-22
10.935431729998632
7895451737168856e-118
0.04167514181077918
0.7029402396655242
2.1290834635257405
7359871065588991e-128
26293908361497525e-51
0.0652424060281377
39.61957799618036
26.81992061320765
8594522457995275e-177
17.260199429046573
24539517294578798e-90
22861034371251182e-30
14.361742069834024
0.02318144383236887
10701041927661829e-46
0.0032534624207018544
3.5326211448957427
4478143684746139e-32
14284661634602335e-23
0.0017502005496187727
42014552901301564e-86
0.1253970385878475
0.06266966670997325
6.284519782669148
0.03071335994328453
1.5160059780947417
0.17377047351344604
1.2114003248203695
2.724138921522375
11472612623252593e-57
7682918390043499e-25
2.3565394167563762
0.5034008146112824
0.43560726941709826
0.509341685039705
0.5727197100977746
0.6026703911064907
0.611830912332013
0.6006131102314567
0.5560193961946683
0.5462646863732359
0.5614147819124737
0.426328907465243
0.35821096258651974
0.3140510515808223
0.24109079186549676
0.17679255839678565
0.3032573722043646
0.32567566792521396
0.2654338971640029
0.45071613354131934
0.4565837178557094
0.31770284346694555
0.21684894445684977
0.08748760488841095
0.08485001614844304
0.09822816493333084
0.09368039478562004
0.08844178593603641
0.08192692001289191
0.14795399637616902
0.2722911267745403
0.6532540962016878
0.8730873484172957
1.318412085268283
1.550031980771002
1.619856696969971
1.6278678245050855
1.531337550303823
1.3987597154115543
1.2396964379016522
1.0708128833105748
0.8531508709809991
0.692067586370222
0.5255664898575212
0.6532261452481111
0.5290264391996347
0.40374819723890554
0.3166163222107308
0.2857801123828325
0.2868674521893698
0.3392675411235992
0.18920072105953195
0.17449315034706406
0.17826564473170486
0.17184098402370906
0.15249057951147005
0.13407737587092936
0.14155835961822563
0.09624748681279474
0.023581373813635148
2383663766891567e-160
4053722079820847e-213
3980903671322662e-103
1740718295378383e-21
6330209127512062e-279
25e-324
0.23555833602130793
0.14186481507989127
0.14967508674185068
0.03520468649089426
0.4857104263990022
0.9426872180547582
0.5716328457819617
0.11703115801742986
3976278884004247e-100
3035339533598758e-32
0.060524988763296574
0.19127389759122124
0.4427234651833776
2995240532323679e-26
845322120556801e-22
0.1503158556773232
0.0616151534547743
6956513851159958e-118
18010458891997023e-92
24236651231844252e-36
0.4614814210758812
0.7978642394131741
0.6953018039817169
0.1740543673723917
0.04978447549158318
0.09748399553216174
41881191839342855e-24
0.16312846505495035
0.5499839937186883
0.810124010235261
0.4514229668328053
0.06889404558928994
0.5108054443545735
0.662154285371918
0.74348702427087
0.7022233012600135
0.6023198667264452
0.6388509402798174
0.6855312649349865
0.17657191443318557
7231406456086811e-35
20823167002649323e-23
1428483704940493e-22
0.022656087448549998
0.2693891511702812
0.5035005255790332
0.3808009375154659
0.5790294401947916
1.1667378005710178
1.135031369421689
0.935303982145483
0.9475807529269828
1.0170174794217666
0.9313264629847335
0.7272116850566235
0.9348044108350265
0.810975438699046
0.657029165044826
0.525647471850836
0.41655514949349626
0.3928096192779186
0.07379010126285203
0.0869876496340389
0.26315269427731147
0.4414632072964032
0.3309576987163547
0.4034026362746378
0.39540797633871966
0.3080001676318813
0.0014399196335141986
27849873882351547e-47
22478392583651596e-62
12010199570701425e-153
1750123135686018e-152
714021078964442e-77
0.056329514815472596
0.2681104544664818
0.6703754665564092
0.6082701261515862
0.5375461362419178
0.5319208913534622
0.47443946634173195
0.5184990598681098
1.0125293726224145
1.3493664685258469
1.4238861382592733
1.3477006250460495
1.4035856665465554
1.0929001874203366
0.8017311656581876
1.0079663801028456
0.9010212300447845
1.028517574678891
1.0015694518244107
0.9842364514531559
0.8212636253799384
0.6864051799007445
0.5700835588818716
0.3331908695839341
0.11228442585791253
0.08369874954469136
6618384281870292e-72
5476849031903361e-162
20798356259280197e-151
10889373924022442e-107
0.06455197196823076
0.4954142512255515
0.7303699877907682
0.5939242314499519
4949847862339751e-21
10852580894614788e-51
11040373348192355e-56
7176789647871622e-131
9217987736383602e-83
3759101917298506e-28
0.26721691301978173
0.5010222757267178
0.7194343689384504
1.0904942085765974
1.3921690514591412
1.5360449059367456
1.743608150346006
2.0475685727696162
1.9928363780353193
1.978654856754795
2.0421020235535776
2.1009959553875936
2.0938533745394805
0.6320173865148443
0.8744708024203184
0.975481811698664
0.9820036073390203
1.137245969253726
1.310574422913441
1.7635767330867729
2.041670807909163
1.7922073255605424
2.381993886652091
2.623821928817723
2.6714031224433583
2.5492547806863115
2.643702595475218
2.059761342959438
2.163560377539185
2.3504076190620826
1.7223799889521623
1.234184096898731
1.0028603163235899
0.36105830723834337
6000801297079938e-101
19093552501654976e-70
0.0034054523068450656
12537615360487927e-27
0.21487432407254672
0.3353197666771063
0.46153790358524777
0.17866786792336306
28241656696204872e-40
0.31430090385168097
0.6809352730939424
0.2960313836259367
0.1695365232139221
39515892204050554e-30
11546955939998264e-33
10646308071921833e-46
1169481610891446e-85
10394540861380855e-83
0.056519913771724044
0.10271977358336533
0.30096529255650745
11922123287959448e-58
0.01167971236429505
0.12225583760368455
0.2569445290980503
0.2436741227287564
0.1723127145660991
5401757795028472e-66
0.21368001444156778
0.20910154147410995
9294030634721916e-25
6816998118801374e-41
2183318047163581e-42
0.09587249903241812
0.01544332762414599
0.07525809255739171
0.1448200952339787
0.16465851718308677
0.2454887905077128
9869238169464033e-24
3363021602443775e-161
30900883894178063e-105
5613490938386058e-115
0.5594617026978598
0.615234239177427
0.6959790753131259
0.6404917587240149
0.5932229318570295
0.5709517582455127
0.3881263225670877
0.08991461285871115
15818175093864593e-71
9919756796021265e-122
3591139513661296e-101
18407155912058494e-62
9820697087714518e-45
25960074541810973e-59
10390829453021524e-82
12939656430863882e-97
0.12037667828777414
0.2100680557109675
0.8762396842706242
1.3992463465976828
1.3337452901553055
1.2423694804886083
0.9943160132272882
0.7627932732734443
0.5197373397574612
0.17399245656078283
6348802962551708e-203
25683775768676082e-109
8124507019264362e-42
5403828626707358e-95
6904918435096396e-71
1990319694843058e-64
32780769217133634e-41
0.08096041900238465
0.0007546787704556129
2022519338737331e-21
10759428272292237e-82
17918049655655063e-21
0.20282462544477448
0.2670953022496416
0.35861300603224056
12238777511907567e-53
9638978645630988e-75
0.10163088210444192
0.2263046904657665
0.4577551476299371
0.6846258102564673
0.7106354948257803
0.3467691045420127
0.15437675924427066
5623462738430117e-43
2065268151346415e-82
464714960975476e-61
0.0063345173677994875
0.09598436997568638
0.2820009523838652
0.4200390392140439
0.7864822908050401
1.4050671464485966
1.4912253686725296
1.5166900109311496
1.6029544461375473
1.2138285553591985
0.6022672418936702
0.1334170399709298
0.040922372941592365
0.02146045814240061
0.046316005958278436
0.058465617281988985
0.09645599250159533
0.17981754271203707
0.18677128094767803
0.11473144076016518
0.13731150298435366
0.060254970335303186
1740537527223864e-46
45227224332094395e-316
25e-324
2e-323
3e-323
2854489282319488e-313
25e-324
3e-323
0.18878329226325494
0.531236574347022
0.6221305090436975
0.7711589569347305
1.0508812381611108
1.3199861893591605
1.36711860035687
1.3086210595873542
1.1380560670614097
1.1110846400209828
1.1376836914436779
1.1536328246186107
1.174557002885034
1.2014775892791199
1.248764087901361
1.3646486909305935
1.3970346274470151
1.4267116073128165
1.4397962602670096
1.4344097775712124
1.4466506722189598
1.4197063464704989
1.3856910733102261
1.3851584197246711
1.4042735816780738
1.3402391560755613
1.1911480408884767
1.151696765118906
1.0624151489039795
0.8778577035327977
0.7493690522760806
0.5181785526219926
0.3027210106339454
0.2682258126379151
0.2560716039983759
0.19178294089235207
0.12250882687444588
0.17505377510144587
0.24286022222513998
0.2799259497548627
0.2221727447889949
0.24819136458372917
0.3058322233899163
0.3353141531341173
0.32408100918865185
1.2137419596610877
1.232984799839514
1.1030463807296405
1.120165048672425
1.1937463690639523
1.3239109967663352
1.206160551570713
1.1696069151450557
1.1929221630865636
1.1519409565707468
1.1825749591340613
1.2077640283155018
1.1469353252180998
0.9460262060285156
0.9642029646920591
0.9455092693259535
0.9471360723487957
1.0552962623353606
0.9882292827528738
0.518318769774338
0.221093967686563
0.16078245408936004
0.1943888123023497
0.05655186027103825
0.21582227817386757
0.3802150793215013
0.0704386245198042
0.08462197835490237
7323969563111543e-50
5402463751754359e-107
36594001053184167e-83
8562293826189015e-50
355359032666006e-84
2887724337276634e-82
8442988257939791e-31
0.1359368591842416
0.13149922027513256
0.18070769067473483
0.17781850156684248
0.17729085827768762
0.16577683413661815
0.14371905195494566
5861654256133433e-42
6229819034513349e-65
27813248115686997e-44
0.39062295233674554
0.37842971900632794
0.4481909224284492
0.7997345773837483
1.1189048130232897
1.4908413818515875
1.5201445352081389
1.3417675430310358
1.17567485748041
0.8882757146528161
0.7126413394470381
0.5548764662166658
0.33491899402038583
18326396901559198e-23
4886210517861264e-27
0.044297144960778335
0.01031328925464462
13524618559515187e-104
2962130194763309e-89
0.18135083307783637
0.14785147456793274
0.10052940733697219
0.04471236459210155
0.030991114997224213
0.04439983158584831
0.043995587012036964
3029972470308028e-90
4339897188620351e-231
8657875611332335e-207
2774254792115228e-161
71491832386165354e-59
0.08978220462434967
0.18756711756466993
0.14987594243850338
0.15587500391555256
0.25419330338017637
0.08856812646738817
9019657533562218e-100
3330811997971226e-291
8218338220879438e-227
9592045135582496e-98
1028481770717334e-77
9205235348338571e-106
20325721126751953e-117
17535345931625547e-66
11851311110958624e-105
0.07312980552616802
0.20530831346171025
0.1713690796107508
0.11110328574980437
11491850035111909e-207
32101861358481833e-153
1523799935341616e-31
0.08724807909278604
0.20936754522675713
0.34385813329046977
0.4889453530117517
0.6427469200637608
0.8811921356930328
1.0669581725698547
1.2417958152202575
1.0745006028003743
1.1813170061597345
1.2903460562099847
1.3488419941583538
1.3489584492993016
1.3143536391689177
1.2335509582265012
1.3596434444220147
1.3462333420103834
1.3494277097206135
1.3198716362073737
1.3000668424184425
1.2792612155179086
1.2247494920324915
1.2114385394314453
1.201462783291509
1.1755915175637164
1.1222786520635384
1.0699529030949673
0.9524115524100877
1.0120035553913207
1.0501364909411302
0.33694659488377326
0.3306618701304032
0.32669146561736684
0.36068034241211705
0.15701535745645517
0.3311854798082903
0.7796430924880309
0.5093789057204722
0.025822936306553287
0.059199764380947616
0.019510951014469594
0.2220302581773261
0.3513958247312826
0.03903627955262795
0.06689472607832983
0.09658384281725986
0.15524312279285007
0.1772632768618199
0.2665178196973401
0.4156640250915649
0.27759581220354596
0.0390361751253241
0.09817264317498924
0.30050933829767557
0.585539592916887
1.158321516933459
1.4311279733777986
1.4610041895401578
1.179990425426343
0.4026109638058705
0.1182072420691558
0.24280703043053287
0.2182788121092375
0.029879169255999788
15e-324
1e-323
2e-323
0.019462416927617666
0.31867599894573784
0.4202236069981955
0.4678356398596773
0.6668291419117003
0.6790499689082754
0.6484548421455815
0.5295044964319786
0.3073804398743671
0.254451777594811
0.2074378910067334
0.26250631849987976
0.24771386148743488
0.26276135199523065
0.24412751546935868
0.20138871368907532
0.18127120117754192
0.1274305798453901
0.023717761846069572
0.0006480035981946183
0.3650508889549354
0.5048944824307655
0.5243655088701717
0.5450680137790865
0.6605660829726655
0.747394721399893
0.7514713004902781
0.2518904770329897
0.2698126409142815
0.29321165184207154
0.25900868699066565
0.22989912593806483
0.24334628735327124
0.11306929545671912
0.1644474535230141
0.294157192228752
0.28462412871432613
0.33148087848854785
0.3594156289024175
0.4961959169732593
0.5342487153726286
0.532687159378898
0.39571116118467303
0.3397035109459293
0.3209239033156731
0.17196803393348203
4489866371225532e-65
3673349910810338e-24
0.05464073070833498
0.15539149658607773
0.02896311113183684
2491793098099588e-46
5524663883465454e-44
4539016751437727e-139
3630487440313878e-76
0.33311399615162507
0.5375001731264416
0.6672407651923928
0.7455646587160528
0.3510020657289743
0.4347452276279989
0.5185229275125114
0.5066028431645452
0.6462699634127974
0.6355435159004669
0.41601973595251174
1.0264267265205362
1.1784456702383177
1.4555256650204709
1.5706582477538342
1.5449850757918153
1.3737488843608117
1.182577841701767
1.0416749730999946
0.8641469935893851
0.2523416701200202
0.3360661656272525
0.4964859130464371
0.4536181489387014
0.39300079469758503
0.3550266011231521
0.34297544382188705
0.2718851375386648
0.17776002531186372
20660254638220988e-51
3989609444200276e-45
0.01292961680822451
13423948985364152e-64
6406505543235781e-50
0.030472791227143144
0.1176747538216682
0.23552946511960002
0.23562585080003406
0.3073671694627279
0.4833578509844786
0.2964956051662224
17705301589392812e-31
0.14627373571544725
0.3451292652171885
0.42246737216151203
0.3275148833462939
0.22117462512190053
0.1255572658425587
2148914045382024e-75
0.11164681276062308
0.4292389995046921
0.6510343303121675
0.7588821882053531
0.987926189205358
1.0916259569136182
1.2291791888388492
1.272764524542848
1.1989611368044515
1.237524216767934
1.5432007817025701
1.597005655399254
1.6455028263815503
1.7110219734131114
1.5675368668514371
1.2658008990059004
1.1306027211993752
1.1302679880026572
1.1867944897003477
1.2269239565641128
1.1537428583667582
1.0599111799236944
0.9861918244957635
0.9262245959808512
0.8442093433929776
0.778794791164566
0.7262293562547731
0.7959338360915057
0.8086049535098564
0.813252028834663
0.6818248599571622
0.549751120889294
0.03250037638361211
37666646190392947e-116
73363583852298754e-53
0.06686836239799891
8510824832538145e-130
3478787798832596e-89
44942268936176475e-53
10171211076757163e-90
40961980444494954e-30
0.04475784741081441
5263381844633342e-27
0.017855045730238824
0.023010493665322467
45997442381281546e-59
8050934269999743e-133
35877524162057874e-89
0.20856597344361236
0.5529500824375089
0.7479303664108055
0.5564493714399755
0.5577038131825189
0.5721859814219785
0.5982231036553245
0.7013577282655193
0.6820229475507726
0.8094894413458943
1.069281533248277
1.1031362173467443
1.220052313343922
1.289481494898964
1.2296685938636607
1.1618000349706439
1.2209142822284884
1.1371041446409749
1.0547655188266822
0.7255225609367463
0.41333870264924744
15573423508773207e-24
2e-323
7276171631994709e-301
13914854838088901e-58
386318856415522e-197
25e-324
2e-323
6381469171974258e-129
0.530164854023221
0.6213825350392731
0.8123000804412197
0.8420870050810063
0.8148275258321702
0.812084017088918
0.9229965636095855
1.0495108400482518
1.103186378089008
1.073375934692868
0.9110474990410771
0.9871015205940146
1.0175975251346616
0.6685504642416596
0.48519430836095784
0.06163573522804351
53758561206693885e-226
22434935639922842e-61
847887066930619e-31
0.08559248762513406
0.22420917313057825
0.2693632097589489
0.4980500841109276
0.4444093404989988
0.3197222936154644
0.29955218743843537
0.38666420927899087
0.4612271413606944
0.5409862898814239
0.5736048766155187
0.6384551002031188
0.5972764796107072
0.43836133837503916
0.4119402196303897
0.38808510446096445
0.3051335760475379
0.3506077242259968
0.531466178010553
