0.8057185089518818
1.2986211420659004
0.3356054811524548
0.741576567986212
1.2795943097282494
0.4860125494035704
1.2373791309123428
0.4932752152277236
1.317279968867617
0.7806989645225932
0.5767371260970497
0.3423395191226669
0.5289579128125685
0.46707572779714707
0.8328684122321556
1.0360372875375856
0.8295474221781399
0.6050384483308722
1.103677050071684
1.1153930432538042
1.2130384530371436
1.2698075760594405
1.2481236151294166
1.1325438253582147
0.9109380311193278
0.5826710975971277
0.34895057268558655
0.9630296745562507
0.6339855384820612
0.7592000242435607
1.1877741193111133
0.9193585333989955
0.7751569379851786
1.0120208240180804
0.5324817927910934
0.7317046677870639
0.7886520669874272
0.904465228193642
0.5565544865344307
1.0675806272309558
1.1650813089477412
0.9501063729061244
1.1807497889828749
0.34891997827637233
0.4437036059345818
1.262208075090484
0.86155938986377
0.6935841674728985
0.6797377089561135
0.79018278487333
0.45991403644331874
0.43144591015620526
0.590335180520526
1.2494840940782357
0.8174461249711651
0.8582022038279938
0.5273641679890594
0.552977182834957
1.05216138362586
1.16497211240289
0.7635850992111921
1.10045011120404
1.2618902891244212
1.1370838028343924
1.0490867833958555
0.5058630176097124
1.1819176400514473
0.5907860294679693
1.2953016607376555
1.2474386165829152
0.3934960864110989
0.9198682467960329
0.7528107114759993
0.33762123701471003
1.1629693429378967
1.072998066503151
0.8923733387280901
0.8117826728187058
0.4225861636612566
0.8075682378952712
1.3051516566334174
0.4882266570825084
1.0588259012192642
0.9837932223220531
0.42218813134871064
1.1248901814858212
0.4584059663954027
0.9003943870092872
0.8677234624646003
0.8667039611627035
0.7515204733623586
0.591905927023228
1.1405698274669125
0.7276695613460037
0.4850262374617304
1.0161234863120183
1.0231914156899231
0.6340988469810774
1.2536283648471045
0.48204230618756416
0.5384853521805488
0.7755426907270202
0.6711596774568963
1.2049690431965099
0.6508131651187038
0.9042427091952641
0.5181860028561122
0.7055986929193787
0.34412643762409506
1.010661514550103
0.7356501199124919
0.4832544152945205
0.4981207149365795
0.9162423311276657
0.6000082955432093
0.8950212024896067
0.6117503833873478
0.5839588386424913
0.5744507982854833
0.6846533964505366
0.9656421089963381
0.42489916266289235
1.321655180092259
0.6963711766371248
0.6334391621035873
1.0276093492721936
0.7809300932997602
1.2684060961096166
0.3644883445096543
0.9718523199775344
1.031682364951998
0.4870711141907221
0.6915080596203106
1.0212794398114404
1.2478034350731833
0.7315377218703806
0.9938386770705024
0.9528274154759325
1.1464174249547763
1.2070787047182439
1.2784016979800874
0.9590792655423117
1.2517380590854956
0.9800283635799266
0.46281713191200613
1.0295206091145497
0.6825592861364594
0.36214750285780056
1.330704837742686
1.072912816776516
0.7789016948315876
1.0047795534872077
0.6447031463234015
0.5413508703753099
1.1739466448376874
0.8600662512311825
0.5295809628241249
0.697289080274803
0.6541787354706865
1.0648340277893344
0.9455278175476475
0.756689944500163
0.5994703611919294
1.168156172023026
0.39584549265449537
1.0727735126171793
0.7026067637079942
1.0440120282932808
0.8393164234424566
0.376338926524115
1.1344439539980669
1.31927981750812
1.0869367869336806
1.3077093037888858
0.7619565039380723
1.020036355028133
1.2568380974632483
1.11658690493528
0.6723400530046996
0.9035695423742827
0.4903099105465858
0.6853269288776885
0.9437426292492265
1.126536265384737
0.4917281036376397
1.3028092052922993
0.7531368810880374
1.1150763393939902
0.3330446583800565
0.43819241580601903
1.317904700924898
1.1909584453671456
0.4034377210807952
0.8040175467787914
0.614463565084965
0.39858057738037633
0.9789339515231903
1.0070807362515122
0.7737857700294998
1.0574586143914493
0.7490696838953869
0.8135455690726145
0.36233396482482183
1.1947548395634653
0.6813959270730916
0.4416294969048976
0.8279773086478346
1.3273734887461015
0.6415159858375313
0.835123851299807
0.9889674656423462
1.1533743938995715
1.2632426664994334
0.3407160228051898
0.36488708769022876
0.49462705228011977
0.9295792997563294
0.6040468450238575
0.5892913461576441
0.4627303570177606
1.1089281714014867
1.1346137204863007
0.5300592723497485
0.5452709925963204
0.37398456260883123
0.42363660059764935
0.43748689617343695
0.5840470610559123
1.0838380436983583
0.4725656775969627
0.801370287085547
1.0616901088421
0.8933086367673927
0.3440502862946511
0.7109665345352828
0.9705517929984937
1.307418690740858
0.7707250666150197
0.38723990409666964
0.615063057962027
1.2557881389936774
0.39514484681640927
1.2664554569670379
0.7617075665213381
0.5610997655651497
1.0146211112492876
0.6081042990278135
0.42055958316587533
0.3414600321743057
0.5229535672478661
0.9119865374745593
0.6385434790105301
0.9654819171800098
1.2548481055059668
1.2270407224406172
0.5074393887185088
1.1452715222534766
1.3051409501358693
0.5253215770843441
0.8036638246552039
0.47431308501482033
1.3209528076260684
1.0413961243456633
1.1389080154129958
0.9732365719672558
1.1174312286039696
0.6938735344157848
0.7170782388833145
1.1306943594510894
0.46326052808936946
0.623092968795506
0.4625515046698091
1.063471485314737
0.5104662004677362
0.6090236611183952
1.3235046780343416
0.42875543247876713
0.9752269623846311
0.47166006224439244
1.1749481195064093
1.0858333841169008
1.2380392537675795
0.569554511069139
0.4969039199491632
1.1877230949578435
1.2563006901961526
0.542611032308532
1.268153859562161
1.239313574636015
0.9240982368599482
1.2572141137856672
1.1312535601372924
0.48698865432393873
1.1796424045506821
1.2971394746302862
0.6349449561603007
1.2718908669709434
0.80910651478333
1.0426982433904923
0.6081792422709282
1.1899663548520298
0.5831726737277428
0.9995443438269282
1.0901290039804394
0.3973575367207517
0.934673224138515
0.9848286701430429
0.5084088247751958
0.8255484214647495
1.3190614570170611
0.852222506127217
0.46596230268912486
0.81456661702271
1.1828453546925461
0.5522343995665505
0.8738950915161453
1.0010875400331898
0.3697000833141365
1.2560575153063391
0.7548780279528644
1.087654865863448
0.45923840950897427
0.728912832764801
0.6959996616418864
0.8031557589330599
0.367784660768611
1.0155271295445676
0.6006771614581743
1.0199838272332862
0.5273234659665943
1.129126013131211
0.8681161541048091
0.5361572381129359
1.2916933962081638
0.8878899459870653
0.754939376763979
1.1857614610258187
0.6599894252006238
1.021314146699585
0.334395514249479
0.6827052227597362
0.9838211291999976
1.0254019831720544
0.8934697844423596
0.5870439933351853
0.4492700598278043
0.4750830888409673
0.5559595214467344
0.4203651211512763
1.081668632343599
0.4933734974667824
1.065565871670345
1.0800423664534164
0.7640542363723932
1.1229603356359668
1.062183722945905
0.9231563731170302
0.5308699331620856
0.8525748094379085
0.9394139026025344
0.5426079730170564
0.6254562518202366
0.8625178651648454
0.4278945419871131
0.6536177313619823
0.5275115841065403
0.4499168525963318
0.9076089146173577
0.9174843659985265
0.7833650723467269
1.1895587201274527
1.1535640932508513
0.8442040294349695
0.6809559163378265
1.1289080475424444
0.383336717194058
1.0866760822028416
0.7608576239483795
0.7832518532618278
1.1030062020026894
1.107530781565981
0.5021233341949527
0.4142008199818776
1.0577613530899777
0.7056904967057803
1.3069478954880873
1.1606261521693386
0.6824682557416366
0.859666552427171
1.2746882285783327
0.9162131477443077
0.4675124095147927
1.1754965070588865
0.693233596407178
0.6032773833379028
1.1908689044327687
0.693442023679978
1.1941050925728607
1.3040563141977537
0.3783301067251451
0.9532448202857423
0.6765348256689235
0.3492970970679029
1.3201051883171215
0.666383934987508
0.5691009859599642
0.5567723276062988
0.7446914931871714
0.42711863615803264
0.4277304093922825
1.1423986494782792
0.36128814279946325
0.7295511846227922
1.074212490748237
1.3202182818432793
1.1992851435313094
0.9290827693159179
0.9971813966162025
0.6616830839543946
0.8754237629197298
0.6005511755250574
0.8557724184290099
0.7321316010687938
0.5643126650332068
1.0100785260600713
1.2304242436928075
1.1537410100502576
0.9197977798519836
0.5024507312565789
0.566757489917111
0.861943682820674
1.2712328538409232
1.0820098569427172
1.2074108985088103
1.1425606654766713
1.217880989947451
0.44246178759252924
1.1915304915281588
0.3838284883688714
1.0140692898019077
0.8563806603686419
0.6233209551688375
1.2861317494622508
0.6888396953083599
0.671210187901276
1.1534013788468
0.6836103870902391
0.3403503130615965
0.6525457157963277
0.42664413918907973
0.5404577887310057
0.6035124720815983
1.236896454441208
0.679434920360926
1.1723214664957518
1.2873814258946432
0.3919361736075762
0.9421764978723473
1.0970361344829145
0.8202913237411422
1.2986353404545168
0.7298834093139179
0.8688756039874647
0.35299470139222977
1.162348484252949
1.0233115639170849
0.5146469821003437
1.0176084506696328
0.9822799471837216
0.7420106050072883
0.7067905792256739
0.6489369779391985
0.48840478112822744
0.5232957815839175
0.48026612638103616
1.247220855675599
1.036472519480795
0.5324111088422764
0.43665120778156497
1.271945329075409
0.9854223759458407
0.7708043958845953
1.2181298222851566
0.48035701435329015
1.0881337796645572
0.6906654819231008
0.5579547389056285
1.3111091774908992
1.0201008126375577
0.966547386415986
0.8527132621453436
0.6040764425520495
1.1605189185499334
0.994268219711775
0.6232553670148178
0.8718417628570971
0.8453084658272666
0.5766501526442492
1.0840738325902357
0.44955915563721743
0.35301111885225445
0.3730671280623514
1.2610722156053211
0.42844216348597597
1.002422065079378
0.9151752680203564
1.1292531067185572
1.0008687670852936
0.8463352328163046
0.7374980957237242
1.02390331053783
1.0394401973932732
1.3298267537064177
1.3293722166990682
1.3291752266113634
1.3291224855745976
1.32934233206013
1.3292960883269582
1.3282532337622304
1.3291875557589687
1.328958164981928
1.3300629621104663
1.3292711812897735
1.3292345634176634
1.3294762558431485
1.3294064051977443
1.3291429714501233
1.3290951870629337
1.331775534103584
1.3314402210971665
1.3315591872098085
1.3315579491330114
1.3313642681799316
1.3317268591111424
1.331250308972804
1.3312236733784744
1.332003574701641
1.3311668506057606
1.3314322227589863
1.3313464959228334
1.3320729633176733
1.3316804490460974
1.3311473449755942
1.3312738989082662
1.3322667741197851
1.3319161290228003
1.3322965345670494
1.331921742701652
1.3324165415797151
1.3321831417982308
1.3321770017038426
1.3319646994371697
1.3132980130433718
1.3156133840572262
1.3155888865653578
1.3169775868586722
1.3130090111680892
1.315802664759272
1.3130780149770678
1.316048547259308
1.3300640722516763
1.3293977561117036
1.3301594590269041
1.3301574361357638
1.330103914672218
1.330222397914729
1.3301724846050917
1.3298624941732202
1.3423600776807907
1.340867158180096
1.3417349474037263
1.3400219817200651
1.342679676383938
1.3409275347271312
1.3424127998687179
1.340818702513824
0.9887931833961605
0.7298889777847358
0.8572050992364771
0.9346056819045843
1.0177945419987289
0.6311778048253758
0.6672913195299484
0.40570429900410426
1.0741268843816456
0.6386861858206511
0.963523520649484
1.1593259828577096
0.8258431549322452
0.3502882540320843
1.1370573254365144
0.6698490995263109
0.6413762595472883
0.7334941072183774
0.9861860754907769
0.5569036016826329
0.7199240751530896
1.0659041694703744
0.5212959375070721
1.0023369624246956
0.6217360500421072
0.5623822306138557
0.7411867764402411
0.5362425516681237
0.8842678476224399
0.446882305015291
0.44440981932446955
0.3680814421780362
1.0415335377458377
1.0431734021341146
0.34396063896904755
0.4796682593693488
0.6947516416460058
0.7825865287146208
1.3287172016087216
1.2689256587463362
0.489800774329625
0.533417462075494
0.4852661962534908
1.0394224553275928
0.9173087488257703
0.7231342696025866
0.7710619012149669
0.8260061977418829
1.1135511468287926
1.1223741287606788
1.2731757313392638
0.5060146506692552
0.5848956692560778
0.8966296926077646
1.0883310722966382
0.7924117210170989
1.3241614372855908
1.1510024250990745
0.34182712544077193
0.7295973021216164
1.0372326220500176
0.5504224203267364
0.9595556877811418
0.6859533348694723
1.2163082868022372
1.0352854209127362
0.3367253922407757
1.2645375528933611
0.9224388350231526
1.3184731877081641
0.7668381148353629
0.34314081567484384
0.6372962468185528
0.68359820993159
0.5987975852348834
1.2320497875547218
1.0618992229284225
0.8309622100073447
0.7217708635929225
0.7289799149743056
1.0752576255365398
0.801322462032074
1.0637285873688602
0.4041515659568152
0.9177723659799254
0.7621079064833122
0.8173633701830626
0.9507090880400498
0.39553645912491925
0.7132662523384218
0.6509819715167731
0.44338241957602403
0.5547499643627054
1.2881062692953085
1.280403736368308
0.8395077797084253
1.3294133703415942
1.3292748824498153
1.3295573542774457
1.3296141483133128
1.3292815016952666
1.3300389317315784
1.3294752711459832
1.3294870008071331
1.3298186796605291
1.3294910054876858
1.3295297831850732
1.329519606818681
1.3294485267277305
1.3293902075091135
1.329411057540089
1.3299399124101148
1.3299025055251357
1.329712456187115
1.329246889493474
1.3298908210617633
1.3300897356141979
1.3296416483553855
1.3293717622495715
1.3295266348286416
1.3313195932258324
1.3308119720615201
1.3307560429920844
1.3307718419891676
1.3311508291321663
1.3307112792294755
1.331165144894832
1.331264003079296
1.3314445813830127
1.3310458899262096
1.3309493607223963
1.3314331065387919
1.331168166948504
1.3311261523185562
1.3308698811191098
1.3308344236967558
1.3307096291867493
1.3314110936668333
1.330910764938825
1.3310441321685422
1.331241203468206
1.3312249222750812
1.3311868434628373
1.3313230585678355
1.3316174214226675
1.331580838870782
1.3313802627023055
1.3313274108727313
1.3315988455592398
1.3314860452134252
1.3315070958190713
1.3314197398487029
1.3315757406145574
1.331420844547807
1.331571320327522
1.331587274299605
1.320051712822048
1.319174325927624
1.3198927494108772
1.3223933839890236
1.3197811689683354
1.321455943599771
1.3192618842256856
1.3197894067020384
1.3196726444952913
1.320018606720905
1.3192257709260795
1.3201035415528606
1.3303285216787286
1.330201782138508
1.3295588793618198
1.3302827817936485
1.3304638358238767
1.3301645645665128
1.3296035933129373
1.3306833844961319
1.3303675838875815
1.3299654746341019
1.3295337991898897
1.3299079796729327
1.3376242242590348
1.338332505145432
1.3378281564396148
1.3362920319689915
1.338322303431581
1.3367539694331636
1.3383756154010478
1.337966424898983
1.3381631495996347
1.3376197315314982
1.3381186017654525
1.337601112379753
1.2904382793074156
1.0109248325519384
1.0116147481268372
0.6059446004159633
0.7882716992600112
1.3151619959760696
0.7155099524483172
0.7403874456836657
1.1099794117322368
0.6485765766369505
0.8425905221094799
0.9216056690647072
1.2641131927981535
1.1967645802054316
0.9996329241932227
0.707757848339307
0.7334888931828185
1.1305406068768462
0.41695280353068565
1.0437997130440804
0.8991286659212434
0.582748802440598
0.5124441169126877
1.0558025025616293
0.33982753772108804
0.6607660064438928
1.3212067504567417
0.5697621361008991
0.9333187213365858
1.0448730095986285
0.5944616701111348
0.8542604643393833
1.1776681627836514
0.8553543293054034
1.092367510984005
0.5215193560410474
1.0417398708567527
1.2178794465611524
0.7280214308303896
1.2161630856644337
1.240856073885008
0.44277918310658787
0.6794818082934587
1.2217991944942113
1.1868576591476079
0.3594927645884077
0.49436451316527336
0.4579502359814309
1.1458036204929898
0.7768216549922101
0.43250148876894606
1.112655045590172
0.5651283253468598
0.4955679909831002
1.0856851953324862
0.4795071415233536
0.8823907890222333
0.3774814354220397
0.9785279432947561
0.6497810250416863
1.3050033622044155
1.1572481799567573
0.7166012985360628
0.49935003770019576
1.0411532895085436
0.6885726599897091
1.1896460201352428
1.0205910089904608
0.7755668020323975
0.9675417880490312
0.38490835991345246
1.171274188138165
0.8700842362746705
1.2665650387224254
0.7998314578315334
0.36832163912957694
0.3879295671935458
0.530949755603307
1.2877338415719948
1.2006474058793037
0.7445985792877989
1.0611554971615988
0.6074389021373073
1.2340456938554596
0.5768995743805008
0.6896002421519175
1.3090697229720036
0.8749439221551879
0.5171310078244261
0.846564754581785
0.9796894963665824
0.338969729529573
0.8199487434676264
0.5609323931456195
0.8964843330798581
0.645514207550174
1.0640526510875739
1.0392482324889143
0.5450188046902518
0.8284813808956528
0.73534046084249
0.7908168557862633
0.7837392310774501
0.7476345587326955
0.6486304028195664
0.9641368738707102
0.9790398459253942
1.0270290534807582
0.7372802544175083
0.8958694233861263
1.0470863284110894
1.1613011525462607
0.930661668299175
0.4085286791397256
0.41479185170344124
1.183774058031175
0.9056491621041701
0.45420062569369496
1.1269652795958003
1.0281799013657684
1.3044867038354846
1.0462971312520666
0.7903447836402466
1.0114910070447294
0.36201623765082774
0.3444604235734236
0.8983055202313623
0.9632980331405446
1.2469299190100536
0.6914516995881417
0.8637328960282342
0.8990663509645607
1.0721149989675327
0.6381155637198074
0.5503244191190153
0.8257964472366158
0.6097987404983
0.6274383805373996
1.2569994090404928
1.06365955640296
0.5900649054935434
1.2765522335890946
0.57799598921597
1.2941009857628631
0.6172830302966615
0.5488382997098282
0.34137062959830516
1.008684711792346
1.0449421126188652
1.0882899727447164
1.249907788086445
0.47152224200205706
1.3194478027317584
0.8571830925256203
1.0097193403529767
0.75546974372675
0.6141444485675763
0.8169091243879613
0.5091288940495701
1.1331846198628923
0.6047404170615155
0.4747447074090418
0.41923526833284286
0.6392479166206385
0.7052643856791868
1.1561095472524456
1.1405234301324276
0.7998376396989033
1.0213023239637244
0.7442815522137952
0.5962401312535283
0.4975795778939149
0.5522595578500968
1.2621104237687861
0.6954768231419001
1.0588080560614304
0.6019890191228857
0.7628701341677173
0.6633960716552203
0.979170756973726
0.9554829604082183
1.21737405393763
1.1922657426912797
0.4615373830938129
1.3171702791155984
1.1891610975006908
0.5401863994872171
0.7372857661008061
0.9993610352409205
0.46874364093978876
1.133946691854563
0.9517939807483633
0.5064128932042711
1.0725160498022241
0.5825289380957267
0.8538677986067118
0.6253230106727885
0.49721865575125995
0.7399925615542842
0.9935177649725992
1.2951775153892133
1.1330826585530356
1.2952650975717872
1.0139981973324312
0.8444220981767844
1.2191106551466198
1.2403705721843863
0.7186399760955605
0.39213461322186915
0.958056160687565
1.0001879752293643
1.230643416468035
1.2246748749262226
1.0171845080257973
0.38180999646593633
0.6217992067490539
0.5636427383798243
0.4985134341374078
1.2174765724021475
0.8156209084192924
0.5002228071814192
0.6953403129245135
1.2042216837334068
1.1177677482768722
1.028244005099392
1.1726741080274743
0.6522840596178252
0.999786669599891
0.7225331254674473
0.7753861247928066
0.6102442096293145
0.3593028229595232
0.6971799216229886
0.9667082020537647
0.787837848426363
0.7716835313110217
0.5113903684810068
0.758872448232005
0.7711854516855684
1.2148929210257842
1.1383398898543635
1.0661767272439895
1.0712265230326974
0.35048576008835863
1.006486047056769
1.3184884874866503
0.8879466014393707
0.7890442518714704
0.8165127494856382
1.199458423930062
0.5251900811716758
1.2028832986862494
1.0667416069415898
0.8636630061346221
0.804612594327629
1.0003353277897429
0.5209321036559749
0.39770170426476387
0.8764269471471248
0.8422342064288733
1.2384183230443169
0.5911754403397104
1.197095138391107
0.7743218824643063
0.337126513983105
1.0623303135681874
0.9661236727886238
0.801969796887584
1.1354228041409171
1.1155021077726808
1.2979212975722842
0.886718978261306
0.564294599238873
0.38497071682202866
0.9418700673014788
0.9505381313931084
0.7051355961635855
0.8157793305678926
0.4253183687332317
0.7916782416589342
1.2767760131463124
0.5317497780355303
0.3484438779859271
0.3900477642385949
0.5416335977086733
0.6290616666379855
0.8370861704918519
0.9159922657975248
0.7443977396496064
0.509688908793352
0.8860498303918549
0.3586770502915046
0.6816012568285793
0.39242918663669213
0.7828528171250996
0.7977652778138925
0.8538006185210432
0.7536132495083578
1.033973901963274
0.7005307944537839
0.7349206674562554
1.3201927747904099
1.3122887297557653
0.6697239520059294
1.2420164635786322
0.787848228732304
0.5147504062121551
1.0521862461259524
0.9051720048096717
0.7336943487126155
0.3864828633050564
1.2890553045441675
0.5771423475388541
1.0157974458824053
1.2147994410865843
0.3444116682149274
0.46776012572848397
1.2507438368216117
1.220141829681982
0.3805201014722573
1.135834543496457
0.431708198021482
0.3455334728570599
0.7511275733729615
0.34277708456959355
0.7369906182825537
0.36539479401109926
0.9529477976745225
1.0242974358142376
0.860068669893528
0.39763881072713164
0.826104537970352
0.5097322413753076
0.743451299333722
0.7281406383087418
1.036624123584069
0.6933627557195321
0.7004651719079511
0.6631283365255576
1.1197226765088213
1.0584105652435531
0.3958722708455927
0.960883008119873
1.1240167039683948
1.2911892228393687
1.1057609762248388
0.464735654647798
0.4823860166564153
1.1602674208562236
0.47177120831803027
1.0852392378595217
1.2390309006683626
1.1843366695061202
1.3057679132573363
0.768599861993089
1.1546385579089158
1.315997549980616
0.663676978320292
0.4081321751844974
0.7414633639943542
0.9012591890176371
0.5775830467814873
1.2096298470340103
1.2898739167384765
1.1878713379995598
0.5402921611498369
0.34444064092475407
0.6636349054960778
1.020578887457925
0.5452244164398766
1.1277266576510536
0.45174554266789024
0.9895999133876332
0.9254569263632253
0.5446788861316215
0.484225384080251
0.8701491476003799
1.2892639292410442
0.4083898317290813
1.2714593257970226
1.0982610805571646
0.8034051672185704
1.255339729116547
0.3671742416806367
1.2935478907941296
0.9252018002698545
0.9092882591494812
0.8180633600861141
0.8845933569372567
1.273964930513777
0.8644574321114781
0.9505895994069207
0.4589008828574225
0.7848033098965731
1.0505843936234984
0.4553366062207339
0.36409433118392986
0.86874141048922
0.554407642235267
0.9471677434061802
0.5781696264134855
0.3642605730366817
0.6708615735686064
0.5522056694301217
0.8800465705624413
1.2012914737775764
0.6077520114946618
0.8241739756302686
0.733818713610182
0.8282790487032977
0.7439719332478923
0.8074170721083642
1.0381448678213627
0.4135529137572901
1.008057452534124
0.7488030985274704
0.6335904084483819
0.6663342091663409
0.5132814063170664
0.38818664183296203
0.7513159826271822
0.46440247510176064
1.292428867837169
0.6444960792029334
1.159280607871479
0.7451437373952611
0.37973710872435723
0.380960340495911
1.1356623022515588
0.8982095338972643
0.7201476871007414
0.49890978970613414
0.48633889358921656
0.8816845737038989
0.8811675744355599
0.4444541824252304
1.1635997280793535
0.34064535415443326
0.9532687096101673
1.2424659924219428
0.44888981363901603
1.104210385384557
1.0341018894434468
0.4747058264348349
0.7629938639500858
0.763131983336392
0.6263909594795081
0.7332824536217977
0.7350348594875387
0.461543051886515
0.37919981854873747
0.6993698875718956
1.081347571054112
0.9251663005442942
1.20802891838246
0.46053694495487507
1.0044421795306573
1.206828795229328
0.8298785050734597
0.4354014210047937
0.45949555700344197
0.9015493873826697
0.3995709248373365
1.2525500807306411
0.7433146986778025
0.7048481151501851
0.49533950567613316
0.43719627036484754
0.9012692310898104
0.843615901806687
0.5615987916947365
0.3769713318764459
0.33990553843225346
0.6251785251585955
1.1388230241501354
0.8226849351276321
1.3013250966570487
0.3367285204955393
0.6288785776201643
0.9273696643589098
1.027351739173751
0.8578487945377267
0.9399550418798142
1.1693799324952938
0.613442666139867
1.1471124432373903
0.3593764964410956
0.45246726906038076
0.9164426303753568
1.067522621886579
1.1734834398264586
0.9407250281928938
0.34984360293772965
1.2573483042922489
1.0114514777773849
1.138998838145154
0.6104145977749225
0.8059373427955897
1.2804475502270283
0.5274861186031671
1.0081409986540752
0.6495511265509257
0.7791357835226158
1.1814248425487548
1.3284123344961067
1.1924563606521719
0.6777914812821023
0.8452759174995165
0.55423020832608
0.5422170119055869
0.6444854151378961
0.6640841547062275
0.37700217112851847
0.3542161514553986
0.40551274245785607
0.4856608787402946
1.2287413519484915
0.7983166493402297
0.4472089868801025
0.8616363859562701
0.5842533916978668
0.7363243775921559
0.5447451723793373
0.8693363164029091
0.739866592090928
1.0015661867891852
1.2829731606334023
0.565820876841975
0.4359333505202573
0.7844914388812368
0.434765618875424
0.4386395167507865
0.34632332442768443
0.7838073930808427
0.7019273850586184
0.7508440546867906
0.8716564899563701
0.9214394654653295
0.9037931162079182
0.7859998677384792
0.9285293632821415
1.1729394716661437
1.0218293716763558
0.547857466312477
0.6906804377015904
0.9120278430871396
0.9359596575471217
0.6507561601904704
0.5705824741944738
0.9984429632746257
0.8630907122529343
1.102346125857565
1.100242640261125
0.8783304156108034
0.8861536760598241
0.3682875734284631
0.6693105327455788
1.0474424287619681
0.7802748540320851
0.808700562832444
1.2701828437430918
0.7512721548076816
0.7970375670323718
1.0128512590534893
0.7250251470311566
1.303961872470148
0.5717260057832283
0.38061858181206254
0.80840175933469
1.2748070310551458
0.8703845039302277
0.9525778069029984
0.5233566691501528
0.7194059409391647
0.8885565923097332
0.5739255472253889
0.6152699815075122
0.4682520183877455
1.2478302454427133
1.213987149996639
0.6253551385795874
1.3119538123326795
0.7127544188920988
0.4618535425932587
0.5274483339605842
0.6064382309257258
0.8281494037674231
1.1453072573712098
0.43840513171866996
0.454758615407157
0.9256470953998438
1.2303029202315912
1.1474982981254234
0.760682385014149
0.39055233328404565
1.277759398584322
0.8785012713275813
0.5142414946746727
0.8545352001411406
1.1622097898921755
0.9163254481289692
0.3619600921651258
1.2034563399105747
0.727386401009203
1.1349031366143623
0.9751501279102431
0.7759001963999785
0.49421394469862817
1.252797526113191
1.1702692980045368
1.2526626682947901
0.49607358509738686
0.5860080430546659
0.5421194191581582
0.6200570368443112
0.6260113581022264
1.0286282338131907
1.1586808130585395
1.265446558074738
1.0363586039363146
1.2286175746581476
0.7886137147946758
0.5652505728327942
0.490863307126057
0.5301204139947971
1.2382645357350082
0.5702304427029589
0.7069247157352987
0.3696960102503069
0.9576189812680022
0.8538692015846768
0.9883406799162955
1.105064214679833
1.198988599739151
1.043369086028235
1.2554770664841508
1.128830704780609
0.40707689370521
0.6684029536263278
0.35086375628654726
1.1669189534439008
1.1054561623045631
0.9841123848652814
0.5234071809934309
0.3681639310169796
0.587922680892907
1.0360142283664207
0.5121281975526547
1.2301810028006657
0.5948522068376694
0.8435301198733732
0.8432350132487784
0.7610412401037514
1.0136673586317078
1.037305137797068
0.9644951177823312
0.6296411503707725
0.730477919395954
0.4327520186379715
0.7486059864648033
0.928319265494892
1.2752431740967352
1.1466222385331277
1.1196904421272347
0.4893832907990684
0.3354150298977561
0.9850755975801907
0.6445986482400599
1.0840157680916351
1.1990762626174383
0.7013323787263984
1.036605816351992
0.9203533901925091
0.6143800168226626
1.090155659332057
0.8302499784282252
0.6934542336801017
1.1550081948358915
1.2424504776152117
0.5791824232044326
0.5560813001010658
0.41680689722754327
0.7442305068239186
0.7092201091606192
1.2362795148612487
1.276690066820419
0.506991583463477
0.4297523938599463
0.3667503481241646
0.5676861742014145
0.5832536687855053
0.48685046170308305
1.0554553565129132
0.795666422787516
0.9115393616263705
0.7961837252548575
1.2960982948197863
0.4878294328792038
0.7283290869821638
0.3490609293958593
1.3015279750871391
0.9658582352387586
1.3002775418130836
1.0917763581312934
0.3344413305149664
1.0633172578072365
1.0826654508222862
1.3193863394567327
0.9481210085089555
0.7158035079211504
1.1145453410113972
0.9551772575934366
0.5050519904493644
1.0304660054534476
1.2700123249915822
0.8745239552274049
1.1810216208771043
0.67126972390606
0.9046330815511507
0.5685304467332739
0.4213461695952724
0.5159046502910215
0.7259733366354458
0.7457254693703714
0.36437577878626054
1.2517552465110917
1.2311288048871583
0.6570548157861735
0.8118309905635435
0.9071435983194093
0.8996165254810763
1.3103884908141818
1.2438880481853447
1.110771948396346
1.0163935249988691
0.841909198824751
0.4377342205755185
1.0526431740165862
0.7550021836406756
0.8531778156855121
1.2713707937184076
0.9689570688124554
1.0727813579180887
0.9827083146986485
1.2815520453882008
0.5119122694340089
0.8856374953247311
1.108109111948467
1.2793035960758878
0.7958593061321617
0.5511508307254124
0.4161628516908057
0.9339865232811589
0.8410010213879527
0.38582023534026105
0.9824174690739259
0.6443278310173953
0.3915530548563576
1.3218509970016716
0.6631383120113397
1.0017947688764357
0.6291876196509752
1.1981932127808914
0.6833882674845885
1.2162531976414201
0.38278616003819527
0.640670765938464
0.8879273948043769
