96050487e-324
5e-324
5e-324
33128923823139325e-224
15386271664483678e-104
3760511281592223e-54
0.37745997626011313
0.4026063230161801
0.3750852922466841
0.2533922027774303
1936023778725667e-158
15e-324
1263558149043747e-322
4236502660870821e-203
12075100322059827e-64
0.4850662292045028
0.7156973587124765
0.6966709312127638
0.5483576772535067
0.8747183818901022
1.6744202395009924
2.25668219676693
3.0562256544906243
3.7694535549365877
3.474280856646881
3.525532348179992
4.063430984975984
3.914823663939136
3.5359577545131153
3.57942318061577
3.8258634907020226
4.002462178097149
4.381219873327336
4.571189063185923
4.627688649227645
4.315220739889933
4.0522170464634195
4.182011434786373
4.170790217292579
4.310307392010823
4.2123677191916356
4.145491664781739
4.156639721034511
4.236248443002978
4.160050128671286
4.05979252102648
4.270330669974174
3.97886388219861
4.171954565469968
3.370496555526537
1.0801621561142922
0.662354914011393
0.9490765321939139
0.7972120568579698
0.6407997378754978
0.45641518123538416
0.26805764048743774
1441102742242884e-146
5481609318451085e-169
892940796035034e-210
6152989240190196e-166
25e-324
2e-323
30025595863366186e-275
5e-324
19529338487885286e-313
1e-323
1e-323
52200454035462285e-242
30207937195102644e-166
19186155463551633e-217
5862364137323669e-200
10879733374014616e-195
47102789773964044e-238
6124904502126956e-125
6869386387505701e-135
3580271141133837e-35
0.11855364273977485
1699112841494165e-22
3130290569780359e-66
0.03146783947929587
0.035049303041855794
25299537325043004e-29
2140834183333832e-37
8259364070253448e-53
32014173949303485e-22
20560875703359787e-55
0.00010669435106777995
6197314938163836e-24
5517046956426336e-36
11353022028938855e-31
0.029678374146980775
0.06215173478704235
0.066150058025232
0.13343546006217372
0.17392319389062555
0.26357148181207307
0.43034790898529646
0.3524403173468471
0.4099356014477568
0.4658549581312006
0.4873484658108864
0.5706527236465464
0.6472126546693266
0.6763655974090507
0.6970077077072381
0.7062361236338243
0.7336241216516637
0.7718554482642643
0.7663772970208111
0.7088993316165452
0.731759851573541
0.6624995203598878
0.6045187383375478
0.6132458170757465
0.63153633764563
0.6227756847964971
0.6066281845635693
0.49914374833273556
0.5093400612278831
0.4998709510497488
0.4970681813420665
0.4210136865910269
0.3171924052598635
0.3046906599395723
0.2888831933085375
0.19352338884620446
2776246914381974e-20
0.036567973220214905
0.03677240649191187
0.03858201015879703
0.040043389939380766
0.039000100151860825
0.03647731524083672
0.033925336890730684
0.034121605092578805
0.03504217452745526
0.03478543007016435
0.036330829096945134
0.04031744060084964
0.04141897405785454
0.04008390618403345
0.04407364633689704
0.04473272312457939
0.0395430706417463
0.03626460028093108
0.0381133043649721
0.0342065513683965
0.029783826763589698
0.027608700079756868
0.02694933006793792
0.03013566213219924
0.029613781607037436
0.028892190190012632
0.029633216889456672
0.03048116844809425
0.027233618081898257
0.02609471901135871
0.028398763599825856
0.024413745520806114
0.016762110322573912
0.01083283204336656
0.011251571700602259
0.009520667103781256
0.002329808400764463
8045879215174792e-116
7000957255352815e-28
17523658399100175e-42
8818295844348984e-23
9461611896015014e-28
7424222747668544e-29
6556963580569561e-35
963830910711556e-21
0.001719673899471783
0.004439631980695694
0.004809644071628802
0.0019556512486853567
16716599542603662e-23
4957526641950729e-20
29289176237069606e-21
0.0008931842278530188
0.0015647346239676234
0.0019318155684698553
0.0030457690531239595
0.013287910878339146
0.013267724797540873
0.012647052600398188
0.01162899365928548
0.012461824239254944
0.01084803476821473
0.005150836544249492
0.00933861164972007
14.235575580607088
12.704608053954322
12.514185949039842
10.182807565003326
37648758666599756e-107
5e-324
1e-323
2190977994653861e-132
5053010115294157e-73
16857490268987019e-78
4.83228684885261
5.447671202861112
3.1204272250713063
1.8152726046605832
8.95544026688262
2.262120583748352
1.0977705905679196
3.041241888178874
2.585911285273163
3.5464480806621475
4.452892174579023
5.214086196130214
3.5130197780250754
7513748994797338e-71
7.6927223759477465
6.933676154168449
6355255558511818e-118
27582994701933033e-39
9.781047886257381
8.02521586819001
44380018152337317e-60
23086910136278144e-35
12877636051046615e-27
5814421689342225e-38
27528641310672588e-89
69052437677931216e-118
4300466597080017e-245
2062285696569532e-257
7132066973398795e-189
1952020466019978e-166
10084482323561575e-148
6158688217080876e-144
24667271325299e-181
2913789680447739e-154
23562411514925852e-102
4286318494212557e-54
14778933191271615e-47
15992056337635516e-49
5613836012363859e-31
3.7056751038635896
7.366581921144256
6.798995205413771
7.439288953381785
11.740905808322607
18.180692217947193
16.993751232177427
13.249071977801199
18.478835922929637
24.088640367642967
32.40028373633625
26.341242323890288
23.298729046568806
31.45541216907149
32.23669362335145
1.5941533562604344
8.871339124628385
42.51742868589169
48.940617580380376
49.316313740606645
26.150395832871478
6.483289173947756
2167942334853381e-23
4043994982299025e-27
3941206332427591e-31
23.885799934697406
30690623276677834e-33
3397615744461928e-36
47.00427667750312
52.556292675765285
56.26045138431594
47.04071689323867
42.72579015117774
29.017954440871186
27.77358397072584
27.929548674170146
31.007916833760664
35.29688199544368
39.110742799742226
43.62516809390379
46.09424211309736
45.572287334397785
51.7577767113583
56.03845843691282
41.5657785624398
56.53741214362251
57.70772599991812
59.710053880503104
67.90247167875842
51.513695409586575
49.725623698656825
36.56123196483341
23.692727668822407
22.218697035989365
22.596896820854393
29.6675144393356
34.32256973167419
32.936812481194764
37.567001548491724
42.91902921549001
40.41901104161726
0.00016725921693755338
29.1312628884714
31.232940600065184
26.337136065839154
28.765208345250603
34.79226554211193
35.53469832263861
29.453726032771346
5971342487814684e-47
3032983982056136e-85
6873918534980203e-38
3271976537794311e-47
19259875834681275e-134
725377784963604e-80
27756407208107203e-65
12824610502071665e-31
7975561077776445e-57
8542157634318626e-45
4133730206976835e-191
800799224272249e-197
9612643587709379e-263
20769137835640726e-94
5564960425914633e-75
0.07620983354324345
0.9103802804604624
1.248927198081184
1.2241918344497902
1.1074639186651998
0.6493672967888637
1.1368633077449877
1.2249007662276628
0.46267273311082907
1.065481252366081
1.4380840102627321
1.4643245766832074
1.5341739321319083
1.9301616517539797
2.0059151551154986
1.9302035452345225
1.6210827502518705
1.4689491719279655
1.5417530147641214
1.1320958231697427
0.8777558981256006
0.8271725893910513
0.7360471510839872
0.6180517452945077
0.8030312079235484
0.394570650612288
0.20490065910097982
0.13188632791922947
0.13428640410528175
0.41053837623399003
0.3908290175003671
0.1740055360743726
0.06860590047098403
0.19358543749153612
0.17854149208573464
0.0026512065801554126
52945403051332246e-31
17886627150801944e-35
3270730311189787e-21
5238976012535299e-23
0.044750684339098706
0.8237474586956078
0.24180508205665974
23600726758219025e-62
29633317647631e-111
1010853565825285e-94
738004214340422e-36
0.17557657915005553
0.19505035044770289
0.48839998022994613
0.9104860863213848
1.7079250291850598
2.303116306728396
2.204191187612634
2.2165991159468703
2.1475848785211427
1.9363824594055057
1.8640816513701763
1.896934316755273
15e-324
4676606062284014e-281
5e-324
3751416348150965e-78
4819314687192565e-20
356700119014827e-47
8657227492689827e-27
4848133084264925e-84
0.05277445899859437
0.09040594212492802
0.09957723791249329
0.2580543779264553
0.34181908326774385
0.2245325921271573
0.3462382180341376
0.6732625690688712
0.7320549810843024
0.7350239605476065
0.8505072034724395
0.8464758026834681
0.8602231448783274
0.8950917752893494
0.9081064454337018
0.8710612347076306
0.9752222762743977
1.0522539421224275
1.0558635317548075
0.9013944003423926
0.8804498343410717
0.9305588837383588
0.9523557193419129
0.9894045708998263
0.7572590983371679
0.23297694231207888
0.8194269063215527
0.8922854045983
0.8929705091105755
0.9254840027123059
0.9087004929946549
0.8181173498043877
0.8405713445877862
0.8365862166336233
0.8566079029560137
0.8757500460412083
0.8380137337080867
0.8373951221575647
0.9149143181575561
0.85280092744701
0.7987206273242596
0.7800669541865832
0.7417851272701383
0.7147180206925485
0.6939771359745744
0.694404423349862
0.7742819198426063
0.8229525276511556
0.9163137712356114
0.8793146736323484
0.9389977768812529
0.9650644891428869
0.8036774118702896
0.5475209539079003
0.5149373853842318
0.6212760216500793
0.22501022896914014
0.25706894856939666
0.3619638701982187
0.378663780462588
0.4112946310779857
0.3966126753390293
0.35331031628108023
0.30934188783910865
0.28630896346687507
0.2717171044430204
0.27834764911432297
0.1998575297188491
0.2168693234214063
0.3397988839575969
0.37561211255397364
0.38795186066113135
0.37782252014428563
0.384049590740822
0.37215407644141496
0.36644416284933123
0.35622897743168647
0.3598696228068243
0.37782948066584876
0.37890942569310265
0.374159818359404
0.3753055464048063
0.3752691875142413
0.4103358577074962
0.37442184551529545
0.324215548217223
0.337392552125048
0.325801838405637
0.31179440043295636
0.31447654116289475
0.29986482106438844
0.2835645399421806
0.25288413707104457
0.2339487630554708
0.2103892424446754
0.19924105730991154
0.19682094508000833
0.1843400879069814
0.18699840553628708
0.17795857793595957
0.17134411256088447
0.1633684682396218
0.06729160205704689
0.11196663452503547
0.12299117185630529
0.11757760970764312
0.169840052992347
0.1980960049153735
0.20927268750310515
0.18279934960689848
0.12268195371226275
0.07651385310795844
0.0727600404946792
9311983487020174e-49
2359084812143879e-21
0.02325045127348811
0.09751171730030449
0.08597738387434646
0.03245553083120763
0.052533947654745526
1.3163705902818026
1.1167071588992845
25988244622512166e-27
14867466080522365e-112
8958547420509627e-40
1.0686212661486982
1.9186800911464896
2.3229030901768564
2.477495638546916
2.687735490168066
2.299662314609939
3.180124924163281
3.071304248934468
1.2298103400691833
0.8797669966735839
0.6741810573435931
0.8863401090023271
1.0317939399977794
1.419573740319159
1.38711918672273
1.4050143983590717
1.4228622940864322
1.3010071245056067
1.180795186374667
1.1015698759901
1.043359485358016
1.161015827411616
0.974549867207912
0.8232137493245464
1.1788416286243788
0.8078648599633756
0.9284698865014603
0.9971080352652371
0.6899063192324796
1.2972704099970123
1.4348958335113853
1.884104725536524
2.2548483750220876
2.3139742274614057
2.243269926595539
1.9839934274109943
2.0181498296197513
2.0549223253306974
1.8292052407867996
1.6841680636763448
1.7807181159182266
3.1491984963459596
2.1049764647572435
1.9724825149481382
2.160863572355412
1.7472939252319775
1.3055513687459017
1.1655082180539944
1.218878303253122
2.1033963323657625
2.2521078011201316
2.159694721217874
2.27832719989484
2.387445787522939
2.2445654707167435
1.8890610279003612
2.450352143925976
3.2373620828603134
2.8625985026938263
34652238392022122e-209
7058814957935206e-20
16361944140358397e-70
5639494676520672e-168
0.10016955883464335
0.08442144673514052
0.07217603962923591
0.13718070201333332
0.08440039750897604
0.08827362112398798
0.12335382544208469
0.2826055745951289
0.2734314598861421
107209657431129e-27
3489371551539017e-124
30466773195527806e-134
6756913142084829e-59
27509704242694586e-48
0.13939404411589248
0.14905219545924198
0.09297197109803088
0.12140489867401737
0.2555264467452594
0.23445243979431205
5650235274560304e-31
12855083391297895e-27
0.1321431362775154
0.19925319171892336
24009128352705743e-23
2010496172108486e-37
11721020610860132e-60
6019654811356722e-66
4194593113538807e-52
17225115770776263e-31
7265426893501717e-44
6853164003790644e-56
5836899279662831e-31
0.14136812889031708
0.1099461652735122
0.1011567347793508
0.14490292728237253
0.2581875776231641
0.3156881995762358
0.41972653815962657
0.4787861417877799
0.6071264445840817
0.8552576564297835
0.894183244929908
1.1944015982275522
1.3660170132733032
1.3178247443781008
1.277178955418153
1.2520422720724822
1.2828733938201253
1.4523715269137352
1.4478203291904665
1.496845385095435
1.5520095994375946
1.4644099391481555
1.4739357566319538
1.5239232803853653
1.6460944865274485
1.6354038285561585
1.7892448335283058
27380.876225294734
31745.559286614618
28192.25012412269
33691.168045556944
40905.101037869295
50553.28912773055
60611.611581682686
61973.62375598236
62314.816145385994
67753.23402062136
70068.15804348966
57519.54533244237
55548.18835775248
66292.24675188893
59076.35325185471
60341.7364322603
71272.15566340087
71400.76465781596
56331.87544886709
62406.76860249842
67677.18401986362
71990.5928869993
71720.94399292169
69155.84467294163
74208.21655720017
76451.3979284068
77025.98102126094
75488.34906901926
81309.70349322447
82249.96117366987
76662.62613022917
70391.96130963457
72528.11322550169
77922.42428300832
70534.67076161833
69649.59193862604
67623.18367101628
62296.72119383366
57650.875108767366
58073.63826038524
65220.19763565705
62886.60394197473
59092.55570494165
52860.76113979713
50309.19513899124
47599.1280443955
39521.53778023286
39093.074838731765
42881.57563522936
45582.06491325933
46028.618366485935
44097.28428660137
42256.01860686509
41699.952556873
33876.896597230625
29884.12841662151
35.84913185285224
1879718127543072e-69
7107656961094739e-49
6421236829696515e-79
1905974798861456e-146
3708442232315448e-63
11442.484475455294
34762391477715133e-31
176.4049395181606
2762153714996774e-84
2907.6977919301344
188996.61927201058
7369333588520068e-39
0.020972591214371922
73263258131499294e-25
0.12729844413794109
11471995750488358e-74
9958444382326166e-75
4197561591988447e-49
396769463399595e-60
3171147844159172e-125
8591825529307478e-21
4747853412032301e-151
9827726226896914e-166
9577076930349656e-25
4959664802231837e-67
7585257490185896e-38
59197428866106565e-56
19780404511252765e-76
3993734755855331
2146968043491998e-26
1256133332300565e-36
2523640303425854e-21
0.017213190168460568
7740911582028193e-40
95.82687914509476
0.4999145368688195
1525.3981655482437
9360315711528153e-27
0.0073375126387460075
6.765544609090513
1.6438278688482917
18312381885618844e-41
4032470137525513e-33
15490790883800126e-41
1515.2721518417773
14297066431585192e-21
4.286035600766249
391.6215620382172
22468100202222094e-27
42578121272948016e-35
4.269658690255873
1355999289714911e-25
23.433548664436838
16.195078985758997
0.024672014969716664
10796093622153584e-33
19463873930904966e-22
751114415177655e-21
55.41169969418535
0.13875183169775718
1.1632267807862904
7954271093325433e-37
36.741202597123774
46018816352169634e-120
338216.0062986788
3915089245852626e-20
4254461764015097e-32
11106224693192645e-73
2003995501364401e-48
0.0004571953643852213
0.0010452016027717702
221038.9762840252
25820536928043156e-24
3.684821184659788
57.45677065573232
4241340366579013e-271
85.3225080951279
7562685825686133e-271
17660007144326526e-162
0.00961152489856894
1445.9848707864016
3658211397825883e-58
1.8994728854391696
17526255487418722e-99
7292745276548912e-38
8462252519370781e-20
21406096681103346e-39
2270035403736113e-69
6304920948089.657
29154550234474358e-24
14096246262567924e-45
49754212638218114e-40
705.6512400299899
49567378846294516e-64
34502220232809615e-54
0.0002828440469322123
0.0008432295044030969
1996863330614473e-20
13042501837763773e-260
4948053513041363e-213
13354521040690002e-47
0.10072632759241935
11570379649436253e-288
31.032331852701276
5335214939899469e-22
7838765367705274e-24
6133485834649533e-24
0.08391506818916317
8825717742414785e-30
7269526048653186e-49
5407503559981063e-24
150734.60835113266
134.92930706940078
25672451754500342e-64
4348399179717139e-58
0.4929460977623727
55685669679546904
13686921825651183e-118
2.827249356702781
140051192945764e-34
1783251827822029e-22
252538521017.98105
0.0486795495430618
24476288158254913e-23
4.445423409517747
0.3128515484183738
32834402231339636e-102
2171057434145378e-61
9909742866945666e-54
23706060602760406e-83
9441915698737673e-32
5966894847785758e-28
33757192139667172
0.0005507995119532075
44393548483482374e-36
9564044068736158e-62
69.86281828057265
0.013079346294339907
4401608471834828e-45
6055896349248895e-31
61418183721691225e-56
49340.73414086124
6982497181784322
27233796229391765e-106
1590598236320789e-21
0.00022635065458627784
20189835150724616e-22
9618955164431835e-32
700756926.6766694
32131265885658207e-112
8039325521083585e-138
29016159998912807e-73
1108930992266282e-24
28943935755262134e-67
18820238002147841e-22
1355032849227975e-177
2672337536779372e-146
752646625381378e-165
6745082224197721e-92
16310016055802194e-243
13828623431714457e-26
15494632088580523e-45
21897178498776473e-101
49934375.93969773
29688541382646158e-69
3148270347508414e-34
25998284099328073e-24
1.8055357933315574
2534192867989277e-42
2447.8069562114506
4225002236355338e-102
17157185493647995e-38
0.00471226654690791
21170925525326014e-42
6695790988607053e-28
8315378318839786e-21
2775173768894015e-64
25557611706356332e-40
0.013847054766060128
0.00024296671390331928
7.645034808436914
720934966237825e-90
31010308071048516e-83
19.849547551404783
2.2220903167460966
0.09748371892278081
123.96036279742812
6873114800787434e-33
2466996301441984e-33
61.23295076371491
3.31145138593529
36518605424271376e-21
0.0006923732160944833
4251229.753682314
9704280984966082e-48
71801762208153575e-66
4747993792696482e-42
0.005072407108388294
5001517656947168e-62
29.013105913281137
4956584048877938e-33
19529322747409607e-302
0.022401551834245456
1786971110471925e-55
0.003777211208375298
60683729335488205e-109
2951547752211870.5
114016189212068e-26
39459695337325e-21
3797102646350715e-124
7833012128865167e-39
1104250032084568e-20
10325138145095948e-30
8332859194892236e-29
0.015022121169907825
5397721971211948e-55
