19707.77333313064
9084.072499811813
9067.522622983652
9081.315284654043
9039.028105374297
8757.972869324234
8706.197991491234
8499.36129619702
8122.111733326628
8038.630255390675
7797.361272485337
7372.310607957658
7289.352988018463
7164.830801466604
7056.331371316735
6877.4576881743415
6840.622243452029
6725.115998329611
6497.232624151818
6286.168440014295
6138.68219908908
6027.122800949091
5999.661802096147
5954.545130795709
5878.761568776407
5884.178170337176
5740.02200614075
5554.4491169335215
5538.485500297287
5478.941593658129
5483.962493536167
5405.839483614904
5201.924341859872
5193.200897538374
5182.82536897111
5128.664166355865
5056.308828125896
5045.234539827786
5003.069347531453
4932.696004086178
4914.706226810267
4848.706516435204
4785.689011799152
4768.040668125475
4755.509320140113
4755.012643631791
4740.429778326248
4709.771059381593
4684.892358195345
4649.092669311513
4598.300826808585
4556.3060350538835
4538.408258881048
4536.017275289223
4517.40830135169
4486.363740317729
4473.052777927415
4450.040569475911
4416.162187815857
4382.3078447289345
4383.743849608334
4381.4219701634565
4385.495283809331
4384.2488314272805
4335.365184178456
4307.590508969404
4294.86321497584
4287.795353425654
4281.993628459061
4281.2338330156535
4272.5751885731215
4264.822822948608
4262.238377844228
4258.938887855723
4255.769495203708
4251.654803116133
4249.09699609302
4244.6953081292295
4231.201338031979
4223.410930743673
4214.424648010197
4207.611381933677
4203.683198815721
4199.003720855297
4195.329943311379
4191.04652835931
4188.039183557853
4184.863250663135
4180.321083388125
4177.330924700849
4175.174274035982
4171.854493862278
4168.175118302985
4165.79666531345
4159.719484335243
4146.683022498847
4141.641339292376
4137.671711534271
4135.153030611809
4132.724627147226
4123.666534412045
4121.24822028382
4119.478739802422
4116.858777965684
4115.7315760547235
4114.434744635899
4112.056369509891
4108.515891785038
4106.994064212924
4107.137668677416
4102.993699290346
4098.464292303644
4098.517374175433
4097.286580224335
4096.45545642809
4093.8265620219713
4088.9144961105203
4088.7175792759967
4087.589384128654
4087.544614019142
4085.651378597606
4081.6780253444213
4079.75484952931
4078.523062621657
4078.0711902330295
4077.3448204615484
4076.277975413655
4074.8813899563393
4073.8685619768166
4071.573407063122
4066.30898726196
4063.5491269321888
4062.506710634233
4061.905679961316
4056.760147210595
4044.891923857366
4034.4546948220495
4029.1777878939747
4025.211215132238
4025.216636887958
4023.764735107869
4016.6503953967404
4013.221541496658
4011.190277356681
4007.9354409833604
4005.7200701049287
4001.6845902804594
3999.9950787025964
3998.9571367396657
3995.119263877755
3992.6924126649988
3992.3126212568236
3992.3352707233494
3988.435553839365
3981.684061374645
3978.4584568139485
3977.065425766524
3972.4764998805304
3968.9300383986983
3966.165216374057
3964.5391986014124
3962.0561459677106
3960.238496549781
3958.2742910443753
3956.047854850449
3954.3733473439856
3952.0127814442108
3949.4414001603245
3949.36628318407
3947.727089684689
3944.9319528728915
3944.403957980586
3942.8746629683915
3939.9409102821137
3940.9628906308685
3938.9922108448254
3937.8262641014285
3932.97615267784
3932.781691022521
3930.2236442330827
3918.913577825332
3919.1111486687532
3918.1682283735286
3916.156807339345
3916.747862803685
3917.350239436702
3912.069448663196
3906.1831925515244
3905.179405539611
3904.5206892020283
3903.3013196366364
3901.717204622029
3901.565510482412
3901.0353180964808
3901.0257487215167
3900.189210322388
3898.6875510033983
3898.655106563114
3898.4363232574215
3898.0406924961494
3897.4044572277726
3896.828731837822
3896.5480480672622
3896.4692655094077
3896.512892835789
3895.9159756356075
3896.0926276207197
3894.9787385709096
3892.4133445916505
3892.265640603131
3891.876864596186
3889.6487633288693
3886.3401325862897
3885.2692264399143
3884.1279151645745
3884.3958479845182
3884.2340726592956
3883.027278247414
3881.704426920412
3879.788194133638
3878.4773582412504
3878.5016696789007
3878.312563438327
3878.3468811886555
3877.4095730160266
3875.8526818363425
3875.4939964192786
3875.093653463222
3874.9784214168017
3874.941449257366
3874.8079762888806
3874.783360842807
3874.7885280140367
3874.7826333169965
3874.579591971687
3873.6581939523594
3873.540268707068
3871.6505140055906
3871.0321671985457
3871.5332104501217
3870.2401249571312
3869.205555122687
3867.238797215019
3865.7130138910816
3865.182677775075
3864.96442377373
3864.4717848735813
3864.165595180281
3863.7002473978364
3863.3773418776227
3863.4115186348554
3863.355181487928
3862.140124270045
3860.826284773381
3860.272902070946
3859.8419362907202
3859.8736331917275
3859.602410250992
3859.2093080354116
3858.9477874773174
3858.4297872480274
3857.9308278899102
3857.4311560411206
3857.0114837284827
3856.931625206483
3856.924118657423
3856.872439385182
3856.6623317925096
3856.3499971840592
3856.2377397667506
3856.1202116111867
3855.750823339933
3855.694383782076
3855.3055774863633
3854.6260411443845
3854.409969628352
3854.4232082162384
3854.372260422341
3854.22725490934
3854.1708184067516
3854.1493141348437
3854.070393864665
3853.8929189437163
3853.5613704751754
3853.1441015932332
3853.2158477455514
3852.9172717291017
3851.778529489889
3850.7391838419826
3850.626719820955
3849.4776731417874
3847.308197294008
3846.5580446558324
3845.9653556035446
3844.707042544837
3843.07300271637
3841.321536324575
3838.79840514237
3838.3465742713606
3837.6558878875985
3835.816759934134
3835.4937533305197
3835.687616051875
3835.694693148087
3834.5795917127357
3832.6139300296168
3831.5513558789007
3831.398150404634
3831.4491787245083
3831.0821884236857
3830.960783339046
3830.872936089435
3830.63704198454
3830.493774683239
3830.3941295333516
3830.1891485107417
3830.011436799578
3829.842126597275
3829.890906502361
3829.977127127819
3829.508732668023
3829.1364005841265
3829.128945264659
3828.6968508439722
3828.4716208991686
3828.4085682252253
3827.8438922080027
3827.6839813006054
3827.5949171905586
3827.1517938570228
3827.071126907372
3827.012766646912
3826.9313713146275
3826.8242719759537
3826.7762700361222
3826.720741649825
3826.684810915504
3826.526810849641
3826.2206284098484
3825.9846489100705
3825.784987461259
3825.697754820886
3825.4234090415544
3825.450320105241
3825.4112185247627
3824.406613019551
3824.4816620209917
3824.2459101213526
3823.343022215718
3823.4532472407295
3822.010920246866
3821.009649931569
3820.742896848764
3817.4584474073604
3819.0860127733654
3817.7373894930047
3819.247801186354
3819.569282493576
3820.173003567258
3820.08786285685
3821.3350925306763
3820.647998998911
3825.1132929644787
3824.4277559095226
3807.9121636500577
3805.1822892350688
3803.4448300178265
3802.642944506606
3802.5932451534636
3802.3824501067274
3801.4556386238155
3801.8282180666274
3801.0256388615335
3799.339897556618
3799.5022075416346
3799.6052966972597
3799.8507471479274
3799.764555935357
3799.678461822406
3799.4566746570154
3798.8734509958003
3798.7300140314933
3797.9047942970587
3797.553660714187
3797.188818674354
3796.9889652479646
3796.649325641975
3795.903455294404
3795.72613849045
3795.572680529379
3795.629334222915
3795.518024460339
3794.719984389786
3795.0524741263694
3795.1882460074576
3795.398663482458
3794.9644000333074
3795.031732674996
3794.785942412649
3794.485581781001
3794.0966399582476
3794.793602476298
3794.7888537485524
3795.951356646953
3796.1700626236297
3797.8372253947527
3797.783348337861
3800.0384338038925
3800.601605569161
3804.215383214508
3804.8003486351854
3810.5044172935086
3808.2148056544797
3817.276970657961
3816.8289328216047
3830.9688992244755
3830.5823361908115
3852.298726165364
3852.136795918435
3883.4252965147575
3883.4233824525445
3925.7574316742403
3925.8106548726532
3977.7046543563306
3977.8218379858154
4035.252752300535
4035.362345117293
4088.9628402398066
4089.118966436088
4133.005177142952
4133.113188777791
4159.918136882949
4160.097129862359
4173.984392876724
4174.077464231689
4173.6558574034925
4173.841526486291
4167.906286664478
4167.950277205528
4154.440315870701
4154.602071107626
4140.943682434111
4140.922793960009
4123.452305953774
4123.5821536909425
4108.0585285344105
4107.9828405802555
4090.289631793408
4090.391616188578
4075.207324774677
4075.0933109965263
4058.4845500492615
4058.5635502207706
4044.4637823606968
4044.3259775756824
4029.193725077874
4029.2535135228945
4016.4429516870528
4016.29259172381
4002.6922699946977
4002.7358201774423
3991.2176802490753
3991.0629876546527
3978.925356029999
3978.955175956611
3968.65720984617
3968.5039518982317
3957.7153826049553
3957.733681420638
3948.5572457425314
3948.4092811297237
3938.843785616009
3938.852537729904
3930.6927354387885
3930.5524837878947
3922.0851082771082
3922.0860713729776
3914.8403614476065
3914.7091854008654
3907.2217347520364
3907.2164534256394
3900.788359410974
3900.666865845565
3894.0502463121607
3894.040055898881
3888.340654560703
3888.228926406672
3882.3838986128003
3882.3699340673334
3877.318279651911
3877.2160505044826
3872.053195611393
3872.0364056785697
3867.5594220828057
3867.466205048424
3862.9054916651485
3862.8866568501658
3858.918759920515
3858.8339406812474
3854.8040935111726
3854.7838460340004
3851.266433571237
3851.1893360371737
3847.62711722077
3847.6059613287016
3844.4868470742936
3844.4167784551346
3841.2662453177195
3841.2445768375933
3838.4774119283047
3838.413692597451
3835.6254691655245
3835.6035935290793
3833.1473010020222
3833.0892833492135
3830.619867317712
3830.5980156464807
3828.416252748395
3828.3633321656957
3826.174449111915
3826.152792261632
3824.213448457381
3824.165068865043
3822.2230793277326
3822.2017398794114
3820.476474436126
3820.4321300765077
3818.707491135258
3818.6865534716153
3817.150373696721
3817.1096084806873
3815.576388902816
3815.555907565882
3814.186787083359
3814.1491923954386
3812.78463882561
3812.7646453627194
3811.5431807010027
3811.508392294023
3810.2925432321035
3810.2730517287937
3809.18215496226
3809.14984939899
3808.0651929971636
3808.0462045280124
3807.0708291899978
3807.04072012616
3806.0718919336896
3806.0533980812247
3805.1802956361043
3805.1521301281127
3804.2856467839183
3804.267632415903
3803.4851364367923
3803.4586914186934
3802.6827165793507
3802.6651619971717
3801.962997359627
3801.938076339656
3801.2422152425597
3801.2250978473608
3800.594212333746
3800.57064236215
3799.945761822703
3799.92905737319
3799.361473297084
3799.3391022129313
3798.7771730455056
3798.760856604363
3798.249540264876
3798.2282342167323
3797.722193439546
3797.7062400640216
3797.2449869860634
3797.2246282206975
3796.768258598345
3796.7526438486802
3796.3359779933544
3796.3164628911163
3795.904287718597
3795.8889880000183
3795.512073312356
3795.493310650892
3795.120501860494
3795.105494658194
3794.7640574795187
3794.745966903194
3794.4082648233425
3794.3935288474736
3794.083789871491
3794.066300547585
3793.7599438457905
3793.7454591094156
3793.4640737359664
3793.4471231768507
3793.1687876756514
3793.1545355208987
3792.8985415851425
3792.8820746134793
3792.6288198704533
3792.614782965571
3792.3815549033366
3792.365522752079
3792.134745390086
3792.1209076912523
3791.9081163859587
3791.8924759082142
3791.681868839425
3791.668215546976
3791.473793110639
3791.4585060903473
3791.2660228707264
3791.252540363634
3791.0746492618123
3791.059681813618
3790.883505473593
3790.8701812426934
3790.7071872201573
3790.6925092615347
3790.531025035378
3790.5178476138476
3790.3682959264584
3790.353880721754
3790.2056521767468
3790.192611065351
3790.055205632176
3790.0410293905925
3789.9047775108615
3789.891863110063
3789.765448193091
3789.751489717952
3789.6260745925356
3789.613278130748
3789.496822249288
3789.4830626336875
3789.367467374481
3789.354780844895
3789.247362634292
3789.2337849906776
3789.127101639585
3789.114517737338
3789.015313506112
3789.001902734607
3788.9033198731763
3788.890831936887
3788.799104723105
3788.785847305008
3788.694639177944
3788.6822411361886
3788.5973310677946
3788.584214884544
3788.499731827603
3788.4874181490754
3788.4087339520147
3788.395748129649
3788.317408150485
3788.305173796173
3788.232185310011
3788.2193200789206
3788.1466014381526
3788.134441822294
3788.066673390378
3788.0539199642435
3787.986354640567
3787.974265589621
3787.9112902298707
3787.8986406980544
3787.8358086263083
3787.8237863437785
3787.7652206063162
3787.752667838782
3787.6941918243024
3787.6822328601684
3787.6277322712895
3787.6152698372903
3787.560811062072
3787.548912282681
3787.4981673208745
3787.4857894140796
3787.4350434748762
3787.423202036025
3787.375934574315
3787.363635949944
3787.3163293426273
3787.304542666827
3787.2605028248213
3787.2482787401623
3787.2041657630057
3787.192431517893
3787.151394868649
3787.139241034613
3787.098101040449
3787.0864171188705
3787.0481822235183
3787.0360947577888
3786.9977297268993
3786.9860942304003
3786.950480449518
3786.938455839316
3786.9026882302473
3786.8910994514763
3786.857945011683
3786.845980076943
3786.8126509190074
3786.801107331273
3786.7702676042877
3786.758359467725
3786.727326680293
3786.7158269214356
3786.6871729123704
3786.675318970939
3786.646455872532
3786.6349987361264
3786.6084157369173
3786.5966136384177
3786.5698076286817
3786.558392053526
3786.5337784591457
3786.5220260796104
3786.497177475508
3786.485802537329
3786.4630687966333
3786.45136422199
3786.428385233885
3786.4170501367516
3786.396117833826
3786.384459341862
3786.363273168218
3786.3519772397517
3786.3327782808865
3786.321164327005
3786.3017043612117
3786.2904470450885
3786.2729229507677
3786.261352154205
3786.2435612924082
3786.2323421444876
3786.2164434303263
3786.2049145623655
3786.18874459431
3786.1775632793133
3786.1632489131352
3786.1517608874815
3786.137171974406
3786.1260282600088
3786.113265207594
3786.101817069207
3786.088777288082
3786.0776710461105
3786.066433864058
3786.0550247830465
3786.043509742352
3786.0324409436066
3786.02271144823
3786.011340711943
3786.001333221488
3785.9903019359763
3785.98206892016
3785.9707359272143
3785.9622257237834
3785.951232120066
3785.944491124019
3785.9331953783403
3785.926178905512
3785.915223248841
3785.9099763750387
3785.8987174819613
3785.893197711166
3785.882280365829
3785.8785361382925
3785.867313799715
3785.8633000905666
3785.8524215198313
3785.8501947775217
3785.8390087897837
3785.8365167893435
3785.82567755657
3785.824989388277
3785.8138396371683
3785.812891217692
3785.8020919885926
3785.802969692738
3785.791856153356
3785.792479373463
3785.781720917557
3785.7841979944815
3785.773120727792
3785.7753498246784
3785.7646330182915
3785.768749191212
3785.7577083418396
3785.7615837490916
3785.750909578894
3785.756710826868
3785.74570662282
3785.751275005201
3785.740644570659
3785.7481831901496
3785.737215941471
3785.744530246436
3785.7339447640584
3785.743279440743
3785.7323495368114
3785.741469063938
3785.730929871093
3785.742125759999
3785.7312336709556
3785.7422241462823
3785.7317327049877
3785.7448615275835
3785.734007800387
3785.7469414551115
3785.7364993568117
3785.7516394886716
3785.7408247483663
3785.755780399389
3785.7453893695065
3785.762625927507
3785.7518508754597
3785.7689139924273
3785.7585758947735
3785.7780008179534
3785.76726622853
3785.7865289963897
3785.7762458376124
3785.797957943626
3785.7872646645355
3785.808826013967
3785.798599949384
3785.8227049650773
3785.812053913623
3785.8360195295486
3785.825852864238
3785.8524634305445
3785.8418555906815
3785.8683378739124
3785.8582330696318
3785.887468686004
3785.876905104776
3785.9060230870996
3785.895982763634
3785.9279696869044
3785.917451469097
3785.949330659555
3785.939357597967
3785.974228656832
3785.963756960024
3785.9985291147145
3785.988626258287
3786.026520591167
3786.0160966165367
3786.053899415711
3786.0440698704097
3786.0851325522485
3786.074757537826
3786.115734142715
3786.105981176417
3786.150362722952
3786.14003793148
3786.1843364214806
3786.174663459
3786.222519193328
3786.2122458999293
3786.2600185502233
3786.2504291709297
3786.301918415247
3786.291697892568
3786.3431002740563
3786.333598201983
3786.3888832838206
3786.378716784783
3786.433906677844
3786.4244957703872
3786.4837408211574
3786.473629557859
3786.5327656329227
3786.5234498686323
3786.586819377354
3786.576764497054
3786.640004755966
3786.6307882144683
3786.6984453179734
3786.6884478789557
3786.7559478217913
3786.7468346611454
3786.8189391504566
3786.809000088687
3786.8809105910373
3786.8719050212167
3786.948611036225
3786.9387311320916
3787.015196012016
3787.006302260079
3787.087755653359
3787.077935496442
3787.1590887370603
3787.150311011098
3787.2366463632166
3787.226886306604
3787.312848959485
3787.3041913999405
3787.3955286931064
3787.385828811262
3787.4767055385387
3787.468172169994
3787.5646130936257
3787.5549731322935
3787.650848420373
3787.642443089912
3787.7440670171686
3787.7344863421777
3787.835420386988
3787.8271467006334
3787.934006337551
3787.924483879736
3788.030508194416
3788.022369444324
3788.1344862002657
3788.1250204013595
3788.236133168238
3788.2281322542362
3788.3454913883725
3788.336080143496
3788.4522414022595
3788.4443807472076
3788.5669263669392
3788.5575669691734
3788.6786937074617
3788.6709751692883
3788.798605181375
3788.789294268085
3788.915255539832
3788.907680317699
3789.040241448576
3789.030974953094
3789.161587146666
3789.154155686722
3789.2914387189508
3789.2822118264144
3789.41723423509
3789.4099461370547
3789.5516815222277
3789.5424886361848
3789.681619496044
3789.6744734212134
3789.820327458881
3789.811162177024
3789.954035377482
3789.947028961867
3790.096600721116
3790.087455825962
3790.2336384697696
3790.226768247127
3790.379587480966
3790.3704549436716
3790.519445974626
3790.512707311227
3790.6682334992797
3790.6591045052414
3790.8103345835725
3790.803721624505
3790.9613444196466
3790.952209410712
3791.1050422334306
3791.0985478724306
3791.257589051199
3791.2484377918977
3791.4021729853907
3791.3957888526684
3791.555505954267
3791.5463276192004
3791.700205344349
3791.6939218201687
3791.8535135576644
3791.8442968401323
3791.997504142887
3791.9913103978247
3792.1499238621436
3792.1406571082925
3792.292336040799
3792.2862201004614
3792.4429597516805
3792.433631111482
3792.5828885257133
3792.576837369524
3792.7307757110884
3792.721373306472
3792.8672922008236
3792.8612918841013
3793.0114816026357
3793.001993710456
3793.1436458892213
3793.1376816943066
3793.283169054233
3793.2735843018636
3793.410044054889
3793.404100662981
3793.5439398021817
3793.534247357847
3793.664605828063
3793.6586675125814
3793.7919352769677
3793.782125048651
3793.905504845184
3793.8995556817413
3794.025366531018
3794.015429350623
3794.130999005962
3794.125023090282
3794.2425436738317
3794.232471468043
3794.33945926839
3794.333440936405
3794.4419038441947
3794.4316897898375
3794.529396561664
3794.5233206090943
3794.6220369018383
3794.611675550865
3794.6994859989904
3794.693337890447
3794.7817079955526
3794.771195375933
3794.8485876003892
3794.8423536689083
3794.9198763226796
3794.9092100038865
3794.975762970088
3794.9694305869934
3795.0357095797044
3795.0248887088255
3795.0802874260066
3795.073845154295
3795.128593722794
3795.1176190238057
3795.161657363941
3795.1550950821174
3795.198137896475
3795.1870116322643
3795.219592798951
3795.212901791112
3795.244174538665
3795.232900451851
3795.25403512254
3795.247208143556
3795.2667548453965
3795.255338061062
3795.265140438779
3795.2581717419703
3795.2661400046823
3795.2545869164815
3795.2532688522188
3795.2461541929565
3795.2427886134365
3795.2311067458395
3795.2189702674905
3795.211706872135
3795.197340952279
3795.1855388094427
3795.162967335359
3795.155553853703
3795.1306006955456
3795.118687600968
3795.086136205773
3795.0785726310205
3795.0435147955504
3795.0315007256945
3794.989485752892
3794.9817733351792
3794.937152187725
3794.925047605265
3794.874135997892
3794.8662771321992
3794.812681958883
3794.800497654571
3794.7412962396875
3794.733294353952
3794.6713515897063
3794.6590985263074
3794.5922435658563
3794.5841029957614
3794.514465769109
3794.502154936972
3794.428302144313
3794.4200280087957
3794.3433662456036
3794.33100853235
3794.250823748313
3794.2424218209494
3794.1594130504354
3794.1470191247436
3794.0611697622544
3794.052646352232
3793.963967335593
3793.9515475461244
3793.860694948149
3793.852056777483
3793.758376078326
3793.7459403654193
3793.650733072675
3793.6419871704757
3793.5439586526227
3793.5315164815215
3793.432584470182
3793.4237380675336
3793.3219953686935
3793.3095556720127
3793.2075055454206
3793.1985659825173
3793.0937179621396
3793.0812890972115
3792.9767002137182
3792.9676748550764
3792.8603019254797
3792.8478916496324
3792.7413130947625
3792.732209257158
3792.62286058187
3792.610476035026
3792.5024244100177
3792.493249298825
3792.382440792477
3792.3700884885893
3792.2610464440013
3792.251807098593
3792.140020122592
3792.127705956762
3792.018121363005
3792.0088246119312
3791.896505299134
3791.884234559196
3791.7745202416354
3791.765172667357
3791.6527318168173
3791.6405091969455
3791.531043181149
3791.521651092051
3791.4094645080704
3791.397294134649
3791.288420292747
3791.2789897007597
3791.167398942928
3791.15528440098
3791.0473134357057
3791.0378500432553
3790.927163486813
3790.91510784985
3790.8083185517044
3790.798827742911
3790.6893218944174
3790.6773277566826
3790.571968463294
3790.5624553002644
3790.4543763120532
3790.4424458209064
3790.3387360370953
3790.329205261225
3790.222770573842
3790.210905464842
3790.1090375916074
3790.0994936243515
3789.994893722581
3789.9830953530773
3789.883236460849
3789.873683416543
3789.771083619431
3789.759353001286
3789.661646654821
3789.6520883443623
3789.551630629296
3789.539968462307
3789.444536528347
3789.434976473498
3789.336781290013
3789.3251879920754
3789.232132423723
3789.2225738705297
3789.126741913366
3789.115217652193
3789.0246222277815
3789.0150681581845
3788.9216821026894
3788.9102268215247
3788.8221588182787
3788.8126119672556
3788.7217381281444
3788.7103515746435
3788.624863378011
3788.6153262447588
3788.527016173528
3788.515697923676
3788.4328285437823
3788.4233034112076
3788.337595390362
3788.3263448724133
3788.2461213751844
3788.236610321087
3788.1535307958957
3788.1423473084587
3788.0647861634307
3788.0552910785573
3787.9748559728446
3787.9637387095086
3787.888847035175
3787.879369635268
3787.8015855955828
3787.7905336576805
3787.7183103879156
3787.7088522268937
3787.6337177625724
3787.622730177869
3787.553167120503
3787.543729608711
3787.4712361423385
3787.4603118798186
3787.39339470602
3787.3839791164373
3787.314111953801
3787.303249935886
3787.2389590679622
3787.2295665536067
3787.162305768971
3787.151504881914
3787.089816311167
3787.080447912998
3787.0157691446393
3787.0050282531242
3786.945914281105
3786.9365709408135
3786.8744461284136
3786.8637640789116
3786.8071939733336
3786.7978765427097
3786.738274570894
3786.727650204379
3786.673590803205
3786.664300054367
3786.607187342505
3786.5966195000346
3786.545035739546
3786.535772371436
3786.481113405613
3786.470600932948
3786.4214563239025
3786.412220972638
3786.3599787645994
3786.349520519942
3786.302777566074
3786.2935708099003
3786.243707312292
3786.233302168283
3786.1889227343295
3786.1797451042603
3786.132221563655
3786.1218684139276
3786.079814042366
3786.0706660239584
3786.025443309706
3786.0151410681415
3785.9753732645745
3785.9662553058934
3785.9232941723135
3785.9130417789247
3785.8755222425757
3785.866434760125
3785.825696084274
3785.815492506145
3785.780183337004
3785.7711267169334
3785.7325716976975
3785.7224159292746
3785.6892797965334
3785.6802544028073
3785.6438447218634
3785.6337357880207
3785.602736065939
3785.593742240317
3785.559440202936
3785.5493771571737
3785.5204780421504
3785.511516110688
3785.4792847467324
3785.4692666751257
3785.442433263732
3785.43350353611
3785.4033066881557
3785.3933327051195
3785.3685310592805
3785.3596338351012
3785.3314362130127
3785.321505464059
3785.2987026536384
3785.289838222039
3785.2636054382733
3785.253717098648
3785.2328812159894
3785.2240498575875
3785.1997484530425
3785.189901726199
3785.1710018952363
3785.162203884037
3785.1398013248736
3785.1299954425403
3785.113001802518
3785.10423740739
3785.0837020635986
3785.073936284623
3785.0588199617982
3785.050089446086
3785.0313905676985
3785.021664175964
3785.0083972407347
3784.999700863758
3784.982808529475
3784.9731208335543
3784.9616762401615
3784.9530142576978
3784.9378993189216
3784.928249649156
3784.918601170189
3784.9099738335335
3784.896607841976
3784.8869955496357
3784.879117694935
3784.8705252513014
3784.858880377641
3784.849304833537
3784.843172755376
3784.8346154493033
3784.8246643815896
3784.815124972718
3784.8107143646516
3784.802192433315
3784.793908284107
3784.784404412386
3784.781691400338
3784.773205075966
3784.766561265079
3784.757092345968
3784.7560533645506
3784.7476028722526
3784.742572999414
3784.733138458821
3784.733750123327
3784.725335679235
3784.7218934053185
3784.712492676643
3784.714731649316
3784.706353460221
3784.7044723571976
3784.6951048818228
3784.6989477201337
3784.690605981301
3784.6902593984855
3784.6809246187954
3784.686347627529
3784.6780425211805
3784.6792034286223
3784.669900790307
3784.6768798668213
3784.6686115595344
3784.671252388324
3784.661981335469
3784.670491799766
3784.6622604407235
3784.6663529291145
3784.6571129015474
3784.6671293391337
3784.6589350561185
3784.664450083155
3784.655240515178
3784.666736592148
3784.6585794937187
3784.66548690511
3784.65630722167
3784.6692555181694
3784.6611356859235
3784.6694041256624
3784.6602537410517
3784.6746255758203
3784.6665430633334
3784.6761398083704
3784.6670181230306
3784.682783368669
3784.674738200605
3784.6856289803604
3784.6765353789147
3784.6936622881026
3784.6856544544207
3784.6978032889606
3784.6887371369908
3784.7071921622555
3784.6992216187714
3784.71259064342
3784.7035512858943
3784.723298915672
3784.7153655768957
3784.729914886039
3784.720901645739
3784.741904228245
3784.7340079669734
3784.749695458697
3784.740707632732
3784.762925215825
3784.755065859945
3784.7718470764207
3784.762883936934
3784.786274108433
3784.7784514375817
3784.796279441833
3784.787340229949
3784.8118579843335
3784.8040717264926
3784.822896962056
3784.8139808914257
3784.8395784871213
3784.831828317117
3784.8515985061676
3784.8427047563255
3784.8693316069575
3784.8616171431036
3784.882277177802
3784.873404898298
3784.9010074666876
3784.8933282672365
3784.91482013965
3784.9059684463605
3784.934490157628
3784.9268457213943
3784.9491084566203
3784.940276431482
3784.969657617028
3784.962047378117
3784.9850170039954
3784.9762036959264
3785.0063815496933
3784.9988048773066
3785.022414408424
3785.01361883213
3785.044527397298
3785.036983595026
3785.0611630512403
3785.0523841885006
3785.083954373366
3785.076442676859
3785.101119119982
3785.0923559218804
3785.124515540819
3785.1170351174155
3785.1421327284675
3785.133384114262
3785.16605795007
3785.158607899973
3785.184048075757
3785.1753129379977
3785.208422855006
3785.2010022094
3785.226703705781
3785.2179809094637
3785.2514459902827
3785.2440537130497
3785.2699328142107
3785.2612212013323
3785.29495790949
3785.2875928990657
3785.3135636160623
3785.3048620088716
3785.3387844048143
3785.331445494992
3785.3574198118013
3785.3487270139044
3785.382746986514
3785.375432950943
3785.401321082543
3785.3926358878552
3785.4266634295477
3785.419372981389
3785.4450836896235
3785.436404881121
3785.470348394329
3785.463080192898
3785.4885211163546
3785.479847475018
3785.5136141130183
3785.506366765187
3785.531444781916
3785.522775091029
3785.5562711280136
3785.5490431947505
3785.5736648227617
3785.564997872007
3785.5981290843824
3785.590919087115
3785.6149908869647
3785.6063254797727
3785.638997575052
3785.631803997503
3785.655233022808
3785.6465679808684
3785.678687037952
