0.3438293259088219
0.3623471506349533
0.23444481124386404
0.43608000071819447
0.2037219986421758
-0.491244259229648
-0.11972387395893455
-0.5668976226822331
0.04082288752922538
-0.3614496262969894
-0.4377572839886343
-0.6739624944818066
-0.4714915314621554
-0.2842444450611261
0.2876907308169761
0.6300471131563816
0.3870690362880096
0.37129739333914674
0.7667777513145518
0.732574737149378
0.9068126696680153
1.2307652699672198
1.3724466729824765
1.3165783597347038
1.1733878605363268
0.9661910534533799
0.7429165249103707
1.155159509762802
0.9436387249135473
0.9522307265641073
1.351740673872224
0.9738613787109273
0.9996723682478758
1.2752009532696402
0.910820537948354
0.9653023442477042
0.8459004758088149
0.9904738057417825
0.770143009050107
1.0091693901272063
0.9856607294898785
1.1777153733330246
1.1171933755363106
0.9129490441314918
0.6719276009811979
1.520116430047139
1.4238626417366467
1.104321515880397
1.1016905488609068
1.1890935244280745
0.022353211558158607
0.4008571169621911
0.8127297053528928
0.9789549405059692
0.8009924350814577
1.1685465458964919
0.9351053663782034
0.9551049131288303
1.4982280206525385
1.7447965369324752
1.3857549173025185
1.5099715303265673
1.4371179405368861
1.6480751241088967
1.3278797026284432
1.2878877796030301
1.6270807670150504
1.5375537220303896
1.862360022260579
1.6513568777066479
1.552732702706561
1.8431977109499915
1.7378637633701597
1.6796558961593602
1.9739821640214106
1.9218534773768958
1.685857149850078
1.6087878026334708
1.5364236769569275
1.8143847623575495
1.6372458254765214
1.526075845149293
1.605172414247523
1.3248144480164752
1.3386348266679853
1.198890623075238
1.1938478690993581
1.2317011242108435
1.3321502620250134
1.216515087434024
1.2289625748443513
1.346841313871496
1.3594172320967322
1.2036032435215602
1.1238665295235233
0.8178980161903445
0.7638712920524018
0.8063419622340285
0.5850954585292519
0.4039646321021327
0.37074321399846366
-0.04200614592300405
-0.22272355982221104
-0.01128796361365779
-0.23417595151912957
-0.14087436122157126
-0.44834933895655305
-0.3010114509970787
-0.49005152288223686
-0.21621817316496222
-0.38021091879405455
-0.6270262197291815
-0.3266542204277491
-0.37464566269523186
-0.3986412463488459
-0.3007889470934839
-0.29859909289792536
-0.40922903498883384
-0.31878497337195255
-0.29586753570364205
-0.30383269181454003
-0.4177125590128871
-0.03836259811763944
-0.18026680034194292
-0.1354409644641213
0.13256266073872794
-0.07754487029989124
0.07968361062407733
0.11782310250065367
0.5461999200115046
0.9142756615981048
0.6121798609529426
0.38415848208214465
0.829155271883122
0.9992405377645122
1.0332012976159928
1.1985168566658786
1.1864828184908656
1.6106153612594942
1.6203506823419247
1.563834330668049
1.1153563689237145
1.169392843704575
0.9175371561007041
0.1893992175098176
0.8136531760697099
0.606383717653311
0.11821889918356931
0.8426655440057238
0.7917967016516408
0.6907010985460428
0.7258191314872899
0.5841034341343835
0.6028071716294336
1.04895060370264
0.8421442506232025
0.36565981624618443
0.2200295030294993
0.427508287177249
0.4451729892662083
0.7400279611689922
0.9462763202180128
0.6132785704044993
1.0623314683777254
0.4628598512440118
1.0235296355271182
0.9330107725740893
1.0081076126923483
0.851611228872811
0.7191723346306881
1.2233386503139656
1.511183771955
1.3651568654460697
1.4603364160289154
1.1840626174391746
1.1599600392573004
1.2530732076589521
1.3945022048704474
1.0181134755549248
1.2192691775776006
1.0971358902230641
0.9928169239589891
1.0486812101598852
1.3600235319800886
0.9537496422252032
1.7039847003514155
1.1856268107164318
1.5470729638944738
0.9822060264593626
1.3893065008643313
2.393445646258479
2.1603655629305547
-0.6726053260827083
-0.6674898371795344
-0.49607037503492285
-0.5254221134399513
0.012603128058237567
0.32043761410638943
-0.43153706542482084
0.10672978979914251
-0.44261617672186165
-0.22517646482922693
-0.4312968839220648
0.12978174653969665
-0.021122572625165467
-0.09424708442111501
-0.06311777159034515
0.8114005080846947
0.3996821032956478
0.5785174797441558
0.8158031452609887
0.816482010608707
0.8322869408547525
0.44421776636310106
0.41188802082286324
0.4602473336667882
0.9085190270892555
0.8404984277194911
0.7778643260163507
0.5463389345596882
1.0625436454756492
0.9068198244497078
0.5409696737857463
0.4851238856841394
0.3852482277731113
0.21178656639278248
0.7278345493437628
0.7459676395779986
1.3334668215252616
1.0667242049037282
1.3545068594278813
1.4881375664292489
1.2802051243393275
1.0332954045882035
1.1800512074799057
1.7282518032335559
1.8165672956392371
1.522917830987305
1.250905336823412
1.2942619244501812
1.7779552314612803
1.3074014192626933
1.9236138476396363
1.6410968194770743
1.45619614849376
1.4987224704492945
1.3134957095698152
1.1485166709419097
0.9637440600132509
0.7817872261181851
0.8472407150384648
0.31794615471597676
0.5950258091363325
0.6736641705274229
0.35245814414672205
0.09617318216028474
0.5293096593087431
0.8663976629608077
0.009066355425500687
0.51838965712421
-0.24849272663176117
0.39608197518939825
0.540287414264357
0.3967393899638168
0.4077311039800484
0.9414879452382563
0.19045194704370758
0.30146309266056887
0.7013822061623429
0.3077356139878363
0.7836132737482643
0.7392922355932081
1.0288662136739803
0.9285766422037265
0.6376678009110927
1.1735684815081404
0.8086700005518276
1.0648717917612223
0.8734141564619153
1.3610820147442715
1.4869585950397521
1.6977339150507662
1.1952107561943222
1.0133324235799384
1.5143379877784384
1.6830236380592816
1.2177426961016111
1.851284573501846
1.6368715709445525
0.9892515537857599
1.4414682137061197
1.5583652632229283
0.8156384172351976
1.2856328722601282
1.2410786421621725
0.4695999391774778
1.25457621424705
0.716509737452236
1.0127702860514654
0.6401170496728181
1.0604089037217461
0.31722414852559017
0.8049845134833798
0.9492322259776954
0.3225955335300037
0.31122688318173086
0.09793186665505059
-0.33689005477235107
0.21700630155907366
0.2520681994016639
-0.011962360087237875
-0.07145043167673673
-0.126038344235458
0.3797933530839007
-0.3600461652206481
0.09902033828283764
0.013649646218124204
-0.7851456429607563
-0.05467305074123123
-0.4836728981009661
-0.19272103201712534
-0.716152915191262
-0.252243088493662
-0.03865387953353011
-0.0963372854424586
-0.3300532696782954
0.153290936962173
-0.09196376911174854
0.17479849660694097
-0.09973467913206893
0.5111626671666203
0.1927718512592101
-0.011725983913191048
0.8414189194344762
0.40614427010613413
0.5982742014243371
1.0819516641695073
0.7249558942542901
1.0352313751381041
0.4745024674259675
0.8360206031456071
1.2249751828591573
1.3295305033745894
1.0971721889559696
0.866919824143963
0.8675648078978103
0.9412483199381656
0.8859932380766514
0.6266797720358254
1.1728272389169216
0.7628079605502721
1.1092233942544938
1.0056229556678056
0.4990264501794215
1.193665916180073
1.1848002774052104
1.0953433816406837
0.8492865474034189
1.0733158957171698
0.878717535210736
0.6156585526464141
0.8727765817835108
0.831812737557972
0.6875776802398349
0.5620907188828207
0.4472537241598404
0.550321610077447
0.6775252000633392
0.7685468853780252
0.8316983452029265
1.091111409645508
1.328557892153338
1.0879084435293944
0.6624465857667415
1.1273394437964455
0.6539195951827255
1.00276824026228
0.5063018847703762
0.545974084730593
0.9256896852799394
1.028602521053363
0.199232612756431
-0.1358119606395563
0.5361374005821264
1.1483171432735693
1.4800472837240413
1.0996577914332302
0.9254513027010706
1.2196115797331757
1.7275304664566797
1.6292480026796172
1.1719873299300598
1.7239903629316853
1.436334872819433
1.1936651021179232
1.3071236413222849
1.1987691575723325
1.6622109510161047
1.2532444596391894
0.39428342791651
0.7983974203901889
0.714328129922113
0.41258940085971063
0.9304885626624019
0.26504055601404564
0.2628618246971805
0.48574750208774387
0.34536868388823955
0.22051260636194553
0.38272156693499926
0.9273268251690061
0.378934795401878
0.35701895736136174
0.5535994608926407
1.1117229714577712
0.5304293131588885
0.5692782959061841
0.9811963176888004
0.37222574977607176
0.6701688305407394
0.627769617992289
0.8076782358770286
0.7697080773669239
0.4395807091322529
1.0053249477252668
1.2494905158910403
1.2051755541098963
0.8779006598561181
0.7897684648177303
0.7786329261942856
1.0866388338657313
1.402605183478567
1.1075058307152186
1.4605228047214756
1.888677524799013
1.9078515425019493
1.2235456842918053
1.8343278453035308
1.1138530929609216
1.3810773037818609
1.2541611236287058
0.9549855186583251
0.716250953840889
0.22945619852819754
0.512890867430204
0.9771724970554494
0.4975148400889434
0.16776421863104107
0.41955838489528746
-0.02696548049671608
0.4640339011182657
0.5298551850847462
0.5471400020818213
0.05202072020781914
0.365041275802759
0.9973152001734572
-0.010321664133653718
0.5453545334750397
0.9601076387237267
0.7269958006910697
1.0148900666049283
0.48996118381124204
0.6129425146153942
0.2215133494334597
0.8300271753960603
0.8617855899845537
0.3606165763544609
0.7308836524682976
0.6671018835881889
0.5861829039739952
0.735334207146747
0.5643371216383679
0.603380923965605
0.7426949809459226
0.6274700941822013
1.3595326745187075
1.090810481389478
0.3656131659382158
0.4390971178443246
0.9720387169232418
1.0062663200139828
1.0067696561884676
1.435439117999943
0.6428897000891054
1.3010966479936166
0.8405772707210254
0.8751399701150349
1.3909636805032042
1.015810098525386
1.2367840693847958
0.8426362104362526
0.8808458776822393
1.2991470721139353
1.0676085073902282
0.9695591896731953
0.9595997131197975
0.8309884261734246
0.6341960379317014
0.8076718094521441
0.31641287323254436
0.5780305425562451
0.13557253967566307
0.9415166980537327
0.529477360265355
1.2168777093669991
1.17356030213195
1.527532572786614
1.472904923713695
1.3937051582713442
1.4738196398265657
1.8338731842060838
1.7963208124325933
2.295110411481243
1.435105718829768
0.935334230061735
0.9297005109528781
1.8212803237825261
1.1037567025444477
0.24770080795332003
1.4916877323558801
0.24428598471822627
2.762245637172227
0.32874344961493185
0.20308656112718568
1.8149052021134493
0.631760328366101
1.228119526810191
0.3826681732677338
1.2591084268362844
1.6873207119909555
1.4752592139500404
1.564197972161374
0.6999828464081457
1.5282738237876112
1.5475251147208773
1.1460087183866325
1.6680408815573164
1.138900687825394
0.5077145869011442
2.0075198541843764
2.0988666912103837
2.0675618698684977
0.5952287417866304
1.0102548546931471
1.0137095317659557
1.2942795970733174
1.6141292044487736
1.1314429755328135
1.0524056255798053
1.0703468409316594
1.8146690937283312
1.399667274172091
1.2148067974024093
1.6887757388826945
1.324127847465993
0.9118415772297553
0.6435720500452808
0.7171986648866563
1.6810513949298387
1.3740152737742792
1.9097111534156221
-0.24251742782865665
1.584814839935927
2.332373588888185
0.8480256346335563
1.5559215420009276
1.9168147818631818
1.5434859371756542
1.2470912356611243
1.2453172102114916
2.0070872815756458
1.4612224322675178
1.3352569558770304
1.3415640693133584
1.5784213061308026
1.8026283827182494
1.0316813689864572
0.808065681264586
0.9752149241748354
1.2789585096563392
0.9514667739296537
0.7725488492220643
0.8849581512944276
0.4018342769286152
1.1340404922125389
0.8849882564144572
1.05676210616303
1.43397200697655
0.7533358326433613
0.39573058207050715
1.2710149268899364
0.6792480271041432
0.84152856108996
1.497694604092318
1.2283248816944945
0.47837700645269254
0.7797257413200863
1.036187174137581
0.6327884991737664
1.1995460551918324
0.5806048073611881
1.1586311276162766
1.0484018287972772
0.643033157078123
0.9907573910937794
0.47924471135742575
0.7085654915701879
0.49563658735999677
1.052439996669679
1.6942434224883247
0.6668846784725949
0.7837952398946849
0.6378787745109116
0.8013379215520764
1.6198659697189066
1.406750699969417
1.0979566680739086
0.6809061697506588
0.39929136129612464
1.5199738939584329
1.405218539711654
1.0628046234679156
0.7795352039462385
0.9257110603676457
1.304125732156173
1.758316249228197
1.5192990358330067
0.43734476751400264
0.5101612756600243
0.8319081896954775
1.172556720081734
0.9747507273391927
1.3824084790861428
1.6947696278492195
0.4878288373051133
1.1763884443195558
1.0189446569416591
0.5825478624797862
1.0626025102645382
0.6902972917603398
1.2730399396571859
1.5545989886077884
0.2800988044690617
1.3744092498946126
1.0621040671201318
1.2464395262729244
0.7153822571541332
0.24435520305203312
0.7174596687790935
1.2279605993673288
0.48538764908417115
1.2095270498337234
1.268732748858544
0.8370987268015256
0.7600679275296576
0.6277307027562377
1.3274336554181863
1.3560521177940574
1.0980292896664654
0.3938580646855596
1.0488801167127975
0.803741136579001
0.847908157334501
1.0091590943143756
0.5023524211658195
1.1114695354027324
0.6998527545192902
0.5450385580441051
0.6451053805164073
1.3604397604964051
1.3947477857033987
0.8178544023429181
0.7831077291804932
0.9436737800155303
1.7264820768001425
0.2802318980366798
0.6203847002174256
2.514036744302864
1.7650256878978752
0.8987757394492273
1.8528941098172116
1.367485954874152
1.8022643054934375
0.812132810440578
0.8828191012170863
0.8368610723328755
1.6444535787862282
2.232787301538211
2.104925405229437
1.002068422892304
1.3601541894181906
2.181365750493451
2.167913721475447
1.8777467389222737
1.5659658414961526
1.521814545122134
1.8119579288635403
0.758507775685196
0.8181896661600767
0.48770255318078487
1.340437458790956
0.4806435751942932
1.6947097838992429
1.3477282404388464
1.5749046245353906
1.5036925210085632
1.1671934688231325
2.087365097929587
1.298932893790099
1.2925379326648527
1.5542785877106997
0.9088524913681485
0.1373512817341745
2.3973286160550287
1.0273710373511442
0.6390153578612641
1.1573825693012858
2.0303995149155276
2.010732701666636
1.9897688581438353
1.3596823160200042
1.3672991645525485
1.5571444178142608
1.4558877569683164
1.0012487943690274
1.4771513457821328
1.4536947866893803
0.6741947684072508
0.8027437661389637
1.2534267481221133
1.6700160467864185
1.6222218479559223
0.14290966144082298
0.47068406509061955
-0.1859174149955422
-0.4365741983819445
1.9014838497565192
2.3724085199952403
0.40361452710790335
0.394755040137417
-0.07648576872399687
2.1368722518882604
0.5140594446567045
1.10061875012485
2.21245200965913
2.2848567499392782
-0.05453677540188149
1.60870562222908
2.204774315846671
1.4061200238831308
0.07459996639634367
2.399422401974982
1.439887149043771
0.8769524517799431
0.033647516685886204
0.44907998070728333
1.3274644892971206
1.5862352358561111
2.072404833409555
2.064646873240078
1.7172038183677556
0.6340386224292612
1.9938489403425539
1.3394167642927957
1.2286265215177634
0.9240019431319787
1.5166832173156435
1.1295920856181454
1.609456689408044
1.488578711957881
1.448499091939948
1.0779665803134992
1.032781233428816
1.519355657062443
1.0817781465120293
0.7896038757483712
1.0423686163066677
0.1632933280855044
0.4397123042805431
0.7495736691272222
1.0525091283569532
0.4552635650264678
0.5658145834843898
0.4014508688441011
0.5674730552948167
0.8964460555707913
0.4099694210817497
0.3565914639560408
0.19510617996200127
-0.33982779196461926
-0.44315549571741897
-0.13159221853711736
-0.6206224565122015
-0.10420219552697835
0.439205553925766
0.27223909918493294
0.5232006617351197
0.8605084394701434
0.3581819309855465
1.0282282648157528
1.4998673740023802
1.3326688363777022
1.7420197254306393
1.1762324791444432
1.6855749234335675
1.8727904644361206
1.5606771928209713
1.7289478556412314
1.594356694565007
0.7704106655581431
0.9563937437619832
1.2837906227295306
1.231448962791311
0.40891031910352205
0.5531291224284722
0.5612793597813267
1.2421866864764683
0.9375890884498697
0.6615325620992835
1.1630777084480275
0.6974122718636571
0.6955608055042618
0.7774823732231891
0.29497786365451933
0.23826865180005558
-0.14115727613873724
0.4471084652222947
0.16098236060977797
0.8992578396843584
0.9626393427630031
0.1828397120331128
0.3073471440215853
1.2805295938488062
1.1907649141149212
1.6107236474809223
1.4935838360667786
0.9740107394637256
0.5329474027192493
0.19134452283954756
0.9269416374289365
1.0194167753650858
0.8723566518836766
0.4367443053014351
-0.1302516826651784
-0.23892980317634838
-0.2555049295721445
0.7165777706522354
0.7437469727052839
0.6439534464583744
1.067233668300578
0.7904892818431817
0.7500362419735712
-0.030653686393564084
0.008937580339585919
0.4686932069799039
0.024555940816855425
-0.1903147832820454
0.013739523669070438
-0.25220732485675557
-0.341575447049498
-0.23813876386078597
0.14280460485317367
0.6421265804269662
0.8415993431205231
1.3879543972512132
1.5199952164324453
1.227083582699063
1.5071079272233163
1.3749663754497023
1.4331879919142159
1.5508576007581096
1.2364574498718208
1.0621881451586461
1.1437184962796816
0.9271737365189708
0.9046716362909892
0.6295453277865025
0.751612770445183
1.0909250582679253
1.2267141143847151
0.9812714863524513
0.6404307363432503
0.7234299353899801
1.4490925242219679
1.2081947911592215
0.8669186592318404
1.4398651534715126
1.273095619151774
1.3241717027130742
0.8587041372325122
0.48832244791530377
0.5950935021066744
0.2105209400561795
0.31191113027659934
0.49730304444106166
0.8075972913817311
1.2677419639454859
0.6766291556159217
0.8046011439744187
1.0091237472118617
1.1981817633283447
0.5949382687448462
0.6318447265964596
1.0576624106640957
0.9872081027134544
1.1469603325070326
1.3825932146618478
1.3451647868853105
1.0485199628647948
1.555904792389087
1.0225114952272119
1.5896679577327069
1.1571572692870167
1.0615152309313187
0.752832427103846
1.2672178738563107
1.506876366542149
1.5096148238231593
1.883789503089905
1.461027803495758
2.353193824869152
1.9095656778299805
1.7863790357091298
1.438504951508326
0.985799631998697
1.0510148213815074
0.6354314237406173
0.7166279031970023
0.40029648358666664
0.15787235709993339
0.0818217014324877
0.366947258632737
0.21764996196284733
0.5454117631193119
0.4631498893319942
0.3483457896439561
0.1840251835282835
0.2591169114622803
-0.10167232371227444
0.0890760430745487
-0.19764584013216552
0.2851111260179455
0.26138365409888337
0.6280008240222905
0.8050630502378805
0.9672651105521314
1.0110681109511246
1.565814791808238
1.3223687969451665
1.6772531259826895
1.6497064239506707
1.1451683918099764
1.8430528002518962
1.5927815741358362
0.8185028272508419
0.9327025195524057
0.9123876966437346
0.7933775330185981
1.4014008043076518
1.395659791970124
-0.17024524111804154
0.6869672628838964
0.18367807398429423
0.4879048485955884
0.1960111461934115
0.32684150754809815
0.8179980189664563
1.5516324578175822
1.8894336977110526
1.898793866685159
2.0307726874885526
1.9194229281949036
1.488280094077708
1.9975937137152406
1.8137016717639032
1.5239408834955512
1.3372167072892696
1.6263046995889379
1.1272166827169077
0.7951695344149172
0.4429716579338866
-0.02104922797777398
-0.42906923632002614
-0.04940979857266257
-0.2335557896210418
-0.28026871103739986
-0.12903270045052614
0.17563679232085616
-0.4676042417484779
0.2646762231290246
0.9280436257143768
0.8643560882516078
1.135545518154533
1.2931351303566256
0.7306266187891334
1.1430107478295493
0.8443467649927289
0.6151847208397578
0.6617737656822861
0.2665269722312801
0.32042739405992443
0.8109626912145932
0.13100561203642766
0.4060210345180543
0.3590276444439683
0.23033949346195226
0.6504244797016133
1.130586928843324
1.6195135893359225
1.8051775720128675
1.7709528980510423
1.0847628165759866
1.6585844053938574
2.0269745333555225
1.709315885727253
1.5586987912308181
1.5400283169141187
1.6030373553790995
0.7762159448298075
1.4204219804986418
1.0871198992083744
0.5936788626713765
0.7122566446189329
1.2165292253122468
0.6437041818191338
0.6365256731796909
0.9710172288343822
0.814330546997585
1.0781256019519374
0.7808739233364084
1.1187571158093563
0.7966996109957967
0.42234975914689227
0.7837161187469296
0.9773534349719705
1.1302609623504272
1.2756944510608592
1.3251207924933237
1.0206183573834426
0.3683127336715576
0.5808671945940433
0.06285496665481456
0.6124606474500669
0.4182710775350165
-0.011864181859482625
-0.08314738308744071
-0.3619332362584517
-0.3179533841624526
0.014275505524473228
-0.6150229988474458
-1.1030331564040232
-0.4770228729235749
-0.29071071176902147
0.2128198064547052
0.29462401604685384
0.6266513183903988
0.17069460620973081
0.24937282294284357
0.5723546263567768
0.31079606832281836
0.546475589178783
0.2773450175715044
0.7716544056137027
1.1360359805334426
1.2557741269268765
1.147080006187709
1.1688816757828782
1.0274616539452162
1.3250263793392136
1.9628168961844235
2.086372366226873
1.449326051804658
1.3135166684041246
1.162436572603281
0.9413465552749998
1.242097928320397
1.0510054786828975
0.9943415161549751
0.7549959272576926
1.2350399085462311
1.0008345598437067
1.3796877976311734
1.911906198687854
1.3075873324120437
1.470388648989748
1.746205048750832
1.6518567511636042
0.5370911553044431
0.33174156446819925
0.13743742152443134
-0.2383579673289073
0.05783938215419241
-0.10440676870081649
-0.44147552422187303
-0.4992560421899998
-0.08123402368307556
0.1614009802592364
-0.13435091178309475
-0.5091687267864475
-0.48383349435412615
-0.5818733875841152
-0.39142440086983565
-0.46272741075468327
-0.07644777815364154
0.2549064507944717
0.5032713956809167
1.1518652377495795
1.4861541742721518
1.8058869384318215
1.3748314110795368
1.6109781698173864
2.1536149273670233
2.3558839266227833
1.9079443814772243
0.97579579594005
0.7707914776931132
0.5278039613357098
0.788490764570651
1.6562009371337962
2.070001606827312
1.770205478393496
1.7487085782798615
1.4199132490921893
1.760259141302896
1.8813620140296106
1.3841005025779125
0.9745747204212712
1.4109910990119658
1.615266840519854
1.32997514997997
1.9252548272151986
1.9213090506259598
1.6135856785407294
1.0235987928381343
0.7215123186147272
0.9126373406011364
0.43979444978645943
0.11459250707564061
0.6815136093835618
-0.12989687265943745
0.22685835246897268
0.2223303454764432
-0.07868740764285254
-0.13004913700540227
-0.10877795935643253
0.2500427888875914
-0.06793940164380416
0.4833688751590445
0.3005412979375917
0.682308398410369
0.6463010885789555
0.2908046731543412
1.8855286706306338
1.3579469489183464
1.2926862285635279
1.3505238390186198
1.3978528126196579
1.8457648755810407
1.2278072301659906
1.214074243470566
0.7351378176309747
0.957982414495078
0.8303062832991897
0.7237501512829396
0.8632533106766583
0.8160276003952558
0.7823238223100307
0.7075044058005505
0.6747323577431784
0.44518302284485606
0.8597495992910368
0.7413817818044085
1.2987804660209907
1.5531160245124789
1.193956380254348
1.3848073324407206
1.3590257296719188
1.6245470925894758
1.4337949590196568
1.4252027158488791
1.6778427138992225
0.7077565133111213
0.9458996998369623
0.23190740605566695
0.13753990609673117
0.2632590526138943
0.0627779234661336
0.06131425352472146
0.2086609703410766
-0.12734884367203705
0.6137465097661927
0.30726422470769665
0.45678944134691346
0.3696691712719553
-0.03458699518349446
0.18263222163496193
0.5081660463072439
0.18086836899548014
0.5863980309148693
0.41322651084794443
0.6537670147094342
0.9382789907030398
1.1710536890911631
0.8374695120573815
1.354316763435278
0.6568636468618585
0.9350650635600908
1.5397307162016716
0.699929683077096
1.457640785302478
1.4115715739314878
1.0779438340805263
1.2643318659115221
1.387746089560027
1.079540724812865
1.0803902755670638
0.0651778280349995
0.028608734231612632
-0.19328402000784353
0.00036590262988799385
0.3737770456824257
0.7346572507386001
1.0797802684999962
0.2772988561547216
0.4024483683175697
0.6696337207289036
0.6343666833050537
0.5494783723338968
0.5876084844443543
0.8115670806853518
-0.05827245813289519
1.058017467165357
0.9773584280853994
0.36934499091139
0.07210751459712418
-0.4538030883846197
-0.003947388429627156
-0.2710308855699015
-0.38852603907098215
-0.7305166567914751
-0.7425368457819687
-0.26995511090077945
-0.03468839523761311
0.25579818553668476
0.6697734967794112
0.07511082928399816
0.2815112131537116
0.8702981621507817
0.9969425244427806
0.9741935426421162
1.0802471120695116
1.464345091317447
1.0108929970270786
1.3972722972088818
0.8727363161762498
0.7786905053297325
1.0889906127693105
1.4868613703926787
1.4215804443048228
1.355158390150226
1.078023807363887
1.7626985509818458
1.4617234270953163
1.5712882376446549
0.9673614733725232
1.455845530585179
1.7994552690556205
0.9069813236300217
1.4493889310775645
1.0579034637518092
1.2366239766274698
1.3668568278131386
1.5636587447701615
1.3173556507867838
0.9783391674326142
1.1852083715701383
0.9308587730927311
0.43010909629585686
0.6257722188479454
0.8665097099230374
-0.3480990241306229
-0.21523489234371898
-0.33231639759385634
-0.3545743152909945
0.4705848929658859
0.5027317812113647
0.3877067547655095
0.5398967618987507
-0.27188305581566496
0.06050338677852747
0.028432059296054045
0.6386066064799238
0.9174420831384066
0.7440328707804259
0.7784532995556379
0.29441154661496327
0.5981366575172647
0.41138873866793285
0.06775485282262593
-0.4360900729302934
-0.26439637728101584
-0.03267595306624522
0.19265892733035708
0.3051868407504269
0.7125740425304433
1.1526766831214414
1.1750160521510922
1.1210383046084333
1.1598825344535213
1.3656460309763843
1.0866197169422296
0.6006512358876401
0.8255328017820125
0.9927820260819873
1.0474633602593286
0.8532614466058489
0.8387322367874774
1.1397033739212694
1.2081889690987477
1.2738248184264713
0.9402255976614696
1.1494085221029384
1.1142427636684935
0.8180299553567643
1.175005187960855
1.1985058660022154
0.9543893046771937
0.9221225602420603
1.5463286968189516
1.213596713449807
1.1115840876007994
1.276035427840112
0.9949111064842805
1.496828587880124
0.7299312632721203
0.5304015260870502
0.7463413145002146
1.237360512863476
1.0112640526093277
0.9762754471788305
0.41551576824911574
0.6397023865070869
0.9098085018262413
0.9472742844359013
-0.12017719632975883
0.03544750352165863
0.6886913436551647
0.5343031772075351
0.23518514548822655
0.9287679503480046
0.5266069735090391
0.08742524796223423
0.0047671244433265345
0.20430242475938593
0.548230434348528
0.6681443703512571
0.3066354566614561
0.2581981612311445
0.47357909752598026
0.9757384457464406
1.233791805982009
0.792302622986695
0.7071711197761154
1.627717200261935
1.4353727636833007
1.1767299154793331
1.2604389396054405
1.3746834322485126
0.8850602983125636
0.5529525714263159
1.372867395331176
1.1078881429742597
1.4665158406404182
1.3795602079286664
1.0402439966788688
0.7836661075330249
1.1639121743420096
1.069125119338018
1.1852376652311079
0.5476214452495618
0.5106772973142439
0.6106209617041671
0.6514605795683237
1.0584310762472076
1.5116320492976365
1.8336185150121151
1.8105415019458755
1.5834269295422763
1.7132904125768946
1.348914418621966
1.0617200776608289
0.9566992573357679
0.17462964254993016
0.9933885799202881
0.3477296035344022
0.25278309862068116
-0.24058761940688514
0.35314787377796375
0.11557367243643216
0.3127060585043592
0.15834278821367737
0.3230771872126923
0.8059022615857037
1.085196556723317
0.6592432082370322
0.24430909414577165
0.35188898840539673
0.43743938668354276
0.955621391876544
0.9507759257567595
0.7510729021997491
0.38665678266430736
0.41441282368258336
0.42308094253696293
1.0090742898965077
0.48136638891101025
1.2763028758001949
0.8602583281597167
0.7956666970179195
0.7563547628675445
0.9803285893140528
1.0355006066845525
1.207737434761857
1.0163300809252651
0.961799713049625
1.140708912702017
0.900576864714969
1.1623576201613444
1.6351621338792697
2.007658701084246
1.9091515152145917
2.108355928068662
1.531356297974601
1.4357691597965676
1.920090825295733
1.462607293397743
1.6617439717317548
1.6618280694222847
1.0304515388929363
0.9002922018725211
0.7913239357863538
0.3603711457153228
0.8551304917879552
0.6540503474519733
0.3348587972592131
0.7468766830153806
0.7043479775211768
0.358270709459294
0.00030957178674576995
0.27991750248863406
0.494478668088229
0.6312432199951605
0.7468886641134728
0.6466602409545608
0.2955333539104131
0.2000701803411992
0.2673331877131127
0.4504334753929487
0.5768367003808992
0.5554162771158303
0.8660708453946635
0.6925198613437502
0.6980420189617641
0.9447050003207722
1.089029369852565
0.26624985221797914
0.647946642462362
0.18948728737656148
0.7965738715476468
1.0598945555982684
1.2315068172117207
1.3917310590646197
0.4384329447090297
1.1816487206005482
1.2359271570871668
1.4850642817622215
1.3596900376074572
1.3340675084234968
1.6025866672989744
1.2628645235607323
0.7139067514023842
1.2033238825042973
1.3447153263630371
1.2180748243799042
1.7300182949033531
0.9128514533898782
1.3756519642422584
1.0449064514677062
0.7424313935108108
0.9055031696935812
1.1976454509674126
1.215576844903937
0.9187758414650922
1.7221273565417035
1.6262715210403174
0.512688221474006
0.6454336353300396
1.275298400282543
1.3939626433537435
1.934500304721848
1.9717962640997309
1.5704801794342014
1.1084264728043416
0.6731735773442205
0.1475488962138522
0.8189914343527059
0.5542680649047653
0.7866264939600512
1.0586247451631396
0.8536968064550852
0.8867131507920282
1.1288140008647054
1.23971995367021
0.8163625631584751
1.1433387698378734
1.2535699037679089
1.1136762851574484
0.7076869733554711
0.6743603810994208
0.6113528345379768
0.7344790281258375
0.5316178450289509
0.24253587055679773
0.6029225403357412
0.060851239525998996
-0.13270022506905974
0.35858354377677976
0.004673809941737141
-0.014424214518792446
-0.1755569047691067
0.7374543041892261
0.503571940479067
0.5889097845558445
0.24600568138004805
0.3496354395234232
0.9463664178211132
