-0.7621483911147586
-0.9636137543571015
-1.023257963992116
-0.6232177246956375
-0.36352760920348365
0.030380719028021645
-0.08002191669370168
-0.39788022406126117
-0.8576390524376158
-1.0773427188896758
-1.4703307730189124
-1.3055455787527588
-1.384078130683658
-0.8603307517052509
0.14642297106586497
0.7189779607045684
0.7643346735199826
0.4453437509102149
0.21656437138340098
0.40300566449111547
1.2404441587504793
1.1380551439045936
1.6788870423896631
1.8648308907455284
1.2517595539051558
1.2537451468419742
1.511096002980297
1.345820326810651
0.9773559762511599
1.262467638425584
1.6822330913024166
1.5902349810981793
2.2423718976058393
2.9715031712828415
3.754439691879474
4.927793753442407
5.308607387295261
5.85305755189013
6.4261233264362305
7.259761194216181
7.367613562606783
7.268404085485827
7.543938228038357
7.530161301048247
7.716119102672045
7.31929734882503
6.741953831075539
5.971621930854434
5.334906251778916
3.862209504858696
2.122509758513741
1.8732133673642977
1.5692439373027287
1.4284591120511265
1.2778203169715103
1.1505546941816462
0.9917256269210307
0.7905801370337496
1.159044180871049
1.0981616438478627
1.3563386771683856
1.6639539786035622
1.9116779126775523
1.900726275992013
-0.26769717285781364
0.152393729763566
0.5608922525693002
0.4874274242114407
0.6831823020941751
0.19872557713033007
-0.1773804115182406
0.2638513106866474
0.2328171280842214
0.4032308733881888
0.3459901694366427
0.36434405444721385
0.7732264326538637
1.0477621104989927
0.8979180476699411
1.3592385068874338
1.3049076116815603
0.8993657244718508
0.9424108012822495
1.4299220291056052
2.085839548693002
2.6549071294047524
4.314148553615134
4.966933014633706
5.017884582242386
5.0703163833603835
5.179771190338369
5.2252140402659535
5.079580855182528
4.8995176577576105
4.925601826253826
4.305154169109501
3.3388918170789927
3.2007288125117452
2.813538609971274
2.4251916363998074
1.5236969040600465
0.7344490277468073
0.07397373057122505
-0.052330907522987594
-0.07874402414630514
-0.7382466908226997
-1.3595818654897098
-1.5633176692872142
-1.3621476674492063
-1.6406991322441997
-1.7577028820899776
-1.6083344816496883
-1.6384521320522896
-0.903420466273151
-0.45976556245132294
-0.46475686864458243
-0.37796859658711657
-0.4828864435785775
-0.6869510145668811
-0.6119944554747813
-0.9736285513115682
-1.3955747623483337
-1.4121752855602157
-1.325600543861989
-1.1492023218561718
-0.9130098762133098
-1.16512310250793
-1.3238090255024642
-1.3448095250954533
-1.093491473936274
-1.1106264629740714
-1.2694031477999572
-0.4561203970870536
-0.13154638288726592
-0.39060710496938056
-1.0362778865554172
-1.5365904928318685
-1.3873245306204967
-2.0909105717020426
-2.3443914584824315
-1.9773037666419344
-1.7198059457900778
-2.9560978315695823
-2.7625982321632585
-2.138358431556561
-2.223034073208609
-2.2574423690160867
-1.6007544375318006
-0.31291382606739576
1.4424102320753909
4.270329083454479
5.709522595363513
5.707030698510097
6.082115357731198
6.969030049968919
6.64153090189183
6.292080523480885
6.911517044391737
7.630886439537431
7.94565641159391
8.506556790391569
8.892257237378187
8.990187700252287
8.509131701152052
8.450026594071009
8.848436677051227
8.452873631803834
8.424746180787212
8.36675552588491
7.848424800908626
7.43529718645675
7.7319788729450885
7.897718263817048
7.472742830688316
7.393294305879576
7.251404583257948
7.559300955994112
7.105073145700558
4.707979034244467
3.814006387549597
3.640574709091892
3.1744054933393135
2.4713398406624387
1.414642617268212
0.572035784492401
-0.6569776102803074
-0.9941314628324692
-1.6198559295623203
-1.9300933891352599
-1.827400080085541
-2.0280551397303554
-2.100745938422596
0.39807966670687933
-0.06662883867853026
0.37745949252228617
1.230236295604004
0.9239913552540939
1.25168623190369
0.6796959874436791
-0.7419811783946002
-0.6321688184426066
-1.1797172081380298
-0.5586391350792869
0.40927717321311646
0.585427166241501
0.3314334574478897
0.974508345805411
1.1427009254148615
0.20447217541704718
0.5844211999966286
1.095239228203991
-0.13371060819620217
-0.916503831952297
-0.4545967395691938
-2.4196617883207003
-3.2746536259464563
-3.587248979984888
-4.046271079687409
-4.224433802644003
-4.120381152712737
-3.92530419221729
-4.471843626350048
-4.218922198854591
-4.201582879782998
-4.681377263996187
-5.364123898699322
-5.639583125682429
-6.003610504551726
-6.010764666855217
-5.8722480456513795
-4.672184900493383
-4.0982791734400195
-3.186782784010339
-1.05490687162501
0.7227185071637572
1.8944710193139898
2.3992862439940006
3.6508641965636457
4.702629952713706
5.3435106560345025
5.214444162533627
4.196977229514876
3.619523890888155
2.708203213676044
2.419646508760865
2.2963836094861834
2.0789921245407372
1.8739380490933053
2.6946635771871064
3.901705441383687
3.263971419134565
2.415984871443207
1.6258384994936688
0.8929023633228959
2.1106009661415084
2.7006868532104225
-0.5033794476295327
-0.6671746963612356
-0.5842975150106235
-0.2364611314414302
0.13191640959372555
0.5081165978633791
0.3003490892995575
-0.1958895311428458
-0.3256333582489724
-0.30818748296392245
-0.47532964549504025
-0.3709033914675957
0.02789150622722571
0.3560159598266404
-0.22988122770865682
-0.03224541340963514
0.4408026847933458
0.5308002508852495
0.500234250576916
0.6393708704706788
1.1175649342159404
2.092711404429615
3.149526806016014
3.574869739329064
3.2437503304644473
3.5377255767591556
4.025860158361115
3.917387626858201
3.873629978711028
4.280749071264394
4.455096382567588
4.820973272209002
5.399289231059896
5.640414640419951
5.6302831391567185
5.4491398816324965
5.434653702277498
5.5192654720536405
5.487067944381653
5.522162397135323
5.465582672307315
5.398977240525008
5.341405315047826
5.617643594996828
5.76967433668106
5.715898085955387
5.921172289380923
6.162842588126838
6.540542702367592
6.053663495549196
4.593631202050612
3.9595233775127747
3.6925636345652233
3.1494741977942016
2.413728718929693
1.7801988665868598
1.101267234909883
0.5861446707439832
0.14264705689598595
-0.583504881729712
-0.9332932305533485
-0.6843761743298853
-0.5337608874822934
-0.6389548920524749
0.08191504211632797
0.03329847221049149
-0.3009832524509797
-0.09170866834162814
-0.2930349501064036
-0.5328023426868722
-0.6200345302071963
-0.7519685624603397
-0.46819469799694363
-0.2963193266717376
-0.21439268067587358
-0.04286848013533696
0.08435304964641904
0.013398209153238085
0.17053267048089313
1.1996242061538633
1.496660197294339
1.422109073942329
1.349138824691396
1.3199299446294839
1.2765739053866205
1.3304730358889478
0.978211481580643
0.8797579641933129
1.574020071935487
1.833647657751517
1.6943853707879006
1.1398524720747516
1.2939320078881187
1.4977373538084648
1.687910160644144
1.851373773692399
1.1829548463794
-0.5874566675398414
1.518946408140657
1.813134230465685
1.9505340531416264
2.2064900413114206
2.2233771568283087
1.977038354624869
2.3084497969609736
2.331131674670487
2.455950238369638
2.5181128673326243
2.458662372985983
2.463549130086733
2.3296869459347644
2.17504911753407
2.2940328176502076
2.3981649457596066
2.4601430222405063
2.486429561348212
2.425909396133214
2.445792073159035
2.606178268299206
2.440305996959101
2.411542631768133
2.3475608580605978
2.305840073385124
2.2138817752121627
1.4782455662969234
0.15759998669016417
-0.04145633022383988
0.14415963121361808
-1.6835630718268368
-1.4072769551592144
-1.1373365497708934
-0.8985539846260046
0.2897873690715027
0.6966870058491202
0.42983472699842545
0.24320288323696518
-0.10395612946669112
-0.1105942013318128
-0.6114513517900599
-0.7244103141979029
-0.16697725872541125
0.27822265380321237
-0.30490783203066485
0.39776127574779013
0.7484767983921081
0.6483715138953706
0.9538810022586389
1.598510759865649
2.5997935651768986
3.7305995206096676
5.728938665393891
6.549394970544518
6.344339937147413
6.515692860494625
7.090367183438676
6.884450873858524
6.459416757163782
6.53675474037255
6.852635807007776
6.614753704091613
6.455282577289726
6.571607891574251
6.572650392985351
6.170929912140913
5.727433588327372
5.418725925353421
4.96829226219013
4.835396395650324
4.777996397760124
4.4186923309155866
4.038576904204083
4.074430929091821
4.190275626852745
3.875677631167036
3.8082516220384814
3.883006407280821
3.6816792024152654
3.6023311847714874
2.805465935549239
2.338024350478924
2.261943714245108
1.89934022185508
1.278371021367107
1.1101701946588831
0.669979417068072
-0.03178276047690015
-0.21098411726192356
-0.5683793639906757
-0.4769588595970197
-0.2017215256363341
-0.3488591605047463
-0.44661279401834814
-0.4073564974530461
-0.6714328855271782
-0.46760861668244336
0.8282909186121992
2.032450683051055
3.0288291904264084
3.2552401401470576
3.204416976580616
3.120692180925146
2.982184354709171
2.646223997456807
2.7842784160292053
3.2813727776839183
3.833314521965555
4.42251396897037
5.540221159106471
5.816432939749187
5.783908572001532
5.966906768914438
6.076875320280074
6.411849643242801
6.649299082175185
7.041105695298291
7.002511753490051
6.333190515338642
6.418337206646691
6.769175608007142
6.629300783393162
6.349018491130723
6.213018551345665
5.92625098722313
5.445977875307523
5.247023245336092
5.060950243251249
5.062578910852632
5.228348225653848
4.429151506758393
3.518685773595502
3.228276079260424
3.041199903494144
2.9663219505415443
2.860283394419937
2.6247587186709174
2.364229312853592
2.367230160053597
2.271141555185685
2.4972655643602155
2.6494621626558743
1.9450883344002527
0.9401944751915133
0.23047588309226336
-0.03640462088296565
-0.23078573590521398
-0.6355620786032455
-1.280186303755754
-0.8339196206339847
-0.9689571031723586
-0.7903878405580717
-0.626459804582573
-0.8822205333692238
-0.7274634128241944
-0.20247234989001292
0.2674572110459572
0.2419195419746178
3.72519008886433
3.78785695465882
3.5776299422456974
3.062063714679105
2.7824772558752104
2.96217932619102
4.356765944093078
5.257623293793373
5.656347136638255
5.95819600773
6.414925196323614
5.874216264477333
4.935326915276003
4.1716539070931615
3.7660819272839428
2.759382226267864
2.8039206880930063
2.9617303551916465
2.423783042204488
2.1385615429568423
1.3424269437141627
0.3542283339592956
-0.8369305172233078
-1.1209930985762588
-0.6963252423242058
-0.6884116123047542
-0.8194768115482685
-0.762393977374283
-0.6578961014075291
-0.45069225799599605
-0.21592663017890731
0.42333018120381793
1.2756992771741036
1.459230153701525
1.5975305625738068
2.0636662557973247
2.8486643163474947
3.5320087700252296
3.781622861782886
3.710815854732666
3.665509555309051
3.801462922143527
3.7399062484598797
3.3757832077211134
3.120999207600385
2.9856000725865446
2.681759025149383
2.031766719285404
1.9830070266311324
2.168299856536948
2.401131097352201
2.6879306301047077
2.582174487135095
2.7637639877302482
3.213115477078923
3.405619943016401
3.59947943353169
3.9025005999543705
4.5096373702611725
4.79542869163593
4.583859942123067
4.956955905329118
5.772989190999705
5.072709545775108
-0.9469100772634289
-0.6529972426912612
-0.12129222454054292
-0.07330749691714636
0.1045864601395332
-0.19553068052434924
-0.5198899758523086
-0.27729266775698463
-0.5047599066051425
-0.6066144245908242
-0.6918785585148913
-0.6677034353522967
-0.16881905953453727
0.28027476908261445
0.47348986451581515
1.033905952645516
1.0744641842368305
1.0088500178349227
1.41580677418825
2.0852625364061734
2.9316783166421323
3.708394716160693
5.230788308434854
5.736255012481632
5.795490050947075
5.788195783635103
5.857804877081436
5.881182070093924
5.773160010181595
5.456137254715939
5.340318444557597
5.0237678948634965
4.56118822468514
4.650787169078567
4.587359978656598
4.103587306178678
3.4641862043572003
2.979597797358934
2.5742991465171237
2.4772642180355064
2.3086245054117147
1.9093919141721467
1.5659388768821432
1.619329023845754
1.7426668184826575
1.5573207577984782
1.4307331339327252
1.608252453550532
1.5079850891130864
1.9159487532381274
2.0467984560209223
1.9746005998240745
2.1869603418790966
2.121959613634116
1.9283826299596145
2.0448593776091926
1.831669161194307
1.551928728394359
1.6258899591332003
1.9304604052398224
1.9954380818124628
1.958858090199781
1.8482201414428203
1.7720188776062868
-0.4509343945143065
-0.011230107473540401
-0.09005067395021205
-0.038021235630897925
0.19272013143590394
-0.2165920169995623
-0.3364372568764383
0.04875761662377469
0.2604131138898612
0.4444860629555477
0.6554046941534329
0.729544858821502
1.1532414935648498
1.099259312867127
0.19291996081826754
0.27904843305387167
0.7862877624050117
0.8876336364921465
1.0004719766354377
1.4145857252817848
1.5554780658589051
2.1191608879963173
3.054279311374694
3.411493272492534
3.54632138677318
3.791289408906527
3.8844683322788014
3.9559803844902373
4.161015756735538
4.210973608371078
3.7952169835722964
3.8900770177382613
3.8223083955954005
3.752095983197844
3.4943330142263016
2.9911652393469232
2.637122696862011
1.9943760537699953
1.3189346253647154
0.8119297015985519
0.5002805470089894
0.008858181556765874
-0.7350570740791678
-0.8133175414245241
-0.7487060085433174
-0.7232839697280574
-0.334410057769989
0.3325235681107593
0.9176069640986558
1.9378978557877244
2.6466623172645947
2.668281988860902
2.7083082882787752
2.5501238667097565
2.160245030662247
2.127477602321592
1.6578382234022615
1.2109349709510795
0.902440582615693
0.5601032430615708
0.17218646332789375
0.31051214250573383
-0.2193955375952771
-0.44064014293954656
2.0693579855815205
2.153561334620532
2.2242014772740855
2.1919767324773947
2.328526524285857
2.5582695267817916
2.751895899494903
2.744274102514604
2.719981032731645
2.7507382840290515
2.774005464750662
2.617467422156572
2.617104040824299
2.72617148315121
2.735956293463431
2.7417865991479076
2.915094539805975
3.008599493394138
2.9634032773097703
3.040381378647155
2.973894436041312
3.0389869595992076
3.0638093281522676
3.085030618832424
3.159699082873431
3.1841433402395833
3.2307349615902634
3.2654511531893755
3.2262776307473673
3.195027766241437
3.108402411275752
3.118009628811091
3.267261161186987
3.326089829411564
3.4165653132807585
3.3658346879405845
3.3227019549547765
3.392201700576746
3.3360230916740305
3.272448315504468
3.303535049837788
3.31048009533704
3.313231938432003
3.2646426084264446
3.177027878829641
3.181871195343978
3.1509561291859787
3.0877077530610197
3.1210457480617446
3.1156673477625243
3.0864005237885253
3.069895648606476
3.132094518333125
3.1446330216124374
3.0681794288143323
2.997560487261224
2.947437615366076
2.8230299091570137
2.778516245962411
2.857043512461987
2.886589385551036
2.800245178764865
2.6517055404458003
2.6092740958737064
1.194567129843267
1.385488426587838
1.5759099466205062
1.1868991818605878
0.8627357178139592
0.42361773005923187
0.48078332350469866
0.8763598621940517
1.3037615069278816
1.443693058612898
1.9082946086360457
1.7891217796617858
1.8386003005373794
1.3218506801041008
0.28201696305343166
-0.39752510304981237
-0.4260576108269238
-0.07543548134041801
0.10449521143346595
-0.08196840998755897
-0.9361104715844624
-0.8049573109905451
-1.3677034660076088
-1.5821006759878846
-0.9198127420858747
-0.9223843334084099
-1.2404808566333936
-1.066211943005079
-0.6468229304556943
-0.903118715497401
-1.3711768285447403
-1.2207133612262755
-1.775317218241366
-2.570531227260697
-3.392185473700428
-4.5421867845420385
-4.9723486892325575
-5.6167320253086
-6.276633988510265
-7.1821482172484306
-7.375592119842312
-7.311905829294863
-7.672184293244916
-7.736975853008122
-7.941350510095725
-7.563565340163835
-7.018927479700486
-6.194484305401138
-5.519963656521404
-3.9183326408597
-1.9369310616884376
-1.714120607085121
-1.4738455650414488
-1.3208254884760422
-1.1792432771940597
-1.1156938740958362
-1.046466879905907
-0.8476063990541202
-1.1233617873137909
-1.0533078699304035
-1.4497570507554862
-1.6119096639511539
-1.7630377379972582
-1.7836093668970403
1.7326775510559256
1.110498642438113
1.234354887504924
2.2615925786496676
1.9167907459677735
2.2235513880840974
2.743127343354
3.462371523704169
4.062657656386415
3.810262445310098
4.45838500338744
4.844960647744191
4.748148501665658
4.859915943687837
6.638447195734261
7.001743080001051
6.539990416992901
6.647937527809275
6.679136549888615
5.926411057588805
4.585572058232508
2.7229239743468
-0.38440151624314484
-2.0772873281971425
-2.532493419105093
-2.8529346841194636
-3.640499159365114
-3.342211248194554
-2.984398654783944
-3.638540490157868
-4.6389118409420105
-5.089250852988569
-5.546024390986529
-5.959108805853618
-6.16402229077578
-5.435948587031725
-5.8438612356925015
-6.874270577621798
-6.529559973543833
-6.579090123292399
-6.632009358588892
-6.129067549328996
-5.8029705913787195
-6.297983720148367
-6.486300509606969
-6.071997625748103
-5.782442878837109
-5.51554013441112
-6.30081694295696
-6.607667231105053
-4.564118586160585
-3.7652009106897877
-3.7470841533231947
-3.567431024947677
-3.278247307309245
-1.8494836128643348
-1.0885950547265097
0.4296469759010783
0.886735036621797
1.3167940974334098
1.6476865362952358
2.004478896055829
2.654122571336918
2.633054359546323
3.5403999860109594
3.6016251497506255
3.3832766539785566
2.9431725727622737
2.778776397958496
2.992033651030598
4.653971858055337
5.652537033238842
5.928714913290854
6.08862867510853
6.125562825543169
5.348997508966548
4.341799510127218
3.6267462595655457
3.3265496567453154
2.52665331632672
2.681653742209296
2.866798594503789
2.3788178213452866
2.158934874720545
1.4550184768806844
0.5027469751324892
-0.5171127535691507
-0.7188315651422755
-0.37615639558426084
-0.40967391521051244
-0.5440843851638377
-0.5090572631444422
-0.5116777435843827
-0.331670029528111
-0.10902137002924187
0.45182722541397935
1.2364256016412756
1.3172804234165787
1.4478340085441244
1.9065118335062718
2.549864867762622
3.1589535612914466
3.333084956578096
3.2706234153644065
3.248372405716479
3.259936404032934
3.090160244382055
2.6552972023591797
2.4573875643322878
2.3374057466210854
2.1525937903532344
1.4705439399488773
1.1985685638388603
1.151632193966017
1.3364408141092419
1.5517770259235342
1.3710339471863215
1.6166620532632603
2.066204359889007
2.2329257616917264
2.3999230445460413
2.93706835389321
3.9030684431533142
4.4727298986018935
4.3361540454448715
4.361623399645717
5.405782856923224
4.754444878522712
-0.023299603525316744
0.5737190342013251
0.4728657786088093
-0.015743146802926943
0.4249543499172159
0.05335316232069798
0.4541907132729773
1.553027782882193
1.302401025584739
1.7334677412112083
0.9418550093137666
-0.02292841545896262
-0.19187426333524854
0.005490373824403695
-0.3762286439477929
-0.17137434352904515
0.6983658588378269
0.2953955696689437
-0.2650381803675132
0.8532197432803128
1.669046597208748
1.5449293105200628
3.765110768324847
4.811841912024174
5.055173267074211
5.423931767620747
5.728445583087576
5.615093826866036
5.296541753342789
5.6573012138296175
5.705439582216421
5.7607254705777775
6.266387681302093
6.81768432371197
7.004463717134377
7.275130644579049
6.896568038274286
6.513948300654625
5.301408089826657
4.740617386348728
4.071281235940095
2.2639215921302904
0.6366963129213407
-0.36586028666065945
-0.7616143119216356
-1.895670471048614
-2.784856135439995
-3.3990381630745032
-3.4601381450766326
-2.8252073094896826
-2.7133430156039644
-2.085706534429635
-1.8788865667307058
-1.8109355666826743
-1.7145064884879102
-1.5533949854305649
-2.2061571998333696
-3.28401282158927
-2.662168940608077
-1.952398736567911
-1.3179933210095096
-0.6732188892007394
-1.6178883030212228
-2.056550453623184
-0.5247682569175516
-0.5289244928209023
-0.593810903391747
-0.9348239951376551
-1.5197791481190162
-1.798754244045204
-1.69558656121396
-2.569453663471238
-3.1072380968878957
-3.5955599479034395
-3.7292637475851276
-3.6670793471324803
-3.8401792653331053
-4.171541484313814
-5.016253544645806
-4.198831549644389
-3.222099358074022
-3.2024988171494226
-1.7544153084683671
-0.8538318908090425
-1.2605417867065996
-1.2470337198018608
-1.2459440200645389
-0.8353829633196493
-1.2160254927565155
-2.1338250037038247
-2.921471897459872
-2.100251389962996
-1.339817058944155
-1.4572741321681273
-1.2446486330390123
-1.3339048579473918
-0.9848120186531228
-0.41638706968644335
-0.08115363459952289
0.2961221240474331
1.0107533025821196
1.6201450804145563
2.108341322859243
3.4586327931784133
4.333446849328009
4.651261985393443
4.829817964619122
5.2185857527736035
5.369836694865388
6.0466026090998755
6.365690808166204
6.121188609488806
4.792990481384358
4.155631262405109
3.6562691795162747
3.614976801122396
3.4547357434652364
3.451429799717032
3.2468802377300436
2.900919017855242
2.8513456318110038
3.4261656787089603
4.701527424032485
5.045646325074332
5.062020783880736
5.009156804397469
3.947123960821697
2.2751451486556653
2.025305428031495
2.092738811755303
2.2007918401282103
2.2914693096558945
3.1584747145149743
3.9593384754326544
4.289332604834538
4.188667243774076
3.6636071646761295
4.7314255907675635
5.0283232156400315
4.82388300477132
4.574099348227229
3.584122652820089
2.395368146063632
3.2420588498411944
3.6241882144372766
2.5990211395412537
2.350215892136602
2.532656660638247
2.535597764550106
2.1852390979077962
2.325766100860125
2.1658338451341415
2.1904650876278797
2.720064370562212
2.7065707846905283
2.9290923550423544
2.9458662686144224
2.830202443987578
2.7919298469954863
3.0892259993570783
2.8941805175126047
2.579572980980218
2.1910651497000484
1.9882514687260069
1.5383130974438055
1.3503645024320465
1.3233100186034392
0.7694033215036472
0.4316738158369215
0.23259719396845813
-0.36591150245505644
-0.38946941576728533
-0.13488611534168582
0.28111751071529595
0.36416887270780424
0.3669025199799376
0.6730758092841926
1.221289249952412
1.1877614118737418
0.8052320803221139
0.9463333126955883
0.8908697034657854
0.8329584562511553
0.8771120012432857
0.5526183960325406
0.19698153055692402
-0.25124562240695014
-0.299394713018754
-0.4494071559496673
-0.8051467715246637
-0.9528507850945114
-1.046743090378355
3.518428823350839
3.772872179206046
4.164501034470066
4.810626355769766
5.0140997874392665
5.252313396036082
5.102341396218879
6.083482532126182
7.68495133175928
7.854374431901081
7.360044796581787
6.453364944259796
5.708644902326128
4.8696951919236255
5.8805216354579715
5.383258026493376
4.029068543826444
5.104438879451368
5.413476020976056
5.043025391830878
5.2521283164857175
5.349390736753599
5.098621747725825
4.83519837517842
5.507650625658154
5.747365270331324
5.646687993434378
5.243311511312242
4.981283981919608
6.181838310174328
6.618941623513688
7.535229471474825
7.852008416860128
7.998457842358713
8.375209386076245
8.395391596076008
7.374647785292238
7.295920739961998
7.3197601744518
7.1338284139423545
7.303439577616015
5.526767448310348
4.471866014939793
2.797015515118449
2.5887981193293546
3.7159521458437705
3.9604221323861553
3.9933344578259287
4.237523046031869
3.4498188954010267
3.524595403639226
2.865457277787187
2.301106050905068
1.767766277065144
1.0930726984532109
0.7731867913285876
0.02673113678695099
-1.395016299723832
-2.6785413193160585
-2.9392465233694143
-2.6082261340231705
-2.7681021015619396
-3.765965180303221
-3.7492901839380104
0.22950403698348135
0.039254091077830566
-0.24447957884888907
-0.6846525587712798
-0.8022942666512866
-1.0264898286723743
-0.7450664808545783
-1.2519325448006606
-2.2300605629182066
-2.4030819351070027
-2.173932059615477
-1.6328009896077766
-0.8220408811623434
0.5817466469680533
0.22785473124569
0.20613291440405906
0.7660653865247995
-0.24260243682290392
-1.0424194586245301
-1.3212996794828091
-1.5672812812558055
-1.5643323142651133
-1.877712362215229
-1.9838650650755314
-2.168565506304516
-2.4356677392730166
-2.4127645598316287
-1.8348012103199067
-1.0083959462490621
-0.840522366612751
-0.34788320830458935
-0.6062795042557453
-0.3483650631110698
-0.2485605159453136
-0.43363736149833443
-0.18700268012744237
-0.25273793702707054
0.10513868833484179
0.6054386610340676
0.6713834024923387
0.6394594008751808
0.3815662769824329
0.46085860164400716
1.5698157926768226
1.7907498768953556
1.4911356310950565
2.242370254832495
2.1956349692450523
2.5445275945368735
3.476482359773
4.050581905217817
5.025631531927715
5.448878213137755
5.672644743865189
5.898524560635913
5.904743190972375
6.229491213095738
6.543735972743245
6.609279285685282
6.420784757950475
6.010426589206652
5.831325903855348
6.5076228184485245
6.530630018814887
1.614837596147255
1.7867981282403376
2.086017649812459
2.5989333867616398
3.1365449024155243
3.5644396021522184
3.754683133730019
4.64461840481071
5.137465792647999
5.578543365358148
5.34089634119251
4.555166062924502
3.8755886019629395
3.113976651467394
3.751979299381548
3.5443117086343126
2.5007439701883962
2.587334498433208
2.2231941292885016
1.9203348540230327
2.4595937464901407
2.6435521996067965
2.384193964840828
1.702393725196942
2.0638046592780595
2.7483286245415273
3.817990867092995
3.93936106670311
4.455564229674341
5.497247627053771
5.74563275693227
6.454904279445489
6.7608006277363355
6.758892258254663
6.625939852703028
6.354851035528537
5.119586806843699
4.845179713032484
4.605560369020288
3.7581522406605328
3.3637532340980956
1.5209847271097126
0.48588727638010126
-0.6533727335210904
-1.0246549080787366
-0.5147018565354701
0.02916937565877452
0.00939101480857181
0.4299721118291177
-0.02057378013001816
0.12057110674027104
-0.23257091988858902
-0.38768399003707954
-0.6703744526067913
-0.8842073768636716
-0.8917552833935389
-1.3187155642304567
-2.22986161996317
-3.43851097141588
-3.7709475531405587
-3.5767781130758096
-3.526979201775991
-3.809096609771207
-3.6159348333463064
-0.012697565787942466
0.06448435436809866
0.26493962641867563
0.22118908401949905
0.27984706413819815
0.30828216026585153
0.4173312512481561
0.3971817231266213
0.17611396121897968
0.2709148345042506
0.29532126338653775
0.18249117425694736
-0.0819971933681437
-0.074179942441047
0.28885361831794776
1.6379373743577033
2.431927515092813
2.2290791714805085
2.236533684328374
2.5771699585763748
2.800786969819922
2.7291135638316155
2.692513518930702
2.6228619212419906
2.404779277420878
2.4915357873647874
2.5978740128356015
2.7234081783777055
2.776257199137152
2.8210176642644336
2.7889703989479857
2.7052683564712567
2.8205190338674306
2.80030255446838
2.68042293403509
2.6426348808478255
2.596484958709933
2.5744483330099923
2.490332703487097
2.3164938704919122
2.2968424693185456
2.364621801209346
2.1032177932049487
2.21535729047572
2.1236295447164286
0.6837306600829257
0.22461371220906035
0.462032668207999
0.5513456475659866
0.5317056424583955
0.3317643278306737
0.24245467571089604
0.23442046946412823
0.21383210464927965
0.2881941437651746
0.27978544223717094
0.24167486465198143
0.15830732294256866
0.11786412762289374
-0.03206838405074283
-0.09603708045114959
0.3707089373038944
1.6330435961265468
2.3592671047585134
3.6637224617312256
3.8149467226762117
3.966135960817323
4.2629036173841
4.0710876919088
3.86059347990879
3.4752765587059136
3.9658797255839415
5.297318457659066
5.016929039552437
4.70976743304709
4.423408262723357
4.391831216708505
4.335369040449692
5.150458945937284
4.7023039812336025
3.909152397521839
5.00632107609341
5.140603958596133
4.4221630325138515
3.938641161866974
3.8770702055070325
3.7379644823928597
3.763172241338671
3.990774528344785
3.866551399793005
3.352947603859194
2.9273762024935848
2.339918164941056
2.6901766867283854
2.8957028522234562
3.1583404792333716
3.211980886724713
3.1544163079140177
3.443207753898708
3.5271637514046064
3.3973714609349734
3.35832412493673
3.40186879548558
3.572921997127143
3.8206553721081256
3.5762282234781027
3.6861575799940702
2.830564060183151
2.8365362564492727
3.432427328663561
3.149667517559977
3.3228537791995763
3.832356451804995
3.877531723222084
4.442473874385909
4.571060776882989
4.298371526038267
4.050378512733789
3.709348297151159
3.4874512915045504
3.030250380834321
2.076127120354378
1.1715476953892825
1.0696729511670588
1.2793104859162128
0.9293793293545349
0.2351704435406128
0.5327229983066755
3.0836966273429356
3.2084515437020773
3.4232456180659137
3.7027660636166053
3.558051096345458
3.6614416582282625
3.2643673190158053
3.538765384803433
4.7798453821936295
4.593326843704495
4.226271017242352
3.9618790391149576
3.9910933810880262
3.5761210668711336
4.4624292018119505
4.0009039817124865
3.105100507696727
4.157732875081828
4.542979036535065
4.147291097922371
4.077308429717278
4.232605713279364
4.028302114003089
3.84720363676474
4.342350044639603
4.3505793592315145
3.736724883684341
3.3357323623087587
2.9604308763850318
3.471235715956335
3.541554304924307
3.78074896271896
3.990795686975822
4.192321423997425
4.703522628883512
4.89764470358544
4.672026194253746
4.850539883106572
5.148847351568289
5.497773107442544
5.933610042549778
5.365394374660214
5.068888798640944
4.070516213508181
4.082848139020178
4.83801979266135
4.684751693746669
4.767618432618339
4.996328037756694
4.606208289445056
4.737837290255349
4.46720509421037
4.006504521391049
3.559196667456516
2.9208035840929942
2.6314899823253906
2.0725842372186167
1.1456579063183816
0.437604246947197
0.30424177221279697
0.5045391484244972
0.2306100577522361
-0.4953435879527875
-0.32596359946507264
3.945118285915592
4.022185798163982
3.6528755591250945
2.9230869734834286
3.0942399573616832
3.463410708967326
3.0273525065708182
2.664935590859915
2.8061238121079826
2.966407224228744
3.2197263406729766
3.5268407869269476
3.9319941273913304
3.9382347169438527
3.44446707677142
3.4104629830019597
3.491572355030083
2.976503661626696
1.5535999818190476
0.20416503133421843
-0.6594266014801802
-0.7231905019790604
-0.8716386447211665
-1.5258965921950363
-1.5740875214914196
-1.2983478865403681
-1.6630248335602325
-1.3764247033689305
-1.2114860251828046
-1.69434822216758
-2.3769923778417574
-3.5196632204455294
-3.5336254231383113
-2.7280929663355744
-1.4504585632559317
-0.6543418830288003
0.575715877689248
1.5172142525887127
2.5258437153945668
2.669623266697942
2.3739285681139544
2.3628757846097854
2.3311263561836366
3.4752589921184587
4.292808434300796
5.049861982165968
4.658193718238495
4.990607179906292
5.119970850840507
5.583266892940147
4.891988223675127
4.398639787055729
4.216995339455538
3.897475852390173
3.6508066796856613
3.580690157113737
3.5933273661451475
3.8232765124329426
4.2035438639149065
4.405400940444687
4.14050735406596
3.5519080883206864
3.20346415185765
3.738529694257146
3.6704170732306216
3.627431707489158
3.5686769070585402
3.7309163653914834
3.6530014428616653
3.3610129242258697
3.0699410500608915
3.301118985366778
3.8213242400583547
3.5184354287180053
3.4549509759135977
3.257734767348399
3.064375845276589
2.9673354423439067
3.3301534756347118
3.2015546036318008
2.8579239957006157
3.6127463345049633
3.802596448237744
3.870518546355425
3.952004433052012
3.8509254787238048
3.983391299567833
4.090952584256451
3.9933241819906695
3.7830937042919794
3.509470217748932
3.024698706710927
2.7538165886835846
2.7536442289991743
2.8806289947710444
3.048719701631136
2.9017113052086523
2.612391959112317
2.4587873899795767
2.349819384097315
2.1850950360253547
1.9583122739893106
1.700651304771728
1.4505558874107694
1.1865107783539557
0.8510499988014776
1.480694523442197
1.265493929749128
1.019720825792535
0.9576678969892356
0.7781453470507752
0.911748680243247
1.3700184209513147
1.6538237355955503
2.3716426016088765
2.849069154779932
3.0148976614997562
3.1289684665336686
3.2146966877054655
3.260467270708108
3.0800572787123577
2.678896353307146
2.1014156941323434
1.9145537198213407
2.2479903532190306
2.3117275971178377
1.7621249037724063
1.7493733139963135
-1.1720468454074213
-1.0437957689936357
-1.054329770464787
-1.4709109804049996
-1.9407677408367563
-1.996395576542396
-2.1003940045669776
-2.9373055542133923
-3.246115363441675
-3.7242216046699057
-3.4889715038174067
-2.620313771890815
-1.7974846451959605
-1.1919990908856781
-1.3021722156394022
-1.6863784296229325
-1.5310214039583607
-1.6093675380016432
-1.3038870884103224
-1.3051930263146556
-1.8982986986264907
-2.5528490085860986
-2.6121973976027593
-2.263169535506702
-2.214393259206252
-2.542586050090269
-3.3686399523322517
-3.6735738917021794
-3.87660067212872
-3.7169100000953366
-3.2476129655429826
-1.823588305138222
-1.3602290377266855
-1.0928944013024802
-0.6906602996736795
-0.36891433444045607
0.017426947964071755
0.15238343753178418
0.45902742425406895
0.9044266884785601
1.234832994281404
1.8035487065682199
1.902557456968492
2.354392797004288
2.5025660221151296
2.449130943566672
2.3508896207608205
2.226383678885672
1.9227755422560004
1.8111123875275261
1.4434634887124997
1.5103250420757408
1.4192443102591836
1.4322270156546584
1.3139859181759732
1.2052454916102886
1.414984499284595
1.9257415178876922
2.707440205779284
2.83955134863088
2.705711102109464
2.6545178187645146
2.809928492309296
2.6463090467223673
2.591995647332024
2.6204744115941128
2.740046891494614
2.895886429982046
3.009932067210833
2.9997119989227747
2.932946065348076
3.011534678117693
3.0988179688810553
3.167524684733004
3.133032931017161
3.009277523111519
2.9807125766680214
3.020005099599457
3.217841976925458
3.1663900237924785
3.144978841489362
3.2533415274776645
3.3272693123817962
3.487062958453854
3.506346998547663
3.448400881575571
3.4557409105471075
3.4404903115469474
3.3659724098729464
3.3216586218224706
3.403326369503715
3.402897447537064
3.5087019229099
3.696960259410301
3.7668200586073968
3.787232655310204
3.6029365181281334
3.585172963892446
3.4637664479347183
3.3174318356819685
3.2656040492404546
3.1607483427724032
2.998323691246939
3.2367870132373815
3.3833042291603705
3.4924963232710673
3.559525657983428
3.414223060128726
3.285540632764197
2.9715078510394934
2.8403061565791137
2.7716517182610962
2.449139385261796
2.4838919402304276
2.5777579958397814
2.46721137568284
2.3991439074378156
2.3473310757345116
2.3426576977295834
2.3945844030692633
2.375688293597773
2.356871945229929
2.4693230487639433
2.4048499102072203
2.3149934908746155
2.3124407443472474
2.367391715212492
2.315183066715162
-0.6198694568334521
-0.6681412989454533
-0.7662240581871329
-1.062985039864071
-1.6491640440785997
-1.9543016950852714
-1.8308973896752057
-2.644721700822493
-3.0998872465202285
-3.6160199100345896
-3.8619808620870186
-3.7978151208652724
-3.897016434266454
-4.135541628900144
-4.920832697920107
-4.114393591982305
-3.1240887064726595
-3.079154529513285
-1.9945416641000595
-1.537023537845124
-2.0725146216624037
-2.031299507676063
-1.9051095677621197
-1.3017320882525152
-1.4185683645644824
-2.044918939230753
-2.828560267246182
-2.035190801337018
-1.4150437852196185
-1.588346114095964
-1.4353202280459605
-1.6907988694254565
-1.3318455677378624
-0.7857276518153131
-0.3955499145984175
-0.023267632890176023
0.8877141124418881
1.4350395645477485
1.9062754737444276
3.2155943789372583
4.0449745359130365
4.79163106985958
5.164392157620274
5.531524951649588
5.725790579036266
6.265282977627809
6.372136480846325
6.1530833642447815
5.073619164189007
4.560980239194843
4.121987770946813
4.109207459194496
3.8840672895323913
3.83735093864752
3.547977827411808
3.114076167842481
3.0488933695147273
3.469267546917008
4.4548867207030405
4.818910675212022
4.792602424959995
4.634447453490146
3.7649830248144274
2.501607312528101
3.423086109524303
3.636513367590704
3.9463239265415395
4.4689023735403035
4.356070776683363
4.391898513533087
4.348520434428722
5.122146583257478
6.685904858324816
6.681874223438819
6.202298917795615
5.560387772672083
5.019454852770114
4.478261355160463
5.362296019390348
4.900326621455968
3.7929418929951884
4.945162157196216
5.303619405300103
4.917441324623811
4.77139454214215
4.711397573867825
4.559055805530987
4.724914070056992
5.397179642947171
5.53577152308202
5.1706270721388154
4.658534426109194
3.990086051048311
4.612754246558619
4.950422478024407
5.665610242518572
5.869637866502897
5.946123993625052
6.35421520932014
6.468632564845759
5.919966384202694
5.987998682239337
6.210860454206745
6.384814381804326
6.754810892723669
5.636166768342044
4.915856531855515
3.5202401550990663
3.4304599703493635
4.404563485708669
4.392556132014024
4.462696269486449
4.662451187419187
4.060639148189779
4.170514200491713
3.6673355732439057
3.109170264413543
2.6772203751549655
2.070959417162287
1.6573943098372972
1.015640898037221
-0.16338605811562357
-1.1776096220015955
-1.3267832453134032
-1.0411039913396385
-1.2787013030255103
-2.1880512914575503
-2.1053926374627405
3.1470793035879043
3.2498767796997643
2.768339019018194
1.7161884898408413
1.8152764043947096
2.348928039359019
1.8275451476620859
1.3064559489047223
1.4839687447546877
1.5479575118111935
1.8470471489089788
2.2603415666365847
2.7971517525009273
2.8437666835301423
2.270280939240011
2.2223453748731603
2.3230511627682944
1.731358428220627
0.0795471254465766
-1.4429652461168334
-2.402077073439477
-2.403387580443136
-2.5947957253278404
-3.397082528047763
-3.5172698745425808
-3.3099924043251896
-3.792769810898
-3.4383601453580446
-3.121121727927231
-3.5520193347868423
-4.258961813217356
-5.576421709918342
-5.517162157542186
-4.601380762870399
-2.9662866217559896
-1.9464743216171865
-0.47358113922923195
0.6861451748932791
1.9250196119946776
2.1925864133564117
1.7271000266486103
1.566044106111862
1.6216276603413322
2.9399697981907202
3.9157828909783134
4.866150795981253
4.456554043003327
4.764772879330067
4.652119229283957
5.189945595107596
4.3727983753320645
3.926810531608729
3.866528666828051
3.5419869716760504
3.3330262578264622
3.2201290413255648
3.214363355624973
3.4391396767942344
3.823492889288373
4.002165972826254
3.6992596052984013
3.028994116802859
2.4340100792100983
3.0024507095370567
-0.3337054086357876
-0.5329283968938398
-0.8310140453491504
-1.3693116373721481
-1.6948865917640406
-2.1016037280190822
-1.8848880455877755
-2.3197327413540023
-3.207547173439618
-3.5115832646057337
-3.2887152994184983
-2.5733426274742515
-1.5710280718242156
0.08655790568526639
-0.24954096955369753
-0.33488454889498015
0.29636619326517516
-0.7679019591764772
-1.7539879011072421
-2.129172460990069
-2.4216918942888706
-2.304990909401945
-2.5273574607361304
-2.4435458207204617
-2.7578860839171586
-3.145637327202353
-2.996247986420693
-2.5274343418427048
-1.8468450513232628
-1.8833013667639245
-1.593717028508738
-2.13062605073263
-1.9267076186503385
-1.8017271269818618
-1.8325085588370713
-1.5289921967080837
-1.1287250409550533
-0.7634403408942385
-0.33002539003881487
-0.009989344781498008
0.17275701046714692
0.7599123865632865
1.0349282917443132
2.307428161039572
2.575559565482759
2.090134333579031
2.3889930169786946
2.310019978650987
2.538135994582704
3.5674251537448387
3.9362581071013683
4.879943051061832
5.295420457418078
5.559651210294664
5.933170511748105
5.949930324271803
6.437585088771252
6.944154203867316
7.202231684137635
7.056452788770641
6.5612649491268975
6.275893227568452
7.168293653878677
7.466834768821956
-17.422616073933654
-4.303265668712741
4.931056788795465
-1.2893581296981083
-0.6536727876877937
13.640016119583045
-6.257544406918291
12.22986343430006
0.0794539851614904
15.896912943562501
4.045187140018438
1.4690270995983543
1.0074619416225084
-0.8095780238831166
2.7617451209474138
5.622629266077876
8.465618959141157
6.137415363677136
-39.5978966712718
-2.5857693692537573
2.3624378948109306
-0.23875656942734413
4.704770898402301
-2.9457701788395054
9.98420004419918
10.887451834293346
-9.828151121403353
0.5746989183720568
3.1351314517144866
-3.3268636993219345
2.1725063355181957
14.282909282972534
-7.804683554065592
-6.631268255233085
25.831591114045573
1.2585922112673413
-1.3916961879182814
-1.4220255451443626
5.791096346088187
4.819032627071834
-0.5234551151695108
1.250297526388193
-4.944349626792671
13.177188754912219
-1.0867843018088954
-1.3751151347878448
2.948912687188979
0.58873037891709
-25.789313685392127
-4.922434280170038
-10.457763735436513
-1.2810508262517502
-0.7951580052359722
2.265084024562462
8.142035017333574
-3.244290583109538
9.423705177581523
1.1710117380075376
27.166562386320283
4.385428053668108
-0.660910883075213
-1.4126734701672528
-10.201850383506255
6.044510091168098
4.34031541161903
-0.3774535097319773
6.311106362712998
2.9052129156930184
1.7760779176505588
-5.577774182002824
-1.736986573383764
24.60193285430205
19.512670158218985
-8.3170065007104
3.415768827921986
2.3866602112537914
0.5342761167044617
-2.94872224609652
1.0345460759164729
6.966142268003962
-0.1110564551069271
-0.6815444259778779
6.2603324708687245
0.951437540833226
0.16414851686870593
0.08906021626285765
15.71127609778256
-0.3005013764880975
2.7298340933018457
12.850235791428522
9.095648553945255
3.3618651576806897
10.003313232498286
10.729722674205581
7.565825825285688
-6.197760662027776
-16.905284310253982
-0.4571459005824298
3.7336213768860382
-1.3199804183818078
-0.2835692936813412
12.662296249502967
-11.283132324275343
11.252041744611276
-1.865184646901085
2.7270031475887775
-35.148366407669315
-2.6139236217238073
1.7338785197981343
0.665409192080825
8.673229185711616
-3.258305654447311
-3.8067365425915054
0.42744002443881157
-4.259568022721392
-2.563872388848626
-1.2577342395819966
5.119129679813708
4.295357618987007
-23.280825317625403
10.846617924002809
13.93007734179881
-12.96847468938586
0.7547280414384184
3.317610050060993
-3.9486596636703917
-0.7390852603441647
14.114361263981003
