-0.4143030885660249
-0.2117354254992494
0.0027434233713996984
-0.1306989840578931
-0.4904812849912149
-0.9602313039917563
-1.166869630414876
-1.3646993122369504
-1.2981670678890973
-1.3583560381912472
-1.1970070531474961
-0.8299058754127294
-0.6501934460708667
-0.5967196354520081
-0.3136548275622374
-0.11184520111461106
-0.18900213397006124
-0.11519050321647589
0.12982324263136324
0.25141799701249956
0.5930732029631582
0.9026040562459917
1.1374931279694884
1.0622985007386443
1.1103970077061034
1.080849397355143
0.8633139924622577
0.9171286555004449
1.110224337804038
0.9668350849564619
0.5420944569650445
0.4888292783524644
0.2135594033309571
-0.06647497766394768
0.03667161935109292
-0.24896163972507462
-0.5083639390715362
-0.5504263617459773
-0.5964180391974956
-0.5796127391435802
-0.5049260841165355
-0.38403148423653577
-0.2741367518926352
-0.028695492775428485
0.115390917106324
0.24690537887463399
0.23454121253225443
0.4452879369144039
0.7783042890200504
1.3267415278427035
1.6405107929168796
1.7583500753999297
1.9034520190395887
2.042620273432898
2.1076850231633437
2.0986957743316936
2.1246275764607625
2.241440565350468
1.9414402887187803
2.0565121823554553
1.9761954955443
1.2709526450078212
1.1427195230742742
1.3215764542363244
1.2308442354574285
1.377302857429894
1.6755793301179245
1.8873867255822565
1.6284308756265475
1.424103085981558
1.3742389317621873
1.3374304230239737
1.371169606309711
1.419240170345567
1.606810105520948
1.8506430776115517
1.8396860242920638
1.704916335605914
2.065751788357464
2.0650527278253143
1.7812300687369178
1.675794874435698
1.5840570109157621
1.4389480075069843
1.329455002571353
1.3749459753647275
1.5124671675567762
1.5842417567924285
1.5545597920916905
1.4750295437556282
1.4136969252610951
1.5228728567717285
1.614345190628142
1.4304626215518201
1.2959864594529051
1.1527310592545992
0.9888124331621515
0.9481400245258753
0.5214861867781223
0.3898914015752312
-0.15925853008761784
-0.5176952583231392
-0.6998954592509018
-0.7831826672886517
-0.6768292288790903
-0.5442273236879636
-0.5993204859014921
-0.5702228960357094
-0.4778432930268017
-0.4366482968209196
-0.3527339098506135
-0.3496332682516167
-0.38789357063643004
-0.3581465422653488
-0.4873654465409822
-0.4626800048747645
-0.4105200565602653
-0.4063734326250418
-0.41065607925337433
-0.249274721429799
-0.06622458039981391
0.1376844453665342
0.0387953007786861
-0.02621143691396834
-0.050788593459203266
0.11938635401865005
0.28285831119410687
0.3506509979699334
-0.25179948723802864
-0.12313389792459628
0.2590896192706908
0.40338278145548057
0.49827342465194263
0.34055304328051483
0.014571471800233316
-0.2364899723260811
-0.029401879717932435
0.05979483770049631
0.46316506577340155
0.9125248997781513
1.0656819255967136
0.9841791586737944
0.7108966538263671
0.7258112917118373
0.5982195740071912
0.5990372568373123
0.6635254764064279
0.6064025334800941
0.6572962849468088
0.9357946104269603
1.011675601668495
0.8635333287027158
0.6845706939743837
0.762498695790604
0.8148792690750053
0.8666606426598649
0.8691874226385481
0.8630338497893283
0.9117855520770786
1.0158844350625689
1.021862030047268
0.9650256697204704
0.8837048009028179
0.7493515745904153
0.7317319614256955
0.6961426017722134
0.7952154385534385
0.870059653886983
1.0383533506966558
1.4344598757340192
1.6468932653007073
1.8830393711693865
2.048761482869634
2.0750852586624466
1.9917181862508424
2.1916654451836073
2.50393912608647
2.9266488897197727
2.988485355587144
2.9199109548484774
2.749526524558516
2.5476553001556033
2.299606750220282
2.267516112145503
2.16971488780451
1.9781857281735709
1.3684308202334754
0.7314437336335833
0.6515369354393348
0.8626553434360895
0.9871352366315995
0.833548700627786
-0.5493698556568523
-0.8018807924484412
-1.2594918247601323
-0.8276651606252388
-0.640949995597712
-0.32643518000412236
-0.3320622121018995
-0.5590977725233298
-0.508590277145856
-0.3785292295118677
-0.4335225914411979
-0.3757337076966758
-0.2801959517891321
-0.19561781677246134
0.0062790540792484585
0.2591615315477511
0.24010361666542773
0.17621273111136435
0.06366645548659715
-0.05742941245475561
-0.259571139746849
-0.44653822325718434
-0.659229963934036
-0.6878782011672766
-0.7425314447648372
-0.6798432351590252
-0.5206923109084697
-0.7234257523056343
-0.7757758739816882
-0.5119729412372163
-0.0960509322986906
-0.04437993914508401
-0.014170393814000337
0.08481953847582198
0.6006405491473867
1.1470415861847603
1.5872801751099361
1.836488593527962
2.2622703277754366
2.4646332482882713
2.519888453501467
2.5968107245795147
2.807222340045215
2.895345175383808
2.8561025086478495
2.8028787024301645
2.833874091602179
2.7090593500644538
2.4439858663413037
1.5805471110414457
0.7479050677212099
0.5970136532517301
0.5000657502312678
0.31249157010790385
0.25821944200705405
0.23362019678597432
0.28898024290965574
0.12244248100352259
0.12908514750381353
-0.24404982908779196
-0.3809731852759945
-0.14819108086491486
-0.23622419615165902
-0.27307395851247607
0.5744635150077653
0.6373147256058862
0.9145086432171378
0.8230453110098735
0.7622947674146925
0.7325674049438949
0.7491320651322488
0.8442545750503492
0.7372254962687177
0.6104407210924997
0.42992230640758905
0.23962003550663427
0.14845849495383287
0.17146855015749118
0.14006233531760612
0.07105396353933183
0.17716776650244623
0.138640526971136
0.043745343014785824
0.18188810257157484
0.5292738585109528
0.9090609441929409
1.5626100693713187
2.0542144782629848
2.1181680547444426
2.1202537344253547
2.21051194545809
2.3191800080252367
2.2984307161955058
2.057069758666222
2.080383318703563
2.312581668012184
2.735579094901312
2.8652159080719937
2.496285287588874
2.1073399773786514
1.5918074247436849
1.4038474631085802
1.0396096306418356
0.8488412723043182
0.7597119535615761
0.6530844700359868
0.34617473911722946
0.2742771655546372
0.26873915205061555
0.1768489956320747
0.15309477337303315
0.08522101705980105
0.1253429466617845
0.10621493225372546
-0.45220410748854906
-0.6316245185599205
-0.5119435621500293
-0.5410458084485201
-0.5820668648760979
-0.6061462599579567
-0.6510356669575251
-0.6879302928065701
-0.5903231305275858
-0.4479913121764784
-0.5307970086421049
-0.3897037970120321
-0.19519825430441037
-0.16800568779098396
-0.640492330205579
-0.7244025300155429
-0.7368474742737752
-0.5428156456550626
-0.23706763766946104
-0.10201659128037015
-0.03757751299244666
-0.09470143259515705
-0.03180853567782979
0.025787726927701954
-0.012079336752282777
0.1995521921573307
0.4172349504050493
0.5095428775677425
0.5599153142441277
1.091666925285354
1.16978590653898
1.1573506531385789
1.3716943258990444
1.4907380240898167
1.7740719893960455
1.959660061750499
2.2059207728015475
2.1417312640752026
2.2578598053313943
2.355680386897466
2.4190538660527574
2.1495896281318414
2.0762790074382904
2.227854384279818
2.2262885530694567
1.9638833924617738
1.318608040196126
0.5490490223187661
1.298325666701379
1.3822762042338004
1.3791325094678586
1.4036568689817026
1.3570992549278031
1.2783327573776928
1.3128898919241925
1.163878493055542
1.1822602798206892
1.1701423293059412
1.12866424125676
1.0374033187087104
0.9084032488457081
0.8938154057695911
0.7688804051413702
0.7315610846705651
0.7641667770851412
0.7129677719076832
0.632790909601617
0.6027458780055884
0.595781498848692
0.5602327150301054
0.4066767259222424
0.25982159407249195
0.3172625060914833
0.3528487897937497
0.2742968890033965
-0.17412715284415914
-0.16641167585140418
-0.11615128580230007
1.989992792063892
1.9973791455697882
1.8633170594306139
1.7353263947706519
1.9308225515586919
2.217128618750695
2.341975032223085
2.3900819475277038
2.348241419171322
2.381228938214003
2.2360889247298608
1.7410510894480562
1.591634925827109
1.7098848991937374
1.441468163545254
1.184043649956662
1.4932117184812708
1.5169153011024983
1.2179155980368055
1.206804345162896
0.8787558826973965
0.706268933291255
0.3923775648232731
0.3896847589164401
0.3892311897207962
0.41898889567859043
0.476407790941656
0.5973502142068687
0.5122988372086814
0.5534862090789513
0.6323147197595158
0.744357850269683
1.1854617327697043
1.5698929980420377
1.383535210328982
1.3980392564418673
1.5295960350031095
1.589304801129901
1.5762039095204181
1.5724028427970618
1.6140291561777926
1.588068810952368
1.5534321295600684
1.3883494280863287
1.2897461606383749
1.3180932881322225
1.3605516055577327
1.3216533835740045
1.4074718951079583
1.3659559595474275
1.4925181259957738
1.4476059837405293
1.427643500209452
1.4076911501248965
1.2925090617931039
1.1144468760600816
1.0130600984587408
0.8680635787410043
0.8587050827211767
0.8517857325992465
0.943204311430249
1.1306272911344315
0.9126128768653704
0.8285093796145103
0.7088917016858679
0.6497881494911509
0.6050889434084341
0.5224733009788555
0.399884477708528
0.6138064787542534
1.203108876888285
1.894904371024932
1.7296690390967513
1.6581934373893028
1.7210893485233394
1.2961953838536941
0.9963214222418811
0.8733603307742916
1.0172291524924508
0.8178804509804701
0.8246200690160633
0.9248084451492533
0.9221344176721425
0.9468403687822159
0.8492023063197774
0.5380815327887755
0.3948158302204709
0.47239104955784966
0.5948461236665441
0.4957014625481827
0.521329430735935
0.5551722357510589
0.48426095858833457
0.312899120360049
0.35773159875131944
0.4236537840721666
0.6462341467640934
0.913753469421706
0.927464319468061
1.116123292660325
1.3136203066112526
1.4117136432137167
1.4227741907918736
1.3884732284967893
1.1417772332360787
0.9051242934517946
0.7089776129288412
0.4712394816046844
0.34420357311434313
0.32401350733491724
0.3612309457085857
0.08958188165653715
-0.23508511518946495
-0.5563201532434001
-0.6279188722499214
-0.5846073845970287
-0.5066317821835657
-0.4031329463891226
-0.20473700438519418
-0.03205949107523629
0.045445516239172534
0.3806678082459271
1.2145072002779311
1.864708599040163
1.8156222099334423
2.1368817862452394
2.669449491774401
2.3850279829759677
2.354407077859396
2.531588060455412
-0.3928983515915086
2.798096292734435
2.6684706440775336
0.8047065879411414
0.8548297855379287
1.3095215377728884
-0.09990928441185117
2.595098623348179
-0.4484560903089025
-0.12549627859657875
2.239319362477756
1.636560500074745
2.491787310009837
-0.4435068604656612
1.9054771965565847
2.212113823124191
2.719615087563196
0.055183238636353764
-0.5914179343958911
2.2512411469842566
2.5702814178868962
1.6801704200396193
1.2552168491521984
0.7290208937192629
0.1997462427760438
1.2757722190333
1.407716151102012
2.654905344925168
1.35778088926744
0.5626237425690386
0.87112773543307
0.7295314284779136
0.9059914087969941
0.3623141311824916
0.9296449249118478
1.437611419272815
2.3689235146968364
1.217286831576241
1.5296490146879014
1.7406223132092502
2.7366671692053166
1.5928531141686393
0.5164435224905861
0.4753012095267821
1.8996751931427063
1.1646104968533522
3.254922193259323
-0.12829357382951653
0.8665095826009762
2.3644403996869987
1.3951207108970607
2.12273985651454
2.0163818406623863
2.9447697602599328
-0.036748976175808606
1.4014772317559323
3.170713693327614
1.0434226456412996
1.8479452809750458
0.8692492695144017
0.4500954848106862
2.621127185272511
-0.0652181302158614
-0.5224472428920699
2.1225234634170875
1.227747221492967
1.5377605776650325
0.4838158505625134
1.6575087801643924
-0.8951940757050455
2.2745838955604643
1.3520209342064424
1.2245881682764987
1.4234778118664648
1.8903016692591832
0.17669665553763117
1.102760909204368
-0.9294898429380553
1.0621900193878555
1.5098352199792464
1.9802076302022444
0.9779030239340182
0.14286503842780754
0.5358821121148536
1.6230685362048256
2.5338272251093987
-0.5488141286283338
1.4465692392569147
1.624038942787491
-1.1981846707256079
1.0960021484656528
2.0045473602206076
-0.43154384341037594
0.1050973559104341
1.3137775104699283
0.6757781600318742
2.0884815583470115
0.3221951650826818
0.07477822080102905
0.23372128008244675
2.9718485175960248
1.4507615889922558
0.43688081485226865
-1.039394028206324
-0.3752783301214625
1.0377939091976667
2.395161018812931
1.2828791445807877
0.8533443132692734
-0.39175707655552183
2.279498217925105
1.0945082000744883
2.740144153056218
0.11991139145333951
0.0595300440463661
0.866012442116692
0.8063816814694682
1.3945940003542936
1.0617279010901033
2.787230839703305
0.8290979289744876
2.315415806476584
0.13793800000395995
-0.6940644388884099
-0.12170538221134572
0.7007644755362773
-0.06466681719502562
-0.24549637593047194
0.8398273326636297
2.675336419926388
2.463546858542066
1.8772010764461484
0.09065662871632744
-0.2198782601630589
-0.11153385898131693
0.8612088010147452
-0.8766627418002046
0.6735930989602928
1.6102173729294031
2.4903545260895346
0.2479349561120447
0.893848180198713
2.228957250090503
1.0287606099764253
-0.17818146967577667
-0.5449383212513959
0.5409559479007356
2.1382962457946197
1.442093505792142
2.068249274983953
1.978702375085748
1.5188119198635401
0.530139260567719
1.2675909340985738
-1.1047667450834462
1.697560291666427
2.083286782921997
1.5022545391173932
1.3826839946645004
0.6053066250361347
3.324837934051958
-0.6541355991730619
1.6692150070479987
3.378361059645741
3.05626260790472
1.6571407925302064
2.436738361062102
0.4607559730460295
2.5418524712326076
-0.1671387325129963
-1.0346861308080526
0.9964032472647838
0.5741825657231361
3.3821502499862586
2.383140433635243
-0.8864860702553204
2.0877467044966305
1.1556034230961023
2.5758192664280473
0.6859795785192709
2.1358776851401142
2.69781747838176
1.4902440212042276
-0.4075784834018155
0.4874728771587891
-0.7534914137300452
1.111602307405203
-1.0831357634645737
1.14623382215531
1.3435048288874643
3.0564792010714443
3.136793215479617
0.39861500049271614
1.3286109079914652
1.0528836886926343
1.3210920603586829
2.127023829276246
1.5532588866198862
0.8630735861274487
0.7222649188684852
-0.1977299101694949
-0.3909850872465778
0.7500769563335906
2.0895901919141973
1.7272233484710784
3.264118523599256
0.6390217486166715
0.938862844831966
1.1805594041301182
1.3344635923375259
1.6102993259794012
0.8566567048553375
1.2777858406724416
1.5187104927361879
0.8264054420535073
1.177287501553796
1.3114577403246463
2.1042071162192215
-1.5355235835904015
0.19201088228352425
-1.4126894618835002
0.6111984858889684
2.1038245710468084
1.0173170860810712
0.1555477361795489
-0.14479930404602284
-1.1859989251525898
2.77763602823442
0.5663837953467968
2.4002873741101114
2.7905235513654802
2.4901717164304116
0.2550735211455079
2.911050787687952
3.0582769085336623
2.6920920303576583
-0.2604943070901195
3.0472961759084174
0.3445581944124657
-0.4660473972473992
0.04491394424675672
0.5412729078464278
1.0030587958524837
2.579854573047292
1.705045853406821
1.2052821928928827
0.9151550824703466
0.3517880917304719
1.8619422391009806
2.375406193477114
0.9239992042064229
1.5950764034720333
2.611762366201237
2.1095882265893935
0.7415407795339158
0.8723962146306762
0.9144821295131971
1.0133033632207082
1.1306976133731468
1.2117261912674964
1.6414791308131889
1.8674388398686117
1.7752439348865916
1.7149573337059325
1.7862507656471212
1.5561373709975048
1.2043894935411508
0.9149955794084027
1.1049857886903374
1.184229075114823
0.9273149270187403
0.8949263876365899
0.027046475444418357
-0.8742287543418101
-0.9740685854469692
-1.08405219831849
-0.9424349476180025
-1.0994684695514003
-1.501908216875639
-0.8283671831228102
0.4878298391877475
0.9343289768138748
1.3918816921706771
1.6817645333341371
1.5614320322012982
1.943093661196728
2.3180482490847645
2.3129836659799143
2.197057595155406
1.9904750922957855
1.9683745570891382
1.6957227938643196
1.4154043969266614
0.9161319953376676
0.5358308450583891
0.4413923103571741
0.3114438552795596
-0.1770306260595919
-0.4287866786618174
-0.5873851185754669
-0.6771969684890531
-0.6609488836400825
-0.4243054706904875
-0.6330492372360601
-0.42343474677914683
-0.1274907483467796
-0.006409037017962434
0.007859624638905376
0.1905553973400089
0.23845858825409819
-0.001213710229821879
-0.44978427465950027
-1.0550195720065147
-1.1736950364539518
-1.0497163643893348
-0.9580828665730404
-1.1797722655581988
-0.8569084361444378
-0.0208940919518776
0.08610454580052396
0.10233499905728304
-0.05475892431498688
-0.46707250095164565
-1.006182853379468
-0.8668219167673664
-0.8849453193800464
-0.8256156904277856
-1.0809105601507405
-1.3353310831930385
-1.2741744140639917
-1.3139152349232635
-0.7215072082090096
-0.3111413303364983
-0.41361070073073214
-0.13922262047039616
0.18435359958795908
0.3539018432564457
0.44366055775663843
0.5972968874824034
0.5825242228786921
0.22672040964977633
0.3145749082170619
0.1607674104043828
-0.37944797565184696
-0.6341677033140724
-0.6990405578749367
-0.6496779960247673
-0.5560822992812501
-0.09153770395681161
0.34145580233525696
0.38896228798894744
0.48430261156057086
0.5386647949763438
0.653712686314929
0.5331201484545873
0.8106068710733814
1.2400765049804674
1.3903890747969025
1.5117595098626906
0.6284870995214479
0.2372414371855
0.5612233179977739
0.56253440747055
0.4433174862783804
0.8977462452875149
0.9671205277364224
0.8160586845898284
0.9095783136817865
1.0318334556865962
1.4438592756265716
1.4107881777925837
1.6522157518758633
1.9970682465813148
1.8867886583336075
2.0003380863628175
2.020240925891112
1.8725793761619265
1.6275404837154748
1.685289665057271
1.8469532760688099
2.101390512208661
1.9944782371169933
1.2658803445333935
1.358408604167076
1.3829677320646385
1.4301405661123043
1.2715317661874888
0.9990411801897187
0.65382303335019
0.9434182759971883
1.422746654973714
1.462772818761976
1.2687288113789772
1.3417041917419
1.6663772707048763
2.168572149262494
2.4784932635005537
2.526894319383877
2.3464665765275474
2.709226692407655
2.604160230927656
2.3466799225419477
1.7988469575778008
1.4962609044595532
1.2483760007627411
1.2413856444431994
1.9026345397226605
1.8387121038403855
0.9171063019910934
0.43510760880920696
-0.360669829645334
-0.6161498754506973
-0.4499044494944897
-0.5325712743313064
-0.5197721841885251
-0.4004225955016055
-0.1920808962849301
0.054926995218295145
0.09803958084512969
0.3732991588979378
0.5928199014527938
0.3185901763712811
0.34661679215002944
0.1789759451115167
0.380900426077406
0.5528283054824488
0.6672434517827903
0.6502926219896132
0.5388146154657388
0.8540436587192451
1.9256083085312339
2.039557823978391
2.0452511288427115
1.9677723633937896
1.7590586984850345
1.6426339415315685
1.3841869591329827
1.289066530165878
1.3022275613907477
1.3282725483010611
1.2236397588020975
1.2428708640012736
1.304536038570474
1.2948730699649962
1.6330582840037293
2.1299629599460377
0.6257700592766178
0.8153315463374904
0.9353327219511736
0.9706140402896606
1.5737436986799258
2.1151024583817546
2.292471105105617
2.3998144078404655
2.128047438879435
2.8532670155223046
3.1812979597083957
3.111912400842999
3.083662197060528
2.801199247369885
1.862942370811801
2.3023882205458985
2.4991620182463152
1.4604571491883376
1.140675692556618
0.8396344023182376
-0.0011116178506646226
-0.580174517817151
-0.5462018349089295
-0.7114928237242693
-0.7951982208951699
-0.5581152543412299
-0.7559240905596544
-0.43661921881282734
-0.46112305719728575
-0.12909828365905346
0.20106773571033626
0.8888957298685926
0.923705857005612
0.799774435708423
0.733706866426465
0.7016724435076608
0.47438228041939423
0.22746497860677364
0.01012350611380442
-0.27143074358790364
-0.3255188657020307
-0.02146465873820715
-0.6021618391923045
-0.5496479439533399
-0.03519626326270069
0.742083532366234
0.6356758313851567
0.653570036233291
0.9112636216819725
1.338365305070097
1.1317702090366075
0.7292776656992395
0.7987502634477134
0.7001891619338149
0.5160373557228249
0.4107977875665226
0.25696689257493754
0.04377765369118305
-0.11013370149584183
0.10026528654970022
-0.18703760208126688
-0.8503020462076121
-0.9362601177855734
-0.47796038623681314
1.0920576166576128
1.1924268600520012
1.1926069678965812
1.0754801227686093
1.098732910889481
1.1162205639934462
0.9462684112044845
0.7939368531175363
0.7079963572873467
0.8527971660908503
0.932475196079665
1.1736448221722875
1.56675478168485
1.8588530981296998
1.8047926881814644
1.465035792567384
1.3606447704658051
1.3098487726775174
1.0146258047124823
0.8294917565339647
0.46152687557195965
0.14560460158930072
0.14840713085059767
-0.0011378732082578898
-0.017548297574614687
0.025069947358764305
-0.1398505100446654
-0.1658926183251326
-0.16295106429161202
-0.18798934861993766
-0.13301328533622533
0.0018643597193445138
-0.06719401128840727
-0.00923410868271965
0.06374848853671602
0.05809621244142366
0.3402770978972858
0.5201633173741315
0.6152226289816585
1.0016334484553415
1.1932035450307477
1.5647031322212155
1.7426426568723044
1.8597930226787511
1.915410259529973
1.88381813733899
1.7890747250654657
1.662839486482319
1.3411440139358264
1.5309245879537432
1.4435490173173078
1.3164408187294532
1.270803728813898
1.299909940766757
1.350359872317313
1.3769152240388407
1.5013527652775138
1.7666457760077583
2.094092732331827
2.088137787183511
1.8664699366842679
1.6507856894549813
1.6122474424101103
1.5524067104902144
0.7917849737500058
0.7363387400595834
0.6949165243386117
0.8685640372260772
0.6752923986257967
0.49958182264267254
0.11549304637045961
0.14706230313544422
0.5442007112827694
-0.006872182820592761
-0.26159362142217774
-0.575186276088148
-1.1376202489638831
-1.6461297183928976
-1.2179750896954875
-1.2563598150338644
-1.392634953619941
-0.49247434138645674
0.650422837159758
1.567585001384421
1.967892283264842
1.8726157255154894
2.0839445659091647
2.390442546403009
2.5939997367044874
2.1580546102361384
1.3968691384538134
0.8220233400049572
0.6477706970964869
1.0230547519343922
1.4232246114317824
2.2722083726702214
2.3189737176187766
2.2559328310293307
2.3289612005143896
2.2998684541401717
2.0670179610044297
1.7461631370658262
1.321049957171203
1.1862984675742978
0.9056497468327491
0.35874731102746277
0.7865010090599261
0.5268101919666011
0.18116394253852267
0.14617206803155938
0.0798259495448398
0.06956214598661765
-0.17013300059141878
-0.757360656388984
-0.6793759576633194
-0.8186750442326675
-0.8756875907925133
-0.8713128648659652
-1.07920436311599
-1.1352870092218128
-1.1441404097397807
-1.0589437382144806
-0.8970870641629259
-0.9058976196406594
-0.4806675466384716
-0.09746186915468337
-0.7826196591850002
-1.3254815802608642
2.400742533932174
2.354743839488726
2.2444860074272466
2.221663128319776
2.1991582436381956
2.3913328907553106
2.253557042136238
1.8735566742277945
1.5717507243586943
1.4488064466813526
1.5949819132660454
1.7709446528739807
1.7282892253641036
0.9372236827109104
0.82592898143999
0.2883407708703204
-0.2018036867164537
-0.07673041535058854
0.5706759238258965
1.1986532232086893
1.5178929003378798
1.549597630859645
1.4389610774663755
0.95505911155654
0.7671232088340535
0.6898423362624011
0.8252312169414723
0.7520464893593353
1.1715932205095787
0.754654435221343
0.6372519765749766
1.015410088729502
0.7510410720882701
0.7401255503640796
0.6111041406685133
0.5184852009192001
0.15121220254519144
0.16695861270886758
0.36817142191373875
0.32899514970187554
0.03205698284014121
-1.1499470822835234
-1.2710922012007249
-0.9669885637810401
-1.0180086169898006
-0.3976451148124623
0.1963336081263085
0.15596034207339288
-0.04632930038922347
-0.04719588199547725
0.2873691795622034
0.4672867777007439
0.5680182865436666
0.720303314940621
0.7713801410252907
0.858908765738303
0.8910382631009823
1.2635660376769664
1.5669155691846703
1.5891913080713806
1.8737069021559078
1.8678211620227545
1.0647804109902
0.49129621368551873
-0.22431831831836754
-0.46958435544420046
-0.5129070095489967
-0.4896378362467741
-0.016772910079761044
0.5238413626484973
0.20283108269457484
-0.21577535480380244
-0.5654464424126928
-0.4580414340184976
-0.2507818374768276
-0.3512111297260328
-0.22711843768416487
-0.6776962318547249
-1.2576409940990634
-0.6422309059564161
-0.4584828699621163
-1.1597656118249735
-1.0195834863281081
-1.089111773012204
-1.1729258904309796
-0.7229901566749023
-0.6471344442432019
-0.9092817729171299
-0.8427994001525221
-0.7823297036604251
-0.9689240253859237
-0.2846823100742651
0.4084390749149461
0.8731231766561244
0.5297191687509525
-0.3617246643007282
0.07150813124659336
0.31044686649332415
0.49825856315992456
0.6767291838026113
0.7183203611079636
0.6939275343781405
0.5928586988433573
0.5877410809179076
0.8324043779899557
1.543340299234221
1.7830914579632224
1.6926401296539808
1.9011062629335425
2.4982017874154323
2.4469210796999583
2.442014572434169
2.6790085455400523
2.8045801057345017
2.706836917115841
2.458500620706691
2.421026718581472
2.0388562170291804
1.4471307521404535
1.4470190826549378
1.1372218463795107
0.8478065892604089
0.8407724515504515
1.034881987185232
0.9145324227001648
0.5342854877232255
0.20114317503841708
-0.045385321952126155
-1.2320177656344586
-1.3509753801408921
-1.3627592843283078
-1.5286716627063253
-1.3812310425863965
-1.039860336179092
-0.4964132120439286
-0.5434145902534373
-1.0041702203454237
-0.47730147904362175
-0.49791813772582744
-0.25016298904668366
0.11723063524475792
0.3266628464431143
-0.21480885621427942
-0.1981340722366019
0.07825713222565046
-0.8886703042431912
-1.6584518792295553
-1.7166432084580845
-1.3417536794974183
-1.0838285092043096
-0.9734546390208535
-0.6542213137961538
-0.08306874119529854
0.4731914018227164
0.9320344809661674
1.0178513127891016
1.0455903431509703
0.6507221355105695
0.38744251971177124
-0.1208122109211632
-0.34511128881730496
-0.2539315105790005
-0.12846267663627228
-0.04073926642585119
0.1367681939626719
0.43604628320495353
0.9267004852494236
1.1850041074400561
1.3733318393418592
1.7487388437310352
1.2026515981479216
1.623032621897384
1.8521993132159027
1.5711641862276704
1.5015452464463042
1.2520834664468654
0.8858488718811682
1.1164604471497914
0.4751300243897194
0.0284185612735113
-0.013214161432373467
-0.09561501560022523
-0.10165972873905545
-0.23140975492845095
-0.02624183625080783
0.19704864003196332
0.2872225026601626
0.26994384203265953
-0.14209682324612039
-0.28765096226719084
0.5553750753569968
0.993850081470717
1.1605259064396267
1.1836014873424028
1.2369134441892922
1.0748083797945958
1.1425687450983115
1.6551496604966607
1.03967562159576
0.03684047908438065
-0.4027021787917091
-0.39596302778379305
-0.3406175092540235
0.1397623466838266
0.9247069959293643
0.06634999231607108
0.3573627317201774
0.3453396406599584
0.23911513696042414
0.610210654518044
1.3282876563075028
1.7414884305705927
1.9612084704667871
1.959176269511036
1.885792249263567
0.8419679989897966
0.6031288457231777
0.6551247934802141
-0.14264851542853096
-0.09322802457904655
0.30400099493023564
0.12214813071878772
-0.3325392735511537
-0.39564760814145117
-0.5135391488030523
-0.3896150892194326
-0.3151735085857257
-0.43240199354633035
-0.25017008859287293
-0.0036973278543250927
0.07402077661423577
0.664977876225885
0.9986826543805911
1.4191597493623642
1.6986506314266792
1.5739707954974125
1.7547221746924677
2.012911520499306
1.7374352919182807
1.737485218060145
1.4248924809304488
1.5309733107982166
1.5773795925869671
1.5740733378904874
1.4993200992514406
1.509753909361787
1.2631036083140552
1.3131621962715325
0.9295027967770334
1.027372296322349
1.538332761957158
1.5194882997044379
1.5325717056199615
1.1774007446406116
0.7320386856044829
0.7590569543899768
-0.08438110346156519
-0.36553820618492056
-0.4989197425089346
-0.35579715244215676
-0.24729682175188508
-0.6251968862073386
-0.15289456633641474
0.21350040552946897
0.14772799754142452
0.09200938274785253
0.25546591687431364
0.015370535743740567
-0.3865500311792338
0.21613207757704805
0.11856709581741344
0.23925482574444992
0.6441822999234318
0.45495651160933537
-0.22761960720200533
-0.2239338354628639
0.6342219792226971
0.9166771753219902
1.4229942178340451
2.1917470144984246
1.5445490781149163
1.514074507696982
2.420743129030818
2.313663747290569
2.3409814333105663
2.691511491157977
2.5817985143182463
2.2112833395674287
2.262994544537406
1.7986292929860728
1.3055132390052717
0.9926496361007845
1.1226849541245678
0.6765016694088758
0.16359591192123257
0.021565248685985337
0.005754022645645047
1.037580457377791
1.2439710313637389
1.1333048731302369
0.7207744714005957
-0.4402145924698663
-0.8490800804041024
-1.001218349537712
-1.1759356755463757
-0.8934106548018004
-0.5873528100378342
-0.2442252444783257
0.03209414710526377
0.23555447942724944
0.7177469609418227
0.9097550382249704
1.0553515389619519
0.7614025724023663
0.3654038321807856
0.05765849846044451
-0.09241717073761177
0.2462957024180369
0.7680997679127536
0.7806011494533006
0.5312716322034592
0.6052034090908781
0.8033328905898726
0.9481150482424957
0.8787052036748962
0.8880297860485659
0.9768996819001841
1.1676425558476855
1.4047642381899044
1.27682768242351
1.1444821296515117
0.904820926350064
0.6104871210376422
0.4056788958292187
0.7063887722464006
1.0863013794618965
1.16765468674028
1.30315242915538
1.6287675632184053
1.7728573773087155
1.6920005371972848
1.8154349984803355
1.6319658732198505
1.6880601732044964
1.8774259924594312
1.9008040791792487
2.130051264574546
2.233731723102884
2.237153537840793
2.2359053864158493
2.2311577600109818
2.1599345743980796
2.146303597241991
2.3321005557304
2.367294974908345
2.4465938643520935
2.2500369777173064
2.1928579346099633
2.207795099312504
2.0837410984579163
2.034067592853069
1.5507877898779308
1.3744971617047983
1.1763510698527866
1.0688778601896354
0.860527957613612
0.8882881442848393
1.0144140967475297
1.08437849643606
0.6534354305826597
0.5452549158370326
0.44568261000343795
0.31645565292581285
0.1040141018342058
-0.05048812698177838
-0.05367240086234878
-0.11488639174016393
-0.20710704274144853
-0.24576786342996354
-0.1704416647546639
-0.030034539168522736
0.2577386779536027
0.5406054076606668
0.5647206371554327
