2.061082579111723
1.6170994418785198
1.7151742152536402
1.9883318671878702
1.136282896500744
1.3709379286164547
1.7466924863650457
1.4179633119997297
1.3320866355361776
1.2833339814857687
1.1001018905630713
1.8980100018510664
1.7641272600991715
1.252995104825189
1.6199155471382227
1.3274584804808776
2.0418118663370666
1.4983867267727013
1.22573657498435
1.2071473817323233
1.2270698634716817
2.068344564374825
1.4798085870481226
1.6397379712648876
1.1727839731176857
1.5432683726136565
1.9654145361772783
1.4131883088416213
1.5044995742896152
1.7678597025080538
1.1954990796876068
1.1820109671624814
1.965827096813536
1.760423478616736
1.2572466488116982
1.5801193736742645
1.3243752878810355
1.3849395308680725
1.1317667889144383
1.277875799491947
1.341090188999538
1.2170706157138886
1.702146932047995
2.0434935746390406
1.2231222947158706
2.019587719127782
1.61518276470511
1.7113306355224525
1.958149733350339
1.941425871757141
1.3588385725780034
1.6494332086300394
1.2318710452975943
1.4126811796328618
1.0904082977984224
1.7843765771723425
1.5712717619869083
1.263250949465523
1.5393353382082908
1.7678385889548387
1.8828930102445678
1.731714965427457
1.3386764614348643
1.3707974859233099
1.9181791493243214
1.7918343460452688
1.4858686827295162
2.0210096177027643
1.381913929033652
1.726658110672979
1.475507340684253
2.050284807121148
1.7200569899689386
1.6710799843995108
1.8279719852749203
1.8636722843795626
1.2346887339499768
1.1124514124886187
1.8142738596576715
1.804957031378936
1.2374412886708563
1.86310123018456
1.8257510380400797
1.401590352262999
1.803193111442159
2.039460275226496
1.8625901946910657
1.738988828520131
1.6247534855750814
1.9477383644933302
1.080725320180521
1.3488418666554305
1.907355683308954
1.959083166591231
1.5815591203012482
1.2748245514057304
1.9192247359368195
1.2209792215161583
1.8618730492985585
2.0086569739367377
1.8927432942591722
1.6879905860493898
1.83981368005961
1.4283752792309417
1.2984138647356607
1.6245353727707788
1.9419156033018374
1.1863268122512725
1.8668199094372715
1.5564965460787488
1.3170026576510676
1.462917836187233
1.331474376516222
2.0567166530878613
1.815504034911555
1.7530266025156716
2.0305380040066967
1.4507308618771673
1.125982647934573
1.2447498779644717
1.317280886592693
1.8913751640921677
1.592802414406693
1.2047629383580902
1.1647180183510575
1.1842733345194862
1.6080852686025573
1.1697782432936992
1.1588895107538655
1.6049359555323528
1.083472832946358
1.4066698163174822
1.5286027990108357
1.759209559306367
1.4670801831404676
1.2854140120515558
1.749731363389644
1.4886619254468931
1.4752039540408186
1.918097029457032
1.2442750183790283
1.1519970798981036
1.759490884181966
1.1307572596215476
1.4678247395065636
1.104676515414666
1.2239811212909528
1.094438765109318
1.237199751663142
1.5089653031310515
1.1876558514196176
1.7679304915957677
1.6799587316145763
1.4448655629510239
1.15535587640104
1.4460193907540437
2.0121912750706503
1.182939295625684
1.2962598393616773
1.0882835091315337
1.8895002357388202
1.3112979713397201
1.1975361555350534
2.036186756507641
1.7524937559199427
1.7261626747792722
1.4112591651356212
1.479296512293894
1.1718568611089457
1.958478295482512
1.7678879699255317
1.3136896319207587
1.337764562095902
1.6339870538583268
1.6553317292487002
1.6693172821961768
1.533683595917277
1.6173119707052785
1.085675818503448
1.6064210753494954
1.280931964283779
1.7431809863239616
1.5761589362293742
1.5278606398817847
1.4707686221705318
1.7492660743409025
1.9865050595915401
1.2112265028456253
1.5814658370393222
1.2025208389158422
1.987033223330095
2.019661959852432
1.8949631508813154
1.1406904990062132
1.1700340909599365
1.6245334737996802
1.826478544543378
1.721152894928882
1.3324891235885084
2.0006801444461897
1.0813728295460974
1.5777437427169752
1.1244975196005382
1.8949671748571213
1.8330257405640513
1.1404241032780498
1.4485142663177648
1.7920229209892413
1.6841030876116914
1.6711252769038005
1.2308955616012442
1.5128051985978617
1.7337098255578456
1.528596980333517
1.8601484370380181
1.8227060803852193
1.373660934200062
1.0754112561805735
1.7116148332194412
1.4969150666585398
1.483111678846092
1.3621640785010098
1.248045100928939
1.3814074082351169
1.6690723823871585
1.777124585184639
1.768785154174403
1.2464219094746454
1.5183443820895863
1.6593044199741709
1.3990354078418081
1.28513940975492
1.104650516683077
1.9931250451331841
1.9273111815253332
1.689898816549128
1.3936546309342053
1.8128714722428356
1.3013777816606773
1.7924874978754468
1.946675447047013
1.7074872325630175
1.2680554060584208
1.3564572096263812
1.8402843783914682
1.5594529886772726
1.101766515100562
1.5384149468037924
1.3320203476417316
1.4549474291745705
2.0289593916111692
1.6071808439425228
1.6253650012828398
1.9526546334353705
1.9217528368964472
1.875994209553696
1.1014908933684522
1.2780357017078343
1.6913544356777706
1.9630736877679926
1.9993921880185248
1.253647781337589
1.4154743483367598
1.2933430670698438
1.521510523390701
1.9025121557884772
1.5202970775750326
1.587130852600801
1.1948146851726633
1.5007383506624812
1.0904597316401647
1.436284597020774
1.361858303850689
1.6728879093669826
1.9092353105777031
1.4686738145643814
1.929191290661236
2.0194793787432723
1.0885986246202655
1.8148392578494257
1.7389487394829886
1.962007781571357
1.59099017973659
1.435727559048482
1.447116813389364
1.695872611862644
1.6012735853901827
1.9765179592461457
1.8789153233209388
1.5145972850999068
1.438517000246695
1.5284745564000268
1.860136197883911
1.8662911131625533
1.5197923247471212
1.48309338804057
1.680391963471539
1.176762945771752
1.7301270971538127
1.9868299357994987
1.9543545808257912
1.9959159986475028
1.7872582991662578
1.8953862939447788
1.1768230046639145
1.6562252823183805
1.4669981990981695
1.3927931107883176
1.5480171903229374
1.976630017857955
1.2246727529901829
1.3499650964415675
2.0170072622325237
1.4312743531905874
1.876510589746106
1.3245368580141237
1.7952084848690155
1.1072540175721426
1.5305578069335104
2.033935962352226
1.541979196774162
1.6646397492195917
1.4503019961404349
1.401164822049721
1.2897687667860815
1.299814563541575
1.3741073423959984
1.603598098110654
1.9426302058069662
1.3950125260904056
1.6355738430372864
1.5483460032064815
1.865938394634995
1.2747148221382638
1.8381770285281982
1.68966401076785
1.9583365661709469
1.7189073952306957
1.6021466479855404
1.8527106806270786
1.1367128044838808
1.9986739013433137
1.8459882644775851
1.5029089951826096
1.481513720632665
1.0871294508388578
1.4828228805794559
1.7630561230990967
1.2186540414476486
1.5772057535057533
1.3609922085817938
1.9117992130242503
1.5563522113862283
1.9677782694759893
1.5854148772685874
1.8205099746741948
1.9833287095460477
1.5021723527346775
1.894746324219138
1.3407385470891142
1.6854762595165875
1.4576324180305302
1.5791242121918228
1.375846291008229
1.8561134843500915
1.276153526888655
1.5638456716806532
2.0444120079257826
1.1364945038955534
2.0638028390951866
1.6113742821802102
1.3659248030076496
2.0669377820820842
1.2893330767560973
1.3354336396764601
1.3179639204844726
1.8353785445424002
1.8003515069848903
1.9657934379372006
1.2976518082463422
2.0476161099008667
1.087774814451463
1.1423218348454827
1.389726390202035
1.5222225329684547
1.9381896644177516
1.169926203006767
1.4021011840318536
1.076325597881825
1.4855511402959596
1.3430910339246058
1.9192916597427991
1.7619174048745168
1.6608293024301954
1.074132835755839
1.7493243673907466
1.704449748231074
1.7435823679173865
1.2687507316726359
1.8234026885440333
1.9559556900774322
1.9008716240373402
1.8719698306890653
1.1005963748574425
1.8837933027861908
1.625006710699014
2.027509078446783
1.356032655761705
1.84225393736384
1.3222286593880839
1.113711727510438
1.915149667818752
1.2134515314865266
1.828252372876211
1.5566227942671735
1.8718401174804884
1.3678686462714602
1.4705965026498065
1.3198351641942974
1.9052060366933092
1.6034836875100515
1.5485801778271904
1.2475106112683505
1.3661168834071893
1.964329157454331
1.9866872824675854
1.5486466841026052
1.09985846995365
1.464182780802412
1.6719341762015902
1.905591336681008
1.7693473221096279
1.5744528295079017
1.0686671431417618
2.011083324216195
1.5557853901891818
1.3557149855119415
1.8598996179467278
1.403393115376795
1.794979840903254
1.5328367207060036
1.2591434670416446
1.0856254649906258
1.1796195215582268
2.0520105015071484
1.522157731527732
1.6112638200664275
1.5928180660450073
1.4698822868722072
1.9863907994295735
1.5140657426303956
1.828375516284219
1.3624874500831419
1.8706635443233506
1.8345764621108402
2.021201876587024
1.1467518660191256
1.3274826619197608
1.5658783396939044
1.6801984354607906
1.657394013796764
1.44942247409348
1.0698108171535472
1.3075020918186515
1.3761376982296631
1.2800053805027896
1.7235357646930887
1.7069922510672473
1.4724190650983615
1.4185192929649795
1.5485005784954986
1.4236382200413618
1.711109517135547
1.2190984907569835
1.7252656706382032
1.422688266643844
1.333271586853994
1.3887967545625808
1.629711940869292
1.46486557823846
1.6221824582429523
1.6041676398311628
1.694450462423929
1.8010213386078766
1.3749868072012912
1.1169335894298518
1.9890497969066419
1.5000572525130191
1.6781614145365669
1.168288738743857
1.3546228242698122
1.1667682680256115
1.850372965475908
1.5641688766923092
1.6918794121323442
1.1209331008476717
1.410987921325274
1.664618818659725
1.8843020820557814
1.9198861546589343
1.5406942581259087
1.3521219454783482
1.7648657671337202
1.2999058616001957
1.512664433808893
1.810162075380762
1.1300916009107642
1.6121312596461717
1.7364932609134953
1.6409457812203037
1.7957547116864812
1.5155286188962853
1.2174010273757785
1.1751586249636217
1.41289303219319
1.6068486221482916
1.2740335843349262
1.9674668113326559
1.3241593350478127
1.8373363209186657
1.309837507343434
1.6291682093040476
1.658866031800381
1.230636814212185
1.7786604543800817
1.229270423788421
1.4756718408897596
1.9197563988965494
1.953136488412541
1.3049627597774858
1.6052934198760356
1.7904067884817347
1.5628665377544702
1.1585127470114431
1.2615752909842046
1.4727933667475928
1.9528779145783794
1.354365298817674
1.8305859768731139
1.776469778804408
1.9799825267520792
1.4431404390464146
1.386597387479165
1.6690202084005354
1.6360324057721531
1.2056742685430548
1.1179412938761952
1.4086582436145567
1.8590472804934415
1.4215511519810489
1.1314395044651253
1.646907934207274
1.3961804384231467
1.4060786247323775
1.7029167593596506
2.065318528278161
1.817382566140073
1.8854488876661544
1.8073360328055068
1.236169684213732
2.067962901533221
1.8673061460170175
1.6182758731291182
1.8210093162175813
1.4691109450768087
1.1721818889580955
1.556387251749568
1.3766718618788383
1.5934889721088117
1.7290118450129264
1.1307837457432484
1.8429064716157237
1.5136124827493187
1.184524403332982
1.5258267291184338
1.4426398568104808
1.3021465833549553
1.4258053785465619
1.653100100445495
1.3020069327855428
1.2625370095962996
1.2844136288227566
1.4006939770118858
1.1558765875937584
1.7319994026639545
1.213667117346757
1.666342532642615
1.1137696029183735
1.2845432562306172
1.0951965658357177
1.4139212549028322
1.706069405272421
1.8874943982066836
1.6135536032313282
1.3568493540395463
1.150680589124178
1.1376824912379748
1.2147469356516412
2.016470569284598
1.4163817751016994
1.698442264620551
1.6374478036047935
1.1904486482804402
1.1034187593681823
1.9962755373350698
1.5551004786890859
1.3349698594654644
1.6269726201363242
1.1024213478441798
1.1155106066856848
1.5666383617133526
2.039593470205693
1.6054333480130765
1.3941930533764195
1.653393351124748
1.7283815598880572
1.2884836830734179
2.065307336500772
1.3994287352652492
1.6858062772283955
1.3750684256941141
1.9495642365397898
1.711572985797363
1.3170396578473464
1.3640694262394322
1.6835340827421377
1.7054514336750624
1.2356708276400423
2.0347106099687027
1.7341123471241475
1.7092294460545479
1.6351055309464557
1.7538103046351259
1.7182687331751552
1.1632545267238104
1.888398488819542
1.831380356358353
1.9961823901198283
1.9913265233799742
1.8173203413033765
1.5751416723971012
1.9595253353999105
1.541269969104486
1.582382085478199
1.6011883678015895
1.2259419297869305
1.6931515556534216
1.82739227782995
1.2265170935289682
2.05721700666433
1.9792028110354123
1.6388381736938527
1.7812999015204978
1.0888606458023737
1.9489501017402275
1.653060879927564
1.4787722434991248
1.095705628246355
1.8630959192877439
1.0755521822667895
1.2095369368486535
2.0442639973832226
1.0834303033175903
1.8241319122685316
1.8659631602034572
1.5796123576628485
1.7667335905300232
1.8582303991945885
1.500220468606668
2.043025490499176
1.9619900815027431
1.1566017227391983
1.451601791051343
1.951649406683486
1.8324698320305417
1.7022720644867213
1.2481293888397345
2.061371431977407
1.79824941293712
1.7478582360189228
1.9025257348945417
1.351796765643823
2.061428498501652
1.2686189146121045
1.6206845956698126
1.6746670427949792
1.9372868462152015
1.315214575881346
1.392315527943637
1.3484143595349731
1.39831155333301
1.2185363735132266
1.9818374596628157
1.8423384755585193
1.5540811010898452
1.5907417723512929
1.1294461381044687
1.6810201155888402
1.622708520790628
1.4281240143226694
1.3165334333731777
1.5604335965820637
1.4527539806372645
1.8558131317088475
1.6660149317285529
1.1478246979265474
1.4916572339132645
1.258715777551312
1.8014913140363855
2.0483836273533664
1.471437983224728
1.1215311791201181
1.2699290909278889
1.24575248442279
1.8743578077072003
1.8661030950050914
1.3114745264773495
1.8503444998078808
2.0123551083376388
1.989367030266689
1.914305296999604
1.3474993902976007
1.0961527833748668
1.4855267537916454
1.3509006030879618
1.4740213394319304
1.230093282528496
1.2900858143528067
1.92041108865678
1.6980812028657153
1.12064923720688
1.491791545238476
1.8044294936938774
1.3936899240942588
1.1701213780875668
1.7439879022686353
1.3428722564064992
1.6737533909151978
1.2453749227046298
1.1752003430818927
1.2172922466564733
1.7300276153970995
1.4115093918260382
1.9344698276451335
1.36090343576634
1.7138071355045643
1.3260756437442034
1.8808788304024782
1.6274690020701332
1.4983157730387633
1.7437245472337037
2.007243622900777
1.1720982399455238
1.7594624805402812
1.723713151160118
1.4995849146470641
1.6438852890032953
1.3583896739928634
1.6046965862272036
1.2833730970034354
1.167707038403332
1.5757053893709532
1.9588295876589241
1.8299570304920711
1.9595851571047656
1.6080561670471634
1.1859274803403268
1.1207876813161175
1.599753690030201
1.6421798247038184
1.2906307050899775
1.8383988558525906
1.9798888152364753
2.042094524513202
1.8697660357486707
1.5649369848222225
1.8102579942420662
1.4004042298549126
1.0754826488864662
1.7859330289274664
1.5429976007553698
2.0357668182477564
1.3064847840635248
1.4264497410824413
1.0927238440324891
1.6194567942933447
1.7927759165868438
1.6026414758892533
1.371700565904309
1.8896435621598326
1.697146923613232
1.3305553898605138
1.3989185499844419
1.6423083635632214
1.8372590117105887
1.7276331412951815
2.0092929676635647
1.2079753618860314
1.8851857848290667
1.8349312225899157
1.359246799877613
1.1689089665886894
1.5143758189723828
1.098326682903702
1.3372232043635977
1.8113810869971079
1.3562760041828998
1.8071120674384067
1.161046533763163
1.8862922269646194
1.688527479622927
1.3123858869548128
2.026710306204142
1.8010625056299958
1.6684904640020812
1.7821381732136528
1.9050939019460367
1.7602976956075385
1.7022208444759042
1.0723753453043998
1.917879873060232
1.9188693931938652
1.237674293643521
1.627761920220579
1.9246042906347693
1.8664749194486385
1.4826416715776867
1.6871379506290374
1.9780234539362433
1.6975025123619651
1.2566310856104146
1.371813930172584
1.4036588245441723
1.266586631056174
1.5454610795907346
1.573783011154134
1.5233977652972566
1.3542250311454962
1.1366203254304283
1.3542472748215648
1.745877363418453
1.5287613441524737
1.7177944891154897
1.5169851586423075
1.4978108406762523
1.9074459543842528
1.4523807032939475
1.5626524919976867
1.3616915595047294
1.6032240688026664
1.4761912948253337
1.3756923728670774
1.8181291762203446
1.8039907845751608
1.2148387344692593
1.1151737763437817
1.250964844644715
1.2320922361853957
1.2680888290991656
1.867194850320047
2.0368580165215304
1.6589019182351612
1.0970878139770743
1.5811429281219798
1.4754983935991397
1.8328687399486034
1.4029992029885971
1.2762555478082895
1.2400996024393278
1.9686550452871432
1.182359266812785
2.0098024197921336
1.3075280303703913
1.0883505354971923
1.2770259988456585
1.3348458054444452
1.5555388656815385
1.1442287091486143
1.1782862831817102
1.1055176386007997
1.6202674506336832
1.6409570001351257
1.684575275811936
1.8360294299530884
1.6351776264769595
1.5739009815212703
1.9205187903433603
1.594834249481951
1.4012777459011538
2.0132357651895276
1.772693194565864
1.27186598165794
1.901931199751673
1.883287460362235
1.8448125314054267
1.9825711998038014
1.3240890765863857
1.8095614970235043
1.8126202873346087
1.1090441686020995
1.164138390582021
1.0739026999582106
1.573398322188403
1.7057464129331932
1.832782611015597
1.3058546103190813
1.2598471184230033
1.0795204033434245
1.6905503813570057
1.888481362714933
1.4445143561784202
1.1980952518895014
1.1271909972759186
1.7916263046966627
1.07065809715313
1.194253132435909
2.0040907856051096
1.7163964555154447
1.1174381097811044
1.4957258887084082
1.8433830725050473
1.602382526392651
1.5743843612171002
1.964926210501824
1.1593604808799631
1.1903339031115554
2.005856366976661
1.1395147313618137
1.4633954405033573
1.2353075006801622
1.29076532765897
1.1765527491796688
1.1899915755840225
1.5782406794706703
1.3905985019030471
1.447105691190565
1.7452824719471496
1.346017313097443
1.5116919220929896
1.179706385211267
2.004412392064591
1.5682767127850432
1.9557569674923083
1.7977165623485474
1.895808415334994
1.6952683536355762
1.7167472006515048
1.8181187370517577
1.848118068501887
1.5730412431759884
1.8392000102848722
1.1253142596300811
1.3826430401741667
1.7936086428473634
1.7865901087835045
1.495017109400458
1.7760734568273333
2.024366511165094
1.0859483222704194
1.7626344074729292
1.7909916091850253
1.286183486401925
1.3826773528720728
1.3638143062836037
1.9390726097871662
1.94277711461152
1.1329249961878178
1.2644738337176717
1.1757453401953464
1.632083848716501
1.68245929501401
1.7119779576491967
1.978237112890761
1.1801756270207917
1.9709350440790019
1.6165501570532286
1.631596011738947
1.2220926446528548
1.4145160157834609
1.4150385384588156
1.4900443602138778
1.5703654462246865
1.39618381058392
1.1243517987805915
1.4324438891680857
1.8446429901666808
1.7877300111255041
1.2102336969063379
1.8883030936319705
1.3359507979713523
1.1332147491603461
1.173659675020019
1.872414033561516
2.005112457246811
1.199094522191878
1.6384823168783484
1.5917394291176479
1.9432701062764959
2.0313203696412585
1.3097314845304722
1.910468232848139
1.8713444135542894
1.383539418556637
1.2123846018259365
1.9949801078850806
1.337231221052826
1.6179887395903194
1.7998731797605545
1.1034787324796786
1.8970476468496476
2.022744240656764
1.7208834833868403
1.2382028964856169
1.2668087316304824
1.1652659462840604
1.9177865623491066
1.5583389445165825
1.6198953883012657
1.6463113843016488
1.523380327053401
2.0038576444778924
1.9973327204734412
1.46008027715568
1.6086266832378702
1.9779868812449488
1.9240899748636464
1.1844047704169907
1.4498969117341056
1.5739550808231362
1.1509081322925623
1.1339884879880004
1.614223586691349
2.0465901700592815
1.9669990960905588
2.0381013003303314
2.02373826792545
1.5146714380366795
1.4668388873003153
1.6478843843396256
1.2368661448093865
1.6414601909857935
1.3535543165433161
2.059324269001737
1.2648641514740364
1.6399185141040522
1.7283475381331586
1.9641351039440844
1.459451878651801
1.8681895362216447
1.2833570529177052
1.2171476544813646
1.9017517597022857
1.2035063732333537
1.8177974177686724
1.712333864709555
1.1691965066480614
1.438467294629879
2.0014080853153424
1.648230876382584
1.1103497409144691
1.1532842068130773
1.8990507193564932
2.018520685895813
1.850018109418267
1.2263958052193453
1.7142609486342637
1.2587472198097152
1.408056656132947
1.0892914987473319
1.7813977348782852
1.4117514192499645
1.762137355131195
1.2095299969509987
1.9637351167520631
1.480521598211786
1.59035780316678
1.5466295747786643
1.2925384675407898
1.456241313898239
1.1916528662883203
1.3990710130926656
1.3025056045917862
1.2552857924390375
1.9523778314481126
1.9157825220267732
1.702819459291289
1.1621088775764281
1.637015253067864
1.4460327773525912
1.0767336566596086
1.7310332758352558
1.1034234827407676
1.4245126005266988
1.4621065403071885
1.5704198902836557
1.5109258582285874
1.3946872512641517
1.4211296294806097
1.5021358386231907
1.732107255705247
2.021677013087922
1.7702358305425963
1.3133948425788204
1.5438991195297682
2.00359116360272
1.0893613848058807
1.9080206023729056
1.2189346358508761
1.4490717060642753
1.5298672428098745
1.824952537287037
1.2877673649716737
1.23762978003299
1.8015609313028322
1.3573035940300746
1.1981287224803336
1.3151710713215234
1.2041909284439256
1.4644598735200554
1.5614003868708604
1.8911293249508854
1.3806081470893716
1.505791019408212
1.82245177754263
1.2829757659584466
1.8988439778967596
1.9879496537742163
1.6622412101825879
1.1134200591118337
1.5772743401764522
1.4637775149482317
1.694843945020201
1.1077354655076312
1.3004270620803287
1.861505021395155
1.6980393285328728
1.434330582993461
1.7275389854797514
1.1940314776874785
1.176518742725255
1.6601735432925093
1.3808290876761735
1.9162442870367637
1.1233348077557108
1.8699680486824508
1.8728490039062857
1.3443338060362724
1.7883480837829346
1.4581626484538621
1.960221370581175
1.8308825839830887
1.7370690040583157
1.5831006334305011
1.347843043117947
1.2130858824468935
1.931668189601057
1.0974229012530805
1.127132514467539
1.568069506026822
1.9247322085057375
1.7390743972738398
1.2564281922172642
1.2683313234144238
1.3827351128323915
1.8576967465878649
1.636647321013162
1.2681414993297067
2.009343772541722
1.1740203083438916
1.7921729612388233
1.3694451718158411
1.2291972590119926
1.2128445222635038
1.7556529773507321
1.990474450745482
2.0568938509375254
1.1692413109643185
1.3641521292695586
1.1949256041974705
1.4237876583691322
1.7836116774234851
1.8097957569601804
1.8789902758473447
1.472964509838666
1.598156276764388
1.9985892241842167
1.330662853449821
1.7675978691058123
1.755492460950838
1.8567429533151099
1.7839008186200236
1.9753896724012032
2.0298913176872935
1.6176931520982472
1.7964266575013748
1.7968504492705313
1.86216893347937
1.333938252317538
1.6150746672653449
1.4472409342804868
1.0748805905844048
1.547141331706946
1.8895958771820405
1.917835604635923
1.127376821035308
1.4484985669475703
1.726878885865551
1.1606294056301938
1.375560471800881
1.596309451398885
1.472493384824377
1.4071769200172588
1.9695890543465235
1.4325217413037616
1.623470225230249
1.6794423800329368
1.1488171681940356
1.4243922443805241
1.4632924843852095
1.6834783568489253
1.5380033908704174
1.7879215005070386
1.5327483504966806
1.7071226103101382
1.6219486516439396
1.143310853959237
1.5791417674876567
1.8539103941195696
1.6513526016747158
1.6219521965914103
1.5927117300838816
1.453017285938264
1.3105591169905308
2.0250675510309297
1.5029016388129273
1.773198561674225
1.5078039124737568
1.1059927410965158
1.100326234275507
1.8579417231105462
1.4158417290598517
1.097088251326825
1.5358112627222702
1.1719529676270317
1.2765622048307896
1.1236821011650255
1.3921948321580613
1.3605529732518067
1.161632976067941
1.6998817155413144
1.7322821776415542
1.8781988104197678
2.0557822133428014
1.1691905128324038
1.6764598358925664
1.1614594409116583
1.0953505682403548
1.3006285932634973
2.0604426206071236
1.295495777491945
1.1172411840912881
2.0506144260199712
1.1406334287632551
1.670623305974648
1.125814784071544
1.7963365358620929
1.4524396706479419
1.4424975034251986
1.5857794627855017
1.599457794085348
1.5056421085198732
1.8695775401874173
1.3927690354733102
1.5279708971197843
1.584246119139624
1.6412410991340718
1.9403584185725007
1.2256595555167757
1.4201263203986605
1.891787739917347
1.655129587235008
1.4818955047657505
1.3749464975798762
1.406169533119214
1.9143319884325256
1.1986660483780904
1.309492741009832
1.9621839122247982
1.714609546727148
1.1417795517846836
1.676241432873234
1.5683169754384043
1.5745452136156104
1.6618866962565757
1.306840952250221
1.4142890156209293
1.985012532476609
1.1984229422744381
1.2478802268729507
1.8117556176577272
1.8604512127710182
1.9552111130958878
1.202042086644534
1.507427282234268
1.8723886684458642
1.836496950066005
1.4572753238640488
1.6144590321485877
1.5225196334391142
1.825907189987477
1.2404238500824174
1.0948964170185627
1.4823839307133257
1.4245851987933873
1.7780289276633614
1.8196937630569863
1.431363270109484
1.1260389446524062
1.502983010527377
2.0523735984803024
1.3047741150465006
1.82111929191129
1.8616152717363692
1.5794434654138982
1.7036039255055442
1.226713519477783
2.00352299054084
2.0447457637386006
1.3880163087113206
1.161920374488412
1.807883631506921
1.9743188686694049
1.1179891180243058
1.4388969927509454
1.5989372850638592
1.2808443633071056
1.2607578914724906
1.8121462403468562
1.4125603711505985
1.1971126242346373
1.3063171656358106
2.0558128952424033
1.8880150915242713
1.7709999993495293
1.5368260249604744
1.3471618083069095
1.8639644512631641
1.7729395265210408
1.7156982334867077
1.5323117908793147
1.5247076872418412
1.7496716243376638
1.2872689140457523
1.2055680245440403
1.2608302053906442
1.0726369896884471
1.4343689223230272
1.1164523136989526
1.710629721972926
1.9443532161572834
1.2783291199864684
1.5348531383761002
1.9045697278253833
1.2056641493771136
1.1576636570611656
1.9535090097166077
1.9426954375670322
1.6275047707453016
1.3923409950350523
1.0778425831872982
1.5858617366972803
1.2516573461289118
1.9895153573840594
2.0557161477116224
1.3182380048103444
1.5243814541891896
1.3162106811910153
1.9254399872446235
1.268452178114828
1.187184748015217
1.4115950044543848
1.9746706870253383
1.3321917102594891
1.6548076731775063
1.3901430293260166
1.1478985647709112
1.261956160328406
1.533915745860109
1.4666088773294972
1.5345502747705992
1.437686104218445
1.3414187367375565
1.5839869904674921
1.3885925375600505
1.0712410343492258
1.7108677482787995
1.2930942019421814
1.6133914090954138
1.2677562366403967
1.2920849786204662
1.317733882396826
1.7690244892117664
1.4880403177952226
1.5632496931733846
1.4792252196006028
1.1528096371479297
1.8905069887783001
1.834631409400637
1.1628741531131748
1.244295765100173
1.43002145779476
1.426822873703528
1.9334515926086764
1.2331963110655295
1.8806440089870387
1.8368146840393942
1.1770723445819191
2.0366779663656525
1.3446603911402353
1.141146007356274
1.421722574016288
1.6762451171586326
1.7314200534084125
1.8503961147435761
1.848408075422533
1.0887933334334905
1.943447398034541
1.6081527985890698
1.130651658381044
1.823754819249021
1.1673095755715723
1.1812703663720046
1.512657071828395
1.4605028420064008
1.8002648605615998
1.5695682536051188
1.7479907678440785
1.139359966321204
1.3386526821732028
1.1046414246681924
1.388696902381721
1.2147335059906335
1.4851810320212147
1.2891170293018581
1.546769950517702
1.5158157578023388
1.56276708513277
1.4353434761975177
1.2154443863992708
1.3328133676563267
1.1803886521260518
1.9669972797269881
1.2829218165062233
1.5559230591401423
1.501278887158932
1.971498775758261
2.0143031331073757
1.227494432686343
1.62710608325297
1.2146513632186478
1.349532905120889
2.010729596347485
1.2092721775709345
1.1381129383735507
2.0160548634011746
1.142886324431889
1.0846557464819966
1.9843634881465417
1.2773440278311667
1.6374275675819046
1.11651199690858
1.3188042933893087
1.6513836869402387
1.4570569168729237
1.9334607788188343
1.7373143858743798
1.288974493186511
1.7283790481625403
1.9720697411272587
1.5279386058695972
1.872118621046231
1.4990395224808741
1.9348408193388986
1.7243673380018667
1.7640121034380762
1.244629168175351
1.6434041480187573
1.0823102407736476
1.4680336013905648
1.7694079334930615
1.9295353809976572
1.8849347270912211
1.5756782364592825
2.0385644815438044
1.6576700028348144
1.4940151708953608
1.896767540454526
1.5165418707615819
1.2187824807359993
1.971661169098298
2.053423963665268
1.3364598962846148
1.803230026884301
1.7811190428107817
1.8683980582794895
1.6337195377620402
1.2241046304550933
1.6440127119288317
1.6331867640774858
1.6318535675840866
2.0577378720720003
1.3857416189218796
1.2984966362933494
1.5206918120370767
2.062977645755134
1.9713872336600555
1.3521465405754067
1.9126490494212123
1.4193689292938683
1.955388931462459
1.9215377517063736
1.9183523790847878
1.5258645792529026
1.4938566563756852
1.1096611819047704
1.2911035317943365
2.0195928998814012
1.392510933732648
1.2368306108291571
1.417746377991487
1.9534599430297261
1.3602281079619545
1.7113792256406815
1.5582758990355259
1.6514127240888972
1.5969461047561995
2.0027885173773865
1.8960994311214943
1.460992895802985
1.97561303209032
1.9527229785277032
1.7745381625102412
1.876692099675714
1.3482793398875346
1.9342113665042013
1.372332071170877
1.8979252282661567
1.3586733539468396
1.534096881317198
2.0183617065816746
1.5921966019979028
1.5679682999325772
1.3666888030740678
1.9608633225478214
1.1707143924581647
1.8467678276815385
1.858520529798444
1.941566256112422
1.693477471216702
1.4534300037312875
1.3343058325818393
1.3365566787526506
1.3633595100079126
1.2743611063811062
2.0281624493029784
1.9785968019499218
1.8741603357320942
1.1018681820849285
1.1951472988230571
1.1494554911880723
1.2175094570244076
1.6905292594170322
1.2874712062361333
1.5463672987606893
2.017632861382895
1.398947902527852
1.7505911809254704
1.150979201133828
1.4610601837746142
1.8096704448806944
1.995774959236934
1.4100589403484538
1.6585812781721596
1.7041569741110945
1.159073567031722
1.3397331292408496
1.432353683717199
1.5933620500786179
1.293654575497133
1.1048946427527386
1.721409630970921
1.8198127720812185
1.1748558412865722
1.5937210149138734
1.873500428725982
1.8644073324259123
1.2450522757949922
1.4182049248631527
1.7886310617304433
1.9398420033543229
2.062379926478775
1.8601326620256586
1.5680076185372303
2.012383962815956
1.382663309244143
1.5442698993495434
1.91872924327688
1.953054848824536
1.1199546463654426
1.6258516943154884
1.9729833590428008
1.512932356559704
1.2415351326849293
1.7230401061664191
1.7637669325651444
1.2010132454247036
1.7333570518270716
1.7417183760085073
1.8170317134373761
1.1908182010223982
1.3453309019711808
1.4972896748021924
1.5840234349189692
1.9888093338852857
1.2994262403094619
2.0601424322338002
1.8095255473087477
1.847099920928603
1.2034974471485198
2.0519883707004207
1.1211025067980522
1.9166991367019712
1.8255269900997055
1.4814047151281395
1.340466685832885
1.2853989488223563
1.0993539791002596
1.357863323654181
2.0628017968772148
1.400747515431463
1.6283051589885245
1.6295322512712052
1.2536666514425285
1.6493965869018556
1.840494703232977
1.6899172557829554
1.254408094374473
1.3966518526945764
1.6564111759936877
1.2047341290194817
1.9881505117853486
1.695275308904005
1.1399815845096144
1.795150175451483
1.9171945506289985
2.0037003087956164
1.3436731234449641
1.7899540896025916
1.8905714292060096
1.1719681351102642
1.8463455371923645
1.325559748851606
1.4734687071534542
1.4285851905881317
1.8521692742503102
1.4021566129100702
1.1665453910273242
1.6937512691727463
1.8006539149219078
1.4176359212430991
1.943086900198684
1.4015778298421357
1.7694112579045764
1.397228060434612
1.2652265020749651
1.7658782263527313
1.4436169403993502
1.9659992473514938
1.1906050379270485
1.136729469842938
1.149554217209715
1.8170497903583762
1.9917753106374552
1.7997946570952628
1.3363323469941017
1.2700895102106202
1.0694620489954803
1.7763760489212557
2.054198178615431
1.0868374907717768
1.8663310867874248
1.1412119556974043
1.8273749449351635
1.8261162856341946
1.4544788790337602
1.6460085094523291
1.0871662955548786
1.9618270957984472
1.7646299149279996
1.3846547534252138
2.0675568692227224
1.3323476589569776
1.750517082782369
1.2502529861184992
2.039127052146453
1.8881985653802145
1.3637533188532227
1.9651849459893989
2.066360131968607
2.0162584644978843
1.0967840738683046
1.6619314842917363
1.8589322492090423
1.702900380462159
1.3029239618877664
1.8918416932157347
1.3216311567411403
1.2504034180649068
1.373971024817542
1.4137241681562382
1.1664246376051939
1.2200934988447811
1.6890765341915885
1.884504069585838
1.3196484343783303
1.6043619465888546
1.370048950343919
1.4245041784310934
1.7586441669753528
1.8547071146573375
1.3857269820148301
1.8100415976512976
1.2548381634728323
1.6637592862353563
1.74952457505544
1.1302147972722512
1.1316044197307502
2.011732594337188
1.6685309301608908
1.0945929849684606
1.6002615880043238
1.996094442619697
1.7781867450203326
1.2085535910569905
1.8659479764809628
1.6703627291169927
1.6710834211815222
1.0923417599853593
1.2456454928120884
1.9261751108898604
1.932842332166189
1.6577948119667887
1.3487129160296576
1.323795561247407
1.4988431360481618
1.0768704023319542
1.6591400201519313
1.2352165816134593
1.9056241105937695
1.1991089906323118
2.011459318186878
1.4736870369665651
1.57601351236081
1.8891325009410849
1.7080355098457292
1.6658377991916276
1.474653739238209
1.1786843261068476
1.667336204338176
1.4534088558983076
1.9864015808761886
1.8478295890407537
1.8973740627708973
1.3397816919190035
1.7945506637620128
1.9035689695910099
1.6215407890819467
1.70157687919084
1.656369126791135
1.0768635407806186
1.550925650625065
2.067937040854548
1.3483295574893852
1.989502448992553
1.5100434153483782
1.7131709357256597
1.4225367130616815
1.2019366217506031
1.5128952733764522
1.9650907178332935
1.178476856593371
1.6608699725526475
1.2730978149348517
1.1118925004972406
1.8053754792197563
1.4677929809498125
1.193420731552435
1.0998007419339328
1.3941672292429261
1.7045612367709693
1.6400015597644833
1.7927989000578137
1.4156772324215965
1.8980761253125882
1.8193662848534673
1.9171648658905942
1.3491293110351592
1.6930531029617424
1.936364259760867
1.5094486252682773
1.7174250409160534
1.6304607348894835
1.639795564537743
1.6847931827564497
1.7990748947516055
1.4128515698913742
1.2495495974012905
1.8166552812221013
2.033152835454499
1.8146332729971502
1.9602781254365425
1.5288383808478836
1.6807616841794337
2.067673254684223
1.2904336826876717
1.5009170886228589
1.4277919712541995
1.3051893194997894
1.0832128117288804
1.1372185191418682
1.1394680528173156
1.4967653659664222
1.2347711147063303
1.1866271482028365
1.64225896175696
1.6886505935969407
1.6290594030007182
1.3400994400703825
1.8111034025586459
1.4767227099079177
1.6100708660213632
1.8631855174578098
2.0597632647764663
1.5783510615989151
1.3233030757708255
1.4743797034330577
1.8591157019733646
1.99416950735115
1.6093516560397962
1.0738157163049167
1.8074225778193476
1.9722311101369783
1.6325844302718033
1.5045072728438293
1.1951495146769087
1.6757369086533862
1.8011653177024731
1.8176146644883733
1.3824156124714448
1.980083895020538
1.2333085679512774
1.4096881442714502
1.3155375618925762
1.6889428841901573
1.8978655216958848
2.02482128975437
1.750952920531699
1.6236061940221902
2.022505712652996
1.1521752298704964
1.5360692124007869
1.7866288159357058
1.8886336280158573
2.0562577856757382
1.7004043538231006
1.7638424507295614
1.8708403851431756
1.8861080532407286
1.8242401895706164
1.6147894146813517
1.5231803164138598
1.7998829557868359
1.5714505973720294
1.9594458794464977
1.1798753006681169
1.4377407585831177
1.7376734667641156
1.6208380067833248
1.9203830353130054
1.511511165541062
1.7633937077125739
1.4747988522808961
1.2399068511403375
1.555651837734741
1.3240177623512246
1.5121013226848177
1.9443118344095434
2.0489753449125394
1.2902641713358036
2.047785590860104
1.80029328617905
2.0457253254365035
1.691332597126319
1.1015455313795794
1.8352222795326891
1.3447829311348778
2.021068805885635
1.9059450956843678
1.412791455347892
1.1410250067512677
1.5272492434278393
2.0150138329139007
1.3133419051334652
1.8671487512592366
1.4474591929212595
1.3812576768990195
1.338985386904952
1.485087765053961
1.3248064548628922
1.5371771871689048
1.2264586915994766
1.5818596911842973
1.7513256327348017
1.9084853724662547
1.2945804180752127
1.4951504994322484
1.7475317163837703
1.7707077031417413
1.2378978970287011
1.4469698174780297
1.8269188183678031
1.4265185120458594
1.9235086508805066
1.2470527797753512
1.1172204149821605
1.1209285046669983
1.5309172050290918
2.053228803639433
2.050569407055778
1.0831379581868839
1.6786146787313252
2.0607177594213875
1.4692964067024843
1.4806717132736187
1.9626276606498314
1.5544304890086489
1.3924293008825666
1.1042778686537418
1.2792264650571858
1.1908229227016982
1.5631548699175124
1.3100531876520927
2.0659438641428243
1.3662234406734572
1.8693970223938845
1.931630436814199
1.9237588445342564
1.9311773719513659
1.7843225173625703
1.1028400112104917
1.6768251881690526
1.3371095530759647
1.789694281567381
1.827180267044893
1.7091615505014264
1.44633184154801
1.3966582901606917
1.1510266237922326
1.5042696703862057
1.40382852356401
1.5451520654046458
1.707920928672363
1.6301560930657784
1.7963397330340911
1.811385551783517
1.3195090266944491
1.4159504102165752
1.9421075749785104
1.8624173818485439
1.3930580909153105
1.6536519064861384
1.9122976812542303
1.8674493558199947
1.777898239231811
1.1970158776541397
1.5536408139206126
1.2159528784100726
1.6330898962356801
1.0957685820478988
1.5049651890315772
1.1831682289904084
1.8284846638424945
1.5533630404592282
1.5221516883117998
1.748583738377741
1.6352435358732638
2.0674181671822636
1.8796703354818434
1.8319225895409497
1.7388558012405737
1.9826044879999343
1.3444014462680862
1.500672612886366
1.7700076953173862
2.028876879631032
1.3211365766310086
1.9548673653527426
1.7080276397987315
1.9749422691711038
1.8988912985065964
1.7560157115772175
1.8510343795848254
1.8946551200786124
1.7693609747956927
1.43713994861619
1.5899938152318989
2.0214895303225595
1.3588789003592383
1.1488285183054197
1.7787881011442954
1.1061656912325466
1.4900749512453195
1.5710654508995952
1.9064627240412177
1.895917784157869
1.28430625870999
1.7530362737135345
1.6769834587200199
1.9361600139387172
1.4986483323473585
1.270686969839219
1.7677924613198412
1.9646618876098485
1.337377372698734
2.033271049881828
1.133817403832688
1.15224171158419
1.7881029457097977
1.940620058411721
1.2723539471178607
2.035980449558502
1.66052699137577
1.4054714944559838
1.1643084549962401
1.692495813065629
1.400790244829542
1.4383447710606923
1.987181438419363
1.3929973637804107
1.4639351757403565
1.4148204305611884
1.5177706102748976
1.8197218350857056
1.7416258545553596
1.7066179857276935
1.7138484751658212
1.6237557496799784
2.0504009226223587
1.6400293141023405
1.585139315004904
1.6776228427438837
1.7040826437145042
1.5367138535643854
1.7410856809980026
1.9073852322083742
1.1073548732016905
1.34027141028037
1.6810490437080914
1.8316042578396703
1.0898443502381623
1.5539073333401785
2.0226859270935376
1.73775715463598
1.1792655040956144
1.7803459135267603
1.772236400361111
2.001595413683296
1.3422011869575814
1.284134537145176
1.9007547067553834
1.4246827308964682
1.7603228644743922
1.9651432809846343
1.2978166129495337
2.051993072842514
1.2466665078094576
1.3192521980900749
1.590978975560134
1.841029396214241
1.5022526567219716
1.1418899434386283
1.8401054002443937
1.7418235085095028
2.058173328503544
1.120293666879595
1.330383474865206
1.1519613390212375
1.3910683698511568
1.3701735472776917
1.7298502227116435
1.5072095434376458
1.7403470146381401
1.4732280154918975
1.9355972895317983
1.9604911369662046
1.567619404145056
1.277310521459248
1.6457936759867529
1.5256591107827944
1.7863969623565945
1.070935116573395
2.032093505277269
1.1668490049527056
1.3646683882992787
1.2832487716870438
1.0813767248030977
1.1215501340645673
1.7481995376386743
1.2829259112790352
1.2781283436927955
1.466843789714811
1.7063395559902477
1.7029856303844573
1.9233464946104808
1.2781958639972182
1.929974404999377
1.290217585250381
1.5015098057279752
1.467631713337062
1.2458947025370668
1.570393760442944
1.3414254937987404
1.1278265338489988
1.8700054892615767
1.927111521470328
1.5717676475555147
1.1884667437919976
1.2138269253544307
1.4797775630848682
1.1238036045981261
2.0286988705396296
1.2593062930406151
1.2073891252205866
1.1744724702640028
1.7986844013380707
1.8726287359676028
1.4406966296415178
1.1182335589658108
1.331944547032047
1.8314757668291881
1.1285082369966715
1.6257168236175648
1.7560082160348582
1.3586123803558083
1.1656923292099066
1.6561639440284541
1.8628580142836586
1.16776738829602
1.352681767647794
1.859973251781981
1.3797758722117754
1.4657449007982468
1.6487154902040653
1.0993864104062958
1.6153287556773008
1.122104570142121
1.995481444377803
1.077319229833662
1.600147790094243
1.8172675931231435
1.864402362888147
1.36412810694644
1.7283959255195056
1.402387479170317
1.2316309650421682
1.4857648747207055
