1554268179.181701
1554268193.308463
1554268206.989599
1554268220.512706
1554268234.268218
1554268248.987572
1554268263.575705
1554268278.922462
1554268293.327636
1554268308.904878
1554268323.575816
1554268340.494504
1554268355.351668
1554268370.819688
1554268385.187184
1554268400.697935
1554268414.376825
1554268429.734829
1554268446.038388
1554268461.400107
1554268479.586592
1554268495.068306
1554268512.203174
1554268527.193735
1554268546.059346
1554268560.646237
1554268578.685373
1554268600.191824
1554268615.464816
1554268640.490959
1554268655.956195
1554268684.698611
1554268700.571305
1554268718.933171
1554268743.390058
1554268756.73775
1554268798.490062
1554268812.998821
1554268853.026233
1554268868.582719
1554268908.198823
1554268925.707732
1554268945.173441
1554268985.217838
1554269000.85077
1554269041.489918
1554269057.030944
1554269074.905776
1554269115.015309
1554269129.806357
1554269145.313284
1554269170.063003
1554269211.862487
1554269227.105359
1554269243.316834
1554269265.844472
1554269305.522239
1554269319.993497
1554269335.384025
1554269352.617304
1554269393.977825
1554269409.570144
1554269429.427407
1554269470.192053
1554269485.493565
1554269504.903733
1554269546.131126
1554269563.288526
1554269604.057913
1554269619.497055
1554269662.392605
1554269702.974754
1554269724.189426
1554269765.256088
1554269780.026628
1554269822.702013
1554269856.641982
1554269897.155052
1554269913.836729
1554269952.644436
1554269993.180574
1554270010.253532
1554270035.261178
1554270076.470322
1554270107.037444
1554270147.358283
1554270162.021227
1554270179.234866
1554270204.164391
1554270228.757532
1554270271.161472
1554270305.494175
1554270346.144312
1554270377.643497
1554270420.419324
1554270435.896727
1554270466.908452
1554270506.693784
1554270548.078604
1554270587.867392
1554270628.670953
1554270669.364029
1554270711.949092
1554270749.642265
1554270789.605874
1554270804.784953
1554270844.78976
1554270885.6241
1554270901.310544
1554270938.137457
1554270981.070448
1554270999.094827
1554271033.725078
1554271074.686817
1554271093.546576
1554271118.061509
1554271158.045915
1554271180.915556
1554271220.935109
1554271241.100903
1554271282.474763
1554271322.33206
1554271362.204742
1554271402.088299
1554271443.813942
1554271483.929252
1554271523.789017
1554271565.513575
1554271605.792597
1554271645.45611
1554271684.679291
1554271723.369671
1554271763.905256
1554271781.373486
1554271822.354393
1554271838.054725
1554271879.352176
1554271894.673095
1554271935.281362
1554271951.960842
1554271991.753311
1554272033.524555
1554272073.256855
1554272112.795829
1554272154.353531
1554272193.775479
1554272233.282622
1554272273.457896
1554272314.841137
1554272354.593096
1554272395.810272
1554272410.228082
1554272430.387527
1554272472.774781
1554272493.872763
1554272534.533756
1554272555.56744
1554272575.87553
1554272618.365759
1554272636.384563
1554272676.633057
1554272693.058072
1554272713.216825
1554272756.303356
1554272792.593429
1554272833.832491
1554272867.747219
1554272909.563213
1554272942.848186
1554272983.719798
1554273005.409857
1554273037.051307
1554273077.645996
1554273094.93108
1554273123.073212
1554273162.25292
1554273201.340502
1554273241.870075
1554273278.03564
1554273320.581751
1554273345.251617
1554273385.781699
1554273402.927146
1554273442.863559
1554273482.219313
1554273523.046432
1554273542.040622
1554273582.974235
1554273625.675596
1554273666.397359
1554273707.025739
1554273722.478313
1554273764.318413
1554273780.958488
1554273821.006879
1554273860.844868
1554273900.410383
1554273942.186577
1554273981.863136
1554274021.814796
1554274063.182729
1554274104.209676
1554274118.644435
1554274158.460132
1554274173.898154
1554274215.607762
1554274229.112376
1554274250.378315
1554274291.192962
1554274312.888122
1554274354.722607
1554274378.118256
1554274417.702917
1554274449.386367
1554274491.738566
1554274522.421651
1554274562.954943
1554274586.254906
1554274619.569794
1554274662.17564
1554274691.018335
1554274712.161324
1554274752.984595
1554274777.604635
1554274820.286007
1554274861.265478
1554274902.026219
1554274945.054666
1554274960.896171
1554275001.890573
1554275024.718006
1554275064.339806
1554275087.713012
1554275128.242997
1554275168.894706
1554275209.087982
1554275251.389449
1554275292.136149
1554275332.667235
1554275375.101289
1554275415.06315
1554275455.736597
1554275471.072624
1554275511.343658
1554275528.170623
1554275568.53726
1554275608.370067
1554275648.901724
1554275669.838671
1554275710.621666
1554275728.605208
1554275750.177893
1554275790.784633
1554275824.401668
1554275864.838074
1554275895.353128
1554275935.879967
1554275963.283729
1554275985.15667
1554276025.786376
1554276045.653021
1554276086.351889
1554276105.341287
1554276145.92344
1554276164.103782
1554276203.751284
1554276240.933404
1554276283.630516
1554276321.204966
1554276361.384163
1554276397.858123
1554276438.839381
1554276475.800549
1554276516.285427
1554276545.857654
1554276569.403349
1554276610.371839
1554276639.939062
1554276660.709508
1554276703.243718
1554276728.838193
1554276751.313125
1554276790.663849
1554276806.255921
1554276848.353891
1554276888.230838
1554276928.809443
1554276968.823705
1554277011.404608
1554277052.244822
1554277091.918806
1554277132.680524
1554277173.601569
1554277191.057265
1554277231.067222
1554277249.929305
1554277292.086735
1554277310.971438
1554277351.457008
1554277392.039548
1554277434.535536
1554277474.929707
1554277515.542508
1554277555.873091
1554277598.692312
1554277639.658405
1554277679.345178
1554277722.100612
1554277763.689149
1554277804.891942
1554277845.72042
1554277860.788634
1554277901.540637
1554277941.886314
1554277981.307969
1554277996.654537
1554278038.563011
1554278054.518228
1554278095.358872
1554278110.662129
1554278127.182527
1554278169.309046
1554278185.965333
1554278226.750706
1554278243.214602
1554278284.331565
1554278304.240128
1554278344.941596
1554278362.978337
1554278403.696601
1554278423.067307
1554278465.490096
1554278503.47894
1554278544.562832
1554278571.599066
1554278613.375235
1554278654.745502
1554278694.448186
1554278736.536536
1554278776.399983
1554278817.263548
1554278857.103672
1554278899.374567
1554278940.283221
1554278953.793885
1554278994.36865
1554279035.767103
1554279076.258935
1554279115.97348
1554279156.581779
1554279197.974712
1554279238.98341
1554279279.085249
1554279321.652571
1554279361.458595
1554279376.842636
1554279417.571095
1554279432.972448
1554279474.357509
1554279513.909837
1554279554.422133
1554279594.941454
1554279636.819308
1554279677.832638
1554279691.500207
1554279732.388231
1554279775.478284
1554279816.597571
1554279857.256091
1554279897.904182
1554279939.931842
1554279979.869369
1554280019.512505
1554280033.970627
1554280077.003392
1554280118.781625
1554280133.382038
1554280173.78578
1554280190.140199
1554280232.973433
1554280248.596068
1554280265.840581
1554280306.729939
1554280323.047524
1554280342.061183
1554280384.760414
1554280402.752031
1554280443.363227
1554280484.650349
1554280527.675286
1554280569.032869
1554280608.258745
1554280649.390351
1554280690.673757
1554280731.936676
1554280771.612109
1554280814.819735
1554280854.88407
1554280895.708785
1554280912.179603
1554280954.377036
1554280970.122389
1554281011.697012
1554281052.030924
1554281093.027894
1554281132.110475
1554281172.5177
1554281212.083184
1554281253.985274
1554281295.152924
1554281335.025019
1554281374.409219
1554281390.665858
1554281430.926228
1554281444.635533
1554281484.432208
1554281523.961824
1554281565.733466
1554281605.930006
1554281646.098775
1554281660.497358
1554281703.168889
1554281717.515394
1554281758.000885
1554281798.406538
1554281840.913661
1554281879.832701
1554281919.681362
1554281936.042058
1554281977.214184
1554281993.495379
1554282033.033964
1554282073.385974
1554282115.683214
1554282155.264094
1554282194.970462
1554282210.393536
1554282250.00865
1554282292.237107
1554282331.910957
1554282347.206124
1554282386.547111
1554282429.1421
1554282469.861529
1554282509.71134
1554282525.136807
1554282566.814002
1554282607.597206
1554282626.434341
1554282666.846374
1554282705.244723
1554282745.876107
1554282765.780645
1554282806.580272
1554282845.453801
1554282886.179669
1554282906.288487
1554282947.336584
1554282962.584535
1554283005.142508
1554283046.326669
1554283082.658839
1554283123.412733
1554283141.269754
1554283159.614083
1554283193.95807
1554283234.797058
1554283255.400265
1554283298.024498
1554283313.489812
1554283353.102169
1554283368.437649
1554283407.733089
1554283425.04995
1554283467.964349
1554283483.474969
1554283499.943962
1554283540.824187
1554283583.877658
1554283623.502907
1554283663.440779
1554283703.404342
1554283745.385351
1554283785.898789
1554283804.783187
1554283845.579603
1554283870.631823
1554283910.261238
1554283947.061799
1554283986.663317
1554284007.749246
1554284050.48548
1554284091.638044
1554284131.894458
1554284146.000574
1554284187.999619
1554284228.464351
1554284269.963968
1554284310.423944
1554284352.209678
1554284391.76718
1554284431.498962
1554284474.03649
1554284514.20653
1554284554.44842
1554284594.980019
1554284612.358625
1554284653.420725
1554284668.186329
1554284708.559013
1554284749.792532
1554284770.619391
1554284810.402145
1554284828.901861
1554284869.909268
1554284886.169104
1554284929.416517
1554284970.871879
1554285011.909562
1554285053.952977
1554285095.120981
1554285135.143533
1554285176.804401
1554285219.659274
1554285260.421087
1554285299.915018
1554285339.843812
1554285381.799837
1554285422.415122
1554285464.488828
1554285506.505894
1554285521.345836
1554285562.327077
1554285603.453351
1554285646.669438
1554285661.574582
1554285702.638562
1554285716.498901
1554285756.5946
1554285798.847029
1554285840.775207
1554285880.974183
1554285921.495103
1554285963.680052
1554285980.41567
1554286020.807838
1554286037.517469
1554286078.219475
1554286095.398323
1554286136.458175
1554286176.66265
1554286217.634201
1554286233.051747
1554286276.144419
1554286291.629093
1554286331.729355
1554286351.843402
1554286394.601048
1554286415.713699
1554286457.098605
1554286477.528056
1554286495.195551
1554286538.340903
1554286560.642596
1554286602.797514
1554286639.268284
1554286682.085092
1554286704.918338
1554286746.25424
1554286764.901616
1554286804.926952
1554286841.088083
1554286882.254486
1554286916.051894
1554286957.420763
1554286990.386805
1554287009.907472
1554287050.700718
1554287070.582715
1554287100.323402
1554287143.466515
1554287159.176702
1554287201.069666
1554287217.948976
1554287259.416966
1554287278.922812
1554287322.301751
1554287339.904946
1554287381.561285
1554287397.31663
1554287440.414451
1554287480.824908
1554287521.764635
1554287562.959876
1554287576.740062
1554287618.26891
1554287659.525797
1554287701.11111
1554287742.875833
1554287783.894815
1554287799.77733
1554287840.799993
1554287856.127446
1554287899.219004
1554287940.16152
1554287980.921566
1554288020.966823
1554288062.807083
1554288104.596506
1554288147.358218
1554288189.783083
1554288230.89828
1554288271.408316
1554288311.516114
1554288353.858162
1554288397.186272
1554288438.596958
1554288481.774859
1554288523.835198
1554288563.979526
1554288605.129325
1554288647.295591
1554288687.785308
1554288727.909381
1554288767.999866
1554288810.614186
1554288851.688077
1554288892.836609
1554288934.164553
1554288975.132507
1554289016.147304
1554289057.18938
1554289100.068396
1554289141.534329
1554289156.980521
1554289197.76935
1554289213.447232
1554289256.736768
1554289271.272979
1554289312.46997
1554289348.746107
1554289391.721072
1554289415.881268
1554289456.699615
1554289495.252599
1554289537.211649
1554289554.978677
1554289590.939333
1554289633.258239
1554289650.947227
1554289672.955415
1554289714.185662
1554289738.254599
1554289779.285591
1554289795.568211
1554289832.964585
1554289875.400144
1554289897.095632
1554289925.855808
1554289968.966844
1554289997.712421
1554290021.418107
1554290063.175514
1554290093.43163
1554290135.88916
1554290160.460972
1554290176.212287
1554290214.301001
1554290255.111981
1554290274.563649
1554290309.153284
1554290349.224733
1554290367.265014
1554290401.703445
1554290444.953906
1554290461.303254
1554290492.611541
1554290534.049431
1554290558.54804
1554290579.819474
1554290620.487811
1554290639.657886
1554290680.335769
1554290696.550445
1554290738.180813
1554290779.660528
1554290820.496105
1554290863.046272
1554290903.195144
1554290944.300011
1554290984.261113
1554291025.755118
1554291066.276325
1554291107.339672
1554291147.114536
1554291163.635188
1554291204.90648
1554291220.911726
1554291258.232488
1554291300.858275
1554291318.177847
1554291351.802984
1554291391.846757
1554291412.859392
1554291432.131088
1554291473.800844
1554291492.728757
1554291533.770308
1554291553.091957
1554291593.627578
1554291614.574951
1554291654.678938
1554291673.905825
1554291714.76784
1554291733.409718
1554291776.198582
1554291805.747906
1554291850.414933
1554291875.038912
1554291916.579822
1554291957.476758
1554291997.851263
1554292038.897068
1554292082.202193
1554292123.165585
1554292164.755769
1554292207.421547
1554292247.541161
1554292289.074297
1554292329.501527
1554292373.722866
1554292412.065507
1554292452.48203
1554292474.389147
1554292518.785745
1554292540.766834
1554292582.564348
1554292603.247209
1554292644.813921
1554292667.690275
1554292707.086104
1554292746.958994
1554292787.950181
1554292831.057825
1554292871.850663
1554292913.319126
1554292956.08991
1554292996.645044
1554293037.50596
1554293073.778873
1554293116.249061
1554293134.596388
1554293175.505807
1554293191.867049
1554293232.970007
1554293251.065924
1554293291.362306
1554293308.08453
1554293348.246611
1554293382.139369
1554293423.881965
1554293444.118259
1554293484.007333
1554293503.219842
1554293544.825887
1554293581.56682
1554293622.672982
1554293641.123559
1554293683.905573
1554293723.734502
1554293763.717432
1554293803.897355
1554293845.892084
1554293887.176548
1554293928.406992
1554293969.182395
1554294010.699978
1554294051.469858
1554294087.23527
1554294129.445729
1554294148.765492
1554294189.44978
1554294204.761056
1554294222.784332
1554294244.433082
1554294286.689173
1554294304.388501
1554294339.619183
1554294380.696614
1554294404.216433
1554294446.148725
1554294463.501407
1554294503.486935
1554294520.800844
1554294560.94478
1554294580.176316
1554294620.762806
1554294648.286716
1554294688.366616
1554294703.280964
1554294720.717583
1554294750.562659
1554294771.06531
1554294799.698778
1554294840.823284
1554294860.486299
1554294902.18331
1554294919.927606
1554294960.504083
1554294987.786244
1554295030.587938
1554295069.426687
1554295109.910327
1554295140.393708
1554295183.569308
1554295199.388624
1554295228.023668
1554295255.661357
1554295296.053586
1554295312.326246
1554295352.862521
1554295393.024361
1554295434.104844
1554295473.910973
1554295515.217804
1554295536.361258
1554295576.951431
1554295596.882901
1554295640.097837
1554295679.457685
1554295722.042231
1554295762.074399
1554295803.298853
1554295842.287732
1554295883.238351
1554295904.640793
1554295944.957366
1554295963.131882
1554296005.456834
1554296021.09523
1554296061.279332
1554296102.020843
1554296118.881357
1554296156.125757
1554296198.144777
1554296216.370495
1554296257.343562
1554296273.575967
1554296314.019201
1554296353.767178
