1.0408572256258037
1.0429685828354447
1.0351693390794168
0.9895718493541233
1.0448694383014194
1.1038465735203824
1.2586886268101194
1.2864424947194362
1.1180646554413731
1.2827933723663332
1.2999241333899423
1.2378806164811336
1.1774129212820506
1.0441651471740931
0.8785893617188111
0.8347361556555443
0.8309144024178753
0.6231233162198773
0.4578070744922619
0.4468170357272706
0.4827628908612122
0.49019461219835325
0.517581955088758
0.5102706430395304
0.5402663641741898
0.6840337945606011
0.8390550775487691
0.9247711684356287
0.998134423229976
0.8326159399422968
0.6679307476148758
0.5912053832386231
0.6418782980712122
0.7337646225388157
0.6017425671603409
0.5784347525719495
0.50463308758699
0.5514348171365163
0.5858111273251376
0.4763265686375668
0.44098808893169367
0.3174165890847458
0.1457935391300139
0.18795294876596275
0.2264938302730924
0.296831972387815
0.30815671754782836
0.3200274590330714
0.4954335792693915
0.6763320197444846
0.7510803660746961
0.7312022151359997
0.7324469266049718
0.7362371142467802
0.7321944382691529
0.7124281643185685
0.687944146819322
0.7615845870062091
0.7653493839088239
0.8477150820117494
0.8690162931203304
0.7797628752761084
0.83721990048145
0.8556825280354771
-0.368299070121963
-0.37279707443582233
-0.264103342142507
-0.14649292438193887
-0.37156179281138885
-0.5489327822028273
-0.5443861496156036
-0.41359493578738354
-0.32278451613716813
-0.4995134346253927
-0.42488282547818085
-0.3600921895424871
-0.39819289242148637
-0.24297050773187978
0.19686759838205908
0.2964657496581362
0.2596672057694424
0.40768063387783077
0.6181099415952107
0.9159302396323581
1.1434232628546055
1.2531065611259653
1.4522171828017847
1.6109307104767971
1.6385581452613203
1.4235841418718025
1.2889480017571604
1.1316611742581602
1.0654107628937248
1.1240824823527478
1.2145334216779229
1.2279131642310352
1.096829128406495
0.924001626542723
0.9409766568937805
0.8542595123270545
0.6359695000422548
0.44903735398094513
0.2750263078771114
0.28212372686000675
0.3054813460369333
0.3628544936060035
0.4611646408810498
0.4903312315680518
0.43681328405094505
0.1606842968288669
0.1021188988808203
0.07802219479711357
-0.12550075212178732
-0.35368630334804907
-0.5293618114800316
-0.4903272311508363
-0.39532170042543135
-0.31480848799286476
-0.18528159119895105
-0.08559431840075726
0.014177478057641073
0.13148434298670106
0.36237981591870366
0.46683715159181804
0.40477639895161777
0.510271267393747
0.7729356679650371
0.7128985355038455
0.42603715635632095
0.4102931506364925
0.4131845042979444
0.423351757165582
0.4876505740121681
0.4996578604182318
0.3079834278857065
0.08608706428338767
0.023478729886074044
0.054285870226324355
0.06977272907757825
0.15960865796274773
0.34646833629133666
0.24132140169155827
0.26351403086949343
0.41683313527404225
0.44967277145958573
0.44386292568451985
0.5277130424277701
0.5098705158830001
0.5313392682744038
0.615527426847431
0.607977042911132
0.38427338545928247
0.32153985679816277
0.3795896231176655
0.27282934587990537
0.32028642475998703
0.3750619011326775
0.3589740271305991
0.21164130173838366
0.03315167754310564
0.04347053285840066
0.060242057677352134
0.155799118465124
0.2087139553356839
0.30017023925163283
0.4049203735158534
0.49405711788812046
0.5229593996835007
0.6267999457037892
0.7071764789350925
0.7683635667002643
0.79441461177958
0.8454713020132926
0.8798534545021904
0.8202389735079484
0.9003339581154949
1.1229683261785754
1.2421338820985832
1.4015352999404982
1.497003993514908
1.4636240707621009
1.3860437568273967
1.2618123929199618
1.2354954222718317
1.1100763343251179
0.9763431728680925
0.8573460504193439
0.8224061384384443
0.8832391055643759
0.7602034466260746
0.6655960627739683
0.7601427967803748
0.25867869697948875
0.27106394297963415
0.2522270270971734
0.22117331651726424
0.3056209638338021
0.5672392323155306
0.5989233914706749
0.251795304179078
-0.04555612254907437
-0.11171136568516496
-0.2574854333926747
-0.2614607889338469
-0.23828217238712454
-0.6642642595569812
-0.6441065238768996
-0.6878893227261155
-0.7376649246686023
-0.7297322162002168
-0.5031439811815187
-0.18499148022815962
-0.038573052579641165
-0.08283578932768783
0.055964345215713585
0.011364769696367993
-0.0035391349480203534
0.08423748735944817
0.2408064156274428
0.27496322279976815
0.45998905714949395
0.4949464101116777
0.46580683105121873
0.6906342913447509
0.8114435294748833
1.1769898993372823
0.9834960089111934
0.9036166839959662
0.9299503084207643
0.9870741071441378
1.012270391276647
1.2728726317963805
1.3181007674857066
1.252626422337611
1.3081054793369118
1.229535106210787
1.155818565862284
1.026236615114252
1.0137861846400933
0.8437398920490764
0.29845329586629693
-0.13653998657345504
-0.5511047044199285
-0.7079304000217664
-0.8138941600870252
-0.9394494871913359
-1.1186998139768431
-1.10658797142836
-1.1047534758816784
-0.8970706857775629
-0.4617109597235165
-0.45100046792198234
-0.32839623660847106
-0.14239819168280507
-0.14049513633037763
-0.3560820487199372
0.6361053539177016
0.6703344627212955
0.7247171367657435
0.7349863134609033
0.7201323346208574
0.7180636591952186
0.6864400043428762
0.6738404931545261
0.7083327729504204
0.6762400079468328
0.6543616495517267
0.5741088092737656
0.5511827887290611
0.5792090715692401
0.6438088186354899
0.7244855235176219
0.7302914456474291
0.7934507035545753
0.7585523973994145
0.6510367300350908
0.5336121686277583
0.4749142579062252
0.45749494382336214
0.41173190422456596
0.39321560789096477
0.38066643593957716
0.3832930045942918
0.4098186705343531
0.4794465801765906
0.6424103138637587
0.7314790850412377
0.8931909899676066
0.9731068644129657
0.9676544794510997
1.0907126565464142
1.1171876114754873
1.1253222011593937
1.1155297667350297
1.0845277034769505
1.061046046694235
1.022409485900804
0.9389266868895007
0.9409494911484387
0.8788886806306017
0.8195691534788635
0.7864106094501526
0.7346814755529227
0.7253788645522603
0.689961807730184
0.6010500420982469
0.5790603747261889
0.57033029946454
0.5526738027814855
0.5266670703391563
0.5136710011406773
0.4791577226994401
0.43198270888301327
0.3411082093257161
0.29498037351567863
0.303450983042431
0.3009228671823018
0.2784086560382482
0.21935147350407208
0.24981105446928475
0.42022749686097616
0.33717103266434206
0.32676730458410425
0.28093107022406644
0.04162188421277938
-0.17353199476439496
-0.3605423177402738
-0.4173874425983156
-0.30396740143682754
-0.5269644052468937
-0.49063391463036565
-0.40487675051928435
-0.2955844900331109
-0.05615427132554668
0.18716386548028874
0.10182956019456407
0.05777666019424779
0.31438165940953905
0.5346299195234796
0.7584383717400501
0.8873852615529555
0.9345797951463548
0.8675604036813557
0.8926014726876874
0.876155819780154
0.6138787601556683
0.32741515477957556
0.18230265083552294
0.21651881233802456
0.20448145471393656
0.2060864763314086
0.09000219916278673
-0.022980621695985238
-0.031212750518566035
0.04869438301914296
0.05640828825423205
0.15319716005390502
0.20012223416858033
0.2511505438949317
0.49876951293137184
0.5899184629068893
0.7130598446800674
1.0549324859266942
1.146913761152047
1.0809977851196493
1.0066757144986802
1.0190303922967556
1.0062778043298095
0.8665646675242409
0.8376516451097902
0.8987945098600804
0.9794838161863781
1.0452568333609542
1.106655586781332
1.1686307305561143
1.1998406710839167
1.2509688547294662
1.3275880849611614
1.4515640817104065
1.4384666756943043
1.442696745972066
1.482246284966464
1.41703255071936
1.2887731329850973
-0.598223109347196
-0.6787093151705459
-0.726464910793514
-0.6562855619748914
-0.5763896022308839
-0.5586904739750029
-0.5849772924767678
-0.5733442286232768
-0.49833032161778335
-0.4892897048701476
-0.6343602942936054
-0.692274375019735
-0.7212311660011316
-0.6336575978306641
-0.6881390165913674
-0.5587375138748075
-0.44130464636476396
-0.4042769227670949
-0.43568628973769147
-0.36723108292080336
-0.02820967831376113
0.27623416206098866
0.4826661514240994
0.7039119418998135
0.8870635715264561
1.0126840236495922
0.9991169424794706
0.8671616016503672
0.7816075667978822
0.7994762757910773
0.8121886244135907
0.7822781032937494
0.816758200368485
0.6955967721990994
0.9468434951894689
0.9670827518705601
0.9844739943146783
1.0467321883313592
1.0304507761673825
0.9872769342428045
0.9770621243622083
0.98824800624463
0.9722851199908825
0.9468243795879779
0.929466612237017
0.890515520576149
0.8609561920440278
0.8383077798025842
0.9192118318180867
0.8668163671071043
0.6257696482132549
0.4773970786011784
0.4371837402348371
0.40404061032198524
0.31475384413575686
0.17903525924679944
0.09213202106253267
-0.1183292141896581
-0.3077621566541641
-0.39830675575411517
-0.43516844029079593
-0.5084173106673282
-0.5393406840900604
-0.4427768546698281
0.10004237067371069
0.16961607470353304
0.13805828504919193
0.15068245418720796
0.3172441197052734
0.5348064735181493
0.7907918683450705
0.9396164366773135
0.875372246964966
0.955345029419764
1.07910366030067
1.1768265178454316
1.223751908125533
1.1965125076418432
1.0712166959359917
1.0492014926297173
1.1001193835992822
1.0450693824846227
1.148050102503403
1.3021753196054255
1.2722974271001033
1.1498173267118876
0.9929721243276569
0.935225713933172
0.8695418815043938
0.9176879269714971
1.0652457050646844
1.0686981819227748
0.9130783780071784
0.5098056155067809
0.2723327279123349
-0.011319874260273484
-0.3055960005625047
-0.45682805256616943
-0.6024988239679356
-0.6762280725485398
-0.6733192404268123
-0.6911273850270315
-0.5847599100941577
-0.5717103319664685
-0.6070457534247082
-0.5678337149942003
-0.6164907694662167
-0.5253973878846182
-0.4720134931130956
-0.4424877539343734
-0.40096380706504
-0.33649116412993063
-0.26957928215887783
0.021870978061140297
0.2683420793716932
0.2797168846842453
0.33571593783575127
0.39971449865492853
0.43017322903739863
0.5903723260580793
0.7195660528516141
1.004649495834052
1.1141172465623526
1.0940033512139433
1.004148878546804
0.9985659494939595
1.0980689166838484
1.0286664215872652
0.8196988095990051
0.8449340109974064
0.9239755950745593
1.0098147082275237
0.935812177281901
0.7986851649043973
0.6452313193154162
0.620121802174862
0.6798291264531101
0.5557032680983409
0.4736927303834244
0.41173135890207235
0.3135379433292853
0.21800311356653856
0.4611577024866972
0.5110420899293224
0.46330445829578215
0.6360252908820017
0.7238967669497152
0.8491875672787194
0.9580233888192338
1.0445192035956448
1.219114394290294
1.286989769010748
1.3284095373071803
1.2845864911520029
1.2066525517426907
1.1204099983710327
1.1763850106514826
1.3315578575685798
1.4282198862755808
1.5908983927183853
1.70591351988524
1.7006826468177993
1.6108166961966297
1.5404834509684269
1.2718940092395101
1.1135408587785527
0.9005146953566379
0.7489343903191056
0.7825549858332849
0.6283922274383706
0.658871254645113
0.5421403559488923
0.4416734804571877
0.3141751059907779
0.28168973279765097
0.3044415988276642
0.35453574580915076
0.20589745632310064
0.2549017661043973
0.3614617451151145
0.3767373466838748
0.385802630928411
0.35702644836864805
0.36871310631930493
0.32461324828295596
0.18455240993641375
0.08852794617740009
0.07481607702824776
0.20676920949332628
0.34126455652341126
0.23504948741121037
0.2280842267164383
-0.0903097322699508
-0.017059765544312055
-0.05982906374436866
-0.19731605136988345
-0.1540696716172529
-0.09409141402969687
-0.05679303285918069
-0.1189580059136978
-0.23603808936814796
-0.17564205586800463
-0.060379387172585605
0.006200099349961507
0.05854057358576375
0.02398166762803844
-0.1801420287471539
-0.28241354395069257
-0.27417749042000655
-0.45504556281469605
-0.5621136979774932
-0.7112519341654037
-0.9278427862131815
-1.142630497645145
-1.326352671339115
-1.4684492915127612
-1.5544472290929099
-1.5292959742797676
-1.4390943487028292
-1.2229163177939621
-1.0050135798126634
-0.8341686611279822
-0.6956028589322895
-0.3691009397121164
-0.12250593811793951
0.134465048940468
0.1378554546057447
0.21289302911998748
0.39712310726607064
0.5250605413971398
0.7024275667631663
0.7730275777595453
0.7541929480597279
0.7872809859058998
0.6864862599706704
0.8366401396100817
0.912144745165627
0.9982681041745373
1.0528862283454636
1.0278207101277512
1.0259710041339716
1.1457976970267738
1.1566135369993387
1.1443649559014282
1.1248455423935197
1.0893168851763204
1.0931532510572202
1.1406850349943898
1.1872492349731374
1.253399552069609
1.2882478704136657
1.2215566254196584
1.085884816728974
1.0367205845108334
1.052209169970305
0.9742375551719412
0.15728892992149845
0.14770123068152155
0.11850918739443567
-0.0019073245685676497
-0.37829926762603766
-0.7433861895734077
-0.9648438667090121
-0.9795821014242473
-0.9893571191377526
-1.4001928174571985
-1.5297061874549704
-1.6301571209063532
-1.8092191415423375
-1.8659617857646122
-1.4349167542845633
-1.5448536547523883
-1.7031348175322212
-1.2448652313161075
-0.7782482793129187
-0.3107237006003368
0.014657441922730666
0.10704835349018106
0.23706447249946963
0.28754269208705396
0.22424580601214514
-0.02496165932280204
-0.1701350286368859
-0.3325305943598989
-0.17773157231761483
-0.14552338882357102
-0.22553014845130037
-0.10343712110765792
0.06973867687224668
0.2091679277934055
0.08863135502868875
-0.01809440797986545
-0.1460890156355842
-0.180962917811314
-0.29606038668004614
-0.34420366119557255
-0.4684171617760405
-0.8331492542206183
-0.5938202965418071
-0.5976578335130115
-0.7853100509680572
-0.984247283877963
-1.0497016123879122
-0.9649031421237482
-0.9168225039821276
-1.0537158891134486
-0.7388531076122965
-0.4433576525925853
-0.30638605178002765
-0.14501684514458685
-0.026858215333378403
0.08881198206748768
0.15299371065095138
0.2500383265488053
0.36489723601766394
0.5137109909731935
0.7763613019498488
0.8969386853067002
0.627270317711099
0.48352503462262914
4.307509249610901
2.851007648414631
-2.090112761497324
3.1354147083331516
1.2201320583998931
3.1295534056651215
3.8846281134294482
2.01990241677738
1.1256059576264767
0.0989075109729014
-4.689003328788786
3.2104434777121753
3.5784754068499662
-2.2521863590887974
-0.30131950081717074
-0.3047116136687488
-3.223420640738591
0.7792513119115054
-0.9320396743843669
-4.2190699255097375
-1.4070197243162057
-2.416060957808085
3.110335423281465
1.0969268112127468
4.142267873228402
3.955657629654023
1.921010091581538
0.9997775936447568
0.9536892392670169
3.8304411025728426
1.1241126108428054
3.6456552199869305
0.9641633661281432
0.9123334782749617
3.6691991648453217
3.674819156145478
0.6583629493167954
3.19073674978932
0.049791177634365164
1.4778389138572974
1.7528383968742618
2.228459625654147
-0.5490831323283298
1.3813075926527767
3.16104119090235
0.4324781193744056
0.33559162260891207
0.23135393330539772
3.574962842045202
1.5289308300120361
1.3610020607179008
3.0372133528429077
1.9133979298577675
0.5779427321743559
0.8576745081772426
-1.5647412022742868
-0.5583345873641038
-0.6164648837620176
3.8004307240386628
2.1693087550517296
4.233331669909341
-1.1432064251248824
1.470398616031714
0.35703157069829716
0.026073437628106294
1.9010018447294097
1.5671986949283099
0.8179339754826068
-1.5791236856589415
-0.23492945163471252
-3.2597761049250864
2.7531076581191973
3.7210365788928526
3.971841321690661
2.545394378686953
4.104782185337629
1.678341211407986
3.996802725709827
2.552617330535011
1.7426605998232068
-1.3038193300428318
2.1332299690305674
2.6270633106857164
0.31921795924569585
0.9610129695209488
3.13787537783037
2.4929518894707514
3.21606595230559
3.701561576757077
2.727246469239572
1.3369163167386884
0.2513472693108367
0.7782240297804811
1.1976157578633038
-0.1297615710030694
-0.7690538106385719
-1.6980091408877316
3.887786268933502
-0.2886162216029231
1.2974519681729553
-0.08946714758645319
1.4852974506199648
-2.775992320163945
2.584255643205479
-3.0887417467633265
1.5553670399780353
0.7525253250611696
-2.28939192973575
0.5321254354558039
1.0005021505831118
1.098689108862762
0.9389832336060276
0.4171273007058891
0.7286817020892907
-0.8767530307405452
-0.5002767385210047
3.105403020020951
1.7825435381121775
3.171749825118365
-2.909291804849232
-3.2525551165591633
-0.6349849309920386
-1.3875764490294569
1.7277127767216653
1.0693440353461827
2.798374905907087
0.9127758400680693
2.0687936456330056
0.6117232127502501
1.4036488307332373
-1.83902080434607
0.053686383201420024
-0.4492424496010888
0.6460185482102364
2.7223160640819724
-0.2968981526377693
6.985384259609013
0.6843206164454412
0.5076750179702715
1.3799251739946947
-1.2219520216996589
0.9838888942028298
0.5654458644733779
0.2767236858230026
3.0749192280731155
-4.180829605635933
1.073919274011543
3.135977408006861
0.0976351415932442
-0.6825845718208707
2.7858703741029225
2.939263230591715
3.7149233837365596
0.18191176092952221
0.40151239948882805
1.894782943723309
0.3558724374123695
3.4552920705874373
0.44587227621589703
1.1374325328071102
1.3189512339769027
-0.9148484179171711
-0.9452624836096318
0.9573102324068933
-0.27965702718838975
0.564887069513827
2.2931851231355234
1.2888666933469657
1.2342725653484106
0.8527167153006009
2.609062615728174
-1.0260555156550375
-1.1067992965841456
0.9896494453169932
-1.5202052444460405
-2.1585340245526523
1.525743314552736
2.6089260459290404
-1.1941864115289835
-3.7136698346469896
-1.4854073072454257
3.2517563340549884
5.442890290105646
2.124143333734126
0.30223532871898484
-2.1782415703663975
-3.388006566930878
-2.4751628737285998
-1.7358737622990388
-0.3733626447565439
-0.826565180450483
1.4556064286923451
2.243642832563139
3.404681719204147
1.989184499263553
3.9351616355638037
1.3071615657182742
-2.3636872119344585
1.0515192987550586
0.9174171618835129
-0.1913633188283437
-0.19242521365375886
0.4511145701515731
0.5649532178375074
-1.1807949442238435
-4.010890252088134
-2.9490092434303006
-1.0163406230788516
1.0112886139759476
