1553868989.640934
1553868999.292319
1553869007.596661
1553869015.671758
1553869023.592428
1553869031.636346
1553869039.672442
1553869047.646474
1553869055.588768
1553869064.005975
1553869072.954843
1553869081.046601
1553869089.975763
1553869098.102579
1553869106.378729
1553869114.45561
1553869122.645995
1553869130.915359
1553869139.552898
1553869147.759174
1553869155.878599
1553869165.592291
1553869173.545464
1553869181.423609
1553869190.123929
1553869198.345963
1553869206.454241
1553869214.394468
1553869222.425852
1553869230.746332
1553869238.73784
1553869246.696218
1553869255.179697
1553869264.820275
1553869272.851065
1553869281.121244
1553869289.498255
1553869297.509078
1553869305.755318
1553869313.867927
1553869321.959194
1553869330.139057
1553869338.14509
1553869346.354124
1553869356.116544
1553869364.273904
1553869372.281229
1553869380.836653
1553869388.917332
1553869396.982655
1553869405.207507
1553869413.279968
1553869421.383078
1553869429.188733
1553869437.135525
1553869445.200545
1553869454.550754
1553869462.822444
1553869470.911596
1553869479.932301
1553869487.894511
1553869495.996957
1553869504.035118
1553869512.037216
1553869519.992933
1553869527.746035
1553869535.745145
1553869544.511811
1553869553.3256
1553869561.185222
1553869569.736092
1553869577.666789
1553869585.416022
1553869593.59027
1553869601.54987
1553869609.51577
1553869617.682568
1553869625.869446
1553869633.993967
1553869643.49165
1553869651.291941
1553869659.156728
1553869667.891929
1553869675.898512
1553869683.799753
1553869691.789855
1553869699.809373
1553869707.892778
1553869715.877662
1553869724.001537
1553869732.768539
1553869743.116331
1553869751.274184
1553869759.616908
1553869768.091359
1553869776.336109
1553869784.396722
1553869792.591125
1553869800.520475
1553869808.732598
1553869816.671648
1553869824.699356
1553869834.162905
1553869842.926673
1553869851.061262
1553869860.021107
1553869868.279255
1553869876.710163
1553869884.933873
1553869893.329762
1553869901.516064
1553869909.680007
1553869917.959291
1553869926.228828
1553869936.133227
1553869944.044832
1553869952.399147
1553869961.006132
1553869969.05771
1553869976.963692
1553869984.811113
1553869992.632762
1553870000.951343
1553870008.960807
1553870016.801686
1553870025.329982
1553870034.997392
1553870042.956815
1553870051.608097
1553870059.501502
1553870067.325488
1553870075.001319
1553870083.107928
1553870090.962507
1553870098.9523
1553870106.869383
1553870114.853926
1553870125.006712
1553870133.306034
1553870141.391137
1553870149.742874
1553870157.416268
1553870165.307867
1553870173.072211
1553870180.642799
1553870188.440082
1553870196.197203
1553870203.972178
1553870211.925524
1553870221.621583
1553870229.449967
1553870237.573706
1553870245.6097
1553870253.388166
1553870261.189995
1553870268.994813
1553870276.787606
1553870284.631281
1553870292.420336
1553870300.533516
1553870309.214522
1553870318.03391
1553870325.928965
1553870334.510199
1553870342.336678
1553870350.313002
1553870358.356895
1553870366.262036
1553870374.234228
1553870381.981057
1553870390.070228
1553870398.595497
1553870409.036914
1553870417.180715
1553870425.014798
1553870433.752615
1553870441.999431
1553870450.093164
1553870458.057861
1553870466.398706
1553870474.562842
1553870482.683136
1553870490.642316
1553870499.42738
1553870508.785084
1553870516.742221
1553870525.544555
1553870533.990225
1553870542.428603
1553870550.689399
1553870558.720032
1553870566.929422
1553870575.075164
1553870583.144331
1553870591.338426
1553870601.451993
1553870610.526728
1553870618.435837
1553870627.242026
1553870635.210981
1553870643.111429
1553870651.041377
1553870658.994111
1553870667.286749
1553870675.032508
1553870683.157464
1553870691.843773
1553870702.095445
1553870710.417929
1553870718.806427
1553870727.122598
1553870735.123962
1553870742.870498
1553870750.999216
1553870758.9133
1553870766.944697
1553870775.013714
1553870782.835094
1553870791.959164
1553870801.421589
1553870809.788293
1553870818.942543
1553870827.11465
1553870834.886716
1553870842.964044
1553870851.141883
1553870859.156988
1553870867.089604
1553870875.302067
1553870883.283985
1553870892.894978
1553870901.213693
1553870909.421001
1553870918.850694
1553870927.068109
1553870935.683381
1553870943.95467
1553870952.04805
1553870960.190749
1553870968.392712
1553870976.468929
1553870985.210423
1553870996.176432
1553871004.467842
1553871013.626108
1553871021.873843
1553871029.907622
1553871038.126579
1553871046.30912
1553871054.371094
1553871062.392816
1553871070.489985
1553871078.70405
1553871088.061905
1553871097.542788
1553871105.61715
1553871114.679528
1553871122.989948
1553871130.944775
1553871139.080888
1553871147.643993
1553871155.871827
1553871164.240154
1553871172.218104
1553871180.817973
1553871190.900662
1553871199.675869
1553871208.314277
1553871216.900961
1553871225.168675
1553871233.448759
1553871241.735799
1553871250.049826
1553871258.462102
1553871266.587856
1553871274.96729
1553871284.610556
1553871293.476491
1553871301.243673
1553871310.197032
1553871318.383305
1553871326.388408
1553871334.575088
1553871342.754956
1553871350.600946
1553871358.412817
1553871366.426385
1553871374.637996
1553871384.528083
1553871393.461476
1553871401.525375
1553871410.481996
1553871418.580762
1553871426.447875
1553871434.345728
1553871442.593061
1553871450.711603
1553871458.928588
1553871467.204061
1553871475.763769
1553871484.802237
1553871493.014472
1553871501.835952
1553871510.033257
1553871517.979215
1553871526.141545
1553871534.060518
1553871542.06484
1553871549.958199
1553871558.03111
1553871566.322314
1553871576.265362
1553871585.138103
1553871592.936802
1553871602.384187
1553871610.391174
1553871618.466744
1553871626.67785
1553871634.62843
1553871642.737058
1553871650.690822
1553871658.770891
1553871667.2797
1553871677.031764
1553871685.194162
1553871693.617456
1553871702.106658
1553871710.122731
1553871718.264087
1553871726.499719
1553871734.697357
1553871742.657767
1553871751.013474
1553871758.830749
1553871768.258287
1553871778.398439
1553871786.627109
1553871796.020971
1553871804.302381
1553871812.684823
1553871821.004858
1553871828.863508
1553871836.906116
1553871844.793884
1553871853.054399
1553871861.679328
1553871872.02226
1553871881.016996
1553871889.279092
1553871898.849482
1553871906.927099
1553871914.835545
1553871922.633721
1553871930.511021
1553871938.470432
1553871946.150602
1553871954.286733
1553871962.959139
1553871971.850276
1553871980.007105
1553871989.762829
1553871998.095459
1553872006.17621
1553872014.200282
1553872022.195747
1553872029.82653
1553872037.901237
1553872045.77733
1553872053.924434
1553872062.728433
1553872071.57572
1553872079.441404
1553872088.335522
1553872096.126649
1553872104.000076
1553872112.138164
1553872120.536367
1553872128.436502
1553872136.294198
1553872144.449634
1553872152.623981
1553872162.687784
1553872171.03589
1553872179.188601
1553872187.466044
1553872195.459551
1553872203.3017
1553872211.246911
1553872219.48922
1553872227.55561
1553872235.736464
1553872243.736981
1553872252.435393
1553872261.80931
1553872269.916308
1553872279.463703
1553872287.472943
1553872295.412521
1553872303.494634
1553872311.573037
1553872319.475354
1553872327.597251
1553872335.501115
1553872343.734903
1553872353.097557
1553872362.676016
1553872370.84098
1553872379.936558
1553872387.813287
1553872395.932904
1553872404.039123
1553872411.659615
1553872419.469444
1553872427.583886
1553872435.448623
1553872444.065151
1553872453.716194
1553872461.921003
1553872470.924942
1553872479.111661
1553872486.959577
1553872494.949707
1553872502.954082
1553872510.974252
1553872518.598953
1553872526.382187
1553872534.256387
1553872543.062426
1553872551.952518
1553872559.752891
1553872568.598416
1553872576.56866
1553872584.257155
1553872591.969994
1553872599.936601
1553872607.695029
1553872615.386519
1553872623.218526
1553872631.516605
1553872641.022029
1553872650.037351
1553872658.753372
1553872667.37907
1553872675.372147
1553872683.235914
1553872691.211168
1553872699.19547
1553872707.227277
1553872715.237584
1553872723.00349
1553872732.051131
1553872741.115775
1553872749.493494
1553872758.343259
1553872766.498558
1553872774.451927
1553872782.688501
1553872790.562811
1553872798.655334
1553872806.607117
1553872814.655088
1553872822.929083
1553872832.595401
1553872841.998517
1553872849.947449
1553872858.741739
1553872867.143206
1553872875.261939
1553872883.216717
1553872891.206156
1553872899.439953
1553872907.418714
1553872915.849443
1553872924.407344
1553872934.805008
1553872943.583007
1553872952.166545
1553872960.836265
1553872968.9222
1553872976.676065
1553872984.737966
1553872992.726795
1553873000.592834
1553873008.410155
1553873016.765224
1553873026.368948
1553873036.363708
1553873044.486458
1553873053.447095
1553873061.169773
1553873069.071454
1553873076.900275
1553873084.793554
1553873092.842433
1553873101.090478
1553873109.145297
1553873117.565128
1553873127.075808
1553873135.462051
1553873143.91791
1553873152.513673
1553873160.702165
1553873168.816817
1553873176.736009
1553873184.711716
1553873192.958858
1553873201.05679
1553873209.469035
1553873218.263485
1553873227.451518
1553873235.479322
1553873244.553489
1553873252.784539
1553873260.789603
1553873268.935571
1553873276.848155
1553873284.655707
1553873292.659014
1553873300.881707
1553873308.891844
1553873318.227902
1553873327.011208
1553873335.602788
1553873344.820496
1553873352.798846
1553873360.813982
1553873368.8497
1553873376.75546
1553873384.845041
1553873392.978204
1553873400.960531
1553873409.714746
1553873419.244969
1553873427.586132
1553873436.159776
1553873444.538525
1553873452.439708
1553873460.296996
1553873468.3839
1553873476.478718
1553873484.17436
1553873492.104173
1553873500.02731
1553873508.462238
1553873518.026082
1553873525.983199
1553873534.706844
1553873542.712129
1553873550.844139
1553873558.801686
1553873566.55727
1553873574.47482
1553873582.234309
1553873590.026234
1553873597.981688
1553873607.563351
1553873616.622929
1553873625.346197
1553873633.923174
1553873641.98065
1553873650.124336
1553873658.192266
1553873666.299414
1553873674.220977
1553873682.114172
1553873689.993927
1553873698.916616
1553873708.267841
1553873716.632038
1553873725.539153
1553873733.323597
1553873741.118051
1553873749.091714
1553873757.240689
1553873765.102359
1553873773.181629
1553873781.25834
1553873789.495609
1553873798.810209
1553873808.145119
1553873816.186063
1553873824.756451
1553873832.589756
1553873840.480594
1553873848.416812
1553873856.427271
1553873864.358107
1553873872.131546
1553873880.108984
1553873888.798593
1553873898.096179
1553873907.125794
1553873916.427574
1553873924.580772
1553873932.89038
1553873940.672889
1553873948.317609
1553873956.213003
1553873964.063511
1553873972.075253
1553873980.07433
1553873989.13517
1553873998.132875
1553874006.559003
1553874016.091227
1553874024.188086
1553874032.47025
1553874040.401915
1553874048.189966
1553874056.085003
1553874064.338961
1553874072.315723
1553874080.484394
1553874089.295187
1553874097.870856
1553874106.173299
1553874115.153076
1553874123.108085
1553874131.477856
1553874139.438056
1553874147.760284
1553874156.054271
1553874163.835534
1553874172.181233
1553874180.977961
1553874190.958462
1553874199.696563
1553874208.838287
1553874216.913244
1553874224.878074
1553874232.856083
1553874240.878945
1553874248.86556
1553874256.962776
1553874264.7497
1553874272.83188
1553874282.214431
1553874291.709714
1553874299.681189
1553874308.830278
1553874317.174185
1553874325.190909
1553874333.172041
1553874341.652144
1553874349.705513
1553874357.918101
1553874365.975348
1553874374.288649
1553874383.676031
1553874392.203609
1553874401.376185
1553874409.721522
1553874417.871309
1553874426.015864
1553874434.020529
1553874441.92481
1553874450.066521
1553874457.910818
1553874465.92689
1553874474.63255
1553874483.707061
1553874492.281683
1553874501.786541
1553874509.927026
1553874518.008021
1553874526.117215
1553874534.245343
1553874542.200712
1553874550.461751
1553874558.666561
1553874567.400732
1553874577.271892
1553874586.085293
1553874594.446388
1553874603.004892
1553874610.979551
1553874618.824385
1553874626.821392
1553874634.900338
1553874642.798943
1553874650.989306
1553874659.567771
1553874668.037806
1553874677.529497
1553874686.300114
1553874695.863853
1553874703.57402
1553874711.746288
1553874720.006613
1553874728.257222
1553874736.512508
1553874744.711968
1553874752.887967
1553874761.330138
1553874771.257897
1553874781.22722
1553874789.425973
1553874798.715388
1553874806.629643
1553874814.652993
1553874822.388467
1553874830.509178
1553874838.806409
1553874846.993127
1553874854.733784
1553874862.880837
1553874872.556591
1553874881.050366
1553874889.302542
1553874897.762823
1553874905.794623
1553874913.911834
1553874921.823723
1553874929.950818
1553874938.017262
1553874945.916973
1553874954.076194
1553874963.150673
1553874972.39836
1553874980.844866
1553874989.854332
1553874998.049436
1553875006.192857
1553875014.176912
1553875022.306793
1553875030.231399
1553875038.214332
1553875046.085457
1553875054.144003
1553875064.086068
1553875073.068287
1553875081.302279
1553875089.881671
1553875097.828366
1553875105.603929
1553875113.549105
1553875121.726677
1553875129.515256
1553875137.829908
1553875145.653009
1553875154.802283
1553875163.842375
1553875172.451967
1553875181.629516
1553875189.534174
1553875197.637594
1553875205.804016
1553875214.260502
1553875222.496133
1553875230.402679
1553875238.452063
1553875246.609049
1553875255.797369
1553875264.699223
1553875273.058938
1553875282.247902
1553875290.035994
1553875298.11302
1553875306.328099
1553875314.379824
1553875322.296108
1553875330.181216
1553875338.335723
1553875346.585877
1553875355.768716
1553875364.752567
1553875374.293528
1553875382.375524
1553875390.551596
1553875398.65405
1553875406.484508
1553875414.316645
1553875422.389849
1553875430.193526
1553875438.397756
1553875446.94944
1553875456.050722
1553875464.7253
1553875473.944297
1553875482.122228
1553875490.292075
1553875498.55221
1553875506.757516
1553875514.976461
1553875522.858118
1553875530.751197
1553875539.319529
1553875548.468516
1553875558.111979
1553875566.178991
1553875574.920279
1553875583.10217
1553875590.994196
1553875599.099765
1553875607.213159
1553875615.076452
1553875622.973382
1553875631.160122
1553875639.881303
1553875649.049797
1553875658.077447
1553875667.266871
1553875675.436516
1553875683.658701
1553875691.893784
1553875699.767825
1553875707.689067
1553875715.882999
1553875724.214493
1553875732.492749
1553875742.142691
1553875751.378961
1553875759.985209
1553875768.625172
1553875776.794546
1553875784.969471
1553875793.020533
1553875800.790675
1553875808.876266
1553875816.950523
1553875824.91442
1553875833.292819
1553875843.213059
1553875852.508942
1553875861.079137
1553875869.963333
1553875877.978382
1553875885.88175
1553875894.193571
1553875902.289449
1553875910.366287
1553875918.599949
1553875926.718539
1553875935.735069
1553875944.351639
1553875953.213179
1553875962.317019
1553875970.349663
1553875978.54513
1553875986.708658
1553875994.807115
1553876002.714707
1553876010.797411
1553876018.839716
1553876027.022444
1553876036.244409
1553876046.052404
1553876054.613302
1553876063.519738
1553876071.915974
1553876079.885121
1553876088.125458
1553876096.233947
1553876104.212637
1553876112.244849
1553876120.32064
1553876128.97314
1553876137.552017
1553876146.097258
1553876155.370002
1553876163.354638
1553876171.504048
1553876179.615264
1553876187.548042
1553876195.601419
1553876203.65002
1553876211.578619
1553876219.697458
1553876229.226811
1553876238.578079
1553876247.026686
1553876255.650231
1553876263.705512
1553876271.857154
1553876279.737644
1553876287.69698
1553876295.512358
1553876303.415797
1553876311.342465
1553876320.178593
1553876330.07046
1553876338.92849
1553876348.198161
1553876356.579086
1553876364.653715
1553876372.535546
1553876380.99297
1553876388.962809
1553876396.894889
1553876404.854234
1553876412.764621
1553876422.079383
1553876431.098371
1553876439.607847
1553876448.293083
1553876456.181772
1553876464.083073
1553876472.172197
1553876480.141306
1553876488.124078
1553876495.925478
1553876503.886507
1553876512.03967
1553876521.1329
1553876529.890506
1553876538.463136
1553876547.600429
1553876555.4123
1553876563.606273
1553876571.527656
1553876579.519975
1553876587.601772
1553876595.686411
1553876603.589416
1553876612.179167
1553876621.267545
1553876630.069781
1553876638.723155
1553876646.780983
1553876654.451356
1553876662.392324
1553876670.344526
1553876678.438341
1553876686.430917
1553876694.306802
1553876702.849055
1553876711.899457
1553876720.365069
1553876729.07975
1553876738.572924
1553876746.820302
1553876754.789761
1553876762.806865
1553876770.492398
1553876778.565591
1553876786.363143
1553876794.40425
1553876802.65061
1553876811.750534
1553876820.996381
1553876830.256861
1553876838.181052
1553876846.264143
1553876854.665694
1553876862.617984
1553876870.753448
1553876879.141102
1553876887.457831
1553876895.491929
1553876904.62011
1553876913.336706
1553876922.419925
1553876931.22716
1553876939.365667
1553876947.281918
1553876955.221903
1553876963.092489
1553876971.141725
1553876979.283583
1553876986.974198
1553876994.935173
1553877004.432529
1553877013.476117
1553877022.212975
1553877030.958498
1553877039.119454
1553877047.296862
1553877055.319757
1553877063.388272
1553877071.419867
1553877079.527956
1553877087.82557
1553877096.499249
1553877106.101179
1553877115.666463
1553877124.389083
1553877132.479501
1553877140.803666
1553877148.78678
1553877156.879182
1553877165.178636
1553877173.176116
1553877181.327225
1553877189.784713
1553877199.17128
1553877208.366852
1553877217.004977
1553877225.923598
1553877233.641538
1553877241.637198
1553877249.67793
1553877257.686513
1553877265.565738
1553877273.659552
1553877281.998778
1553877290.849228
1553877300.166398
1553877308.4491
1553877317.666729
1553877325.999851
1553877333.993022
1553877342.086049
1553877349.845912
1553877357.627797
1553877365.456041
1553877373.243286
1553877381.216562
1553877390.281798
1553877398.740957
1553877407.650933
1553877416.555896
1553877424.451533
1553877432.451285
1553877440.294101
1553877448.457377
1553877456.284109
1553877464.240369
1553877472.278952
1553877480.232526
1553877489.188059
1553877497.686006
1553877506.885403
1553877515.799933
1553877523.793354
1553877531.868268
1553877539.791277
1553877547.549341
1553877555.542537
1553877563.625348
1553877571.462134
1553877580.093481
1553877588.969453
1553877598.126132
1553877607.268503
1553877615.396581
1553877623.290703
1553877630.972385
1553877638.904657
1553877646.717088
1553877654.883123
1553877662.759271
1553877671.196098
1553877680.138871
1553877688.949031
1553877697.757123
1553877706.223538
1553877714.058208
1553877722.171978
1553877730.01954
1553877737.89735
1553877745.552765
1553877753.345979
1553877761.18243
1553877769.059976
1553877778.158805
1553877786.575824
1553877795.36576
1553877804.058935
1553877811.980114
1553877820.040927
1553877827.969134
1553877835.907295
1553877843.67508
1553877851.303843
1553877859.091276
1553877867.768797
1553877877.286369
1553877886.401737
1553877895.101221
1553877902.799624
1553877910.541888
1553877918.503763
1553877926.505611
1553877934.350584
1553877942.143704
1553877950.078683
1553877958.079419
1553877966.91432
1553877975.335612
1553877983.688701
1553877991.910899
1553877999.917207
1553878007.759698
1553878015.719902
1553878023.760113
1553878031.862802
1553878039.683783
1553878047.44706
1553878055.847748
1553878064.312161
1553878073.756975
1553878082.690965
1553878090.57906
1553878098.45195
1553878106.270026
1553878113.986303
1553878121.882493
1553878129.7939
1553878137.488926
1553878145.383619
1553878153.926275
1553878163.384059
1553878172.822866
1553878181.6807
1553878189.682212
1553878197.472627
1553878205.47923
1553878213.49249
1553878221.291294
1553878229.172686
1553878237.04099
1553878245.579078
1553878254.692542
1553878263.380502
1553878271.814064
1553878280.539783
1553878288.36985
1553878296.247964
1553878304.0165
1553878312.181691
1553878320.152799
1553878327.912395
1553878335.650695
1553878344.237132
1553878352.659387
1553878362.009211
1553878371.196303
1553878379.184718
1553878387.248616
1553878395.082539
1553878403.204492
1553878411.255617
1553878419.175404
1553878427.330622
1553878435.199576
1553878444.067051
1553878452.714991
1553878461.807585
1553878470.659401
1553878478.754055
1553878486.600992
1553878494.577819
1553878502.786338
1553878510.528913
1553878518.353759
1553878526.160006
1553878534.585204
1553878543.794488
1553878552.459917
1553878561.759101
1553878569.550196
1553878577.549957
1553878585.589951
1553878593.505394
1553878601.307778
1553878608.832457
1553878616.614776
1553878624.585121
1553878633.444183
1553878641.41685
1553878649.843315
1553878658.559201
1553878665.888545
1553878674.125491
1553878682.206802
1553878690.013172
1553878698.150028
1553878705.839849
1553878714.065022
1553878722.149091
1553878731.565137
1553878740.459818
1553878748.853765
1553878757.69872
1553878765.587954
1553878773.24612
1553878781.235391
1553878789.154489
1553878797.050514
1553878805.039454
1553878812.896735
1553878821.341121
1553878830.358692
1553878838.945023
1553878848.330464
1553878856.154138
1553878864.263843
1553878872.126433
1553878880.130653
1553878888.114727
1553878895.919016
1553878903.947382
1553878912.360312
1553878921.554189
1553878930.08294
1553878938.754043
1553878947.27622
1553878955.287151
1553878963.158495
1553878971.265129
1553878979.115783
1553878987.129961
1553878994.942116
1553879002.90964
1553879011.392441
1553879020.526844
1553879028.958223
1553879038.283687
1553879046.085774
1553879054.314355
1553879062.347961
1553879070.456751
1553879078.49621
1553879086.356386
1553879094.093615
1553879102.171777
1553879110.850256
1553879119.664803
1553879128.951738
1553879137.755817
1553879145.710248
1553879153.585381
1553879161.786712
1553879169.712504
1553879177.35841
1553879185.373816
1553879193.214477
1553879201.358043
1553879209.658845
1553879218.392509
1553879227.103081
1553879235.627347
1553879243.924431
1553879252.061181
1553879259.92781
1553879267.792471
1553879275.739926
1553879283.65004
1553879291.360535
1553879300.238725
1553879308.651096
1553879317.151287
1553879326.406777
1553879334.664345
1553879342.71854
1553879350.75803
1553879358.580439
1553879366.541306
1553879374.604396
1553879382.434437
1553879390.959538
1553879399.721332
1553879408.179563
1553879416.992095
1553879425.769583
1553879433.949456
1553879442.197847
1553879450.166515
1553879458.036993
1553879465.774978
1553879473.700244
1553879481.646901
1553879490.137949
1553879499.780641
1553879508.550413
1553879517.603371
1553879525.713507
1553879533.394293
1553879541.367061
1553879549.19459
1553879557.044788
1553879565.129826
1553879573.175764
1553879581.637148
1553879590.186791
1553879598.88616
1553879607.751085
1553879617.425962
1553879625.589196
1553879633.709062
1553879641.696593
1553879649.607558
1553879657.479601
1553879665.580333
1553879673.546826
1553879682.244817
1553879691.298278
1553879700.174781
1553879709.114302
1553879717.837964
1553879725.871872
1553879734.140267
1553879742.103896
1553879749.935832
1553879757.885129
1553879765.895789
1553879774.217798
1553879783.221364
1553879791.726281
1553879800.890189
1553879810.394499
1553879818.625273
1553879826.774651
1553879834.898287
1553879842.848651
1553879850.706725
1553879858.608174
1553879866.573686
1553879874.690318
1553879883.799909
1553879892.361913
1553879901.040214
1553879910.017899
1553879918.147671
1553879926.152645
1553879934.131683
1553879942.019262
1553879949.788964
1553879957.678656
1553879965.48387
1553879974.164494
1553879983.346101
1553879991.888905
1553880001.484639
1553880009.729551
1553880017.583101
1553880025.452007
1553880033.484081
1553880041.259449
1553880049.128534
1553880057.177222
1553880065.606743
1553880074.689934
1553880083.21116
1553880091.70734
1553880100.709673
1553880108.691406
1553880116.580896
1553880124.560757
1553880132.434458
1553880140.209851
1553880148.127255
1553880156.001759
1553880164.077589
1553880173.519939
1553880182.12496
1553880191.169096
1553880199.991487
1553880208.01476
1553880215.894712
1553880223.72394
1553880231.408964
1553880239.236083
1553880247.202458
1553880255.015619
1553880263.466981
1553880272.301515
1553880281.126872
1553880289.93297
1553880297.726658
1553880305.962278
1553880313.80083
1553880321.759254
1553880329.461555
1553880337.273468
1553880345.162016
1553880353.118406
1553880362.056588
1553880370.459512
1553880378.679693
1553880387.522646
1553880395.340767
1553880403.4805
1553880411.324297
1553880419.281944
1553880427.158447
1553880435.125138
1553880442.992995
1553880451.407241
1553880460.340244
1553880468.578214
1553880478.379501
1553880486.374055
1553880494.247875
1553880502.081186
1553880510.116979
1553880518.41471
1553880526.117836
1553880534.208379
1553880542.380151
1553880551.238342
1553880559.601223
1553880567.963064
1553880576.913567
1553880585.042334
1553880592.969914
1553880601.212859
1553880609.322906
1553880617.317133
1553880625.329654
1553880632.945408
1553880641.04888
1553880649.783134
1553880658.74972
1553880667.768396
1553880675.970206
1553880684.027012
1553880692.413218
1553880700.286915
1553880708.334462
1553880716.294528
1553880724.499703
1553880732.847649
1553880741.350316
1553880750.670497
1553880759.665546
1553880768.614019
1553880776.455086
1553880784.655168
1553880792.625679
1553880800.493403
1553880808.480499
1553880816.26211
1553880824.178386
1553880832.647552
1553880841.879579
1553880850.309841
1553880858.648536
1553880867.579375
1553880875.505588
1553880883.01129
1553880890.944616
1553880898.621746
1553880906.37059
1553880914.353715
1553880922.093531
1553880930.717679
1553880940.102951
1553880948.541712
1553880957.291369
1553880965.515861
1553880973.608175
1553880981.684282
1553880989.604363
1553880997.617543
1553881005.46735
1553881013.473883
1553881021.411134
1553881030.45572
1553881038.897145
1553881047.220114
1553881055.870857
1553881063.627035
1553881071.620007
1553881079.413666
1553881087.087903
1553881095.226108
1553881103.054132
1553881110.877275
1553881119.294092
1553881128.206411
1553881136.911872
1553881145.564911
1553881154.633951
1553881162.460809
1553881170.30818
1553881178.143998
1553881185.910217
1553881193.824986
1553881202.084296
1553881210.497243
1553881219.00036
1553881227.640576
1553881236.123497
1553881245.659225
1553881253.541576
1553881261.449125
1553881269.260131
1553881277.355225
1553881285.410989
1553881293.298542
1553881301.300602
1553881309.777868
1553881318.431313
1553881326.85678
1553881335.368153
1553881344.17639
1553881352.206159
1553881360.202805
1553881367.972418
1553881375.570494
1553881383.595391
1553881391.359597
1553881399.134959
1553881407.271058
1553881416.000834
1553881424.090655
1553881433.550963
1553881442.287236
