19707.77333313064
18944.071991811656
10094.491735879368
9524.282622281331
9302.5039852723
9143.709356417936
9036.007820183248
8980.000194341208
8925.954310308469
8904.403811761746
8881.990133438134
8860.608231297403
8828.748247132346
8789.831333085494
8696.181296084616
8475.827325995786
8279.89288896811
8100.843006049637
8068.459755928271
8038.8808647816195
8009.551574045336
7976.0309020639215
7941.460993914999
7895.699942000553
7847.319029918694
7758.301863609988
7649.15283412043
7576.02245269843
7511.2701989701845
7497.2882713331455
7482.587348092113
7467.593986629516
7451.09399939751
7434.086998424663
7414.441708932217
7393.9767267949455
7368.166167417546
7340.863370690507
7298.710575375698
7252.463278976167
7117.5978026054245
7076.768019192216
6960.134858084569
6755.273214445548
6725.098696759603
6701.054416108309
6696.739807496206
6681.134051434123
6667.858263287415
6665.02300530885
6648.869836436599
6633.357120944265
6621.007962305209
6608.956444653354
6606.504621685147
6588.712659396888
6571.679706551731
6559.260820766213
6547.263312159981
6544.04672994945
6507.887787776318
6474.650163279944
6468.391873434946
6452.023913989383
6435.255627067906
6410.806437967956
6385.0374521512485
6320.690367604605
6242.10421537866
6133.731667204323
6106.014776005416
6102.027545252155
6089.320655375912
6077.845043493333
6067.926626433025
6058.074963761907
6056.203429852591
6043.703167870724
6031.335399052906
6020.5903618884795
6009.9438959292975
6008.0753215609975
5993.789855358367
5979.7808214192955
5968.379370603294
5957.159493071974
5954.903137939553
5935.88401122079
5917.454578020974
5904.9961447317855
5892.809196994791
5889.47326727131
5822.666165118737
5757.686795817262
5751.867478553231
5746.269725297777
5738.745757546087
5732.715713237408
5724.429875762771
5720.757588067269
5590.5370087632555
5507.146979501185
5391.236216131878
5368.036548389136
5356.22441803334
5353.318691916261
5349.6794751713915
5320.790432060465
5304.132711468438
5296.255572676989
5294.01689597238
5285.918564245466
5273.637861826324
5268.0456001947005
5263.604008613718
5259.115409903691
5255.035640589449
5250.797134324791
5246.8538364898395
5242.740206967965
5238.892564706203
5238.1104906085
5237.201745821801
5236.032285858297
5233.958088094731
5141.2993480459045
5033.950915913212
5029.819282773025
5027.9193571389205
5017.054931759192
5014.439950891222
5013.5671775264345
5012.461899248466
5010.5177414285845
5003.480469595901
4996.005786973419
4994.686079824868
4930.68375540021
4878.849210631367
4868.507592139752
4866.080089598373
4864.559754500285
4862.306245237259
4860.32303225321
4858.7216830339175
4857.600641629266
4848.460527617808
4847.113737264929
4846.121156658681
4839.254905451894
4837.150589635719
4835.223428627033
4833.161724061334
4831.28190221667
4829.211516749217
4827.324767498455
4825.1733410530405
4823.199265193183
4821.747245979954
4821.075640732803
4820.319016353492
4819.3178680372675
4812.271276202729
4807.401790627924
4803.996719114528
4800.581261682661
4797.779046545097
4797.181879051534
4796.548897232844
4795.863452309388
4795.080247139363
4793.894365826048
4792.785804371713
4791.856232983995
4783.440021702937
4782.8469325622955
4782.220300407577
4781.545816410545
4780.786798586971
4779.729374557063
4778.6888126863305
4777.862888546813
4775.010372217338
4772.519135301822
4770.954236916412
4769.648156647631
4768.024756001809
4766.668973458172
4764.858289949187
4763.341924909418
4761.408326672609
4760.663560759683
4759.6496241398345
4758.659268211807
4757.84239748869
4753.369201050313
4750.967453992479
4749.242267067007
4747.8347840252645
4746.184454170806
4745.488957732045
4744.677417707016
4738.425524877741
4735.72379392096
4734.787320054989
4733.961455744692
4633.676668146148
4632.007438620533
4629.9387624084875
4627.058706827444
4625.391855866488
4624.223115997476
4623.177600946001
4622.241267842588
4621.0434893337815
4620.278846035088
4619.404102511388
4618.559340594273
4617.754193540874
4616.257499898291
4605.535821647548
4602.844613509194
4602.166957353544
4601.4587038072805
4600.717446031571
4599.957821077903
4511.498507965372
4504.021168337873
4502.674521036893
4500.127335788254
4499.2766523675045
4497.254568388247
4496.245724511367
4495.149432212391
4494.427896136008
4493.78348537747
4493.1457108791365
4492.017361111057
4491.288054353187
4490.677681738914
4490.089623725073
4489.473010805091
4488.856192417568
4488.215431658099
4487.335074422469
4486.606495710782
4486.350165644581
4485.963694291343
4484.508245522538
4483.888136028135
4481.37788901265
4480.360550176594
4480.108731853492
4473.857277200071
4472.836072691071
4472.656650342615
4469.304530064817
4466.7201602746445
4466.042994021906
4465.750395775582
4459.370428485973
4458.418576333473
4458.1975294040585
4452.484191904105
4451.046284192918
4449.936274998972
4448.868349166238
4448.359665307231
4447.012971351105
4446.2349765160725
4445.95549186671
4445.1251237289425
4444.497116902109
4443.879865773304
4443.652904587328
4441.46602325517
4438.984004165796
4437.706006147739
4437.435256448089
4405.200468969555
4358.332804190194
4357.4801036043
4356.820778999869
4356.294975440949
4355.822147548204
4355.367986292225
4355.145476270598
4354.429693046127
4354.000188665708
4353.603054676709
4353.405385636649
4352.7651221259885
4352.163184505581
4351.819158306287
4351.493231479706
4351.3692823977035
4350.738844511297
4350.400589793481
4350.07992274752
4349.941007997947
4349.574317328031
4349.228431984105
4348.927551657045
4348.632614717617
4348.460096752077
4347.97090586377
4347.678160926897
4347.394270486953
4347.233291275594
4346.852567457148
4346.493474914899
4346.208668708309
4345.928730307485
4345.805055039432
4345.276548150084
4344.991813006387
4344.716124652327
4344.627967099674
4344.344137392259
4344.069540387138
4343.998841513577
4343.722143947286
4343.452607909271
4343.3643567108875
4343.085537040017
4342.815221000176
4342.761054267632
4342.490259371231
4342.224782261971
4342.1255334155285
4341.84692794546
4341.577437958343
4341.303664639969
4341.032293838324
4340.918695767494
4340.417206301092
4340.150627390294
4339.890102876128
4339.618426337674
4339.3487211742195
4339.235885173919
4338.744398952586
4338.482562383295
4338.225892124629
4337.957504269184
4337.690870264527
4337.585993218805
4337.092737753848
4336.834493169582
4336.580966255036
4336.315941252242
4336.0525212082985
4335.895604388569
4335.583304985285
4335.287949116945
4335.030763032685
4334.775739528978
4334.677455691211
4334.418744885592
4334.166559253644
4333.9086626238095
4333.652452063976
4333.534477246156
4333.269536833542
4333.013322218857
4332.758597228192
4332.505640013793
4332.408181402877
4332.1542027195055
4331.90616244346
4331.652070089296
4331.399535464043
4331.297721187466
4331.0444788922105
4330.797414403486
4330.545426079657
4330.294978539756
4330.204179753072
4329.955740320992
4329.712206676188
4329.461105102729
4329.211406301552
4329.1196207653575
4328.8727948265505
4328.630785574606
4328.381435018745
4328.133452979027
4328.049724366012
4327.805895103278
4327.56608447361
4327.317605750093
4327.070383858507
4326.986027073697
4326.743752312266
4326.505400739927
4326.258553988928
4326.012933246434
4325.9358009623975
4325.695710683631
4325.458938430261
4325.212841036079
4324.967867299289
4324.88921506776
4324.650535184587
4324.415151086834
4324.170721056194
4323.927397251131
4323.856533305717
4323.619539769915
4323.385302025014
4323.141376374053
4322.898451168448
4322.823857280467
4322.588224397909
4322.355447813741
4322.113434149585
4321.872429088087
4321.8081430980665
4321.5737267415325
4321.341586163907
4321.099566096092
4320.858426411042
4320.785567264791
4320.552691550993
4320.322406944538
4320.082975138993
4319.844482882216
4319.788606241172
4319.556138845878
4319.325486604615
4319.084847856484
4318.844957692519
4318.769187116517
4318.538949011294
4318.31129411085
4318.074965502059
4317.839557740343
4317.593928300445
4317.348774233089
4317.227097567748
4316.9889704394645
4316.757540494061
4316.5264342884575
4316.296523873329
4316.0567398733
4315.817486232408
4315.727693885714
4315.500658224365
4315.276815159346
4315.046066036625
4314.81630197475
4314.576863121509
4314.337876763314
4314.241287109709
4314.015293782138
4313.792897439062
4313.5646747131905
4313.337462581123
4313.100836348145
4312.864660076492
4312.779244824573
4312.556435228155
4312.336357312875
4312.109128741496
4311.882794634632
4311.64726636509
4311.412138370127
4311.324897614113
4311.103818729663
4310.885513179415
4310.660395161325
4310.436164455584
4310.202967543168
4309.970164406904
4309.8899924908765
4309.671080173117
4309.454483435913
4309.230558246902
4309.007438740183
4308.775565922558
4308.544049061233
4308.462925668805
4308.2457793099375
4308.030955576568
4307.809045733853
4307.587932862367
4307.358272632297
4307.128964444912
4307.053115300734
4306.837792144086
4306.624500746153
4306.403898348611
4306.184031812227
4305.955817349008
4305.727926415265
4305.65097549243
4305.43740244236
4305.225896162886
4305.007329232769
4304.7894968487635
4304.563502034001
4304.337831046195
