0.9572336496463785
1.0679025014085735
1.271236731443393
1.1893515633673475
0.9943700252118209
1.0909021846262283
0.47146852625137753
0.42847775740023014
0.8088839854543053
0.953278756706674
0.8577375840843284
0.965225746784474
1.0137346529357087
0.5760443235060974
1.1936755833039985
0.8359496102964145
1.0492785846604828
0.5322828597746965
0.9188686189314206
0.3540947587800085
0.5708290592517251
0.9089884972654956
1.3686525699029337
1.1979202288788253
0.7840340735755498
0.5204113434535365
0.8592259258030323
0.6891219630884593
0.9007102013966174
0.49073173543133164
1.2924424217720747
0.39093813887191287
0.5659569020913532
0.8378223974833157
1.1001916110469334
0.5409401811701143
0.861185498821368
0.9058178345192525
1.2874929179218733
0.7365438161781624
1.015194847770358
0.8995929006902907
0.9225699208907573
1.0341880636881988
0.4884120976303306
0.5401051148856607
0.2702327734066197
0.26043116216695855
1.1632793797079095
0.8962423541740144
1.0763193785248122
0.8824267441852279
1.486113158002333
1.1383912057370902
1.051060097494586
0.565340737713301
0.8740626195818203
0.9054015239465619
0.8269220363978443
0.8994063011699224
1.3712351277317658
0.8187570804830872
0.906562055755285
1.523022957993749
-0.22498885112195452
-0.4330927595021918
-0.3511106129055325
-0.31060821149016293
-0.6308627682186239
-0.7697950084806712
-0.29107241560274966
-0.1615630933558324
0.14444769908000443
-0.4351012838958696
-0.3015080979102223
-0.07662003573888307
-0.4219944712687212
-0.055310456042191675
0.5159385058070732
0.11348816361241051
0.3828114593961505
0.22316653393195632
0.824804631670148
0.5549458940133611
0.659482165491319
0.665532350581382
0.6036016267121358
0.8282420167341726
0.5605716077508948
0.7876155781203561
0.6433308124411741
0.7084410653981655
0.530718092672893
0.9975634156432152
0.7840154611076782
1.1043107723111198
0.7273153942879855
0.6194195686534931
1.0543558537883684
1.3649776675820455
1.3694398179399434
1.431539589638844
1.0471033127277616
1.2305744911240697
0.9482482484497124
1.4250909793249085
1.1328172988055845
1.6074191302512226
1.2704780833871894
1.7456557210146395
1.4307522685868177
1.5484495203367337
1.8053188876765152
1.4304999211885558
1.3355983822105921
1.0842787523602806
1.4361364568453485
1.194820755628102
1.20790754096976
1.1814094649671232
1.346390504459084
1.0556485336207393
0.8829943521978842
0.8130828690658312
0.8092253656481434
0.48378288382820844
0.9574495813899143
0.5487519313690015
-0.2404357454481203
-0.4542606718357612
-0.16817986688678277
0.0755054125681113
0.4646716172527627
0.12623631982506664
0.30061708408516635
0.30870454577015793
0.704593263983353
0.5094153307329184
0.361201908389059
0.875325505124607
0.1333847461282985
0.8143562582612232
0.3054186316827844
1.0798649472804804
1.5351221151225745
1.3665401914839395
1.3383378214226496
1.0153281820478501
1.0814724100180566
0.7908397208544015
1.0464386942965125
1.0273074682527465
1.6417717027912981
1.0753710491135349
1.2742779548396324
0.8855112213834021
1.6154599733339585
0.8250201298483976
0.7956619362388914
1.197433200079085
1.5533570000343322
0.627586124178972
0.9161673561063896
0.5987746195809948
0.8007007950834718
0.7363076227331686
1.254660610461454
0.9630135548803777
1.0057279628683473
0.9145527176263385
0.6714623405798916
0.2951107053927314
0.32392425690971394
0.5583403295935424
0.38188625824504496
0.7049069426445151
0.6024994732874983
0.5037084481672657
0.6825308392195227
0.394024180944712
0.48558499218070345
0.14666674078221323
0.44831426451232426
0.6696626565990601
-0.07960402985273336
0.05169390276391969
0.09473172656737028
-0.38529558796710917
0.26443588950182273
0.032461628702106234
0.7283451206709369
0.48776155292838663
1.7489874904298008
1.26248443577456
1.6086571237354164
1.292989248102828
1.1946480220636089
1.312864231687865
1.5609705293193294
1.3045673732909056
0.7514813245882596
0.3794231440739673
0.9110533527176103
1.0198666063356376
0.9588498257512498
0.7659047161495017
0.8352247721706564
0.5746315112848265
0.4074481908520065
0.2509620710098286
0.2271258269183993
0.3703820837912757
0.07650814356064625
-0.035940526401538136
-0.33539436983994325
-0.4735854440302081
-0.3201736029050603
-0.41709624929271716
-0.19577949721165808
0.0013982681017273414
0.260558501474057
0.26098356988410426
0.3281263474946522
0.8920284426016141
0.35406766671446005
0.7106390684716503
0.7444436114454261
1.1099995241562264
1.008005060097233
1.182145525521734
0.9378320258136117
1.6829440597751553
1.4699851482429056
1.3055286913620525
1.1157241301810346
1.5886787031521905
1.4940713380197346
1.6413365812036327
1.1948175086396708
1.3380327280663658
1.3135335778773556
1.2605070903303857
1.5648265539375164
1.673327590426289
1.3224493792307386
1.1093834496059252
1.368738250835254
1.1358987856971308
1.2690759344521583
1.3808964956261984
1.0360702192456108
1.1628538751018427
1.3419113893081278
0.9027597693856388
1.009533463575836
0.9517816773435536
1.1568912600864212
1.5956761994542366
1.39192925902697
1.4304410580330353
1.6691844657741672
1.9074557976114261
1.8825771683913097
1.9206067667107196
1.6973423273814068
2.22877889602353
2.2510732927466863
2.0721844925444834
1.9241102249816806
1.9295158844264377
1.7328348261189837
1.6876389186266891
1.7026660866918601
1.6731846005882238
1.4056060086955793
1.4036809450848355
1.2472686858727897
1.2590107374873512
1.4896921326546713
1.102927138500218
0.7241009262066328
1.1519317993227949
1.3889125646361222
1.7702803787126495
1.0362974047944913
1.1787341699848115
1.18433579300975
0.9601826669362047
0.4390237749813035
0.4784241113347281
0.30239436192843194
0.4398402076178555
0.2406491335851416
0.3541832933978581
-0.05656528830638224
-0.07518025013875265
0.04655952928512049
-0.032140440697435387
0.06634372592006484
-0.2817804576530162
-0.1610902930170905
0.034480071837380354
-0.3169872957823083
-0.17189630126361652
-0.23211785757224282
0.10491680136548852
0.12644685486274646
0.1815106812715121
0.14073311738534078
0.10752913073773085
2925160941378748e-20
-0.20292817407778155
-0.2621995399070329
-0.23581976423715306
-0.09545382332546394
-0.08448285144418492
-0.13052475362072657
-0.07820702075521345
-0.12810591453998674
-0.38991768663353493
0.7505618118377158
1.0755901819319236
0.8472496432682972
1.2003594964158812
0.9500918421690789
1.196414679789877
0.6991914803095378
1.0286383897232296
0.9268760771938827
0.8076476739285356
0.5691406519960092
0.6727377319328914
0.8855278892331483
0.9503556903589102
1.0961634181012818
0.6354275298490563
0.5570856291003295
0.08407227703377752
0.5983184828231004
0.49665670941584744
1.0762021178412706
1.3944238934098927
0.8162038343157885
1.3209566205153171
1.3159466096759214
1.55046267561257
1.524914724189067
1.026728185001662
1.3475514935215163
0.9499197168322717
0.412704580012752
0.4378206800733054
1.1811262001329896
0.8326595954305028
0.46111938810954656
0.15638766574015703
0.6586672755350472
0.5152455358341531
0.07337469500222844
0.0056372818613240816
0.9151537523704579
0.31434957023233634
1.0583238451896257
0.482087820074326
0.862344782610479
0.5899757358201165
1.0812552615539395
0.6884305421595353
0.935168220545475
0.8759278128627908
1.15774662044649
0.609960575075946
0.6118325191784885
0.3662989688605473
0.6595241506543867
1.2550230945996506
1.2715674490032642
0.9147291956742283
1.5630688705658924
1.2246736317880693
1.2956281953372482
1.3611712756218493
1.4169573901641335
1.6523609782710005
1.0048209518541453
1.335150809344602
0.6248268097597518
1.0231490329637247
0.6117864475373683
0.8938956619255408
0.3414228540505837
-0.18050656643059695
-0.32612559740411123
0.26183828442714646
-0.4508273609545174
-0.759805192459889
-0.35503005360038825
0.13117379313913424
-0.19258742996912198
-0.18127700713030595
-0.018109603017834743
0.5441784521172622
0.6987988323282307
1.3486028280133207
0.7647805157887452
1.1485218729255864
1.2587980804779009
0.9565704746726217
0.7093678372523732
1.0675360061017234
1.0479254592661644
1.1559555949348606
0.972857952082879
1.4714495291746077
0.8149361416288979
1.0489070392234427
0.9160167426930818
1.346778803153533
1.3695013760987003
1.3500707389152053
0.845743673437136
1.1142149489596593
1.0608153518100112
1.4743365929518681
1.5415584219750749
1.433375215134583
1.2277802118184964
1.7327221423820967
1.21641455555133
0.8666513907549247
0.8167033404769375
0.9196530066441605
0.2563005169890164
0.719342529753336
0.08941477684177353
0.41210915082087984
0.7745283781603503
0.7078001980546823
0.3176967620046966
-0.037139466884520064
0.32394328185338434
0.8702155543380683
0.8182924893549757
0.8839163385875057
1.177404712639398
1.3408778667557057
0.5633285275096969
0.6289754617018302
0.4622393898269078
-0.24637051435899707
0.1296942546193665
-0.06710961140067864
0.2599316583800095
-0.4983583164864742
0.30263328968223574
0.13420277691803506
-0.15210320729281215
-0.25505776546834336
0.1293606614982763
0.22608099684383307
0.3230185142683989
-0.4110810809580932
0.1548900353668313
0.5862044055984352
0.338084041650752
0.850223271055054
0.23223226459166185
0.7863561979100304
1.7108114919759
1.6472628371974913
1.6196993711943803
1.4037587692784528
1.6164996812995993
1.8839440840846835
1.522921823531357
1.0563530256843912
0.9491433445516583
0.7596554567478525
1.442484061917566
1.0910453757198377
0.7827959514028009
0.9051483107350097
0.8062578631889182
0.8126695467440821
1.1501770043287036
0.9354588782853683
1.2777557561131383
0.8799272020039897
0.6346551429744809
0.7257181051626393
0.6729612630603385
0.8563444036708532
0.6962565020592899
0.5731674579786951
0.38285487782398714
0.44297247684044977
0.5516754089652524
0.2821037227243786
0.30108520094711966
0.7902697983723568
0.08095018870384331
0.6278173630311855
0.6149812243212425
0.9823295446983106
0.5317000822873692
0.41432160557269376
1.0260076311499278
1.200130524689404
0.7434245104248705
0.4832243187275903
1.0315462494603223
0.7272101899550207
0.0866258564724924
0.300485743020531
0.059293731265420445
0.13089628789415148
0.8342309090703025
0.6063519864811908
0.8692413919416492
0.7698445712641916
0.9120869650914972
1.4133353840161622
0.9574829795185881
1.123310847465771
1.1088097281810148
1.4109502239104377
0.7207714380774473
0.9984869387179774
1.0996914877763708
1.1027294150237377
0.38399748674985895
0.2602122800402668
0.20499802929771208
-0.1322952196561548
-0.02657999303170003
-0.06462779889579741
-0.2231110211600457
0.1391305844423152
-0.2047248799430231
-0.021483567040224492
0.2570211049765074
0.6411634132072197
0.7490525352608141
0.6013293144942133
1.1355210648700094
1.3489632703975656
0.8545817947482831
0.6874113472178996
0.8733224225621834
0.8449624814290552
1.487195926871653
0.7964132331941467
0.7597138705853388
1.4509378523368874
1.0091429344275975
0.9268850749420473
1.0056421931935315
1.0517449570225457
1.6403428807299147
1.5529909782405857
1.3498770797061552
1.5606563283563148
1.263718711745692
1.3815762661167026
1.3179263339687555
1.7454670665009728
1.258124190732879
1.7335445206270061
1.346133692373198
1.2785523446395397
1.7078500382337607
1.232981345414785
0.6458559215874553
1.2048875748768062
1.4033055963142622
0.9401134933669049
-0.5558763310626658
0.12902273135380446
0.27384866324814644
0.07336050422680605
0.2546805313977047
0.6345484884953729
0.08411207149820961
0.4487928982312275
0.3561375780931587
0.5423993104615823
0.9667122364849234
0.2737235648788394
0.7845702381790252
0.29757930557543255
0.31425063223865485
0.8399431176667744
0.5275035076484946
0.8283724993790723
0.6546382259404244
0.5160463782648959
0.4876385279573513
0.13422446805276267
0.40205202359412084
0.1677896309951222
0.4740821977017041
0.19314292471820113
0.36833041863331484
0.8452431092870176
0.2545844548846887
0.22190102831322697
0.48270211460651186
0.562640597585038
1.0370979988729527
0.8079029487659218
0.9767647766552325
1.2354804959985242
1.1198320631595586
1.1230923470842833
1.0722136226436054
1.167272003164181
0.9770004592904066
0.6056992338746512
1.6222590315863077
0.7238024010699612
1.5592333405469534
1.2199476659496824
1.6315310476925438
1.4015650379169546
1.1269854589638055
1.4691312084652879
1.5109218243794134
1.3818030170575994
1.2378085905978025
1.3625734308992759
1.43856030161969
1.157090812411041
1.104583646846479
1.0175375920802172
0.6710179253470148
1.0871816262050795
0.6503993463214253
1.3473776548014742
0.5327156457257706
0.9525384083541386
0.5972391948540389
0.2556628085419538
0.5952420465216978
0.4964846466896997
0.19005650333117172
0.5246569740993201
0.9807305242286353
1.1330906954427515
1.1872508946991214
0.850461552151779
1.3371099302209688
1.2579711604013195
1.518695368308714
1.3170272352701424
1.4383150055680747
1.4803577424334877
1.252784778576097
1.1395731027089115
1.1474621758782035
1.3891703072120343
0.9048271161180318
1.0551087306978078
0.8911365513132582
1.5227358308299497
1.8590763255453087
1.2925285893500202
1.127093751664488
1.2326310595202654
1.5070165511200557
1.652605868132636
1.2726980353944402
1.1478094061456945
0.7870360440175502
0.7706311067818448
1.0095156858699699
1.1775622769821927
0.38461678877436084
0.11192733621032794
-0.01782308853545453
0.4085496613512065
0.1830310221388053
0.47548990798263774
0.037251406410199805
0.5865886433856559
0.7646471709245856
0.41400465980180706
0.6126577791862506
0.3499327882849644
0.291754580173581
0.1115345159663463
-0.15227742240781156
-0.10716611408562723
-0.18686191451626905
0.019390678023579046
-0.046688986257453755
-0.15440848689570513
0.36583817923806655
0.4625705922647984
-0.23389863903900915
0.23282923489546925
-0.1929717461590307
-0.08482887013084944
-0.12072191065988247
0.3090108083839371
1.2885768991007334
1.3027668091289153
1.2215240378366903
0.7391021292870097
0.5257679139826562
1.9202233076353323
2.1707285473034847
2.2064787405996102
0.50447475093645
0.7474498833468646
1.5658957434755858
0.7972945075577877
-0.06760855791316617
1.4423419846484582
1.441877503503292
2.6818790238656325
1.1943759534657372
0.6930819076497114
0.5852373840717718
2.0938706361585946
0.01963924774842108
2.4749679458453646
1.3783603649103446
0.9259072385831115
1.1095473477241302
1.6679354295119433
1.554787605387633
1.5890617491264254
1.3158747422158947
1.2282594534857574
1.0512599874417454
1.1963215071092792
1.006713063398489
1.1450661992361804
2.068783913532605
2.1739869561416607
0.3976907830146098
1.3248393699931096
0.858773110314162
1.7982157057095478
2.092513436504517
0.34188709537546047
1.5063138837577488
1.6192833864115792
1.577595128296656
1.1793223018715433
1.113051817891759
1.0992169343047364
1.672273308626482
1.4191928561530747
1.1742923385953015
1.1695223214372117
1.178400919150208
1.4361913325826345
1.1374759025939751
0.7170071297703419
0.58183704911827
0.5100418761345418
0.9555914017358605
0.944324812718161
1.113922154649818
2.159435099220441
0.9452819911503398
0.6148473454712137
0.7815788064645611
0.7364628453724464
0.9799859931074717
2.170741601189879
0.9378253446106862
2.3651549249466863
-0.16112309707764627
0.6293030795137489
1.4994097500380594
0.7322183070863455
2.063036515209575
2.0330504559710536
0.2331269252427734
1.6004108094198808
1.3249361495821506
1.3578932477981935
1.8071037773083913
1.350616530597337
1.575657898754109
1.006352035364566
1.2423815540632257
1.7812282237339083
1.520353357101739
1.2901934116717844
0.5103916572494087
0.6199114528292791
1.0144410435153457
0.3760528022425429
1.550101846412617
0.8057488980458858
1.2122420742586253
0.5273342344811311
1.2032459996399698
1.2283435201394606
0.7662465567442988
0.1947816019139495
1.0313914666390127
0.2981633497028441
0.29471681420358975
0.28550368110202423
0.2666383113275176
0.29818656944814326
0.6498260089126919
0.20544553699402124
0.7013919929268377
0.8430302245663475
0.21442763693708594
1.0935610064354888
0.9798495397432334
-0.09557564133295432
0.7690022350697142
1.0197142091888431
0.6394257694737284
1.29593583908753
0.4117964723649605
0.7178039480742416
0.7787394796948699
0.8121369746040237
1.7058326614712174
1.3803494912064749
0.8216413100168881
2.0148699297651773
1.4723404657898134
1.285077595359594
1.1009043102535567
1.4750117520601167
1.5786552844648363
1.848914388340885
1.038821779283917
1.5737932063000521
0.2065919256723839
0.3930021178097696
1.1551771170596614
0.25934370218429764
0.25190405376183417
0.9689240554514905
-0.36177080497510233
1.3091940955825654
0.07011232406481634
0.7898655662518774
0.8817849676727424
0.5329482671058088
0.2429903846625168
1.4128072007718502
1.3809644549829996
0.6377165266728168
0.5789428414537499
0.9593667648717229
0.9578231427996197
1.656668922949165
1.0045895115412093
1.3227969685516474
0.9469926701375389
0.29996713008786496
1.2622972515437039
0.4222574598565894
0.9546000301479582
0.9800282539901556
0.3575151866203589
1.2170138448196683
1.0053334928533053
0.9974843363414373
0.8254248488661395
0.8873878227391502
-0.07057388878694863
0.732943183079686
0.4859123127545897
0.7135873420284571
1.0759841343475822
0.26728051480151727
0.1972677497763986
1.0907770747158907
0.6438778075548491
1.573952900328216
1.327666762025759
0.6552252132068099
2.030402939737907
1.2333306124039503
0.3299610015906106
0.8236400243286978
0.659874047055178
1.5925532498134574
2.0327928454768776
0.18312133460342894
1.497989932342209
0.523224030252859
0.6538137072665172
0.5443590510333365
0.40326549830503383
0.37700419216432346
0.4280639715225259
1.0004577310290128
0.3116078832926449
0.4565744551123342
0.3580538532390631
0.8147820657477004
1.151273538626486
0.14968901053550004
1.2485590304391287
0.4346416724871193
0.8087595926378257
0.9100052882132925
-0.07228485027398918
0.654478061014913
0.9043434356223474
