1.9644645141418904
2.153999201786919
2.414653057974342
2.328076386125921
2.1085165314522074
1.984632561138493
2.0612159224486724
2.0498926278971643
1.7651475060417081
1.6987363426046118
1.794024507750893
1.6662390880326992
1.6171256668893625
1.541102225256752
1.5225844586829518
1.293494240027681
1.2310507738876701
1.2764227400974237
1.2507199188227345
1.34816594628561
1.1238053724649586
1.3637802189076527
1.8287246005290874
2.072942341419805
2.3255786271224266
2.294458552182973
2.380407272902008
2.478909530066995
2.6304330789449586
2.6025943578180595
2.6500439253349426
2.869383485525053
3.2141020344954323
3.5337700509442205
3.0659234527216808
2.7112682362317693
2.447039680754856
2.2626263611491075
2.000779983782232
1.7131129391456859
1.6251434561814997
1.5161952614408314
1.4309070464904823
1.5424061960670705
1.5874690811595782
1.5593182671105552
1.5925867488792171
1.607131199199098
1.5311487258100662
1.390924849548898
0.9730059924285669
0.8237068004363474
0.8437999218013097
0.7815107791697177
0.6219309115887982
0.6233072934752644
0.7057512166345733
0.869886998247737
0.9722516822384418
1.0556030280550677
0.819920513009469
0.9056602839166729
1.3357091474121598
1.3405376557318505
0.18848978098880873
0.4946195549947511
1.0201965736628236
0.8382380983195702
1.262278560444753
1.1454126015449888
0.996810810104734
1.1770417679747247
0.9173614127750984
0.8360931302855051
0.3590484860905536
0.13180584522905087
0.517084101155049
0.8948458876625666
1.0462879341742186
1.49174318847841
1.456904760791488
1.1354042988680066
1.1647466233500006
1.6802886157152441
2.250599666057754
2.8181495125773823
3.8546092487098553
4.306707914722895
4.364033433234487
4.294495136849217
4.3012793360403485
4.276062218765417
4.353072056664243
4.401680543794101
4.378148899987333
3.6126336126545495
2.902801219870263
2.9691639275226054
2.282909856781271
1.8292676274393456
1.0092124203923225
0.20464990977873673
-0.09265038159823245
-0.07058109104168048
-0.06717522742399129
-0.3634162644852933
-0.5794249002677103
-0.493174608598456
-0.3325253462772707
-0.4625011042273489
-0.4352678869289101
-0.18908189702788272
-0.2648019482844013
0.13061206647312526
0.4606009182411254
0.3840292698469929
0.32319666350519505
0.21283447663932475
-0.0902904172132997
-0.13700487454375948
-0.33426948690004904
-0.47117757071713695
-0.46147319694250905
-0.42085827138994936
-0.3386529812233182
-0.5068415393157043
-0.505766857426391
-0.5113278614340976
-0.35626977035650415
-0.3622761113404096
-0.41075314313393896
-0.2977492835212602
-0.23603437085625134
-0.2622603679343097
-0.2948532873989821
-0.5092897626814361
-0.5420591624251552
-0.44008457269408663
-0.7862199918454462
-0.837482165242885
-0.9341934910534995
-0.9940242600548209
-1.043134882694401
-0.8707406761942974
-0.5229365348771942
-0.6406291304151359
-0.9638419146646207
-0.9150345144063138
-0.5532525281538355
-0.11412415707063601
0.6100708453074988
1.0150566774791212
0.9640591611947323
1.1197777279627703
1.4352556286330236
1.2345949225419317
1.1557004045119386
1.528862296634268
1.922852730101783
2.1992595000831474
2.7070546627907794
2.9640415609382154
3.202855393405434
3.4309092854219845
3.5198016349378403
3.8061462139353943
3.9096702380837547
4.184878931351425
4.333063610785461
4.283609564489794
4.24354619620838
4.273189919436833
4.330131137729501
4.067082620336119
3.8873994136758228
3.5496318657776422
3.403091379274531
2.6724416942876323
1.355013538967202
1.072570234160404
0.8488631052439164
0.6673893064404366
0.5076502020739511
0.14883582594555886
-0.0934371413275585
-0.5786743666613958
-0.5912168012505216
-0.821790710266979
-0.7881295245047057
-0.6714461165216986
-0.6910581164808248
-0.7475536682691962
-0.23973254510339187
-0.5511561419626095
-1.00335935026904
-0.7332376142215118
-1.083582024231834
-0.8212811106547984
-0.7830211357308723
-1.126300186474219
-0.8574026975210699
-0.8334726576136927
-0.46847045899324125
-0.037155785834064675
-0.2787444090712169
-0.4464474347579408
-0.22991365139905065
-0.532574237762818
-0.8769594278612335
-0.9157311100573026
-1.1854536310105148
-1.7828286353903862
-2.0852942561178605
-2.7835077054500426
-4.123930401410882
-4.580930631709628
-4.97721525593394
-4.98945278014309
-4.97456961824444
-4.924013192449123
-5.047530393027243
-5.211170745233422
-5.034681473035774
-4.497403553793073
-4.025156033133392
-3.987815366950049
-3.351949945991734
-2.4876451366817256
-1.555163449052002
-0.737262310635387
0.1174639903559505
0.7679085836142088
1.0020754176247706
1.8394981663780958
2.3988251227607615
2.3159764260922717
2.246097852627906
2.453529735476658
2.6057708251948015
2.289089637650311
2.2556468123295637
1.47301950483909
0.643648563252223
0.5975328625736914
0.6064285418697446
0.6461265110981497
0.8961234351834549
0.9583883795707748
1.2712499499234826
1.2393473643739015
1.049093298388656
0.546716298520009
0.49276187720177644
1.173240541412995
1.0777155568815726
0.9484275876409806
-0.4139076334655088
-0.5457852710526557
-0.46574940354068534
-0.12493113994653086
0.0051426906741908075
0.060692539806991
0.04702225361965387
-0.11407359677315204
0.05562727421512837
0.04770752930627871
-0.08094751068674233
0.037225190738333906
0.1853958939401142
0.2525413223740004
0.3223339917789706
0.6705093702970231
0.8846206193571295
0.8641666420311964
0.8683806361653641
0.9663589075721791
1.0233856113881556
1.2181272298641888
1.2949376104692072
1.286606974893441
1.1029517657661114
1.1882118217483764
1.1716794226485545
1.09588829335594
1.2330513154866896
1.4656745734510217
1.531417362390302
1.5547194709585375
1.722243180652462
1.77460899055428
1.885205423526014
1.9784716103401623
1.868525504021213
1.7090430735582498
1.8845504131072108
2.029184936183029
2.0592064261555256
2.08017829215002
2.1567517018641733
2.3387038970131933
2.4777707884005964
2.510032010655459
2.642825355387887
2.8097480202155944
2.8337408104745907
2.616469058837078
2.256242634436175
1.9932663516186289
1.728368528032041
1.4568871635063805
1.1610961845981675
1.1302906880647763
0.9038401277323435
0.9699536378484886
0.8142643830064556
0.4481747606328735
0.18424904913004783
-0.021185965006658928
0.16190627434310095
0.1830835089176805
0.5964441029875555
0.5352664696965004
0.3680205440119846
0.7743027900632246
0.9022647279341965
1.0212291751719373
1.125547406134743
1.079806819653931
1.229509368415451
1.2933768028140842
1.436656434359701
1.6111026483017128
1.7220228770237669
1.7390474717815283
1.8787391622762437
2.4435556976892894
2.6592143051594817
2.7205514759305283
2.781918692217562
2.764561089341726
2.74665750863362
2.7883008563760447
2.707061910771526
2.624360219756523
2.7654164717451377
2.9225081272412665
3.0145011672481585
2.7855611841705823
2.728550153750164
2.739685448754494
2.6723274144366123
2.645435990250716
2.3044936204026936
1.4480324732974645
2.4115802527334322
2.489511339207621
2.4385044747716025
2.4819017367518224
2.3654418887234225
2.1736964137588166
2.2999520048242776
2.2375360053363456
2.252174033737109
2.1813295925227916
2.0538151427133053
2.0419587953948457
2.0613152058129307
1.9759753363502015
1.8954684444272039
1.714806001617125
1.5536004953811837
1.51133237451226
1.5602529299211136
1.6066092390086562
1.6151364895899603
1.6776803367528792
1.6758091766686585
1.5887338260474473
1.5748792368391884
1.6190593646747993
1.4653825692005638
1.012878129298024
0.8518736830044488
0.9722975491521215
-0.9874780700597627
-0.8406223199580757
-0.790179357176233
-0.5381866647478922
0.08328608653640963
0.1435960478207171
0.05185309230572811
0.3290623235561827
0.5083018287300711
0.7007318113939977
0.7384716183020659
0.7399473813891203
0.9454274303634869
0.9718543577053548
0.5137335905333436
0.932217170189351
1.2482107089173315
1.133618669243625
1.0654311581849019
1.2663500533327392
1.519090868919589
1.8767506565857102
2.383588648764565
2.5926512785248006
2.49609676304337
2.679561156123888
2.962972182870979
2.7348371714106934
2.614731242326101
2.900108377654303
3.2535497732976664
3.241708726753158
3.2224837562603494
3.115929534903219
3.323880794590199
3.273361909708115
3.0653469838767227
2.7592703185426544
2.6620138299106775
2.5881746119272973
2.701974242689394
2.667995961942177
2.4654401922775984
2.492970527061805
2.559306973883489
2.3557389317783217
2.2756305089844346
2.3503428506512236
2.263144074089676
2.431752889520672
2.4324411418729954
2.2941753857913305
2.068880139234924
1.7398317836189907
1.274412515255206
1.3996555955145864
1.2267628482578032
0.8776422856835128
0.6154141379091156
0.14443030059021664
0.08845823553139859
0.40578480015710844
0.5194850601324223
0.20868037457019173
-0.7014150438392583
-0.5734036201721635
-0.6253068175299386
-0.5486632079692798
-0.2607236236911295
-0.5693311670838126
-0.26040287528130396
-0.005321903166263786
0.007762174431646562
0.0859901196406264
-0.4730080118678619
-0.8859421977200255
-1.005902766609083
-1.0315715515511323
-1.0048604577962112
-0.5590865795314381
-0.001688839865417285
-0.1084449609839095
-0.43192099931052047
-0.19874587322504106
0.02733949739878866
0.16999157431161968
0.5215023447347077
0.7604952829223216
0.6820538932971767
0.8457281438478323
1.0701981259259337
0.850231838698578
0.7637830378677026
1.2952976530851172
1.738493943230452
1.8942750198483118
2.3916055967557024
2.780929948680195
3.039748730086232
3.251073313533764
3.389436366601884
3.459066574289109
3.6664492292379847
4.016887921887119
4.227340716796891
4.097921302415145
4.0697298100342545
4.0419223740915395
4.040998038174185
3.75841964165889
3.6526607790989685
3.3565516497437557
3.117645555546587
2.6223993391847435
2.11428461175878
2.0214850641469497
1.648270800111687
1.428151889374223
1.1343548083842911
1.040191899159943
0.7661940338361076
0.5966714096367918
0.7497779327547373
0.7246656969468372
1.0110531507362392
0.7541620359095562
1.0256303800542617
0.7223485670998734
0.23321396348023019
-0.10113935997385999
-0.4239996128618896
-0.5153451233674401
-0.490461416373499
-0.03836078775095333
0.3416520194886987
0.625877537859455
0.874552330556967
0.842329924507276
0.9035633742733494
0.7557686589120242
0.6481945502510521
0.7522751092693304
0.82896853317937
0.5753824426567791
0.3929292185401838
0.5008762465519488
0.5628114962824478
0.42145000657726106
0.3394624173299094
-0.17801304316713393
-1.1910334807263696
-1.4630951524121945
-1.4159000171364278
-1.5630121281206621
-1.876402543807866
-1.8151766563995484
-1.8194790796039764
-2.0779025470222194
-2.271982602705585
-2.3118179722102283
-2.4164417816213084
-2.5964319471674253
-2.598412329979411
-2.4981584184580896
-2.4981383653001696
-2.511387560458252
-2.415067632205058
-2.52401180384614
-2.718025840672333
-2.615721620773489
-2.6824822385274225
-2.958454193533148
-3.123812604123327
-2.9679445021666204
-2.8917237752726415
-2.8425979533477514
-2.8787070292008248
-2.602036999179978
-1.8895923443358826
-1.7115240368048363
-1.5415695532998643
-1.4070669141587635
-1.1586921517910052
-0.9089704897266552
-0.7358713107611667
-0.28219757603047824
0.020535437619090213
0.2580951839273866
0.16210371404082727
0.18494196828884812
0.38037893198486084
0.21016295384732395
-0.3789456341413465
-0.09081450344459083
0.48857468451413993
0.4129642648794957
0.5222756057601055
0.08547942350439384
-0.010845929642465134
0.2391191165736508
-0.11375617327823134
-0.2542038331925736
-0.5598813188957042
-0.7409209652102936
-0.3595775426152103
-0.10223222645911564
0.13210011116203743
0.7115734240095885
0.8611555601339759
0.741280436812852
1.018448351448108
1.7085458053364573
2.22617315661376
3.1261266779362837
4.7917027895453215
5.4044457760812605
5.729370314548798
5.750496730910052
5.853482237418151
5.72237225439258
5.932065431213521
6.1146389754849055
6.086950997115672
5.632822520139389
5.2121846509865035
5.2724748631871154
4.794902701946194
4.0521495540118355
3.175287822675029
2.3949641124147725
1.824424905803407
1.5323560401563727
1.3885138931063312
0.7331165521076517
0.45125042633146617
0.7816189498746405
1.01198733016606
0.7542708713198107
0.6201758346319116
0.8105349279155878
0.6221374316311478
0.8029562341381267
0.7141637561625783
0.6102275853375516
0.5857473794348796
0.43173405037297896
0.10603956257440061
0.07303357045205346
-0.15525951607977234
-0.13581162708694874
0.08965841363676753
0.4619103202367628
0.3518685547059568
-0.17580029294707894
0.19404727176324105
0.2841770825834188
0.15087955662450264
0.18991992184908463
0.23236692411409687
0.46480673264256733
0.8998969072908591
0.9593039614647574
1.250498113115461
1.3626365109032537
1.4004303194893266
1.38507772584192
1.1794832036196674
1.0886969379540898
1.1870572572303504
1.191867464251986
1.2520412710491027
1.6511015395053683
1.9431364161696953
1.9012152335338766
1.9498337274505095
2.1196223324421597
2.1298855753228847
2.307692933286587
2.7578913008573926
2.893234197233018
2.954758997483265
3.0463879428869145
3.1914872399273793
3.023083952019139
3.175178497183121
3.565338124999837
3.52590245473983
3.156885924139147
2.9779081102576077
2.9836188105875157
2.9515258682521965
2.883043028829015
2.7129433399256007
2.4513269671295492
2.3022529040847224
2.240630430857145
2.2709450484951716
1.9260624014188032
1.8762563679269626
2.0048589964222354
2.0756681483294885
1.9324120840666434
1.8829831956809187
1.797106562072464
1.591765780408826
1.3536741386743114
1.049456724009641
1.0013645461567737
0.7812630064525492
0.6541779877566896
0.44019053448311707
0.4921676750245547
0.36356473373544695
0.36448523855544795
0.48344154924159644
0.4699748505140683
0.4677393749615789
0.23674142252578945
0.4539963689111968
0.4460372079105705
2.0205835418898563
2.1435834089045285
2.183649579606273
1.9074801323909896
1.97534943939078
2.202732149719
2.2889382810291914
2.2646292064260765
2.297569009008339
2.412064262274367
2.58272005468667
2.323154706913313
2.123341974911013
2.08125117706877
1.6990955664133596
1.2090107501537082
1.3646115252510624
1.6504378198730068
1.5715879821422774
1.4503774583123292
1.1736772953641452
0.950703888086702
0.3995224909442057
0.16913653495160322
0.2328434633695671
0.193793160628109
0.056299415309972727
0.286691741857697
0.1827043599472591
0.011378997147002686
-0.05940012812963684
0.23699162534653695
0.7321454950192466
1.0812368082938661
1.0186765592743303
1.0317879929053295
1.288836301954353
1.6158567197416682
1.64407123496759
1.4619632471572266
1.402989183742094
1.597589805282709
1.552206984146571
1.4332195154024403
1.3007341918714221
1.4839417147985507
1.4347554626997314
1.5019177423765386
1.9612659708781754
2.5298490602744086
3.19242033614702
3.2909705957103403
3.328292114792686
3.362601303755432
3.3753726091890623
3.228428027755318
3.14840774447991
3.1046911587032158
2.9471339195207022
2.913045372039296
2.886099464237354
2.8969952562619627
2.6933332412368367
2.551397630191438
0.6931016527746519
0.6757091113745751
0.7187100898983046
1.1473782593797888
1.3188088810824925
1.6622374135843878
2.0471001667222324
2.1067398970799855
2.0349448611822205
1.9637861065340514
2.097807047512608
2.220424224358322
2.1376631582800005
2.0650116931388185
2.2100943211220145
2.2817494895205765
2.217519406606382
2.3289961340666157
2.4509307623368652
2.292907333436615
2.1680863665828887
1.9961150620456245
1.89264089646058
1.7689335712170675
1.5605061835649903
1.5683685228587734
1.6312930989635803
1.692492619862527
1.5315743145502059
1.181912846465253
0.8393193076782995
0.7088594175141923
0.39070527831920454
-0.12405535192038286
0.022201015434004674
0.02778647819112875
-0.11238032949859217
-0.18938302520188485
-0.471901380179758
-0.7446044227214711
-0.8061758569404197
-0.8662811118276055
-1.0006903225305968
-1.2472024757739406
-1.413862057173141
-1.3655403984936993
-1.2311558114294787
-1.2106261376607093
-1.213634617181793
-1.3481996457222778
-1.4223420003979486
-1.433228268463711
-1.330103860501827
-1.2066759833786667
-1.0556279110338977
-0.9104859205817935
-0.8213483804289817
-0.6011585332645463
-0.42602957174714234
-0.19253608114952436
-0.10084325545013408
0.04043609516620045
0.15547262373671789
0.22619922672673415
0.6076059486019274
0.5038903756440927
0.5566690315283424
0.881424411419569
0.47885798955943
0.13734847198540706
0.274116130980792
0.3622035388283481
0.6770705205794815
0.9168036989859136
0.7454992852787047
0.5799726774743305
0.1735181161902145
-0.10262032525715989
0.3800591301500651
0.5935376082119435
0.9652576425345339
0.896716447087002
0.3615614229229494
0.16141478066725315
0.1785152696513784
0.21127638652141864
0.2766968996606154
0.44071449760401543
0.44863487874174923
0.5239519165306818
0.5882661699745397
0.46461626360554176
0.4078140672840373
0.622732118645651
0.9755432757718264
1.4028799393247182
2.0882173582926313
2.2881774589366164
2.6197025195157124
3.0710601773032127
2.9526396874968963
3.1059067854904066
3.2489354521447944
3.5589262276396965
3.8014452881187335
3.821255392802094
3.741747265544168
3.5968750122119753
3.5663586370596936
3.350605641754907
3.1167816567657933
2.671061726388035
2.4288073572844784
1.722038754275046
0.9389770680372224
0.927005106273294
0.7533694199699292
0.6948878762933091
0.8013152415760343
0.6184743522176445
0.5039530053875932
0.3376402843750265
0.5888759462475011
0.723993087786454
0.8080431923385992
0.8389536873991216
0.9783798158580439
0.8047044354426306
0.19368606822311513
0.6196099869238838
0.7582113671887225
0.3937927147660561
0.34027434341980195
0.07831707658528704
0.001795510145222272
0.25864653172172203
0.12778174535930262
0.077635390432418
0.1795693370962699
0.11206578512196196
0.18558981627479537
0.14993734027756217
-0.19390426243074405
-0.3651923592824566
-0.3153031256652054
-0.18657601713570054
-0.008940328194794414
0.3726894875719202
0.6945995961294295
0.9513031826697774
1.2175821272615357
1.4068484299118502
1.6606015763099458
1.5584124476730195
1.3283874928875725
1.4041014445384297
1.545266769751076
1.3526146886347357
1.1182179761378863
1.0374136248479113
0.9708857907887023
1.105817746813063
0.9247154777626972
0.520836472960289
0.2710297933869864
0.1023199692689029
-0.09322995912769913
-0.31418094312089456
-0.43860343567109444
-0.4807755117198155
-0.7898260829895473
-0.7705451788465054
-0.745469301924978
-0.6352475607657001
-0.5406273093520777
-0.18676101976401743
0.1711490978011375
1.0812915458559176
1.9162836904466252
1.9246432121246024
2.026272814173377
2.166724994981525
2.144325147513334
2.188076749518981
2.1847023851189658
2.2166172019750587
2.265002897689769
2.3731613722363925
2.0641274661629074
1.7086074276096979
1.5499329378961535
1.4906270309666367
-0.4333260292791263
-0.1412072583182521
0.21598179566392947
0.3101088179966311
0.7905403571628031
0.5654035923962865
0.5585719256417109
0.7500006784773305
0.5856643041253973
0.6108813411274455
-0.14050855272988128
-0.6659248311920537
-0.6366390875805603
-0.48048914411122295
-0.39579602454681645
0.1676742683770835
0.6830426935019012
0.5535104991206286
0.23279704365023554
0.6432602432438024
1.1049151364040357
1.5587805016430225
2.36875482747427
2.8936781268467606
2.8913552417792494
2.9869958427592787
3.1770210509386763
2.973835370149178
2.8672832555301166
3.1504598577852994
3.5930195302411216
3.6813355097694203
4.1340975625450005
4.509806815360905
4.421503732552873
4.358988207086731
3.8633321878273215
3.4574507601311115
3.295019497032382
3.3275077338278387
3.3831573525731224
3.1733602686871945
2.8507505300435394
2.78010782759603
2.694398123292711
2.376732551190914
2.2468536998522386
2.181576311786246
2.033801229055799
1.8871960423673557
1.7189115846263214
1.6852522626712918
1.4397744222258553
1.2181503354893966
0.8460856681618579
0.7523098328603026
0.5242509944024748
0.13714522302438972
0.21320966598988123
0.1393433303328117
0.2830213051132312
0.2219793902532959
0.13641168179266058
-0.08154875471706909
1.0976442572012133
1.1561961708967161
1.3079189403373446
1.4327582927386657
1.1079857305778005
0.7766186281794766
0.9525196887732632
1.2353220617288323
1.4137600338054672
1.215394014859962
1.0729847144692992
0.9818854904765894
0.7939671047775537
0.9863952185600252
0.8500177427201127
0.5137388617297337
0.5801743713564277
0.8038518860720665
1.148095493459165
1.4551724880786279
1.5370900285623403
1.6268416599135183
1.531436098749305
1.8101738416935933
1.618928996269143
1.1451671644334551
1.3097511999328035
1.4901326465319382
1.7874186237011616
2.0952863450008765
2.3479071185193225
2.4601075345800765
2.267937086385358
2.368218443320037
2.1236145704482365
2.038297310969837
2.078559510452577
2.0255577599762566
2.0127257272506793
2.7707656559434004
3.154414032197681
3.2038358340905297
3.156069580573368
3.071956422614689
2.899908939929477
2.830571762974899
3.0921127186799517
2.9336595282361553
2.2208550638956437
2.0645949081630786
2.1336514847360983
2.0570662935973116
1.783463559754144
1.7376756962687685
1.8792998086443027
1.8914404328744496
1.9105187803482735
1.9463674662141244
2.271497578183715
2.2990569776514587
2.252825811581633
2.326291607333473
2.1977563355985605
1.5957594176118208
1.284016677164498
1.283220380442889
1.406327123399353
1.4952818874969915
2.242936140663418
2.7207916348121706
3.0509706172189452
3.056254504899186
2.3265452670069395
3.2269600792986415
3.710690221980141
3.684121975928793
3.4169835015917713
2.9089169048272914
1.9845488620622995
2.6871903209355827
2.6694264860461376
1.7376754143325315
1.892679989705376
2.3689761435031684
2.7677894434740935
2.669042295314691
2.7371709026696474
2.8839828561020084
2.8849991194905003
3.0541425962221718
3.2996298802414157
3.086829505643663
2.810193776095878
2.52074078050325
2.8147874475326393
3.7029897292673484
3.8272047819366284
3.658759496652437
3.3906497320405307
3.263478220523081
2.395626234108488
2.1406719470557385
1.879189566408297
0.7945087449402095
0.4340020881163401
-0.08241350911185079
-0.5867696346235209
-0.6508582635211216
-0.7406005450096491
-0.5536016609984435
-0.18976040538274233
-0.11347120236655771
0.7464234592447951
0.8577824394180252
0.7194239357042794
0.4216212202530902
0.5945070205862224
0.6986320694171785
0.7133231652322742
1.0405701453023761
1.1578922355733783
1.1955393740809037
0.8742493866235868
0.8840080691711516
1.0812741172276916
1.2219488632316622
1.3152623188659704
1.0401650695957512
-1.3135281528072331
-1.2143838633678747
-0.8417409038491797
-0.3380332549858254
-0.1760288935090951
-0.03625433248375914
0.18805055642583396
0.6675865150605932
0.871886121862718
1.1387303544513854
0.8582329795967478
0.3414764885708291
-0.6867769565884017
-1.5522843699478217
-1.5845229656832722
-1.4268796683814915
-1.3638827889061027
-1.23182401873479
-0.904260726167384
-0.5271307976327998
0.10125386646296211
0.625698175761437
0.814853320532666
1.1742370347031865
1.6004484803028811
1.9412847237847215
2.493194442706135
2.66211737492952
2.9367408804281214
3.308140597331124
3.2109304259744658
3.2649545164135922
3.2123653137921497
3.5586311028581905
3.4553049889171614
3.11517809261585
2.847218664360531
2.65059583297483
2.318484584142164
2.514907761272471
2.7445998256686344
2.435083188033875
1.7526921349056785
0.9099948986185111
0.5316243627437801
0.3224123503074197
0.7069538627784165
0.43039428761561044
-0.4168314874689424
-1.4371167024450096
-2.0339166010363474
-2.9381749959573322
-3.414672415387317
-3.6512463621673223
-3.7898911070606554
-3.741648146751164
-3.9123536209994523
-4.258521521096005
-4.437462063784225
-4.447571815645171
-4.282639274963404
-3.711138470270845
-3.5282059706159687
-3.9155220259469967
2.119471277927937
1.892817963120028
1.7071505601205985
1.6020200585909217
1.298313038745963
1.2136676562621227
1.3595078868341188
0.9670742934778117
0.8552943270700674
0.7016652550136389
0.6270747586550317
0.6916691203279884
0.8707490782855768
0.25429882023507416
-0.1226682256304085
0.5418114180283826
0.7190725746002139
0.8910080079190185
1.436899313770805
1.8840251049227223
1.808037648234117
1.9359708329290297
2.0141781713738043
2.181078112035408
2.35664491954919
2.352010221224198
1.8679731802524069
1.8857431029751932
1.777604410827625
0.7337360611248057
0.3494375424648894
-0.33340676401496516
-0.16180700133203135
-0.2360996978786406
-0.05628400597718361
0.22890592890525274
0.511069801288034
1.0121834525522082
1.5870952116803754
1.838095501810603
1.9887287017095567
1.942057487450147
2.352319174466764
2.516968323949349
2.7528863874341245
3.4332144783475735
3.2681658004953134
3.5311582448760888
3.9704199696651945
4.169049160977741
4.393324514398997
4.644279132015704
4.62363208585788
4.658409738163903
4.445764265415937
4.192396145624006
4.003348201448929
4.1379358129902375
4.021477906688269
4.0602236694180665
4.257449268669058
3.903735835451092
3.088414130224459
2.777732925336349
-1.521899293630953
-1.4133300864772362
-1.294663885199042
-1.3344886005518992
-0.9390426134905595
-0.7905645806456382
-0.4763855901554937
-0.13770077856919172
-0.827894752949451
-0.8900862837507986
-0.7938215200373644
-0.870280849460474
-0.9001178387880039
-0.05334717562802261
0.3994383652099749
0.3606915089780921
0.10432612037569877
-0.6766155097183926
-1.4859354509508542
-2.154416412007459
-1.8496936337878658
-1.7347879412133937
-1.9069602774042247
-2.0290243786582827
-2.385148367265435
-2.385141663825564
-0.8955888352041669
-0.4213958668141295
0.3317227324323319
1.8568163175288022
2.5984201310714097
3.6151215823147895
4.3667713764766445
4.469710646086041
4.140211917450887
3.8547971661185603
2.9946106724596735
2.565837498279875
2.1057887972522744
1.0360062378833623
0.6494269311572297
0.09766567032624453
-0.5452383489210896
-0.6134073051808205
-1.094784491340918
-2.0551842886153215
-1.623942625114869
-1.801424924408528
-1.134525926027172
-1.2652959523555491
-1.3076974723424275
-1.0944657040180317
-0.8764573600239901
-0.8620903367071547
-0.6981721739275547
-0.38240777253409486
-0.19813218529620705
-0.3528799883075696
-0.7780111859732302
-0.935956865183491
-1.015489992659483
-0.578363628460403
0.619864324329257
1.145272535819098
0.808172748086954
0.7973821262078952
0.9697068589808531
1.1235348368109122
1.1342627812644086
0.9421539234002124
0.9484251011251611
1.1268607802287565
1.185644352213404
1.153101015721416
1.151953216827894
0.9515082803759962
0.6416057906490517
0.7387636260054377
1.2183581500208738
1.7073615577314034
1.8697534170455152
2.024909685617653
2.284768800361927
2.6728526986468344
3.04767310477843
3.2419228129480353
3.2713538537074065
3.4542833745286026
3.2195079766396217
3.0434799013615335
3.2293124599934844
3.0309901121739213
2.9933347096788654
3.260679991488541
3.326303613532229
3.2997006221737997
3.454188798316623
3.4215370116168193
3.265794069453928
3.15087229950342
2.998794263767371
2.898390034390867
2.6541285059874484
2.5789086653702418
2.671549023121689
2.6230300678631187
2.5386402561218926
2.291077194762443
2.0441324156754805
1.2014525720021425
0.9541019545145043
1.0383938270120143
1.040360740676721
0.7879301914920994
0.777977551319457
0.7542191752355998
0.7619883828529089
0.8189657569716065
0.8963515975957007
0.979634141090868
0.9549079894400813
0.7626439949107774
0.5952823953805526
0.4206241952742443
0.5080478575928219
0.8794728302102286
1.42339312856578
1.6595178255793748
2.3845043636577112
2.576595504870731
2.6945928726307136
2.8322737600032037
2.6021967772593655
2.708187993378066
2.6324726717958766
2.721128067502515
3.530379180850389
3.4717066557112157
3.1854251687774426
3.079754265802095
3.0197835094507974
2.285883885230202
2.3493291437835224
2.404831541960477
2.4354424976484244
2.969200105133611
2.911799128418514
2.281645981927314
1.3734854374002055
1.0475520389190465
0.7830211567117902
0.49469539792154044
0.9280834432440114
1.3580287179539532
0.70874038824652
0.9779452797709829
0.8281298094370657
0.3516351219945682
0.024139793061074423
-0.27585392401135217
-0.5152656636305664
-0.5331632637746343
-0.27673169116253615
-0.22642172659780402
0.05393646164109319
0.2596435827665487
0.7160181542338102
1.1520387466402404
1.3438117177314115
1.371293405455967
1.2741763338903784
1.0584018149405614
1.4969922763358363
2.387801598153916
2.222944639430518
2.5155751061366445
2.6993091263866917
2.9608420318219975
3.1873820682434295
3.0083266416972494
2.5040220818243126
2.1704792642179065
1.8572189376823987
1.5152763561124338
1.0675596364579842
0.6186749835475635
0.19375488412665662
0.2486713112294837
0.19245376229716363
-0.3305351838327745
-0.9201795028854345
-0.6836893102988097
-0.6891154859814405
-0.6209633028977426
-0.26225458258635914
0.02461941000698717
0.3978998968226288
0.4851310746795952
0.4876236276321714
0.5422495442622728
-0.03447613335869584
0.33658264912374813
0.6815125975614535
0.4907302524798618
-0.21797312364306837
-0.6196642371838451
-0.6113889861010002
-0.5083450984636894
-0.6713695367605579
-0.6889340815840829
0.8644992119421816
2.3697917030118596
3.280446361852251
3.7498198321396727
3.6033429920766413
3.3394876143959875
2.788969656590314
2.2035296878077344
2.83724909687581
2.7213253930202805
2.9473934802964656
3.0073704289341863
3.1905004232882566
3.8442992856282956
3.6935730786982903
3.930125305750906
3.474457387684223
3.014997273890276
1.8812469717865008
1.702317187811942
1.1827643162324237
0.8568085631054829
1.0103446601899562
-0.22031569715491064
-0.858925998203512
-1.2761642633800017
-1.8308128413124383
-2.228170177969009
-1.3203299877032484
-1.528830543087304
-2.2715027181952996
-3.226391350052623
-3.611791021446246
-4.15277095914005
-4.088817873022795
-3.9127652586265067
-3.711393527770756
-3.138049186847527
-2.826707145341013
-2.3153103530906582
-1.459976247798735
-1.3416907768755586
-0.9123419657736338
0.1156771362180924
0.2947154397129818
-0.9412156224334866
-0.28773631978491465
-0.36707567562584714
-0.10278678268456232
0.3543230057239145
0.12280882713648544
0.03694640507151149
0.6202639496119625
0.9490372250056651
0.9300019177825343
1.1347034134415306
0.9948259359513326
0.8665494499177572
0.3136484451889217
-0.2714056368040724
-0.17553992283324008
-0.0024084860612519424
-0.10136876209713876
0.08703201762792032
0.3183821352627778
0.8539768334653642
1.4719027241681013
1.8513858091187718
2.076751901904103
2.860774303610711
3.2741378948329998
3.8179768548345128
4.670221481357762
4.425792775151872
3.944736969386772
3.0565976812017146
2.5615393481654998
2.218459184287826
2.1149102012967087
2.0313837040856906
1.6282322183089395
1.3191419935212827
1.3571336948073178
1.3308710531228938
1.3104017933658034
1.490166807568188
1.7326565822584863
2.034544515714809
1.8558979300124574
1.1965092746952952
0.7800606893865557
0.17475337023054638
0.11481138227474566
0.0784962946640068
0.1428931579128446
-0.41794809730144655
-0.5494449360882959
-0.8748904983438287
-1.1669755129967718
-1.2232568736592597
-1.242249565502008
-1.1899734805627846
-1.29504770787298
-1.37011925392007
-1.6803230241582676
-1.745379811088358
-1.504458327082469
-1.027349028375203
-0.5709842049575196
-0.513315878895784
2.528467860806426
2.3845043465192792
2.333254574337489
2.438499660041441
2.1135837665740502
1.810619416550094
1.953618397062166
1.9168265544639707
1.985136900725572
1.7549647215350963
1.7470647798650774
1.6985540965670922
1.4618352739572056
0.9671438848540481
0.9317860917778802
1.3259878366401774
1.1481811304588134
1.7247754487326505
2.551822740419258
3.2630697576182928
3.570757388355419
3.5879847216136556
3.693641656048898
4.159462849108969
4.2639201903415485
4.078127652698449
3.8151056539594665
3.3318788728415183
2.892591317562503
2.091596747507148
2.0939528475937355
2.31222626442771
2.4818531538939594
2.2758532362676895
2.185375605005211
2.2712502279219726
2.0888528984293147
2.187465527686952
2.324245197105794
2.134718825357543
2.078712735083711
1.6156482784220918
2.062274741912553
1.8773660051514898
1.6523571631281952
1.8763730339888527
1.872677274481332
2.12584407313158
2.788321798153362
2.6505512346119784
3.0361015216582987
3.358678138367104
3.3646051699796633
3.5227056616845775
3.490553162044465
3.4685999064423263
3.391886374403528
3.4218349640807144
3.1009322895566855
3.0300698144183627
3.543986775496829
3.7120905184950215
3.0559540236213145
2.6588564869911258
1.4165607555453394
1.5694284364975057
1.4442683057443912
1.0825346794246216
0.7505308744525389
1.2614766101162223
1.0298148098503537
0.32062724969333406
0.6489721972160214
0.38730707888313176
0.031024700232440392
0.36341101299604095
1.2603369021950712
0.7908671303139471
0.5553543636803252
0.10761629462842713
0.4235434815011862
0.6186291977604841
0.3316733705682283
-0.2909637187505991
-1.621471143260444
-2.326312047297063
-2.5408192376860224
-3.346212243918158
-2.945285059286965
-2.453907623022711
-3.5444008569389056
-2.8200510568262516
-2.272984190305761
-2.495790911084565
-3.0017823880928303
-3.5516481539855915
-4.119946166514235
-4.025521938614058
-3.536248460533127
-3.3148925470361226
-2.27226092934709
-1.800617991072849
-0.9712572021413477
0.49675353399834543
0.8337042261415797
1.6248469566080723
1.9683986196904995
2.516318141974714
3.324492816566105
4.3513664256459235
3.8760412062657426
3.8338339552191454
2.630290736733164
3.2526756944478605
3.148862637997035
2.8960583578319627
2.4983074882897656
2.0893244975816145
1.7012046926427684
1.1034329582796039
0.760645564762078
0.9752773590198165
1.7471686081528908
1.9966558992623311
1.3765842017616579
0.2773202634414314
-0.65359430994722
-0.6518976942587157
2.244862566845387
2.234150797237054
2.261250675215445
2.445785616544558
2.659043449038644
2.4370242050242643
2.2805902276694203
2.480244355335696
2.5335975179903505
2.7102832130085264
2.831669170261794
2.6730120413592315
2.393317729371847
2.4474337327844475
2.4380513328154163
2.340934231754801
2.1546675110771587
2.1354782633836393
1.9372575196521185
1.907522100136026
2.0668988830343125
2.17743746619283
2.296737679391338
2.361924222307353
2.20714059310063
2.1793166777118707
2.5194637859558706
2.358869166897943
2.397376384080997
2.450335174310797
2.4299752260449514
2.3230713722480973
2.301574921751148
2.502814521618501
2.4800141980787727
2.4886534283451325
2.525040234500714
2.453356877084004
2.204657931226126
2.0657700938268455
2.006184754713069
1.8579316936893182
1.922743876374002
1.7921629863898052
1.5654458194780614
1.4265880258025003
1.4978199209366105
1.4970815237785693
1.5520374765102418
1.4283812943281258
1.4981807659995996
1.4517721441218392
1.4553303838613891
1.464899872491526
1.520198372471096
1.7030802340364313
1.7583046745393272
1.6776730479477608
1.6049702393458969
1.5587625382183696
1.6530221287215359
1.7752194751242427
1.7435070446789354
1.5603956684277966
-0.026507628702630154
-0.16423644560703976
0.05087636563255262
0.2456941339582828
0.5594794620487096
0.593807667818002
0.06976153826316796
-0.25221134877698537
-0.7055060470055068
-0.7189616426427565
-0.5579350405725787
-0.5465701793010525
-0.6068503146827601
-0.8192748815576676
-0.3985437474708612
-0.0064359061764447485
0.04059415435819526
0.1660535463861201
1.1868764079983158
2.062111336194098
3.195223267961583
4.098832594263269
4.017940536967935
3.6446011778853267
3.2962173210211536
2.7927313545236707
2.8805069772563687
2.829944887358255
3.3098661544151913
3.6452009711465156
3.5008027118812732
3.1950521560352794
3.43446168542924
3.74200579493438
3.4879427402161145
3.230920256003212
2.670772552673218
2.573867669688246
2.146834133869383
1.8824580790418548
2.122814223918985
1.931993440841831
1.964563673286899
1.6612548521162547
1.1928377950984668
0.38726483945798096
0.7032982335749136
0.6599905361706304
0.9102278914620784
0.3801930044447708
0.3565680845382078
0.3434019521959249
0.3484500602388961
0.24965238395962144
0.04018102837588683
0.548618931810754
0.5505361975246998
0.5957670065986045
0.8104098758796027
0.6966823505161803
1.0042877486944728
1.7211111120367741
2.2701705165498747
1.893592009929614
2.003551673461153
1.930555217011258
1.7302357910630126
1.6609036519442972
1.8547412181744884
1.9539781029174845
1.8047320375053575
1.9034928235866426
2.150618751918619
2.14658281526464
2.1838782793494858
2.4760058943511853
3.207990144638808
4.0490893120813265
4.460748922176442
4.039040109422924
3.6076092460602722
3.535555272986536
2.6329355695899253
1.5326579783531962
1.00795268476453
0.48148250003908494
0.3690097961505355
0.3410971041640225
0.941751140486558
1.3163721161710802
0.8403277050236782
0.37876513405235934
-0.46221791032714915
-0.6866119857575075
-0.40303671836345906
0.10539679698392469
0.14380794503334027
-0.12393911448947989
0.12393887407456701
0.2239687789269888
-0.11799121960795526
-0.2592442972366111
-0.2092966936809388
-1.1907430921818378
-1.6141972514065774
-1.495126718686574
-1.3124236524003907
-0.9677106790894476
-0.6932875583544632
-0.5806079438973504
-0.8868960166676193
-0.513448166599488
1.322826351944058
2.2022303290028495
2.608157989505973
2.8706763258433834
2.8068458675369423
2.672848427627253
2.359321327495672
2.3297261438485153
2.477544898428113
2.3896330878337317
1.8843139648535585
1.9543123475554944
1.8498048357145689
1.4193138901019862
1.9585000558757006
3.2202532230391285
-1.6212171456570745
-1.4630902427830075
-1.3686414850940476
-1.6530527583494763
-2.035563792397729
-2.0223316971296637
-1.987803619191029
-2.3448713755669903
-2.267042613183554
-2.3128632215111034
-2.2189729009026307
-1.79298563965716
-1.2257271802465142
-0.9872825655837526
-1.1517583390368873
-1.2522327201083803
-1.188857172984894
-1.1993198153230882
-1.0784229743956495
-1.2470124836040881
-1.7546512134082124
-2.067124120915705
-2.2585392083431306
-2.2088630154309787
-2.0565716195627006
-2.092823551846936
-2.655690617917445
-2.722802505990151
-2.9501371200286597
-3.1644741422062723
-2.879067931596634
-2.332211862724195
-2.200698850583768
-2.049876208804682
-1.637452830882069
-1.3356766888055143
-0.999651116808242
-0.7476376662561105
-0.3689788817685045
0.2163054218104461
0.6143950539134837
1.136093068691874
1.147497194952402
1.1826536091025872
1.4492846904827876
1.7023541140076737
1.592392414903671
1.5094791553634914
1.1899535714698748
1.15984145070098
0.9118263773756595
0.8890762230121024
0.8128757331606419
0.7730649380215663
0.6804858669363724
0.45600811668529345
0.47311000150253285
0.5934690923790696
0.8113504673111857
0.8968158376209654
0.744169304210165
0.4865781511375001
0.3984760668407039
0.40560316074615255
-1.2314899158991561
-1.5754834834866824
-1.965886920211616
-2.2717221447626956
-2.765667956514545
-3.0685324412168047
-2.8766861709161318
-3.2750353173178297
-3.4967022086266004
-3.7232819433634097
-3.78693128770828
-3.4744752387601676
-2.969286685093056
-2.614093048628432
-2.7516854624659715
-2.508602321949478
-2.056624210816929
-2.289273168851725
-2.998749836913113
-2.882486108723582
-2.568203471674036
-2.3095874747987555
-1.9042773513767157
-1.3636417662085298
-1.3460808391879622
-1.1664572493530818
-1.21341816152413
-1.3723996173591113
-1.5430970489074822
-2.243952198079142
-2.89425649897648
-4.334397352704002
-4.203438979721105
-4.37582045512063
-4.268131068751849
-3.8666626128216244
-2.652245359639451
-2.1774568390880273
-1.642895209960073
-1.000622792626062
-0.7746152509204981
0.3996448643651456
0.9590881317789738
1.5098726646342335
1.7085944163443247
1.2920417184459445
0.5693368072083718
0.4634332999232992
0.3090849592333658
0.723034496275151
0.7809438395788265
1.4265209496120321
1.898950813750997
2.1713476270232945
2.382970735302717
2.052461238892831
2.0133062464782374
2.1215877877396223
1.9563483854356403
1.6523594105285502
1.4133391123025005
1.1184847605599735
1.299742981774085
1.8472759041929574
4.542561657923239
19.528273699521797
-13.795356510180483
-2.02626295175768
5.452523291583152
6.165166479523549
-4.001101243353296
12.057590452054042
4.904959479115344
25.5016530137723
5.285890883393808
4.239439571042085
5.77808938205414
1.0914047635495865
5.6550327991130285
8.002959235701944
23.650572073757363
2.1690554436590204
-6.0879377880735746
1.5417431429489676
4.3381604556955065
-4.444902289125097
5.927045375364971
11.694909990944929
13.113275982218648
-8.643739069762951
9.88906414351556
0.9610759062551482
2.9835594736098545
2.4658802366893697
14.989337698225034
14.586118205881776
-0.1321914793230659
1.473580349251466
20.387840867192303
2.7465610682567636
1.0564448266452613
-2.7986860813097723
14.660699361541083
16.889548175663467
4.933277611578742
12.618286438597405
-5.010149134186342
21.93605027315542
6.702334926291857
6.912333809051831
7.308099110873256
-6.522517603727388
-9.052569746015386
3.6451191483311116
0.9449379768439883
1.5600078444722094
1.8985884462306177
-4.799580462086324
-2.6447025380251223
26.263828102998012
6.205552441778814
9.531191599209295
13.042129050636431
2.0297643722618393
4.647200212417621
4.938969655920981
-5.393615099751067
24.063147202442277
14.62382733339332
0.806501987331938
-21.770729976476467
0.8576346398546335
5.471815893848381
0.8547115835344548
8.107187416198656
21.477660326022427
16.241525011910454
-19.091545223368836
13.176787010871926
2.0073407203124334
2.0486933330369927
1.204282175725122
16.022787149193835
10.81762599068949
12.704403143842793
6.796246158845682
24.54394562034059
7.174867989876202
5.1759925212521365
7.537985905739187
12.612073913280799
3.9599897757266387
4.103504936964853
-2.0779869758980447
22.04071926283475
2.812984989890915
10.462144612898227
4.236164343013135
17.30369062416334
8.896799555366524
7.685818281712772
-0.6892208867600554
25.989126276952458
-3.1540308087444435
2.439297294458656
0.7870446830216995
-6.756977475952223
14.417347797206036
20.094703553349902
14.985969593313182
1.7622092834144865
4.418017264900415
7.318165539260775
-3.8470393493212915
-4.444077532249049
16.751088724845403
-15.677694352532411
0.38165257302650035
7.261477964963364
0.7203133178060216
1.4712713861385498
2.833639775106398
23.316788837158416
-5.6518511640731015
14.55650245613029
13.973798964935739
6.787537170125718
2.9532712147382574
4.548299028737384
-1.949403552390885
-2.009529846406814
26.387860568257853
