1553978793.080246
1553978806.210883
1553978819.253788
1553978832.276235
1553978845.117496
1553978857.878797
1553978870.593956
1553978883.527353
1553978896.46007
1553978909.572054
1553978922.606319
1553978937.041215
1553978949.901807
1553978962.814078
1553978976.045077
1553978989.056694
1553979001.830049
1553979014.717538
1553979027.339269
1553979040.534432
1553979053.219573
1553979066.126748
1553979081.094673
1553979094.040322
1553979106.856453
1553979119.673723
1553979132.472818
1553979145.667759
1553979158.888191
1553979171.625224
1553979184.611175
1553979197.410839
1553979210.309109
1553979223.487284
1553979238.264052
1553979251.435333
1553979264.359965
1553979277.37298
1553979290.619885
1553979303.728554
1553979316.823001
1553979329.553292
1553979342.464535
1553979355.596327
1553979368.627239
1553979383.373594
1553979396.531341
1553979409.802615
1553979422.781278
1553979435.744859
1553979448.316483
1553979461.032879
1553979473.278607
1553979485.993105
1553979498.995238
1553979512.001775
1553979525.052458
1553979539.520795
1553979552.492454
1553979565.162969
1553979578.115468
1553979591.258362
1553979604.287048
1553979617.363133
1553979630.45702
1553979643.201797
1553979656.112501
1553979668.825325
1553979683.110072
1553979696.231739
1553979709.524355
1553979722.771415
1553979735.623548
1553979748.505278
1553979761.50186
1553979774.547285
1553979787.42155
1553979800.612192
1553979813.888616
1553979828.97165
1553979841.556691
1553979854.307022
1553979867.279308
1553979880.109635
1553979893.033625
1553979905.555585
1553979918.385182
1553979931.539475
1553979944.478922
1553979957.314719
1553979969.916807
1553979984.153084
1553979997.218608
1553980010.1792
1553980022.927475
1553980035.778517
1553980048.479214
1553980061.44153
1553980074.762057
1553980087.703921
1553980100.80016
1553980114.116944
1553980128.692852
1553980141.474148
1553980154.441902
1553980167.216307
1553980180.094924
1553980193.138655
1553980206.213894
1553980219.136299
1553980232.236375
1553980245.399802
1553980258.194735
1553980270.959031
1553980285.54062
1553980298.26073
1553980310.987239
1553980323.933469
1553980336.927809
1553980349.637608
1553980362.165383
1553980375.116216
1553980387.955745
1553980400.973833
1553980414.04151
1553980428.684257
1553980441.74455
1553980455.026855
1553980467.707111
1553980480.313396
1553980493.143856
1553980506.053992
1553980518.955233
1553980531.991327
1553980545.132938
1553980557.928538
1553980570.430677
1553980584.650681
1553980597.606923
1553980610.442193
1553980623.4836
1553980636.321112
1553980649.273529
1553980662.067289
1553980674.865401
1553980687.434084
1553980700.475991
1553980713.382094
1553980728.137122
1553980741.056305
1553980754.13699
1553980767.135957
1553980780.158564
1553980793.290848
1553980806.142955
1553980818.989238
1553980831.763269
1553980844.594811
1553980857.803421
1553980871.994745
1553980884.911116
1553980897.745701
1553980910.444466
1553980923.420722
1553980936.232358
1553980949.251
1553980962.458122
1553980975.504051
1553980988.383541
1553981001.180076
1553981014.089189
1553981028.83615
1553981041.74415
1553981054.395527
1553981067.328276
1553981080.243529
1553981093.130862
1553981105.952533
1553981118.652495
1553981131.399892
1553981144.379471
1553981157.185819
1553981171.518517
1553981184.508365
1553981197.456466
1553981210.191148
1553981222.897223
1553981235.604218
1553981248.645403
1553981261.329126
1553981274.049096
1553981286.881422
1553981300.031506
1553981312.496391
1553981326.757432
1553981339.649768
1553981352.533365
1553981365.17392
1553981377.843049
1553981390.716525
1553981403.543454
1553981416.586145
1553981429.773018
1553981442.422113
1553981455.716199
1553981470.062354
1553981482.892484
1553981496.029477
1553981509.487812
1553981522.391217
1553981535.614617
1553981548.485241
1553981561.172412
1553981574.081672
1553981586.604388
1553981599.272393
1553981612.188037
1553981626.250454
1553981639.090221
1553981651.656122
1553981664.346051
1553981677.239865
1553981690.034314
1553981702.997935
1553981715.888455
1553981728.776453
1553981741.619502
1553981754.179482
1553981768.426753
1553981781.147778
1553981794.104595
1553981806.815916
1553981819.49759
1553981832.503621
1553981845.55802
1553981858.351429
1553981871.075478
1553981883.915642
1553981896.704298
1553981911.193215
1553981923.899253
1553981936.779549
1553981949.753145
1553981962.619576
1553981975.543982
1553981988.253069
1553982001.126056
1553982014.105208
1553982027.078101
1553982040.624607
1553982053.418896
1553982067.659916
1553982080.315959
1553982093.491438
1553982106.429724
1553982119.119672
1553982132.166697
1553982145.172878
1553982158.36741
1553982171.327895
1553982184.522285
1553982197.546133
1553982211.815702
1553982225.07068
1553982238.137429
1553982250.82791
1553982263.731597
1553982276.817614
1553982289.840292
1553982302.425292
1553982315.538475
1553982328.370036
1553982341.069831
1553982353.912364
1553982368.17136
1553982381.478585
1553982395.205994
1553982408.256048
1553982421.173818
1553982434.334938
1553982447.134378
1553982460.21998
1553982473.085759
1553982486.148429
1553982499.345947
1553982513.679811
1553982526.4395
1553982539.20997
1553982552.166745
1553982565.583077
1553982578.422516
1553982591.579424
1553982604.459687
1553982617.21489
1553982630.13512
1553982643.410648
1553982656.615529
1553982671.555096
1553982684.607076
1553982697.419971
1553982710.358545
1553982723.351226
1553982736.094384
1553982748.851142
1553982761.536016
1553982774.202793
1553982787.219566
1553982800.279451
1553982814.854718
1553982827.560799
1553982840.171828
1553982853.031805
1553982865.772603
1553982878.595218
1553982891.315527
1553982903.886268
1553982916.758622
1553982930.074874
1553982942.855252
1553982957.52119
1553982970.471319
1553982983.517661
1553982996.41674
1553983009.256494
1553983021.99153
1553983035.006582
1553983047.703533
1553983060.873116
1553983073.591596
1553983086.480299
1553983099.877067
1553983114.615287
1553983127.616884
1553983140.747793
1553983153.75325
1553983166.634868
1553983179.497143
1553983192.368612
1553983204.980913
1553983217.603905
1553983230.439222
1553983243.162401
1553983257.570821
1553983270.515874
1553983283.243546
1553983295.865661
1553983308.592284
1553983321.179786
1553983334.092822
1553983347.547189
1553983360.485135
1553983373.44098
1553983386.339306
1553983399.032567
1553983413.841281
1553983427.017971
1553983440.033377
1553983453.343917
1553983465.854431
1553983478.741619
1553983491.772773
1553983504.776142
1553983517.759221
1553983530.866911
1553983543.772707
1553983558.098296
1553983570.98924
1553983584.003608
1553983596.764746
1553983609.947733
1553983622.432459
1553983635.040636
1553983648.058181
1553983661.100547
1553983674.039538
1553983687.031836
1553983700.069789
1553983714.807807
1553983727.486182
1553983740.575395
1553983753.501509
1553983766.536016
1553983779.371413
1553983792.439535
1553983805.363927
1553983818.113073
1553983831.633381
1553983844.647484
1553983859.413967
1553983872.362439
1553983885.473324
1553983898.630413
1553983911.849608
1553983924.845212
1553983937.809927
1553983950.709666
1553983963.369541
1553983976.242532
1553983989.202775
1553984003.690016
1553984016.468172
1553984029.399629
1553984042.393915
1553984055.590764
1553984068.660241
1553984081.755709
1553984094.775961
1553984107.539711
1553984120.47058
1553984133.344212
1553984146.517553
1553984160.902132
1553984173.527336
1553984186.485099
1553984199.422387
1553984212.178099
1553984225.028093
1553984237.777984
1553984250.448678
1553984263.372597
1553984276.186063
1553984288.947441
1553984303.170311
1553984316.342828
1553984329.128784
1553984341.797098
1553984354.798011
1553984367.621828
1553984380.23138
1553984392.888081
1553984405.870441
1553984418.815914
1553984431.506852
1553984444.487487
1553984459.448115
1553984472.405355
1553984485.270089
1553984498.170229
1553984511.360869
1553984524.401272
1553984536.970558
1553984549.7244
1553984562.856152
1553984576.047976
1553984588.971776
1553984603.510443
1553984616.845994
1553984629.73939
1553984642.830389
1553984655.647958
1553984668.455812
1553984681.198515
1553984694.383206
1553984706.959481
1553984719.832903
1553984732.501401
1553984745.436915
1553984760.277101
1553984773.286474
1553984786.027884
1553984798.786666
1553984811.634899
1553984824.191076
1553984837.073195
1553984849.881135
1553984862.844999
1553984875.710441
1553984888.488744
1553984902.979152
1553984915.837234
1553984928.45005
1553984941.398425
1553984954.152793
1553984966.785513
1553984979.719881
1553984992.54493
1553985005.730077
1553985018.44115
1553985031.065579
1553985045.330764
1553985057.992568
1553985070.919047
1553985084.174063
1553985097.254791
1553985109.8231
1553985122.804358
1553985135.817644
1553985148.77425
1553985161.567677
1553985174.475575
1553985187.22613
1553985201.47445
1553985214.321123
1553985227.080402
1553985240.042596
1553985252.829671
1553985265.426894
1553985278.030086
1553985290.590767
1553985303.364978
1553985316.284807
1553985328.960887
1553985343.440262
1553985356.285717
1553985369.247682
1553985382.402816
1553985395.285732
1553985408.088885
1553985421.104577
1553985434.277739
1553985447.357253
1553985460.616921
1553985473.458353
1553985486.41098
1553985501.036898
1553985513.884015
1553985526.804516
1553985539.417118
1553985552.394638
1553985565.313522
1553985578.608507
1553985591.483293
1553985604.174397
1553985616.972147
1553985629.948921
1553985644.716359
1553985657.670209
1553985670.481958
1553985683.556354
1553985696.227002
1553985708.924335
1553985721.83358
1553985734.772044
1553985747.324039
1553985759.762829
1553985772.545647
1553985785.381885
1553985800.345776
1553985813.513993
1553985826.773735
1553985839.609402
1553985852.167566
1553985865.054953
1553985878.050654
1553985890.844896
1553985903.863311
1553985916.881866
1553985930.330199
1553985944.691024
1553985957.775498
1553985970.78827
1553985983.83439
1553985996.864026
1553986009.61091
1553986022.563226
1553986035.80805
1553986048.609235
1553986061.605971
1553986074.706489
1553986089.789566
1553986102.916209
1553986115.790302
1553986128.954112
1553986142.0834
1553986155.003988
1553986168.0834
1553986180.788162
1553986194.055441
1553986207.376389
1553986220.065117
1553986233.78354
1553986248.889393
1553986262.337033
1553986275.391332
1553986288.61216
1553986301.921642
1553986315.332345
1553986328.540068
1553986341.745484
1553986354.845949
1553986367.925641
1553986380.928755
1553986395.627942
1553986408.80497
1553986421.93002
1553986434.987887
1553986447.733174
1553986460.465819
1553986473.657797
1553986486.97451
1553986499.857529
1553986512.940967
1553986525.888457
1553986538.879689
1553986552.957486
1553986566.069336
1553986579.170675
1553986592.066748
1553986605.347752
1553986618.60145
1553986631.650846
1553986644.321478
1553986657.226213
1553986670.260758
1553986683.163129
1553986697.500076
1553986710.285832
1553986723.004193
1553986735.622344
1553986748.616311
1553986761.172299
1553986774.241603
1553986786.825826
1553986799.783076
1553986812.963127
1553986825.720678
1553986838.54594
1553986853.126559
1553986866.237809
1553986879.272151
1553986892.380591
1553986905.443825
1553986918.536167
1553986931.159979
1553986943.986937
1553986956.928903
1553986969.621553
1553986982.534957
1553986997.125103
1553987010.314768
1553987023.195888
1553987036.004323
1553987048.676931
1553987061.432844
1553987074.180666
1553987087.307369
1553987100.349469
1553987113.219785
1553987126.114015
1553987140.302635
1553987153.148335
1553987166.101672
1553987178.860563
1553987191.595028
1553987204.319107
1553987217.167781
1553987229.833018
1553987242.693338
1553987255.452825
1553987268.374347
1553987281.132037
1553987296.606968
1553987309.425938
1553987322.299478
1553987334.995361
1553987348.087023
1553987360.990045
1553987374.351977
1553987387.454398
1553987400.454103
1553987413.529001
1553987426.103431
1553987440.965022
1553987453.935078
1553987466.663812
1553987479.512001
1553987492.434084
1553987504.982574
1553987517.951636
1553987530.816724
1553987544.077236
1553987557.347262
1553987570.12448
1553987583.317546
1553987597.761446
1553987610.514683
1553987623.588055
1553987636.38926
1553987649.362734
1553987661.97211
1553987674.730332
1553987687.675584
1553987700.811433
1553987713.471302
1553987726.396573
1553987741.155601
1553987753.900734
1553987766.982759
1553987779.846644
1553987792.534244
1553987805.417423
1553987818.315026
1553987831.136555
1553987843.962407
1553987856.661096
1553987869.419103
1553987882.390626
1553987896.729343
1553987909.502323
1553987922.690505
1553987935.581082
1553987948.763863
1553987961.765014
1553987974.748722
1553987987.587239
1553988000.268313
1553988013.151504
1553988026.074428
1553988040.341931
1553988052.846241
1553988066.011535
1553988078.527073
1553988091.332535
1553988103.903269
1553988116.772457
1553988129.546855
1553988142.314941
1553988155.125275
1553988168.092898
1553988182.262417
1553988194.93377
1553988207.80785
1553988220.503263
1553988233.512428
1553988246.2608
1553988259.08945
1553988272.097036
1553988285.267007
1553988298.180929
1553988310.917179
1553988323.619616
1553988337.87582
1553988350.635611
1553988363.1793
1553988376.120746
1553988389.366718
1553988402.211244
1553988415.256165
1553988428.397877
1553988441.192662
1553988453.784984
1553988466.827041
1553988481.233395
1553988493.980486
1553988507.097282
1553988519.600345
1553988532.225551
1553988544.647707
1553988557.316212
1553988570.272835
1553988583.180687
1553988595.764059
1553988608.730107
1553988621.561757
1553988636.063916
1553988648.784122
1553988662.194154
1553988675.634656
1553988688.657867
1553988701.42002
1553988714.847416
1553988727.84112
1553988741.150876
1553988754.171289
1553988767.068821
1553988781.776011
1553988794.816481
1553988808.242022
1553988821.511149
1553988834.679204
1553988847.727088
1553988860.815363
1553988873.633115
1553988886.618541
1553988899.415987
1553988912.450939
1553988925.502337
1553988940.188496
1553988953.059722
1553988966.356158
1553988979.493414
1553988992.362049
1553989005.582344
1553989018.477602
1553989031.5024
1553989044.557059
1553989057.4261
1553989070.332972
1553989085.130939
1553989098.644347
1553989111.823268
1553989124.938636
1553989137.873499
1553989151.062719
1553989163.853984
1553989177.057779
1553989190.253783
1553989203.427971
1553989216.489614
1553989231.451704
1553989244.596295
1553989257.770709
1553989270.917296
1553989283.854222
1553989296.817213
1553989309.701068
1553989322.805699
1553989335.724328
1553989348.803899
1553989361.671321
1553989374.546332
1553989389.253974
1553989402.393518
1553989415.492718
1553989428.677218
1553989441.84198
1553989454.836393
1553989467.758394
1553989480.769284
1553989493.624856
1553989506.719438
1553989519.526208
1553989533.870303
1553989547.166709
1553989560.258779
1553989573.400951
1553989586.472112
1553989599.338805
1553989612.104796
1553989625.4891
1553989638.522224
1553989651.519721
1553989664.741361
1553989677.640829
1553989692.627433
1553989705.927174
1553989718.866309
1553989731.831178
1553989745.12771
1553989758.266607
1553989771.375802
1553989784.499028
1553989797.51926
1553989811.051417
1553989824.123213
1553989838.932055
1553989851.916206
1553989864.874368
1553989878.225424
1553989891.526597
1553989904.478118
1553989917.64529
1553989930.595878
1553989943.488375
1553989956.162616
1553989969.180101
1553989982.178532
1553989997.092112
1553990010.286507
1553990023.304284
1553990036.414128
1553990049.477023
1553990062.461936
1553990075.273505
1553990088.128964
1553990101.092887
1553990114.31245
1553990128.17179
1553990142.61478
1553990155.759273
1553990168.799729
1553990181.587024
1553990194.763854
1553990207.612945
1553990220.350792
1553990233.181253
1553990246.064741
1553990259.102635
1553990272.160356
1553990287.069816
1553990300.198455
1553990313.245199
1553990325.978233
1553990339.01521
1553990352.192355
1553990365.195658
1553990378.191397
1553990390.929417
1553990403.882489
1553990416.788403
1553990429.675054
1553990444.188742
1553990456.926818
1553990469.886138
1553990482.771018
1553990495.828583
1553990508.814589
1553990521.837656
1553990534.849002
1553990547.874271
1553990560.611754
1553990573.436884
1553990588.273675
1553990601.254338
1553990614.280616
1553990627.202726
1553990640.362234
1553990653.010217
1553990665.732583
1553990678.29723
1553990690.937834
1553990703.623744
1553990716.579022
1553990729.352062
1553990744.2077
1553990757.095795
1553990770.043996
1553990782.844945
1553990795.663843
1553990808.582375
1553990821.220493
1553990833.994324
1553990846.885011
1553990859.836745
1553990872.72045
1553990887.234375
1553990900.070439
1553990912.843625
1553990925.644805
1553990938.45722
1553990951.232316
1553990964.275893
1553990977.060188
1553990989.951138
1553991003.087107
1553991015.999345
1553991029.016884
1553991043.12636
1553991055.860514
1553991068.979988
1553991082.153791
1553991095.486311
1553991108.460304
1553991121.518478
1553991134.297768
1553991147.246358
1553991160.806735
1553991173.535399
1553991188.166405
1553991201.324679
1553991214.13219
1553991227.493155
1553991240.44258
1553991253.069219
1553991265.793729
1553991278.377069
1553991290.956786
1553991303.638957
1553991316.517571
1553991331.354663
1553991344.257608
1553991357.091657
1553991370.355025
1553991383.522513
1553991396.472287
1553991409.310326
1553991422.996119
1553991436.130367
1553991449.149328
1553991461.90398
1553991474.90218
1553991489.675969
1553991502.405668
1553991515.170032
1553991528.147077
1553991541.048216
1553991554.035767
1553991566.820396
1553991579.418865
1553991592.057302
1553991604.858818
1553991617.683651
1553991632.761418
1553991645.58847
1553991658.53085
1553991671.258046
1553991683.933556
1553991696.754056
1553991709.779114
1553991722.905515
1553991735.679328
1553991748.117296
1553991760.567265
1553991773.212297
1553991787.848941
1553991800.583141
1553991813.23031
1553991825.753834
1553991838.46183
1553991851.287929
1553991864.090279
1553991876.713584
1553991889.527466
1553991902.162483
1553991914.818543
1553991929.587016
1553991942.253111
1553991955.170317
1553991968.198193
1553991981.019603
1553991993.590396
1553992006.299091
1553992018.892946
1553992031.665071
1553992044.312317
1553992057.060487
1553992070.020319
1553992084.029282
1553992096.654505
1553992109.089879
1553992122.030756
1553992134.846176
1553992147.476819
1553992160.024591
1553992172.854207
1553992185.551835
1553992198.241953
1553992211.545061
1553992226.060129
1553992239.190374
1553992252.111511
1553992265.000878
1553992277.947707
1553992290.930602
1553992304.088589
1553992316.717363
1553992329.277354
1553992342.215855
1553992354.823231
1553992369.241134
1553992382.315061
1553992395.392604
1553992408.009493
1553992420.85862
1553992433.844592
1553992446.677262
1553992459.420087
1553992472.046599
1553992484.973137
1553992497.85144
1553992510.802662
1553992525.96919
1553992538.456906
1553992551.11587
1553992564.517823
1553992577.735627
1553992590.23333
1553992602.797384
1553992615.525804
1553992628.319962
1553992641.113195
1553992654.232432
1553992669.284197
1553992682.413973
1553992695.380909
1553992708.257044
1553992721.005687
1553992734.291949
1553992747.366823
1553992760.274062
1553992773.274955
1553992786.176026
1553992799.21543
1553992812.119533
1553992826.998294
1553992839.64301
1553992852.616607
1553992865.607177
1553992878.462335
1553992891.467745
1553992904.310764
1553992916.921191
1553992929.895431
1553992942.858256
1553992955.724255
1553992969.897764
1553992982.510451
1553992995.256617
1553993008.170136
1553993021.357007
1553993034.070523
1553993047.222097
1553993059.875832
1553993072.650497
1553993085.367751
1553993097.971298
1553993111.075794
1553993125.652454
1553993138.749335
1553993151.875251
1553993164.931861
1553993177.77035
1553993190.665902
1553993203.735067
1553993216.56212
1553993229.536711
1553993242.599341
1553993255.740264
1553993270.521437
1553993283.582017
1553993296.477664
1553993309.28419
1553993322.493471
1553993335.45501
1553993348.53542
1553993361.425776
1553993374.401385
1553993387.158841
1553993399.905103
1553993414.766131
1553993427.891961
1553993441.049236
1553993454.090482
1553993466.933533
1553993479.799423
1553993492.679326
1553993505.535476
1553993518.406488
1553993531.259174
1553993544.162174
1553993557.255077
1553993572.024176
1553993585.154449
1553993598.02002
1553993610.869128
1553993623.745369
1553993636.466795
1553993649.374557
1553993662.540012
1553993675.61108
1553993688.50044
1553993701.543903
1553993715.62765
1553993728.805147
1553993741.915545
1553993755.170132
1553993768.096211
1553993781.134161
1553993794.268558
1553993807.348072
1553993820.979078
1553993834.035642
1553993847.142538
1553993859.799658
1553993874.609892
1553993887.880779
1553993900.711067
1553993913.551318
1553993926.351252
1553993939.31842
1553993952.142308
1553993964.980932
1553993978.129374
1553993991.115074
1553994003.971831
1553994018.555806
1553994031.54511
1553994044.825386
1553994057.853857
1553994070.96356
1553994083.876162
1553994096.682634
1553994109.783959
1553994122.874635
1553994136.10071
1553994148.9422
1553994162.145809
1553994176.871227
1553994190.079802
1553994202.975519
1553994215.65174
1553994228.487891
1553994241.52802
1553994254.493704
1553994267.680196
1553994280.687142
1553994293.639002
1553994306.627477
1553994320.976148
1553994334.175743
1553994347.215387
1553994360.388812
1553994373.497022
1553994386.371207
1553994399.449157
1553994412.619411
1553994425.804525
1553994438.811563
1553994451.68833
1553994466.319598
1553994479.277805
1553994492.352013
1553994505.600692
1553994518.483216
1553994531.46968
1553994544.46123
1553994557.611705
1553994570.603725
1553994583.780524
1553994596.985822
1553994610.160306
1553994624.668878
1553994637.82752
1553994651.006194
1553994663.907156
1553994677.168917
1553994690.421599
1553994703.615403
1553994716.573588
1553994729.558023
1553994742.546239
1553994755.63133
1553994770.460821
1553994783.755375
1553994796.725151
1553994809.593238
1553994822.408651
1553994835.216715
1553994847.980572
1553994861.276169
1553994874.521185
1553994887.609765
1553994900.559143
1553994913.659541
1553994928.318878
1553994941.479977
1553994954.770524
1553994967.810207
1553994980.718422
1553994993.954739
1553995007.229642
1553995020.227021
1553995033.028844
1553995045.90047
1553995058.945438
1553995074.074597
1553995087.221173
1553995100.277511
1553995113.31665
1553995126.383481
1553995139.401661
1553995152.383683
1553995165.438986
1553995178.623855
1553995191.598186
1553995204.146841
1553995217.306478
1553995231.495532
1553995244.543779
1553995257.820588
1553995271.128054
1553995284.319432
1553995297.507267
1553995310.463351
1553995323.514313
1553995336.685328
1553995349.542618
1553995362.259553
1553995376.699225
1553995389.789348
1553995402.456329
1553995415.388969
1553995428.377888
1553995441.521855
1553995454.481384
1553995467.444443
1553995480.157164
1553995492.726935
1553995505.461074
1553995519.889988
1553995533.12363
1553995545.901907
1553995558.774127
1553995571.687929
1553995584.495307
1553995597.142168
1553995610.091597
1553995623.119601
1553995636.215296
1553995649.077558
1553995662.501947
1553995677.188016
1553995689.952009
1553995702.98354
1553995715.682362
1553995728.413819
1553995741.077045
1553995753.93702
1553995767.261107
1553995780.452697
1553995793.352305
1553995805.892072
1553995820.96827
1553995834.120099
1553995847.069145
1553995860.137903
1553995873.18709
1553995886.115956
1553995899.486146
1553995912.757163
1553995925.562744
1553995938.614367
1553995951.531794
1553995964.403691
1553995979.363406
1553995992.305771
1553996005.19863
1553996017.98738
1553996030.766082
1553996043.522449
1553996056.274468
1553996069.436822
1553996082.258761
1553996095.015308
1553996108.066184
1553996122.301885
1553996135.32688
1553996148.148302
1553996161.024835
1553996173.985661
1553996187.035984
1553996199.823476
1553996212.59522
1553996225.171246
1553996238.177228
1553996251.118726
1553996264.210665
1553996278.825941
1553996291.63471
1553996304.265108
1553996316.852643
1553996329.777695
1553996342.814151
1553996355.733488
1553996368.60166
1553996381.516683
1553996394.356534
1553996407.084594
1553996421.844426
1553996434.678562
1553996447.68991
1553996460.629768
1553996473.502578
1553996486.319046
1553996499.223418
1553996512.143371
1553996525.196095
1553996538.257006
1553996551.212519
1553996566.186588
1553996578.973294
1553996591.840686
1553996604.671873
1553996617.387444
1553996630.42402
1553996643.414639
1553996656.193405
1553996669.145165
1553996681.982749
1553996694.917146
1553996707.551365
1553996722.147419
1553996735.284508
1553996748.183699
1553996760.952893
1553996774.567814
1553996787.483532
1553996800.242154
1553996813.007687
1553996826.198139
1553996839.249163
1553996852.240383
1553996867.127432
1553996880.090431
1553996893.082349
1553996905.812833
1553996918.489557
1553996931.585596
1553996944.728297
1553996957.519247
1553996970.669497
1553996983.829279
1553996996.948182
1553997009.909025
1553997024.837373
1553997037.629416
1553997050.952161
1553997064.160396
1553997076.822834
1553997089.676959
1553997103.157717
1553997116.37887
1553997128.891
1553997141.669754
1553997154.635215
1553997168.940709
1553997181.899739
1553997194.731679
1553997207.974905
1553997221.195692
1553997234.261096
1553997247.317615
1553997260.978556
1553997273.694435
1553997287.098846
1553997300.263106
1553997313.285229
1553997327.857468
1553997341.0003
1553997353.873253
1553997367.140159
1553997380.278117
1553997393.307337
1553997406.229988
1553997419.093587
1553997431.86617
1553997444.660428
1553997457.26327
1553997471.703223
1553997484.608884
1553997497.640661
1553997510.495537
1553997523.528477
1553997536.868932
1553997549.706349
1553997562.762124
1553997575.803126
1553997589.17033
1553997602.355806
1553997617.330909
1553997630.413465
1553997643.723432
1553997656.602466
1553997669.692847
1553997682.799846
1553997696.00959
1553997709.034663
1553997722.081979
1553997735.051312
1553997748.162669
1553997761.342789
1553997775.950236
1553997789.223719
1553997802.363686
1553997815.251227
1553997828.462758
1553997841.536429
1553997854.766824
1553997867.982489
1553997881.145747
1553997894.013213
1553997907.003151
1553997921.905369
1553997935.237652
1553997948.548786
1553997961.816684
1553997974.645857
1553997987.525821
1553998000.385979
1553998013.580323
1553998026.607514
1553998039.721506
1553998052.589185
1553998065.650531
1553998080.365047
1553998093.587213
1553998106.854496
1553998119.901061
1553998132.959677
1553998145.783947
1553998158.915809
1553998172.265925
1553998185.316397
1553998198.094333
1553998211.283
1553998226.08313
1553998238.932822
1553998251.914991
1553998265.025499
1553998277.802187
1553998290.854447
1553998303.69434
1553998316.797442
1553998329.753544
1553998342.897758
1553998356.099238
1553998369.23874
1553998383.850572
1553998396.795094
