1554135624.194226
1554135632.480765
1554135642.490449
1554135653.095877
1554135662.291484
1554135670.417349
1554135679.744935
1554135689.515979
1554135698.946692
1554135708.88548
1554135718.825534
1554135728.685499
1554135755.346201
1554135763.619727
1554135787.644637
1554135798.324724
1554135809.15079
1554135821.204423
1554135833.875691
1554135857.396439
1554135870.924909
1554135880.883952
1554135904.721156
1554135931.254528
1554135955.269462
1554135978.673555
1554135988.08551
1554135998.955697
1554136017.086132
1554136028.228039
1554136052.159972
1554136060.897375
1554136071.335207
1554136095.064923
1554136107.646191
1554136131.706635
1554136141.488262
1554136165.569324
1554136175.460899
1554136202.465355
1554136211.887722
1554136222.036778
1554136245.677152
1554136254.373311
1554136264.31743
1554136279.265924
1554136305.571204
1554136314.940979
1554136325.450206
1554136349.842082
1554136358.341499
1554136385.40294
1554136409.901471
1554136419.021743
1554136443.621579
1554136453.650411
1554136481.451588
1554136491.249212
1554136515.9132
1554136526.780838
1554136551.649248
1554136565.42802
1554136589.802902
1554136599.734981
1554136624.33838
1554136650.869017
1554136662.253044
1554136686.547656
1554136695.774247
1554136709.160274
1554136733.566246
1554136746.210307
1554136760.867237
1554136785.504598
1554136794.884493
1554136817.330153
1554136845.198244
1554136854.52197
1554136872.746402
1554136897.189781
1554136906.398143
1554136921.665525
1554136944.033529
1554136967.56817
1554136976.791292
1554136990.427629
1554137016.849222
1554137029.386018
1554137053.836273
1554137062.763878
1554137085.630387
1554137112.828857
1554137122.499197
1554137144.388227
1554137169.076719
1554137182.701105
1554137209.613482
1554137223.237132
1554137247.366808
1554137259.925236
1554137285.331579
1554137311.531777
1554137332.401774
1554137356.985946
1554137375.795826
1554137402.079471
1554137410.954719
1554137425.224455
1554137449.836681
1554137477.323341
1554137501.277599
1554137526.27905
1554137551.110728
1554137578.69424
1554137603.228731
1554137627.157587
1554137653.632371
1554137679.457833
1554137701.82084
1554137726.445248
1554137738.189305
1554137764.571665
1554137775.334315
1554137799.843037
1554137812.395915
1554137840.157702
1554137850.098936
1554137874.576634
1554137884.662804
1554137908.331142
1554137935.827192
1554137960.20703
1554137968.246155
1554137992.638112
1554138016.42763
1554138042.634492
1554138063.433652
1554138087.912442
1554138105.525392
1554138120.718652
1554138145.356598
1554138155.19829
1554138171.550338
1554138185.517182
1554138213.40417
1554138225.535969
1554138243.427494
1554138267.641003
1554138282.817557
1554138310.941735
1554138335.486069
1554138360.03157
1554138386.844266
1554138412.937697
1554138437.320111
1554138461.906964
1554138489.395869
1554138503.100273
1554138527.08244
1554138539.726571
1554138565.96254
1554138579.736126
1554138604.720326
1554138625.436405
1554138649.345355
1554138673.811797
1554138698.29693
1554138717.522673
1554138741.971578
1554138758.473539
1554138776.06192
1554138800.222446
1554138816.751709
1554138843.165914
1554138857.386441
1554138882.491466
1554138906.671821
1554138931.370246
1554138959.165874
1554138983.66262
1554139008.201351
1554139034.796673
1554139047.87463
1554139072.470229
1554139084.777352
1554139102.189153
1554139129.638593
1554139141.037963
1554139159.062536
1554139184.333532
1554139197.625966
1554139217.170997
1554139242.707879
1554139259.736716
1554139284.462687
1554139302.606792
1554139328.547139
1554139345.045613
1554139368.68981
1554139394.81166
1554139422.031575
1554139438.433734
1554139463.308683
1554139480.287255
1554139507.487356
1554139531.795634
1554139555.663511
1554139581.150842
1554139607.003399
1554139630.968686
1554139654.927968
1554139682.527168
1554139706.930173
1554139730.062753
1554139741.022331
1554139768.709312
1554139781.513931
1554139801.499442
1554139825.329163
1554139835.515747
1554139859.946931
1554139885.544271
1554139897.406731
1554139916.640566
1554139941.721855
1554139956.018937
1554139975.30785
1554139999.370146
1554140014.086549
1554140039.985404
1554140065.67361
1554140086.575832
1554140111.228348
1554140124.142443
1554140151.293061
1554140163.559104
1554140188.177497
1554140199.614075
1554140225.067952
1554140237.409177
1554140261.49815
1554140278.691431
1554140303.400918
1554140321.739209
1554140339.324721
1554140363.674167
1554140374.01266
1554140393.045139
1554140421.369128
1554140433.372024
1554140450.911976
1554140475.173774
1554140496.063585
1554140522.508908
1554140539.152953
1554140563.765388
1554140587.904522
1554140613.919871
1554140624.088106
1554140648.030381
1554140657.56755
1554140685.073622
1554140694.680104
1554140718.551655
1554140742.761963
1554140769.039809
1554140795.839372
1554140820.552551
1554140829.453108
1554140853.821992
1554140866.433263
1554140892.159254
1554140900.995818
1554140925.982512
1554140950.83024
1554140978.553173
1554141002.728006
1554141014.276904
1554141039.408758
1554141053.518205
1554141079.275524
1554141088.717254
1554141112.50945
1554141129.0993
1554141157.194839
1554141173.726078
1554141187.464119
1554141212.232585
1554141227.697323
1554141255.863147
1554141270.125218
1554141294.656041
1554141315.193278
1554141344.73051
1554141363.395423
1554141387.815336
1554141397.069005
1554141415.473043
1554141433.102635
1554141457.939198
1554141467.856327
1554141491.810062
1554141504.513182
1554141532.797484
1554141543.743366
1554141568.287572
1554141581.794696
1554141608.630058
1554141622.915102
1554141642.36307
1554141666.550494
1554141680.191509
1554141707.940525
1554141722.019095
1554141746.909652
1554141758.380286
1554141776.299884
1554141805.116967
1554141822.15664
1554141837.505684
1554141861.231796
1554141878.122587
1554141894.225027
1554141919.717556
1554141931.884726
1554141950.303853
1554141976.010517
1554141996.577488
1554142021.018623
1554142030.865101
1554142049.677626
1554142077.805761
1554142102.608064
1554142112.691343
1554142137.049432
1554142147.874071
1554142176.272753
1554142189.855092
1554142214.771012
1554142228.134933
1554142254.053506
1554142281.315078
1554142306.048668
1554142330.695642
1554142340.325193
1554142369.223901
1554142393.279309
1554142417.548036
1554142426.385504
1554142453.672802
1554142464.59418
1554142488.711549
1554142498.009391
1554142522.802416
1554142550.771229
1554142575.2607
1554142599.841477
1554142611.081543
1554142638.29093
1554142648.907367
1554142673.511784
1554142697.954545
1554142722.842249
1554142750.217191
1554142774.336772
1554142798.517881
1554142809.378157
1554142836.923449
1554142847.133799
1554142871.65058
1554142880.964465
1554142906.724189
1554142925.221713
1554142949.976968
1554142965.273703
1554142989.287119
1554143000.176063
1554143020.714218
1554143033.475425
1554143057.872393
1554143071.557573
1554143092.38925
1554143120.175512
1554143136.293303
1554143159.851479
1554143175.28434
1554143204.024086
1554143228.897703
1554143253.278192
1554143278.293706
1554143290.527003
1554143316.104998
1554143324.50437
1554143346.803549
1554143373.567305
1554143386.235238
1554143411.519132
1554143420.75131
1554143445.109035
1554143471.408099
1554143498.835066
1554143521.380157
1554143546.164941
1554143556.404807
1554143584.045445
1554143594.18919
1554143618.409803
1554143641.417224
1554143669.398517
1554143691.913598
1554143716.41577
1554143730.19279
1554143758.367826
1554143771.515027
1554143796.044248
1554143808.089127
1554143831.650477
1554143859.946713
1554143882.987875
1554143906.997373
1554143929.83458
1554143957.80817
1554143969.997397
1554143981.222268
1554144006.245491
1554144017.081904
1554144045.226944
1554144069.651187
1554144089.91397
1554144115.47164
1554144131.347085
1554144156.320099
1554144170.002783
1554144193.973948
1554144206.419039
1554144234.255088
1554144244.994992
1554144269.120377
1554144289.727083
1554144317.657238
1554144327.939689
1554144343.644293
1554144368.267251
1554144394.124245
1554144406.750169
1554144432.378354
1554144443.443279
1554144467.485958
1554144481.83023
1554144508.302321
1554144523.249599
1554144547.214063
1554144569.262369
1554144596.213947
1554144610.94581
1554144635.138173
1554144649.129512
1554144674.755623
1554144691.686696
1554144716.560211
1554144740.570954
1554144764.153294
1554144791.732969
1554144814.839225
1554144838.25163
1554144847.799836
1554144874.779857
1554144900.014643
1554144924.761632
1554144950.163905
1554144978.685465
1554145002.597796
1554145012.501915
1554145038.087275
1554145048.482912
1554145075.9773
1554145084.549639
1554145108.42391
1554145132.704853
1554145160.969343
1554145185.231571
1554145210.536313
1554145237.712465
1554145247.603203
1554145273.344489
1554145297.744831
1554145323.362228
1554145351.771057
1554145360.614846
1554145385.297733
1554145395.378273
1554145420.485591
1554145432.369162
1554145458.048175
1554145467.356528
1554145487.23289
1554145513.186532
1554145528.139472
1554145547.687744
1554145572.255288
1554145587.853253
1554145615.000202
1554145641.531471
1554145666.427512
1554145691.410211
1554145718.559556
1554145727.293053
1554145751.431665
1554145775.094843
1554145802.683244
1554145828.363411
1554145837.968494
1554145861.140589
1554145871.107991
1554145898.422625
1554145910.67958
1554145934.746514
1554145945.190232
1554145969.884769
1554145983.989972
1554146010.043029
1554146023.042917
1554146048.030038
1554146060.422573
1554146087.73369
1554146112.495365
1554146137.501857
1554146162.742412
1554146190.84731
1554146214.846858
1554146238.998158
1554146248.72246
1554146276.478432
1554146286.769938
1554146311.166193
1554146321.065342
1554146345.492103
1554146355.801344
1554146381.905144
1554146405.076731
1554146430.13589
1554146458.201864
1554146483.504581
1554146507.740311
1554146533.508062
1554146561.302236
1554146585.739854
1554146594.566169
1554146619.90283
1554146631.141042
1554146657.999069
1554146681.87278
1554146706.46479
1554146734.044052
1554146759.587444
1554146784.151036
1554146809.5012
1554146838.815115
1554146862.412103
1554146886.407407
1554146914.251594
1554146941.148294
1554146965.474504
1554146975.035781
1554147000.808938
1554147012.184065
1554147037.689154
1554147047.428105
1554147071.814815
1554147081.486831
1554147109.758145
1554147134.78294
1554147158.874332
1554147184.920028
1554147212.715285
1554147237.166316
1554147261.520628
1554147289.549497
1554147315.799329
1554147339.994045
1554147366.020955
1554147394.674451
1554147420.089569
1554147443.922032
1554147471.557143
1554147482.419934
1554147508.124169
1554147532.912257
1554147558.51357
1554147587.562698
1554147612.52046
1554147636.474266
1554147664.552805
1554147690.878605
1554147715.404205
1554147740.717369
1554147758.290597
1554147785.1682
1554147794.594165
1554147813.272345
1554147838.724024
1554147856.655925
1554147873.952415
1554147898.950504
1554147917.714542
1554147945.399266
1554147957.147685
1554147976.271297
1554147987.526365
1554148011.554868
1554148021.71022
1554148049.253126
1554148060.310036
1554148083.811086
1554148092.717483
1554148117.106197
1554148128.132081
1554148154.830274
1554148178.810552
1554148203.418634
1554148225.085788
1554148251.098575
1554148265.76052
1554148279.662705
1554148304.334948
1554148317.361712
1554148333.893527
1554148358.178246
1554148382.456217
1554148408.875047
1554148435.172305
1554148459.253319
1554148483.293788
1554148511.080698
1554148534.43861
1554148557.79472
1554148583.440019
1554148611.41142
1554148635.267062
1554148660.020672
1554148687.252179
1554148712.926381
1554148736.847244
1554148761.813235
1554148788.583261
1554148812.39792
1554148836.26934
1554148862.234557
1554148889.934142
1554148914.96181
1554148939.973919
1554148967.92991
1554148993.357283
1554149018.022294
1554149042.712633
1554149070.618083
1554149094.464573
1554149118.055672
1554149145.636236
1554149172.373414
1554149196.741062
1554149221.31401
1554149248.751141
1554149273.728046
1554149297.570581
1554149324.14556
1554149351.654053
1554149375.676467
1554149400.347046
1554149427.868833
1554149453.192941
1554149476.945838
1554149502.178539
1554149530.565721
1554149555.647211
1554149564.027054
1554149589.326337
1554149617.134061
1554149644.08903
1554149668.598619
1554149694.69925
1554149705.825332
1554149732.988446
1554149743.861994
1554149758.287698
1554149774.785573
1554149802.349651
1554149818.871878
1554149831.091957
1554149855.311174
1554149868.195159
1554149896.474076
1554149912.499305
1554149937.082603
1554149951.062822
1554149977.386963
1554150002.513592
1554150027.116264
1554150038.678713
1554150060.27865
1554150088.077713
1554150102.284955
1554150126.809025
1554150151.655663
1554150179.164993
1554150189.784529
1554150216.004318
1554150227.180976
1554150252.121475
1554150280.817567
1554150306.805384
1554150331.579522
1554150357.960173
1554150368.712997
1554150394.925265
1554150404.389654
1554150428.322752
1554150437.856756
1554150465.280702
1554150491.816552
1554150516.24745
1554150541.573595
1554150569.366897
1554150579.999246
1554150604.772098
1554150614.149854
1554150641.239639
1554150668.975856
1554150693.837106
1554150717.903756
1554150745.541564
1554150771.616341
1554150796.068276
1554150805.08795
1554150831.796834
1554150859.049408
1554150883.39819
1554150892.786958
1554150919.100193
1554150936.284773
1554150962.133561
1554150982.343903
1554151007.85869
1554151028.35737
1554151044.083871
1554151068.762663
1554151079.315151
1554151096.751136
1554151108.629053
1554151124.880119
1554151151.4223
1554151169.27063
1554151182.514541
1554151209.931952
1554151225.236876
1554151250.531795
1554151275.080163
1554151301.839865
1554151329.464256
1554151354.858376
1554151379.907712
1554151407.642983
1554151433.977755
1554151458.028593
1554151483.480202
1554151506.392395
1554151531.450895
1554151545.008651
1554151569.950123
1554151579.947689
1554151607.63788
1554151631.855566
1554151640.97656
1554151665.829179
1554151678.536694
1554151705.279516
1554151718.925096
1554151743.54295
1554151757.501581
1554151778.926548
1554151805.540372
1554151822.197458
1554151835.130852
1554151861.094678
1554151874.52301
1554151890.567906
1554151911.123999
1554151935.465752
1554151950.420012
1554151975.042875
1554152000.540171
1554152010.072831
1554152022.703736
1554152048.342961
1554152061.770327
1554152087.031012
1554152106.567733
1554152131.306411
1554152151.521033
1554152177.057706
1554152190.005624
1554152207.357588
1554152234.801708
1554152248.571623
1554152273.777329
1554152297.508689
1554152322.268424
1554152349.660504
1554152374.148559
1554152398.430629
1554152421.640598
1554152448.598992
1554152461.054128
1554152485.171432
1554152511.471182
1554152537.922453
1554152547.622692
1554152571.12709
1554152580.57347
1554152607.603245
1554152633.998168
1554152657.812077
1554152683.028845
1554152693.021853
1554152719.681829
1554152729.125672
1554152752.982883
1554152778.01209
1554152789.857171
1554152815.437246
1554152825.300048
1554152845.965099
1554152870.968892
1554152883.604164
1554152910.143712
1554152922.572515
1554152947.08457
1554152956.355549
1554152971.206511
1554152998.0542
1554153012.235832
1554153035.357466
1554153046.063362
1554153071.85568
1554153083.630756
1554153108.830196
1554153133.499126
1554153160.055104
1554153185.870269
1554153209.241852
1554153217.911381
1554153241.434153
1554153268.754442
1554153282.927623
1554153301.108527
1554153325.072464
1554153340.221605
1554153365.730416
1554153389.924928
1554153414.526669
1554153440.56864
1554153467.318104
1554153491.322724
1554153516.518606
1554153544.541843
1554153570.855674
1554153595.787508
1554153623.698984
1554153650.819617
1554153674.342941
1554153700.192022
1554153728.259529
1554153755.389714
1554153780.093115
1554153807.41933
1554153834.982491
1554153861.351402
1554153887.213436
1554153916.391476
1554153942.439338
1554153967.250698
1554153992.324922
1554154020.871053
1554154047.090692
1554154071.5548
1554154098.974887
1554154108.959982
1554154136.088412
1554154158.812036
1554154184.925225
1554154195.330195
1554154210.868513
1554154237.037854
1554154247.388824
1554154270.154143
1554154298.437566
1554154311.991872
1554154334.886857
1554154359.622932
1554154375.221677
1554154402.815561
1554154413.783134
1554154438.584816
1554154463.043469
1554154491.761029
1554154517.895839
1554154542.374738
1554154553.646942
1554154580.409487
1554154607.143375
1554154631.564435
1554154657.303658
1554154685.891277
1554154712.131262
1554154720.483199
1554154745.328779
1554154772.992374
1554154799.375671
1554154823.00739
1554154833.140119
1554154860.972021
1554154870.85616
1554154896.854534
1554154921.389957
1554154947.921912
1554154959.826304
1554154986.802805
1554155012.00135
1554155037.516149
1554155066.488397
1554155092.861783
1554155117.730005
1554155144.813965
1554155171.529574
1554155181.103675
1554155205.539077
1554155229.657744
1554155257.806859
1554155283.608427
1554155308.263879
1554155335.640464
1554155361.485781
1554155385.51763
1554155410.069738
1554155437.231426
1554155463.373599
1554155486.65523
1554155512.374269
1554155538.550396
1554155563.754095
1554155588.68954
1554155614.978588
1554155641.151211
1554155664.864783
1554155689.551915
1554155716.192149
1554155742.087321
1554155766.048251
1554155792.755003
1554155819.38401
1554155844.072942
1554155868.881656
1554155895.738274
1554155905.899938
1554155930.590882
1554155955.147804
1554155982.178113
1554156008.488474
1554156033.31386
1554156058.540197
1554156087.049062
1554156112.574851
1554156136.417501
1554156162.942749
1554156189.450812
1554156213.768172
1554156238.654973
1554156265.342261
1554156291.762781
1554156315.785165
1554156340.481923
1554156367.052262
1554156392.594323
1554156417.179149
1554156427.000507
1554156453.799828
1554156464.08286
1554156488.844415
1554156497.995309
1554156521.237209
1554156549.187727
1554156573.296375
1554156596.811124
1554156623.958878
1554156650.02838
1554156674.784656
1554156683.438816
1554156709.399178
1554156736.926244
1554156746.653774
1554156770.39147
1554156779.935951
1554156807.218812
1554156817.778913
1554156844.265443
1554156854.565105
1554156878.661421
1554156905.834173
1554156932.48199
1554156957.016191
1554156981.773387
1554157008.985657
1554157035.233482
1554157059.08397
1554157085.206286
1554157111.549033
1554157135.394959
1554157159.642916
1554157185.293079
1554157195.054636
1554157219.963901
1554157229.20338
1554157253.991064
1554157263.718058
1554157290.066418
1554157315.406759
1554157340.366036
1554157367.244666
1554157393.993029
1554157418.276831
1554157442.411126
1554157469.037852
1554157495.310458
1554157519.651933
1554157545.923354
1554157571.012218
1554157580.526866
1554157604.153299
1554157613.635824
1554157639.959695
1554157666.318279
1554157678.325553
1554157702.444083
1554157725.713622
1554157752.629911
1554157764.330127
1554157788.901542
1554157814.008653
1554157840.405243
1554157865.572178
1554157889.932249
1554157916.501718
1554157942.550124
1554157967.178643
1554157992.326725
1554158019.617794
1554158046.03405
1554158070.20129
1554158094.047131
1554158121.203099
1554158131.746338
1554158155.700715
1554158165.438942
1554158191.437381
1554158201.767612
1554158228.48526
1554158252.570297
1554158277.83465
1554158304.762529
1554158329.048243
1554158353.868098
1554158380.905342
1554158406.553771
1554158431.29799
1554158456.08263
1554158483.014615
1554158509.566319
1554158534.041918
1554158560.276439
1554158587.829046
1554158612.789491
1554158621.659711
1554158631.670635
1554158657.662871
1554158667.0449
1554158678.379877
1554158704.124965
1554158713.70579
1554158738.456107
1554158748.988449
1554158775.358318
1554158800.515688
1554158824.687053
1554158851.346005
1554158877.02954
1554158901.178878
1554158926.373703
1554158953.777458
1554158962.28708
1554158987.570217
1554159012.333358
1554159039.018978
1554159064.313319
1554159087.283489
1554159112.558595
1554159140.3986
1554159149.810558
1554159174.434684
1554159200.169365
1554159227.264813
1554159253.11423
1554159277.81444
1554159303.206588
1554159329.185474
1554159353.134789
1554159376.93703
1554159402.971837
1554159428.435387
1554159453.599941
1554159462.921254
1554159488.899939
1554159498.632299
1554159523.406307
1554159547.759853
1554159558.686633
1554159584.551701
1554159610.640951
1554159634.747189
1554159659.351258
1554159685.821369
1554159696.199384
1554159721.628043
1554159746.171263
1554159772.549254
1554159798.119754
1554159822.073789
1554159847.17311
1554159873.78013
1554159883.718429
1554159908.767306
1554159917.237466
1554159943.860215
1554159970.078968
1554159995.59686
1554160020.581476
1554160046.19312
1554160072.020033
1554160082.513345
1554160092.757788
1554160117.268032
1554160129.744779
1554160155.613116
1554160181.429834
1554160205.929426
1554160232.9969
1554160259.283183
1554160270.167079
1554160295.092219
1554160311.225182
1554160337.875152
1554160358.442627
1554160382.582216
1554160396.269452
1554160418.430588
1554160444.753318
1554160454.297403
1554160465.412155
1554160483.048602
1554160509.905525
1554160528.002786
1554160542.422928
1554160566.68824
1554160584.189103
1554160599.025703
1554160624.319939
1554160633.827483
1554160657.850066
1554160684.37675
1554160696.261987
1554160715.647605
1554160741.86376
1554160756.165367
1554160768.999595
1554160796.856116
1554160813.920081
1554160838.994954
1554160852.438691
1554160870.095185
1554160897.45287
1554160916.525896
1554160942.90364
1554160965.657575
1554160993.442453
1554161020.261645
1554161045.81174
1554161072.73092
1554161099.525836
1554161125.693954
1554161150.76198
1554161174.559483
1554161201.038831
1554161210.274485
1554161221.995233
1554161245.950995
1554161273.637471
1554161285.842777
1554161312.300856
1554161323.266998
1554161347.989316
1554161361.87511
1554161388.184927
1554161399.732918
1554161424.239471
1554161435.914041
1554161463.366044
1554161474.567522
1554161501.043087
1554161525.958877
1554161552.945593
1554161563.911505
1554161590.273437
1554161615.989157
1554161643.119063
1554161653.824104
1554161679.991522
1554161691.031274
1554161715.736853
1554161726.147643
1554161753.690675
1554161779.80609
1554161803.996415
1554161830.671643
1554161857.079898
1554161883.431288
1554161908.910915
1554161936.164656
1554161962.36259
1554161987.57504
1554162013.731366
1554162040.379056
1554162067.156609
1554162092.660286
1554162119.464737
1554162145.901548
1554162171.904876
1554162181.372259
1554162208.735041
1554162218.713584
1554162244.481793
1554162253.883336
