1554377931.886876
1554378034.187401
1554378059.949549
1554378084.79474
1554378109.480298
1554378134.922768
1554378160.060821
1554378185.480608
1554378210.55338
1554378235.961925
1554378261.407159
1554378286.407192
1554378311.284245
1554378336.360416
1554378361.761966
1554378386.85724
1554378411.188849
1554378436.627885
1554378461.95893
1554378486.873582
1554378512.412175
1554378537.295091
1554378561.465101
1554378585.839618
1554378610.606972
1554378635.821958
1554378660.570136
1554378684.910613
1554378709.459617
1554378734.704151
1554378758.199156
1554378782.268721
1554378808.248184
1554378832.538039
1554378857.340711
1554378882.415665
1554378907.516643
1554378932.653763
1554378957.901209
1554378989.880615
1554379015.795032
1554379041.402277
1554379067.210183
1554379092.512515
1554379118.364878
1554379137.018627
1554379162.492918
1554379186.657654
1554379205.509008
1554379230.509392
1554379255.171416
1554379280.701266
1554379305.510623
1554379323.139425
1554379349.524744
1554379375.36008
1554379400.289972
1554379425.45875
1554379443.118402
1554379467.068028
1554379491.630939
1554379509.814221
1554379534.578976
1554379559.419165
1554379583.773756
1554379608.859606
1554379632.380638
1554379657.666744
1554379689.035377
1554379714.162142
1554379733.139158
1554379758.408345
1554379783.755976
1554379807.829566
1554379832.822482
1554379852.623167
1554379876.395865
1554379902.058777
1554379927.612482
1554379952.158575
1554379971.483931
1554379997.364532
1554380022.397607
1554380047.146263
1554380072.105022
1554380090.718876
1554380115.136472
1554380140.48302
1554380165.535331
1554380190.062481
1554380208.564502
1554380233.526162
1554380258.388953
1554380276.468715
1554380294.763172
1554380313.614203
1554380331.522646
1554380351.05971
1554380369.558399
1554380412.915503
1554380438.446251
1554380463.541073
1554380487.742544
1554380512.297936
1554380530.657857
1554380548.910367
1554380573.511478
1554380598.160285
1554380622.770358
1554380647.296293
1554380665.454083
1554380684.326163
1554380709.712486
1554380734.100453
1554380758.416561
1554380782.611005
1554380807.11751
1554380831.959062
1554380856.643956
1554380881.099981
1554380899.884792
1554380918.633333
1554380937.579725
1554380956.269439
1554380981.602334
1554381006.888568
1554381025.209836
1554381044.199533
1554381062.991285
1554381081.574821
1554381100.854494
1554381119.823508
1554381138.616944
1554381157.085308
1554381182.086779
1554381207.395769
1554381232.958103
1554381256.831673
1554381282.684126
1554381307.799606
1554381326.627692
1554381351.82123
1554381370.227369
1554381394.609411
1554381412.616828
1554381431.058595
1554381454.655514
1554381472.730758
1554381491.059617
1554381515.791352
1554381533.96303
1554381558.345301
1554381576.800278
1554381601.654423
1554381620.586051
1554381645.747569
1554381664.414009
1554381682.46919
1554381700.353659
1554381718.533198
1554381736.71088
1554381755.585611
1554381780.839638
1554381805.861623
1554381830.484462
1554381854.744768
1554381873.002286
1554381891.314638
1554381909.071045
1554381927.613445
1554381946.465532
1554381971.566788
1554381990.649018
1554382008.881091
1554382027.111439
1554382045.077973
1554382063.460663
1554382082.094153
1554382100.540901
1554382124.360328
1554382143.047485
1554382162.17039
1554382181.048402
1554382205.542163
1554382224.358721
1554382250.005298
1554382268.862687
1554382293.365987
1554382312.293367
1554382330.481064
1554382349.007385
1554382367.821426
1554382392.51595
1554382411.356778
1554382429.677775
1554382448.707161
1554382473.535877
1554382491.556578
1554382509.98543
1554382528.343988
1554382546.636077
1554382566.180867
1554382585.185698
1554382609.771796
1554382628.35637
1554382677.186579
1554382695.438012
1554382713.354618
1554382731.485771
1554382755.977722
1554382774.426372
1554382798.542483
1554382817.031735
1554382841.9051
1554382860.500979
1554382878.552065
1554382903.720689
1554382921.975473
1554382940.346698
1554382964.863544
1554382995.401201
1554383013.89444
1554383032.204341
1554383050.591495
1554383069.26463
1554383118.291009
1554383142.565599
1554383161.38861
1554383180.884175
1554383200.334567
1554383226.89879
1554383246.296702
1554383271.54005
1554383290.600185
1554383316.651396
1554383335.351253
1554383361.418403
1554383380.146751
1554383399.399371
1554383424.846884
1554383443.687256
1554383468.385889
1554383487.108934
1554383512.247435
1554383531.56417
1554383550.819922
1554383575.4693
1554383600.453726
1554383618.983081
1554383637.86018
1554383662.994935
1554383688.03439
1554383707.773268
1554383732.904697
1554383757.852498
1554383776.518211
1554383795.188661
1554383820.499784
1554383845.113565
1554383863.959004
1554383889.102097
1554383914.036138
1554383933.293594
1554383958.691379
1554383984.456963
1554384009.693166
1554384028.519982
1554384047.030502
1554384065.912244
1554384085.303867
1554384110.7487
1554384135.477311
1554384160.075362
1554384185.216956
1554384203.814232
1554384222.471858
1554384248.602703
1554384273.910036
1554384298.646076
1554384324.102723
1554384349.041507
1554384367.5443
1554384393.45218
1554384412.5101
1554384438.490647
1554384457.524862
1554384482.793737
1554384508.468498
1554384533.675778
1554384558.947926
1554384584.275773
1554384608.918474
1554384634.160111
1554384659.189926
1554384677.973579
1554384702.613338
1554384727.710754
1554384753.208641
1554384778.511008
1554384802.690365
1554384826.760687
1554384856.802486
1554384881.443925
1554384901.003337
1554384925.642414
1554384950.89936
1554384975.365766
1554384999.800953
1554385024.572738
1554385049.569675
1554385074.014364
1554385098.526651
1554385116.319866
1554385141.038093
1554385164.757383
1554385189.699149
1554385215.2998
1554385240.278524
1554385264.734309
1554385288.850792
1554385313.298791
1554385337.196585
1554385361.719998
1554385386.431613
1554385411.020831
1554385435.566204
1554385459.83816
1554385484.973238
1554385509.738369
1554385534.947539
1554385560.762524
1554385591.986885
1554385617.605525
1554385636.671701
1554385661.958012
1554385686.916594
1554385711.990904
1554385743.250277
1554385769.029313
1554385787.93104
1554385812.933192
1554385837.530638
1554385862.293258
1554385892.799424
1554385916.952544
1554385935.281485
1554385960.61434
1554385985.372381
1554386010.497945
1554386041.472293
1554386066.492668
1554386091.273564
1554386116.570023
1554386141.602589
1554386166.691536
1554386191.565254
1554386216.143975
1554386241.831862
1554386267.173412
1554386291.538541
1554386315.731926
1554386342.149432
1554386367.052716
1554386392.311953
1554386417.279535
1554386443.1584
1554386468.197137
1554386493.404674
1554386517.444183
1554386541.841115
1554386566.568724
1554386592.042732
1554386617.323998
1554386641.847413
1554386666.870017
1554386692.235177
1554386717.334419
1554386742.288854
1554386767.880894
1554386792.894859
1554386818.532192
1554386843.628328
1554386868.344458
1554386893.557754
1554386918.048086
1554386943.178476
1554386967.360073
1554386991.828457
1554387016.01947
1554387040.091686
1554387064.521667
1554387088.813674
1554387113.685104
1554387138.236742
1554387162.797608
1554387187.284579
1554387211.938554
1554387236.75913
1554387261.478238
1554387286.309731
1554387311.206639
1554387336.581463
1554387361.508003
1554387386.706297
1554387411.763128
1554387436.950384
1554387461.343113
1554387486.041591
1554387510.26083
1554387535.464207
1554387559.715045
1554387584.093876
1554387608.57742
1554387633.439759
1554387657.616618
1554387682.28043
1554387706.896679
1554387731.751791
1554387756.275536
1554387780.790922
1554387805.189033
1554387830.091664
1554387854.604694
1554387879.103567
1554387903.285873
1554387927.486326
1554387951.799853
1554387975.945509
1554388000.194934
1554388025.255405
1554388049.095869
1554388073.111669
1554388097.997961
1554388123.018671
1554388148.73211
1554388172.580581
1554388204.04749
1554388228.975796
1554388254.118241
1554388279.124219
1554388303.929759
1554388328.936036
1554388352.929898
1554388377.053228
1554388400.627087
1554388425.336279
1554388451.163442
1554388475.682953
1554388500.667523
1554388526.374288
1554388558.295566
1554388583.687232
1554388608.235889
1554388633.165589
1554388658.091211
1554388683.077564
1554388707.675995
1554388732.569764
1554388757.199392
1554388782.511929
1554388807.10707
1554388831.412427
1554388855.962089
1554388880.297723
1554388911.579008
1554388936.247071
1554388961.236982
1554388985.481836
1554389010.643763
1554389034.184794
1554389059.312999
1554389083.821677
1554389108.210604
1554389131.996712
1554389156.484401
1554389182.036037
1554389206.200842
1554389230.555822
1554389255.884782
1554389280.611456
1554389306.325417
1554389330.811905
1554389356.766959
1554389381.303584
1554389405.975413
1554389430.441072
1554389455.209688
1554389480.663848
1554389505.722246
1554389530.836595
1554389555.709638
1554389581.164906
1554389606.641091
1554389630.585475
1554389655.627926
1554389680.995383
1554389706.366836
1554389730.848302
1554389755.187097
1554389779.434368
1554389803.99319
