2.318273755711816
1.8743204399476994
1.9725707858462238
2.2456922002297723
1.3937164967860096
1.6283609386434006
2.0043239389003387
1.675528657001775
1.589730588227148
1.541016190167175
1.3578748914219503
2.155662684967502
2.0218315947389516
1.510869037276516
1.8777723082005764
1.5853760576898273
2.2997412999785882
1.7563910625611783
1.483713026600676
1.4652391402191163
1.485051288493052
2.3262243268263214
1.7379242632684806
1.897851246433785
1.4308438722383612
1.8014268815750587
2.223591142753412
1.6713243544709364
1.762546002543211
2.025960766238859
1.4536306642193397
1.4400740302548491
2.223755268614993
2.018334954776209
1.5153080752701706
1.8380441832930083
1.5822518000654204
1.6426775854489681
1.3895796268323954
1.5356472952463827
1.5989426072592554
1.4748707953064122
1.959911682181936
2.3013666471676415
1.480807546908373
2.277311718483806
1.8729008796334559
1.9690534163602134
2.215950209784679
2.199039463132384
1.6164434203006892
1.907064314275719
1.489414927283793
1.6702889436031554
1.3480846608725667
2.041995173553919
1.8288337123547003
1.5206958967294677
1.7968602644464915
2.0255050006559983
2.140280276610716
1.9892376969539778
1.5963262783262027
1.6283306663096244
2.1753821899053762
2.049074671925811
1.7432924339673506
2.278402404065383
1.6393853665685982
1.9841146565658148
1.733180389396148
2.3078889451426585
1.977744677004271
1.9288112489932454
2.085794690450344
2.121369269240476
1.4924363438628825
1.3703705719852166
2.072181731708849
2.062926166354586
1.4954323487238803
2.1211624467031527
2.0837714802049847
1.659730843166364
2.061215185456587
2.297380416832745
2.120757814228703
1.9971639073182865
1.8828711157027789
2.2059583770865387
1.3389626362648515
1.6070385924232284
2.165463510887135
2.2172418176766477
1.839743144449542
1.53293303906804
2.1771945444894065
1.4789252144929623
2.1199583328022915
2.266601687186865
2.1506144104724307
1.9457030284298535
2.0975919390708677
1.6861097183205827
1.5562403354468375
1.8823070283452583
2.199643787912987
1.4441639233787975
2.1244634270940295
1.8141861896939606
1.5746896529652004
1.7206129118764304
1.5892510828493327
2.3143006760683535
2.073076107294931
2.0106271360556933
2.2880455684113583
1.7083053706014617
1.3836295751153824
1.5023345042437362
1.5748087063664509
2.148783452365898
1.8502948757121824
1.462398494074797
1.4220658226809928
1.4417566203205234
1.8656948098165935
1.4272737337893844
1.4160651130889428
1.862140324722668
1.3408518459808085
1.6640266348122021
1.7860217605893014
2.0166202275946605
1.72470994647505
1.5429780859857942
2.007368601578487
1.746337452162438
1.7329818502994887
2.1757594443065584
1.5019895826185208
1.409879174910827
2.0173804855347366
1.388712997202587
1.725792594530011
1.3627204769527874
1.48199789870608
1.3525746036726067
1.4952376330921522
1.766909946937945
1.4458434795363169
2.0261227236903063
1.9380973927866403
1.703103412428377
1.4136109501796381
1.7042326107230399
2.2703224714305086
1.4411181719787876
1.5544660463461715
1.346434096386058
2.14751607028154
1.5692837157471256
1.4556941801953855
2.2942089306151052
2.0104579501186772
1.983981961361328
1.669158017759503
1.7371530311127892
1.4297872323100698
2.216357028317824
2.025734391626713
1.571650827035261
1.5955421973888726
1.8918058234450816
1.9131479015565853
1.9271404779577466
1.7915858612511677
1.8750137981608748
1.343333365944082
1.8640937932698305
1.538522563548089
2.0008361074437255
1.8338850168048644
1.7855289576138436
1.728385495013431
2.0067831299879435
2.244109529680339
1.4689779614530227
1.8389138321099041
1.4601000074001669
2.2447607756859975
2.277271375242865
2.1521472737074743
1.3979157649825134
1.4274317476469993
1.881910542986705
2.083922866327503
1.97858269888959
1.5901321807312698
2.2582616042471764
1.3390282423583961
1.8354364414370692
1.3822963784140978
2.1526498425606695
2.090756525073405
1.3983156841328477
1.7064009753638463
2.0499725992405318
1.9420672344080256
1.9291663450486924
1.4889128845920694
1.770937979760421
1.9917371951994323
1.786530157415388
2.1183216872812975
2.0808710341505443
1.63177078359331
1.3336199557577777
1.96983749032525
1.7551017318686404
1.741212904063459
1.6203096046571555
1.5062140792725909
1.6395116992260315
1.927043924133025
2.0350676910241736
2.0268854228238826
1.5043908586599368
1.7762608600903624
1.9170779235744373
1.6568795235766223
1.5429418812189144
1.3625305427194982
2.2509485395214366
2.1851000655489763
1.9477955611227105
1.6513658671282612
2.0706275107252563
1.5591293598476743
2.0502424317695587
2.204514247818168
1.9651418100256597
1.525685212631452
1.6141149033393831
2.097858182901139
1.8170952763115593
1.3594848268361333
1.796073654261411
1.5896290594987774
1.712439269347322
2.2865387505127366
1.8649081967395167
1.8828069734916864
2.210228372372741
2.179457239724229
2.133587646950923
1.3587206838274526
1.535310862166029
1.9487978907424028
2.220485098248968
2.2568908965768744
1.5111520618771968
1.6731936303991835
1.5509980185752126
1.7792336238831103
2.1602711675667075
1.778147265550477
1.8448562938559312
1.4525854037349268
1.758675307433182
1.3483794901549775
1.6942527234833795
1.619847722168154
1.930946733885718
2.1672603234159675
1.7268136675172356
2.187215684180433
2.2774023690638163
1.3467672170853162
2.0730098471067464
1.997055368092493
2.220210617765385
1.849215977149796
1.693922908902683
1.7052176983509586
1.9540212474491658
1.8594411956447545
2.2346099819573624
2.1368740954257563
1.77254150220978
1.6965991903055
1.7864144021269917
2.1180149998101894
2.1240276417318413
1.7775956500696075
1.7408568306349093
1.9382387912956103
1.434554166064003
1.9878725011502296
2.2446761109410764
2.2120177076301832
2.2536234591681343
2.044965923245392
2.1530974898842907
1.434622312070736
1.9138377983813628
1.7246010837445982
1.65042661938843
1.805564782625354
2.2342448638658423
1.4823580761451094
1.6075858618317447
2.274572709637303
1.688727376499175
2.134040612070019
1.5822069741690412
2.052603889021625
1.3647885990714343
1.7882087794721695
2.29147136172309
1.799204079824539
1.9218919885280457
1.7077059551054
1.6585461055999504
1.5472072622267867
1.557230728867376
1.6317232830648767
1.8611474248311388
2.200253466028729
1.6526687687872172
1.8933114582202055
1.8059715142511807
2.1236044322562786
1.5325419421957645
2.096009456282488
1.9475595795086214
2.2162502882108694
1.9768944675603954
1.860106477582569
2.1107838683313447
1.394690263972387
2.256555473030519
2.1040880076796924
1.7610110670090242
1.7395676153298034
1.345279429257616
1.7409817043236475
2.021174353882407
1.4766963971517657
1.835296080625692
1.6190969158222073
2.1698357653581666
1.8142617579152194
2.2256568289020278
1.843452206186999
2.0784119911451677
2.2411687157154314
1.7598748970274662
2.1525126347696704
1.5984693085497697
1.9432815362266411
1.7153791499530273
1.836836224374333
1.633657540395616
2.1137386605331114
1.533821599014254
1.821512397076514
2.3020841336839504
1.3942347262984491
2.3213556568619502
1.8689096820502489
1.6234871621667812
2.3244203465764994
1.5468872897291392
1.5930490585447312
1.5755270508255337
2.092898912860779
2.0577645120794457
2.223296205916911
1.5553038973392064
2.3049926852856073
1.3452573761404198
1.399916708059882
1.6472255730430803
1.7794412393304815
2.195435778471444
1.4273315738588734
1.6594866145003326
1.3337875943050155
1.7430020557775139
1.6007346951541952
2.176879633449149
2.01958482020973
1.91853277229347
1.3319301821229041
2.0070193356812016
1.9621920281656495
2.0014749878466866
1.5266199388718225
2.0813283499707973
2.2138938752930795
2.1588791899444684
2.1299509905807694
1.3586870237287128
2.1417805134091066
1.8829000435140597
2.2856188533419384
1.6141380501809968
2.1003084947914044
1.5803807556136122
1.3718832722259158
2.173275382982664
1.471497607264234
2.086347905272623
1.8147486091465637
2.129900633752146
1.6258098647204566
1.728507688418532
1.5778900623665073
2.163140175608571
1.8613714388851055
1.806338630008643
1.5053329308745704
1.6239000853467578
2.222188970635398
2.2445005117968844
1.806429115287543
1.357740370452591
1.7218884858806356
1.929678657229756
2.1633266592680327
2.0270853608137687
1.8322558298344218
1.3263045501203816
2.2687126111533438
1.8134429004764892
1.6132844770355395
2.117522160739368
1.6610770285687617
2.052612052450998
1.790421109291399
1.516612065036822
1.3431745990000956
1.437288705658113
2.3094149495475795
1.7796998438191276
1.8689269029257023
1.850370178654627
1.727056650256016
2.2435948795811176
1.7714531327834693
2.0857347711207637
1.61990574413389
2.128055276822339
2.092198548102161
2.2787659924190855
1.40440273881912
1.5851728926874866
1.8236762132862612
1.937880865505946
1.915124160989695
1.7073196131358304
1.3277058254471672
1.5654583501572508
1.6341028624299785
1.5380478119017218
1.981543324657868
1.9651216952475024
1.7304424303389039
1.6764431358617966
1.80667147999358
1.6818137610495716
1.9692315518933299
1.4773263223775706
1.9835051921697202
1.6808862385433738
1.5913889776862156
1.646964227758285
1.887899034410016
1.7229815955670915
1.8801576671831721
1.862112261886887
1.9525577040081545
2.0589793648950385
1.6328756839935934
1.3746697331325062
2.2468562333044453
1.757819599224756
1.9360094617333687
1.4260775335613733
1.6123695631428268
1.4246244245776136
2.1080275957291152
1.8218685462645505
1.9495776364550568
1.378631944755927
1.6687612616378886
1.9221859380922945
2.141831136228495
2.1774405798184526
1.7981590714068252
1.6096598412412009
2.0224789019915836
1.5574686182282238
1.7701777169451178
2.067560819038286
1.3875982777685134
1.8697955126954353
1.9938432846812246
1.8984361539741474
2.0534018439077197
1.7730574025263022
1.474696169835184
1.4324777039456793
1.6703600411158912
1.8642852935446257
1.5315347359916045
2.224951084157358
1.5818150495881738
2.094938582285659
1.5675062845123597
1.8868647788016049
1.9166369996527153
1.4883112502539595
2.0363720781966808
1.4871276177326673
1.7335168326935204
2.1776417490743096
2.211036740180793
1.5629269597997257
1.8632282168537622
2.048442029719936
1.8208035299195344
1.4163603544577028
1.5196200498505752
1.7308394854496456
2.2108720281931635
1.612444049091879
2.0886794380049323
2.034532585176152
2.237974404072194
1.7011735868013724
1.6446470133405968
1.9270061683651496
1.8939104382783385
1.4635448832841236
1.3759281714795872
1.66652437861932
2.116866150447342
1.6792494220496685
1.3891967698869616
1.904630875543267
1.6539738634418155
1.6638256474777884
1.9606343127595922
2.323125437751
2.0750301869176075
2.143132550651445
2.0650132369832237
1.4938502508373257
2.325711115445328
2.1248995287367953
1.8758644993486546
2.078627240640519
1.7266550585328868
1.4297817533577093
1.8140408482463786
1.6342780306797127
1.851054634480849
1.9864783876995318
1.3883218526269527
2.100560771690977
1.771031939676502
1.4420583298579894
1.7834604344272487
1.700178762353308
1.5593175500558598
1.6830097836681515
1.9104801451499431
1.559364597495367
1.5199748014523655
1.5418318232318473
1.6583217138785828
1.4134383610543662
1.9896389125912242
1.4713473727614281
1.9241081719566386
1.3714226636348852
1.5422448184193525
1.3530705659125213
1.6717827849735651
1.963999527389776
2.145447133609222
1.8715871577370238
1.614851861510395
1.408803119584167
1.3956954889681974
1.472661394509455
2.2746286300141003
1.6745361022578615
1.956536175368501
1.8956496599193526
1.4486710489126842
1.3615928960513934
2.254357333033941
1.8132382585635214
1.5931269691525984
1.8850517903888027
1.3603534822981471
1.3734000319337611
1.8246935494597125
2.297504896924567
1.8632837853022348
1.651902340236533
1.9111634014723102
1.9861020623538173
1.546293091150423
2.323056512826544
1.6571426748839388
1.9436259003788194
1.632690865770531
2.2072253241539834
1.9692246733577146
1.5747011239238178
1.6218115455589033
1.9410872943701485
1.9630024238192105
1.493257511949684
2.2922004891470205
1.9916686471211908
1.9668558088336072
1.8926748418240962
2.0113238021707747
1.9756558441254788
1.42073430630727
2.1460246895754587
2.0887223598455917
2.2536484936749615
2.2489110557293435
2.074795447035986
1.8323360555537171
2.216739599519692
1.798654721516472
1.839739974863065
1.8586176876766116
1.4833567097591813
1.9507566611356844
2.084934111863101
1.4841305874245831
2.3148589996958426
2.2369281555106335
1.8964608982276259
2.038975280695386
1.3467057821747241
2.2067842571583647
1.9109522673878527
1.7366782237405223
1.3536868212474518
2.1210500743354306
1.333622727875445
1.467503229568637
2.302138274155875
1.3415372879363718
2.0822360624784477
2.1240053809458384
1.8377530991997613
2.0248913695332633
2.1163499628928615
1.7582655345769487
2.3011186597395703
2.2201006420445855
1.4146460860766308
1.7095266618029843
2.209560644698889
2.0905233740195546
1.9601969619247483
1.5060144290780995
2.319130068755521
2.0560767186241344
2.0056456315879374
2.1603846341304433
1.6096045318538497
2.319207800019206
1.5265068103579393
1.8783925065303801
1.9324181069757402
2.1950322619859435
1.5729680894436688
1.6501451758632888
1.6060648592264302
1.6559401789083634
1.4761945896198232
2.2394106589264973
2.0999748925486736
1.8117859929438396
1.8483853083380097
1.3870378334157016
1.9384983932253301
1.8802642067253375
1.6858102551789613
1.5739521731692494
1.8179817010480812
1.7104203244582645
2.1133715726671864
1.923294522093821
1.4051439314532754
1.7491200783202046
1.5161445827435809
2.058993492003411
2.305889905580321
1.7291303874769595
1.3791616553510566
1.5276182501861035
1.5034722961326359
2.132156682010499
2.123789427210733
1.5692033930738607
2.108223198698428
2.27021660170783
2.247273328210501
2.1722295321995295
1.6054916726372317
1.3541244966144568
1.7435990913945423
1.6088733531701302
1.7319042947722192
1.48818322744875
1.5481741280887058
2.17844301615801
1.9561978781998037
1.3787829958669022
1.7498979672245782
2.062453262753258
1.6517504424031793
1.4282033756207406
2.0020079978320893
1.6007795543027519
1.9316472198664272
1.5033965756610383
1.4331021502081123
1.4751466845442214
1.9877631427544569
1.669307677806029
2.192233763993532
1.6187381902471198
1.9715875714059239
1.583823606177721
2.1387204135128646
1.8851483489981182
1.7560363232290528
2.001440405098598
2.2649657268302614
1.429895523003264
2.017099476329518
1.9813436733176546
1.7572411887658563
1.9014695497125254
1.6160363776004714
1.8624002618066462
1.5410212590615942
1.4253115821596978
1.8332058799019697
2.2163914219959535
2.0876450683828804
2.2170325507183146
1.865620592332997
1.4435862655386658
1.3783530833637954
1.8570178720128592
1.8994748500980534
1.548100796946736
2.09583958045164
2.2373801021543755
2.2995637952284067
2.1274391229084078
1.8225557011206825
2.067957774511025
1.6581417474717999
1.3333027981767018
2.0436389057505773
1.8007450498444624
2.293666311997942
1.5643841429371819
1.6843968534033242
1.3506836024136635
1.8774818321284645
2.050758211062702
1.8607363323690433
1.629689223497214
2.147535627227035
1.955270299049576
1.588689577825989
1.65699349772632
1.9004737481652663
2.0954380710449296
1.9857779990855073
2.267354151537794
1.4660808552016529
2.1433063414327114
2.0929764044308796
1.617173878221641
1.4268269413647474
1.7724140533602264
1.3562280413569203
1.5950457300011354
2.0690543155588488
1.614009669370467
2.0648089029592143
1.4188269546939425
2.14402111407234
1.9462158500543933
1.5701722539104845
2.2843145964829543
2.0587090590040984
1.9261335296614963
2.0397837639703496
2.162809680756154
2.017830191023822
1.9597340702574206
1.3299189952833492
2.175337445758635
2.1763944766420322
1.4952707534650618
1.8853032428329026
2.182099480652952
2.1238736739256665
1.7401323534042012
1.9447732282209007
2.2353909542875208
1.9550046285523186
1.5142580919571749
1.629333855426233
1.6608572928535943
1.5238169152692416
1.8028668389385127
1.8311629099544133
1.7808352063236252
1.6116494475269774
1.3942617462315405
1.61183365273988
2.003544439196238
1.7864665558269415
1.9756015293045437
1.7746735525977118
1.7555476072401355
2.1653496546095803
1.7102866820895526
1.8206231106931414
1.6196744121472042
1.8612800850879385
1.73421539652074
1.6338318200429607
2.0761647854995164
2.0619309863524813
1.4730196999397305
1.3733556375572413
1.5090975606525838
1.4903258089626377
1.5263411880233488
2.1254011600501586
2.2949792612837063
1.9170736772337993
1.355291256925004
1.8392815510026579
1.7334966250744315
2.0908325001446886
1.661129097121209
1.5342467956657588
1.498029533968739
2.2264406754684134
1.4402199734283776
2.2676201494479384
1.5654210819573946
1.3461862626851346
1.5348275951318486
1.5927550330776032
1.813258274793855
1.4019900269276273
1.4360439763727197
1.3632777070251354
1.8780980932929965
1.8985892869402163
1.9421766455271336
2.0936526731626133
1.892714354298709
1.831504420818338
2.178199278791783
1.8524637817487983
1.6588540149894255
2.2706998949587742
2.030252995968346
1.5295782987559696
2.1593429936633335
2.140837423023239
2.1025050544863273
2.240145294746832
1.5813374223809078
2.0668443810131816
2.070065382975032
1.3664581684664894
1.4216249457745926
1.331382026551474
1.831062279828483
1.9633451555006396
2.0904416332405473
1.5635436618938818
1.5176088842209186
1.3371648087184065
1.9482442965843152
2.146345706011047
1.702375140269473
1.4560109079918915
1.385126414325146
2.0496299157364115
1.328634430224563
1.4523360135290933
2.2620690580913525
1.9742870358689155
1.375555887231325
1.753842954256049
2.1014425112901325
1.8605327285096651
1.8325479634555508
2.223061923066898
1.4174181140897815
1.4484330482582919
2.2639728173361413
1.3975718664362384
1.7213292323075435
1.4932276117299785
1.5488137620708196
1.4344724742450967
1.4478568272802554
1.8359786699132423
1.6484053902363613
1.7048787738509068
2.0031299243156204
1.6038123329155176
1.7694620662998017
1.4375770502417835
2.2621128542837114
1.8260230144107448
2.2135027440897708
2.055469575174905
2.153638971138795
1.9529264127224524
1.974397679996967
2.075798245002448
2.105724155999987
1.8307114759282697
2.0969344552551608
1.3829858731731306
1.6402613058324063
2.051112404801733
2.0441581067959818
1.7527146001943212
2.03352308392992
2.2819298214840757
1.343608059777172
2.020197050246914
2.048211198148461
1.543444058622247
1.6401154899946058
1.6212211786427966
2.196555287909035
2.2002549556306654
1.3906199673925979
1.5221017938950376
1.4334482148936125
1.889827409260823
1.9402899229061694
1.9696833747791231
2.2359882513826923
1.4380942132553003
2.2288448117406947
1.8745189043225075
1.8895869197859874
1.4801528476278305
1.6725379123480257
1.6731817208847237
1.7480769749821998
1.8282967300415922
1.6543633396575825
1.382538554849676
1.6905643418260288
2.102863456117239
2.0459714944599825
1.468438632426036
2.1464080665591334
1.5941032115003335
1.3913885545563283
1.43175343967659
2.130370540723322
2.263044856949291
1.4571699731987129
1.8964174549288682
1.8496038991715416
2.200985067336114
2.2890952792968347
1.567467007666546
2.168292756970362
2.1291102584767314
1.6412603119570335
1.4702074911582912
2.2526108672524954
1.5949073523022266
1.8756608055866646
2.05755366613018
1.3612461262973534
2.154625700871011
2.2803076210691433
1.9784786718922773
1.4957097248247098
1.5243852451766848
1.4229165705238422
2.1753680398673576
1.8158665437096828
1.8773088752221572
1.9038103458732514
1.7810307079196714
2.261230997623414
2.2548368906379865
1.7177052701957094
1.8661386960158417
2.235496423776646
2.1816629730503387
1.4420258739519916
1.707367446906925
1.8316625867539231
1.408697922070898
1.391626446558484
1.8717174194266293
2.304083750481921
2.224564498589956
2.2956123259225816
2.281334842520204
1.7722358807240293
1.7244586673198248
1.9055998298496248
1.494640476164121
1.8991528854483914
1.6111921236585278
2.3168260702678394
1.5226094894629691
1.8976484005219667
1.9858564274295432
2.2217000280733483
1.7169925779423776
2.125752413805815
1.5409987579826006
1.4747778384228363
2.1594348953485833
1.4612169159839266
2.0755924569104662
1.9701755442301845
1.4271563749650136
1.6962981745868293
2.2593096387249507
1.9061766020569226
1.3682263498699976
1.4112409147358396
2.1569576413202323
2.276353995485393
2.1080749184696086
1.48452618827507
1.9724011081104802
1.5167825063310463
1.66602597582608
1.3473503566708926
2.039341406083207
1.669737516963623
2.0200036335520273
1.4673856994796044
2.2216629298889865
1.7383736373727277
1.8482181712037218
1.8046515468153688
1.5503598187311507
1.71392523281381
1.4494632020964615
1.6569071647968099
1.5602796710695348
1.5131457972435058
2.2101939177459733
2.1735220342175277
1.9605485334350905
1.4199792443424026
1.8947362085224773
1.703502957054254
1.334269394029643
1.9886184252304135
1.3608499573669754
1.682209982032046
1.7199047711138853
1.8280571683698954
1.7683950481409574
1.6521418082695816
1.6786772150324543
1.7596271072409821
1.989701072038447
2.279245461209314
2.0278619507742666
1.571121551605604
1.8016925786690328
2.261299988518933
1.346988019855214
2.1654873732039737
1.476671312029033
1.7068038656938591
1.7873711517567714
2.082523383215911
1.5453094253307742
1.4951976137748277
2.0592245536723826
1.6149620676878353
1.455846362044904
1.5729157138679069
1.46202345233877
1.7223268130518485
1.8193793284899633
2.1489643164026115
1.6385210401598933
1.7637469156954533
2.080322959675007
1.540943980441036
2.156760381108587
2.245784578320501
1.9203236078490205
1.3715893201538727
1.8354758843844183
1.7218567479661557
1.9528675856624256
1.3658620547303582
1.558409094487272
2.1195208168120083
1.9559201929245291
1.692198325893755
1.9855030040361155
1.45190243922403
1.4343910572074743
1.9182273662697777
1.6386629585138797
2.173922742049834
1.3811549285542035
2.1278183875839725
2.130632982355295
1.6022268685746526
2.046191735194487
1.7159097074861347
2.2179471987214137
2.0887850841226046
1.9948264361499017
1.8406837815983652
1.6054772793621719
1.4707551795045102
2.189197434715196
1.3551799199332442
1.3849563837907313
1.825748420191466
2.182275307964039
1.9966203092693418
1.5140348044404675
1.525882392402977
1.6403690829522604
2.1152919005778372
1.8942938191330179
1.5258898327076063
2.2671537449907837
1.4317455793446436
2.0498483283160773
1.6269885049707864
1.486971462910449
1.4706165204317667
2.013221387151963
2.248106597366369
2.3145170433302242
1.4269004234541895
1.621891479202376
1.452649841296936
1.6815426527073551
2.041381552275718
2.067635378367951
2.1368601227397654
1.730940169575703
1.8560211793763752
2.256523497651164
1.588644340181316
2.0255119422255436
2.013482839042744
2.114690077504458
2.0417773480263097
2.2334535941737474
2.28801666058002
1.8758207079862044
2.0544599797615417
2.0548278878026
2.120222990709283
1.5918746233857828
1.873048590013016
1.7051103178335827
1.3327854505428214
1.8051191370054902
2.14750364558583
2.1757608717852235
1.385463778514366
1.7063948906130648
1.9846366590293214
1.4185078577561658
1.6334603001963175
1.854133633513532
1.7303825269056723
1.6650199657430835
2.227367769303224
1.6902997536256348
1.8813868981931814
1.9372320813844413
1.4063708072891032
1.682000526888314
1.7209441429969563
1.9409800737653442
1.7957494902998343
2.0457500020701627
1.7904179076035414
1.9646362047545787
1.8794597426171948
1.4008922542398723
1.8366649674912652
2.1115269220722057
1.9089388383386372
1.8795814570665217
1.8504524406024234
1.7108179325056854
1.568264659137786
2.2827234600519923
1.760423779088926
2.0309768566716113
1.7655857366152548
1.3635632297741949
1.35796168637864
2.115550689323546
1.673483780324512
1.3548239535865298
1.793541442284886
1.4297216870326315
1.5343528839559522
1.3815379917959252
1.6500698695631384
1.6185231425797122
1.4194745473714208
1.9577976976097877
1.9902471078447903
2.136088113690802
2.3137546958983304
1.4271179093054054
1.9343130656330112
1.4195265704369933
1.3534849569032619
1.5587686534084981
2.3184834685474187
1.5534716535322874
1.3753032994381882
2.30854987289425
1.3986066707644544
1.9284812279034527
1.3836963811253065
2.054293196055924
1.7103260618738227
1.700402671222256
1.8438547103990064
1.8573228587218527
1.763356024906593
2.1274246513486346
1.6506356329326304
1.7857658089511184
1.8421234596594904
1.8990726505601927
2.1981201452610812
1.4834194940629897
1.6780317234066595
2.1495532181125645
1.9126584094312358
1.7394823102229777
1.6325787582376137
1.6636465703703045
2.1720626261098728
1.4565060252383906
1.567184145888973
2.2197083498995527
1.9721131416197666
1.3993703017745356
1.933782451738269
1.8259578545230961
1.8321649102922037
1.9195464089788397
1.5645979752417056
1.6721003558158931
2.242735516481542
1.4560721340855303
1.5053787153572382
2.0695015394215783
2.1181967046203845
2.212743994068368
1.4596341370361305
1.7649823158983444
2.129979342233554
2.094191063453733
1.7149794304313726
1.8722212807278178
1.7803122687405026
2.083763895780295
1.4982970043662822
1.352866860404356
1.7402243606088343
1.6824998576234569
2.035989740587865
2.07757708559864
1.6893342723482467
1.3839679685655306
1.760842931580415
2.3104453869777295
1.562919621527103
2.07929144969957
2.1196738951079084
1.8374460932943986
1.9617002665990246
1.4846860038051684
2.2615282767465628
2.302626554386448
1.6459062774910058
1.4198907478640448
2.065761603039077
2.2322054193548846
1.376050580796637
1.6967512978268458
1.8566430354599293
1.5386869124615483
1.518625838886761
2.0699559309013886
1.6704644700082205
1.4549703215002148
1.5640901411052412
2.31356562532459
2.145925031911766
2.028774706058326
1.7942915543341793
1.60468255731294
2.121527560212002
2.030352028611214
1.9733473309118068
1.7900379226232777
1.7822788286565825
2.0070961961772347
1.5447014751925365
1.4630678477181727
1.5182719161987477
1.3301642293060054
1.6918661349355615
1.374015887752919
1.968289362837526
2.2020813162296706
1.5359865266611166
1.7924538387730733
2.1620538787456667
1.4634215688383962
1.4154308692495714
2.21106367098763
2.200318986063433
1.8851184691760983
1.6499759860830379
1.335539202866538
1.8435337918973234
1.5093638632141635
2.2472386297235167
2.313526239224002
1.5760836246202072
1.7823235383567921
1.574012046881355
2.1833048061706832
1.5263643711901778
1.4450176971170228
1.6695137002264666
2.2325356572235484
1.5899727446635443
1.9128302189665218
1.6482455828362899
1.4060279865525922
1.5199932974225594
1.791893321467736
1.7246718502929124
1.7924715673954583
1.6956310985527814
1.5992416547424773
1.841774229749994
1.6464619702099461
1.329029342414729
1.9686572358456895
1.55105249217426
1.8711501390169902
1.5253791804142345
1.549833326969718
1.575511926345924
2.02673756550642
1.745857290124662
1.8210270094745846
1.7369254912463608
1.4105061624663264
2.148351602370819
2.0923358689252405
1.4203969399632081
1.5018836059308511
1.6876605404646234
1.6843183842717664
2.191177197571041
1.4910030334030233
2.1383009145235863
2.094327791337711
1.4345839393447595
2.2942593995931575
1.6021919780977485
1.3987648955102865
1.679307936272764
1.9338768792172603
1.9891483473129201
2.108188827206797
2.1061248676804487
1.3464522064723556
2.2009818855328556
1.8659314488320438
1.388417769847876
2.081306471248078
1.4249160860679408
1.438843811560481
1.7702491775575875
1.7181684934622783
2.05792079331323
1.827276547119815
2.0057351553585954
1.3971834801376184
1.596508784768826
1.3626112768322667
1.6465421939375176
1.4726505636370895
1.7431402127107516
1.5469980550569777
1.8047241543856867
1.773726239927755
1.8206041267359352
1.6934051997363737
1.4735844940970482
1.5909685336321733
1.4384347754039382
2.224974364503651
1.5409904068152709
1.8138788985707943
1.759272768352498
2.229375485161856
2.2721731120040034
1.4854414250515389
1.8849741683141037
1.4725307273231534
1.6075751321569707
2.268569577849063
1.4669735574391716
1.3959369775432087
2.273898707760334
1.4006644022877128
1.3425203796004126
2.242183670482801
1.5350921954278935
1.8951614350612447
1.374391783449724
1.576546973340416
1.9088943806439342
1.71462089453109
2.1910614352937325
1.9947721533970129
1.5466732713340574
1.9861509110466484
2.2296871471264224
1.785411403321505
2.129591631291839
1.7565869861378407
2.1923315207682097
1.9819429973729141
2.021553780832448
1.5022353771887713
1.9010999699924678
1.3400687605734536
1.725717292398282
2.0270312278094935
2.187029300139929
2.1426867635727453
1.8334446824875241
2.2961262166207006
1.915296880804592
1.75163013955361
2.154411042283804
1.7742571028563707
1.476482772758848
2.2293953616941056
2.3111721182771197
1.5942801654068355
2.0610776698783067
2.039056792780019
2.126199293957101
1.891587806113801
1.4820140468538823
1.9018479403379018
1.8911008914987446
1.8897197959891006
2.3155297484694715
1.6437624461519809
1.5565976509723891
1.7788039563981684
2.3209858422752374
2.2293413522336656
1.6101884718233486
2.1705610863652796
1.6773249915250976
2.213225701741214
2.1793672180164645
2.176271016526119
1.7837134474276766
1.7517164108018666
1.3676901094430256
1.5489339354129847
2.2772811399892317
1.6503289366384237
1.4946808975996662
1.6755321140429582
2.2113354234424016
1.6180599412770298
1.9691361289960123
1.8160285342889468
1.9093141423498945
1.8547068147491486
2.2603167792459025
2.1536790180049183
1.7186117992331635
2.233104990524539
2.2104166263332696
2.0323087683565504
2.1343348948394287
1.6057924734664475
2.1917139608128746
1.6298999188954295
2.155451769863492
1.6162753339099465
1.791675057946465
2.275980824770977
1.8498959308628304
1.8257151881194573
1.624363834818197
2.2184825222547038
1.4282287045800266
2.1044988321296088
2.1162410290828086
2.199106116449916
1.9510663185648605
1.7109927050254963
1.5918832512827963
1.5942017279725682
1.6210021964657892
1.532053585149458
2.285883395595183
2.236386437091425
2.1319809046947156
1.359783279504124
1.4529478989210716
1.407320226002236
1.4754132519616454
1.9483696310750374
1.5453804327409117
1.8042367629742913
2.2754383659150066
1.6569569027214497
2.008668806437405
1.4090725995414368
1.7190668051990703
2.0676268708675227
2.253806620729911
1.6679876385122472
1.9165446733144678
1.9620145686395647
1.4168974960244345
1.5976196000314504
1.6901710591322638
1.8511803524380976
1.5516121748712854
1.3626818099893174
1.9790757423620702
2.0775865094352497
1.4326590311111682
1.8514792584448176
2.1313457402310947
2.1222194386327824
1.502797349162796
1.6759368880050565
2.0464813287154873
2.197559231721616
2.3198613944653137
2.117672705582222
1.8255947392726084
2.2698217573727484
1.64034075645038
1.8020395148737476
2.176347981825677
2.210518071311774
1.377406829825865
1.8833810813506837
2.23046292593895
1.7705047254539645
1.499082996326453
1.980625115247448
2.0214489155950237
1.4587669159163916
1.9910345979364548
1.9993263305723652
2.0745182699594795
1.4485662997726416
1.6030758639534817
1.754827893082785
1.8416217604491254
2.246382098392161
1.5570192878799944
2.317819917017003
2.0672062750779765
2.1048311511860276
1.4612545235970575
2.3098055299269102
1.3789428525516652
2.1746334239646194
2.0833319290664645
1.7392837340440863
1.598396013356711
1.5432488569626472
1.35728402602272
1.615748446841923
2.3206122571368026
1.6587933461853865
1.8864288287752466
1.8876828378257133
1.5117118799593816
1.9073800212286345
2.0985688396010036
1.9478556666328675
1.5123724814887214
1.6544929901719698
1.9142288035247732
1.462634857906529
2.245962239369291
1.9530870318624003
1.3979610381675662
2.052926783698913
2.17483042745145
2.261461090419597
1.601465733508478
2.047691564043322
2.148411566616671
1.4297678466351273
2.104064388329066
1.5832733522548232
1.7313384359085895
1.6863184988320723
2.1096786853848846
1.659730920814301
1.4241668694098113
1.9512255309917663
2.058360711778197
1.6754272132918937
2.2007232554758347
1.6590590133170735
2.0268845569232568
1.6547758842863565
1.5227209112358615
2.02346131023933
1.701165627777347
2.2235834596612185
1.448290353101456
1.3944750211891712
1.407213794380282
2.0746515195571225
2.2492537478249424
2.0575186101045073
1.5940421518995205
1.5275768624399382
1.3270055458579593
2.0338907531052226
2.3117308505679652
1.3444545862182038
2.1239402362664763
1.3988774925113274
2.085077256351662
2.0838959145227207
1.7122941100382827
1.9039547133198769
1.3449935801977242
2.2197316939536664
2.0225796233052686
1.6425332523745562
2.3255183654214844
1.5902645464166716
2.008354358090522
1.5083238392981042
2.297276570581275
2.146368300220934
1.6218257031065286
2.2231912126207405
2.3244487496824813
2.2742321100499012
1.3547976185556005
1.9198212298767172
2.1167904833243383
1.9608335219497488
1.5607770473891809
2.1496927604119747
1.579644847869822
1.5082163805413364
1.6316400637247914
1.6715166657784686
1.4242419796614996
1.4778541353363233
1.9469391979212503
2.142326290370142
1.5773963565985394
1.8620935248109143
1.627909321363404
1.6822111599843776
2.0162061245109997
2.112318974117614
1.6433780875476838
2.0675604817535986
1.5125641311801847
1.9215648235688456
2.0072000716576017
1.3877587870517507
1.389143767053212
2.2693332439893497
1.926086234796783
1.3522295164538474
1.8578728316523925
2.253745164861466
2.03592393952497
1.4663365173127922
2.123652907564176
1.9280199902858202
1.9286210967331119
1.350086478201406
1.503385250578392
2.1837345222018993
2.1904517654780915
1.915381223935817
1.6063257869135075
1.5814823801335163
1.7565230345640759
1.3345932143337034
1.9168909224194424
1.4930291593703013
2.163459019535699
1.4570308870719244
2.2692685122450715
1.7315630786544909
1.8339347905988224
2.1469881880222372
1.9659653671891764
1.9237279107333303
1.732479495689696
1.4366952420405266
1.9254030611566735
1.7114906687584373
2.2443998919128436
2.1057749671627564
2.155391032730593
1.597697605005173
2.0524966996277048
2.1614139672976966
1.8793791768482342
1.9594749363880863
1.914195222748206
1.3346967082865204
1.8089003027455
2.3257363235868955
1.6060083257236284
2.247297470438619
1.7678611332926242
1.9709358959684986
1.6803801340684983
1.4597439078439916
1.7706380992967587
2.222823721779408
1.4363284588759633
1.91859876575126
1.5305810625715326
1.3694295770982277
2.0629512347792898
1.7252213426920242
1.4510952287557537
1.3575637270327332
1.6517799698713778
1.962019557366573
1.8974443697780266
2.0503234036395623
1.6731535270785949
2.155640912194393
2.0768995568507385
2.174760791181477
1.6068146875228468
1.9507872582717574
2.194019205270851
1.7670335227725043
1.9748751351020717
1.8881702819419417
1.8975103368256652
1.9423061285334995
2.0566458187032817
1.6704092547629659
1.507137181390376
2.0743185779339073
2.290808961260918
2.07233813249131
2.2180078969250903
1.7866410696800556
1.9385929002694098
2.325592055350435
1.5482178967044575
1.7587716897380792
1.6856888512979162
1.5630106495839708
1.3411139368929308
1.395072756023707
1.3972493582025851
1.7547803924303769
1.4928663031221354
1.4447435273886309
1.900272222175467
1.9466196701166438
1.887116504681825
1.5980287780029148
2.069079368007917
1.7345727038368954
1.8678920872769105
2.1210934943106445
2.3175915364619075
1.8361847280149617
1.5813029101788354
1.7321806676231557
2.1167761950881703
2.251959235334943
1.867175996134563
1.3315890359545806
2.0652931007495194
2.230057299734253
1.8903313359615983
1.7622429144117295
1.4530361930633182
1.933477793947862
2.058735384978986
2.075235518171662
1.6400717010179955
2.2375958397614863
1.491050652656287
1.6675007130882646
1.5732058687770996
1.9464771159253587
2.1554034811652145
2.282423952166347
2.008505723084454
1.8812417226342995
2.2801070634946647
1.4098381882110118
1.7938212487522611
2.04444271737735
2.146372180952367
2.3139445904237372
1.9579553546895818
2.021621429080921
2.1286205603678887
2.143684959841432
2.0818790895132846
1.872419185297191
1.7808375901838986
2.0576160901607015
1.8291602620624514
2.217183840841299
1.437625618703515
1.6955674235513047
1.9955324591769912
1.8787946518599983
2.1782225225330376
1.7694155002079304
2.0213420503476964
1.7326795243956712
1.497865772425475
1.8135636177642813
1.5818580739319477
1.7701326275638634
2.202408026174012
2.3070845533213253
1.5482754732321995
2.3057428968700364
2.058334671470048
2.3036452672654133
1.9492873415680976
1.3593955482937647
2.093097089665351
1.6027372929411694
2.278951332574385
2.163843417248535
1.670850392188919
1.3988953949829794
1.7849858337672841
2.272872043629086
1.571224300762527
2.1249609018823437
1.7053395794339328
1.639092083720894
1.5967518146026394
1.7428492882637143
1.5827066302216175
1.7949545766819879
1.4840015432476126
1.8394604488779205
2.0089661565776864
2.1659876165589904
1.5523050350975924
1.7529630493997863
2.0052116549142687
2.0282465129194764
1.49542331052321
1.704563606063157
2.0844673800190683
1.684152630628308
2.1811181925294454
1.5047074726454468
1.374959172805277
1.3787175365694648
1.7886275140179944
2.3108790031651827
2.308074657408969
1.3408458737421116
1.936303161182831
2.3182044652555103
1.7268416060858403
1.7381924717900845
2.2201737841163376
1.8120680606150563
1.6500697782214708
1.3619677819826552
1.5369463419344438
1.448624380958578
1.8209936048051856
1.5680094714677693
2.323795877036635
1.6241461169899247
2.1273648935297818
2.189535655541761
2.1817418603844967
2.189119402662039
2.04220127990832
1.3609064310577206
1.9349464957445912
1.595253224399525
2.047749535598026
2.085177012424468
1.9672345596644532
1.7042951604143455
1.6546555117213926
1.4089163935447662
1.76215015705925
1.6617723650110405
1.8030152359578089
1.965783878102956
1.8881694053765725
2.0541717009404294
2.069086060912889
1.5773253292113498
1.6737925456436975
2.199897348354118
2.1202812896203627
1.650879490622056
1.9114010099445662
2.170031050642603
2.125308817292472
2.0356315120939827
1.4545282552939531
1.811207917037917
1.4735622620734095
1.8905476442079567
1.3534744406065409
1.7627684816558968
1.4408236559503507
2.085981343110814
1.8108439967522447
1.7797121166274785
2.0060918657503897
1.8928525420112654
2.3250065792438264
2.137306569104528
2.089653992971009
1.996640998542394
2.2403054282586004
1.6020260768743273
1.7581524605988685
2.027735037452515
2.2866078027651207
1.5786639254728092
2.2124555573902587
1.9655879527336364
2.232537277073336
2.1565830576043634
2.0137080499835576
2.1087767244131963
2.152420565739698
2.027189319761253
1.6949841616851293
1.847926064378752
2.2792889443519937
1.6167538432762987
1.4067540151059263
2.0366354326732057
1.3641022096742552
1.747966209898584
1.8288878593778461
2.1645027615911308
2.154029970839875
1.5424504922110402
2.0110727628184866
1.9349672635613038
2.194234043398662
1.7565951233963586
1.528666264594805
2.0256521011310413
2.222518972080758
1.595318844861894
2.2911205343571788
1.3916684226955023
1.4102591466996446
2.045917627611592
2.1982903224824546
1.530157607993711
2.2938132054379894
1.9183070623986231
1.6633484302205535
1.4221420744687154
1.9502454186353162
1.6585262466951363
1.696235209124181
2.244942519374897
1.6502891166065545
1.721482526375171
1.6732600494116252
1.776478789206196
2.0775371821373447
1.9931524242155922
1.9652344726370166
1.9754022155680437
1.8810243966542206
2.308409280592934
1.8985973614431393
1.8439950300345644
1.935490388101465
1.9554540595471843
1.7954380339857052
2.0028735765523717
2.1647358894790276
1.3648106765674395
1.5987942497559293
1.939865403018897
2.0894537403135454
1.3415642463867097
1.8127934635526517
2.2842640383171395
1.9950545757346043
1.4368036684859191
2.03886639792931
2.0309047312260247
2.2594433272634658
1.5937972974529557
1.5430050370891244
2.162458010028373
1.6821281956010523
2.017914746901557
2.223739249965752
1.556903991650657
2.3098507036296185
1.4980672894545175
1.5780687057206708
1.8528061888692398
2.098360959783528
1.7599105091965153
1.400477858471703
2.0990358458489116
1.9996892717026693
2.309787279374417
1.3789112789066327
1.5920402710954091
1.4092347809746486
1.6488612715074629
1.62878361071728
1.9887167941240012
1.7650894211125914
1.992006430371729
1.7319219910072345
2.197189797981499
2.2176677852644384
1.8251657079075185
1.5359060426970181
1.9045630766301562
1.7835254260224107
2.03770819444301
1.3295934138666867
2.2937543384057815
1.4241177045936722
1.6222901394759188
1.5419301262888652
1.3403063292268789
1.3794392833057068
1.999618084674915
1.541648307944475
1.5399493572916652
1.7242329337524631
1.9635070029289365
1.9615355195857824
2.182187063423631
1.5360502558669562
2.181294156263523
1.5490772628732863
1.763287115067501
1.724998532739812
1.5036999129902848
1.8290259218753055
1.600382290150196
1.3857390832898375
2.1214168136953857
2.1859347551509067
1.8335403050048682
1.4457394946361442
1.4714850597865867
1.7383113297043833
1.3825798455276919
2.28655050800525
1.510801177839186
1.4662614019985454
1.4361727167980605
2.0559003885754468
2.130293137667412
1.6992727899036513
1.3770533171732167
1.5897907991582534
2.0826644686948272
1.387082546472408
1.8874894887692715
2.013230317329
1.6160955996712787
1.4242772198691775
1.9149859817050117
2.1207222351687296
1.419102502226887
1.611393679829743
2.1216990351852734
1.6370721992031347
1.7230723262776086
1.9072268669115109
1.3581897087889834
1.8731856719282576
1.3735803487289366
2.254425050841327
1.3389935415865204
1.8574253749518366
2.0748156499469363
2.1228868082631593
1.62304349018956
1.9862293252889802
1.6535733635659682
1.4902569144236564
1.74757141372595
