1.4201860644731077
1.3133221621869224
1.225580006276637
1.1381363618869895
0.8415454961208195
0.45559980004336953
0.382824400230287
0.5060849175037572
0.4449598495177608
0.21633569577046685
0.30436528352982145
0.3784315298639791
0.29315968925662933
0.27232711999730086
0.3617177144210116
0.12007224650154756
-0.027510576228232074
0.265332757064768
0.48459954121388815
0.7640684950208907
1.1124277709202817
1.2210202297458213
1.240536900146076
1.3631968240452381
1.420099053073626
1.2968696946067606
1.1708674356694067
1.0225952197948198
0.9780057371362186
0.5573813871950355
0.2164580976915131
-0.05389662525170196
-0.04127018733434629
-0.06159500631615145
-0.3306812857799661
-0.46851616534676027
-0.5817305050541024
-0.49792156314692204
-0.4693772832610211
-0.7096506952406184
-0.8157577097823888
-1.0212271296494175
-0.8060575356377828
-0.633546288593196
-0.7480548480721793
-0.7223080906272329
-0.6244874458039696
-0.4244123820952902
0.20368949732388825
0.5867350325880323
1.201094495902579
1.5641629498355865
1.742179956372412
1.9734681151480042
2.1283313314947976
2.2308857238752577
2.2933228768641163
2.4401298099596587
2.3061605532631244
2.3875309267853946
2.565162296212868
2.533517145932264
2.359223148755113
2.3268979563756895
-0.7691730436229652
-0.8084066360832519
-0.688557738568688
-0.5072969645236725
-0.5044861412239862
-0.5578413557224475
-0.6552571217848162
-0.6406578969128723
-0.6019801439618817
-0.46549172852351284
-0.3367530144007095
-0.16885313222862014
0.03334770580724497
0.06079812948366425
-0.07743390932662991
0.3026876983980186
0.5978199741907362
0.5012542382570055
0.5702517884385561
0.8959068337639469
1.2535376520037256
1.6254770927571147
1.8039438965123424
1.900181635480886
1.997051150240819
2.022883936244081
1.9708822622200366
1.9420139659024562
1.9938879411231323
1.9097795105521358
1.9011576985442098
1.7814113842660102
1.6590928617223284
1.291855446065224
1.657350623807338
1.5709555538460698
1.5011887760707825
1.5014705779009883
1.471852675331774
1.5580961378590181
1.7578540183290938
2.1460714859875623
2.1556688556733277
2.2648967644839133
2.370076156384394
2.383980928119207
2.2399173779682644
2.2895705428128754
2.3874164082205063
2.5834481782040672
2.5275756061355237
2.4384282479305606
2.447216838392534
2.3889449557019757
2.326768534764751
2.290730180467003
2.167266653781162
1.9446599097430013
1.777216040227881
1.6237667154857947
1.2762560217759569
0.9245932072518941
0.9142366960859636
0.9541693630303717
0.033525533383670744
0.07161713995236436
0.23877516261976006
0.3798419226422229
0.055383281127144114
-0.11425166142324664
0.5112214815745948
0.9958347517854217
0.8081432619395302
0.8146425452575798
0.8797930159050426
0.7721723948999533
0.41683825424252985
0.5065873803553361
0.8791443039253242
0.8677065923018645
0.9149108698433395
0.8139344821998359
0.4878469770769583
0.6560159399174464
0.905108378875773
0.9896563054540205
1.4523838134617124
2.068681126266141
2.4084614189110254
2.6408378072172902
3.138067063345889
3.0059550230114773
2.809540763337801
2.5019365925519117
2.366600329417595
2.5155573816382244
2.5977188233807404
2.3004038593074463
2.0901124393432338
1.831469726530711
1.244927553660443
0.9054021824783298
0.5075412391319533
0.05215502850951069
-0.10902555306919497
-0.24730128302138868
-0.6130585857882044
-0.67915637712076
-0.6751742559099353
-1.0267303978603344
-1.2039480398607487
-1.3004835203806768
-1.3334479483526969
-1.3844602160943567
-1.5164662065971681
-1.515677773383398
-1.3792533591855156
-1.1684321472531376
-0.8725836841724439
-0.8469502646225938
-0.6704903644325948
-0.3854036721320525
-0.21504391981722584
0.0951951948653785
-0.07527898446759419
-0.09433742907197701
0.5168537726890305
0.7841553060971276
0.897611176143431
0.9372537781949765
1.0581471938188634
1.1223960446427277
1.3297767825174849
1.5772878760361275
1.304316828827164
0.885316321139595
0.8578403193448161
0.9094857872291616
0.7481094992737161
0.6781712622279387
0.8519484726576441
0.6024016819203326
0.5669124706524359
0.8255081465836336
0.9600992769487441
0.9985093546758003
1.2233746657518259
1.4007825370071032
1.454454944921873
1.5658761136460753
1.5916063000233565
1.3590132504754047
1.3077877746395186
1.3165385797245042
1.1916974492540504
1.2564339158475055
1.5952196060343646
1.9797735470570017
2.1940813493754376
2.524518510591076
2.6458335369157604
2.8099797242123428
3.0755182695600225
3.10895090630177
3.2161449762861833
3.2639510113846493
3.3022229441492685
3.654134938979042
3.811770675035919
3.8506667532087993
3.9229266664916884
3.7964688127450827
3.7120613229896056
3.6564104548677903
3.5830114756115683
3.4639441884301627
2.987927451187628
2.638510921407911
2.2141061534224913
1.9398943170613017
1.7761600880793236
1.5247676696576902
1.211249312499742
1.12982609205192
0.9898184103265114
0.7822143641950041
0.8676851702643875
0.6923036339353392
0.6447117609611526
0.661533100721582
0.4327015627453731
0.21517265170273378
1.124159905508901
1.1648279587558639
1.2690730975434499
1.4631836830156006
1.6102659970502635
1.7962301927214561
1.5584446992157217
1.3780566536116734
1.5162085417527054
1.5697183525004845
1.5571992805538328
1.610222066685475
1.8046092589590041
1.880857515595034
2.2884764140368925
2.6508453555883227
2.6688792895924056
2.6373698379539445
2.590077184544769
2.4929167290101066
2.4345459511777228
2.3881327620606214
2.4708222143049463
2.2942675933085543
2.27261399790448
2.308605255885092
2.191119832129583
2.127418953831396
2.065188625536566
2.222317672045808
2.2789420753807534
2.1419888959362288
1.7944792082528411
1.526829423521188
1.6809677643202092
1.6886785347933317
1.3843035479188106
1.1386754835380624
0.9646350801134339
0.8502549942468454
0.8843573312749455
0.797669365110708
0.7710717523426308
0.6956539987472744
0.6978706535882782
0.44622385108607393
0.29701558481983303
0.3078675599340145
0.19956614275280987
0.061332846048493414
-0.05069842882088876
-0.07413352700638258
-0.07135067112483941
-0.17238342444455992
-0.2874535873519473
-0.2751721890387012
-0.32998272361245706
-0.47853312980794455
-0.5497843297102144
-0.5530375959422401
-0.5375151018430006
-0.47567546597807303
-0.341142335738982
-0.020432513362146826
1.3952785052973458
1.4784370827636213
1.6040319493736872
1.4797868649537809
1.0449459740452076
0.6366030114416722
0.9421533136143062
1.3805330300506382
1.3458863123236848
1.305091875605022
1.6448230491683777
1.6402012037580072
1.444570924615837
1.6137816148675581
1.6946809959692353
1.2874353793770916
1.1497840970681938
1.1496380009601073
1.0957015431848993
1.0346758262636415
0.6970876871546736
0.40713312552851383
0.04995603512076796
0.028475887860662977
-0.05971512905331079
-0.3471324519308514
-0.3457959674140873
-0.20370442294870092
-0.1470341605675776
-0.3643545776971691
-0.4515622304913677
-0.3288365023014213
-0.18473751711269837
-0.04482362149196813
-0.46089218888196
-0.5088795200609822
-0.5978663225955794
-0.6503756857866263
-0.6356152667058309
-0.6859431617690633
-0.6991368175330482
-0.6931055038627777
-0.7320451064536683
-0.5639065544581434
-0.5265715916625483
-0.37641478372210185
-0.21903654399931421
-0.17603150263627557
-0.022852727149699426
0.4150086030327194
1.0068687053136922
1.2949387878907506
1.4247328689901164
1.650222412284026
1.9879765787039294
2.1725984478648113
2.3747725789726766
2.820161124211611
3.1009704716858675
3.378376320790946
3.2776535378119154
3.1985283866849885
3.4429802491548274
3.171943534218861
1.4229469314515248
1.4082837473145904
1.5580366864616502
1.6712001501067912
1.1726077089608935
0.580193526180605
0.6279259926658618
0.9197753160247729
1.0645569653827072
0.48200620365230906
0.17911014012591353
-0.20626750301932578
-0.7798627355721119
-0.8969927063973397
-0.2893648595655342
-0.4742688665585316
-0.5970304216722822
0.38619909921187456
1.1432134893745998
1.8683088062369921
2.502902815136897
2.872187566869269
3.283198966744276
3.8178310330900693
3.954069379871761
3.5275282644055412
3.314310827613743
2.8931478238687167
2.855970016706788
2.805045216033215
2.738495876443885
3.0254632801852535
3.262392692144828
3.2019387173433405
2.9918952319965526
2.7060249147467235
2.250684579117869
2.0452317725061584
1.5685093090595614
1.3615502427162762
1.2137486415587522
0.6156765826239535
0.9314133005436116
0.6224751417011827
0.17958711181858233
-0.023147525811218123
0.03617157544308694
0.04022872616933168
-0.010283284078043818
-0.426355395220597
-0.2462869076441724
-0.049759122663593856
0.04035621953880571
0.29497702231817335
0.4471486551680391
0.4813685240631947
0.5631088705276631
0.7036184849798321
0.8867475831270885
1.1458605370281438
1.5132268866941432
1.7852780889344473
1.483100149710134
1.0145287666749172
-0.04241768009320383
-0.12658052279294527
-0.16729116211037776
-0.08675414899650337
0.09688909132108763
0.2865045544997885
0.40059176341581254
0.39232019923845274
0.42201915630991715
0.5663431999374733
0.5292401088074095
0.5492501298238236
0.6665697959017852
0.7290158766004391
0.5159849388363809
0.7293682874264621
0.8852319176040401
0.6654179610611691
0.5645885694297833
0.6453577490697574
0.790475741304163
0.9147028274719052
1.0162094636842316
1.1434882069378574
1.1957584722171455
1.2252533701938393
1.219398253315767
1.1716413597662625
1.2100621027193164
1.3947979441335512
1.5577620253677849
1.5668468842966274
1.5041387833122994
1.4608480692210761
1.701970629061242
1.770693587841405
1.91447660577614
1.9813290774447032
2.0933630721810035
2.352874524247462
2.4787836181917022
2.7252016536104584
2.712094856285919
2.762578108233683
2.8142443986649317
2.7863985399093427
2.7556859866661645
2.633888779981741
2.4166735472909937
2.2645266890282687
1.7480029103617072
1.4638269788791134
1.3635818412662828
1.2237898577279622
1.0870009877656315
1.015711503008954
0.9686613878276641
0.8567398172040601
0.897301005896851
0.7227460334147108
0.5039254788448286
0.4135690548845606
0.5577977957143595
0.49071643427477374
1.0367383271029185
1.1742876683263777
1.2374964348629798
1.173999550899655
1.2722695175724146
1.280201834294475
1.267973787570912
1.344366820131962
1.3886788675126307
1.5193121104067382
1.6019996577943585
1.4460911608038913
1.3417054724914292
1.3752072142918088
1.1225344867784517
1.0128176457923377
1.011504598396928
0.7811227813720658
0.3531165346124516
-0.127300953834534
-0.572144861493092
-0.8295949408846968
-1.035334901411816
-1.1682049273286481
-1.2169867501440137
-1.1845244377405821
-1.0537730825684581
-0.7808281574006071
-0.4669084383104474
0.11019492379170531
0.5534859299241796
1.2367365373732897
1.7098049191690337
2.026348963084115
2.018206533555208
2.109287106126353
2.1097722396528376
2.0595728907482305
2.0522979787858557
1.9225518811630151
1.8427766213012804
1.7269997193447215
1.4727023964274784
1.497177400900906
1.5609824983237084
1.776972759086833
1.8199528110825451
1.8102855648239173
1.885530547864906
2.0053168949974802
2.0298432948435736
1.9840910257872266
1.9178572791816464
1.8148150639794667
1.7711382913521456
1.7032576890021396
1.6589353157912428
1.41812557016285
1.1124359841461917
0.9643474524240782
0.8343733964477104
0.767138464059976
0.6339433385625447
0.6093768808344328
0.679335857968168
0.7484881552418668
0.7194400949320285
0.5323972076896141
0.5070089946384646
0.4378242322497282
0.9300043996410732
1.1210217289771591
0.8471944649707156
0.7367483368819006
0.7090525930719139
0.5013794540659336
0.11124409762388299
-0.07620265864415333
-0.4325118469322464
-0.9083007854869685
-0.9992886736868475
-0.839997891272774
-0.8124509232070024
-0.7626640973188756
-0.7720666793154427
-0.7653252929537707
-0.7605988402197182
-0.5394149646092353
-0.49086270402437643
-0.41666435160556775
-0.13118969287712284
-0.026480452244347825
0.06156277271486215
-0.14225254963823525
-0.2655389136209618
0.00896155661863057
0.5600963802532444
1.0337997376495107
0.8002778054554366
0.8038631200978179
1.1024493215401527
1.4210965634676438
1.5769792473188193
1.608182716149847
1.5313432612784248
1.3849022439166414
1.3591110902561572
1.3133476488443738
1.1915760996737994
1.4243293753158424
1.6435392104567466
1.562950379304355
1.6466288368052064
1.6315240182003325
1.6508268792127991
1.6120288402386043
1.5552918056768594
1.6465874988881968
1.7167869490425294
1.6609280296980449
1.6803923646700174
1.9273037049375743
2.117130543626504
2.1796899421112057
2.318152336761073
2.4519100085982806
2.355840528724962
1.851228201325491
1.7420322899494611
1.9562403448341539
2.2397761660198796
2.3992750988279528
2.6068044691455974
2.683693008313642
3.17884294713361
3.524010123242747
3.33621244392881
3.6706716059624873
3.6739865471546516
3.288488068574452
2.784439415626155
2.3071726703895212
1.8599730506613914
1.6851692161748548
1.681296737900123
1.5453670106355772
1.1397031477897006
1.054477695817021
0.8387388851576458
0.8256900627470446
0.9921381582642204
1.1770746319904866
1.355857116844851
1.7065636913773496
2.2995585925086037
2.4636609331138835
2.449184312187403
2.2227858103970717
2.2121141494474856
2.538547326027451
2.838496614268846
2.700592380029005
2.1819000617363598
1.9182308201548994
1.3580484041393017
1.0360995493181313
0.597349392986177
0.02990683296019605
-0.07202203480405407
-0.31965699310931267
-0.8164590741054586
-1.175958753922697
-1.282309556993478
-1.0233518251137266
-0.984021504280574
-0.9685238458159761
-0.8003737108033898
-0.6714343074438152
-0.4278837850777521
-0.4897009491303315
-0.4830271491898987
-0.40580936173794613
-0.3303922624275776
-0.39084526174489836
-0.46983444488021947
-0.587433978133227
-0.8074656447391423
-0.7483641441401642
-0.6608345100016748
-0.6208686273785695
-0.8223732697277869
-0.9469738707975301
2.9286647017088976
1.8131405460153094
1.4616024021418
0.5942241823166639
0.43754054090148237
4.605700665502014
1.2127783073899978
4.317043077965434
0.404919484068416
-1.318043311475138
-0.40356481258999627
1.033854376840249
0.6444964264376947
3.7556828763489176
2.007796787070694
1.441558794481185
0.9354460238383157
-2.469467977069067
1.2553356990152624
0.7486276017354317
0.6218794570665713
4.140854433947651
2.6045161406389354
1.1292044890112642
2.661262446350656
4.110337560168683
3.283454653029616
0.006842690611593483
-1.3981823020991604
-2.147229301507737
2.343448837078777
2.2889983930747086
-0.3289230048951918
0.9546764013335403
3.483916178373461
1.8333953881449123
0.9543656825738095
2.733288536226421
0.1629538924018841
-0.5705296632714527
0.3372429669347876
0.06780312762270892
1.2440305526663746
0.7427285355635301
0.9542149344579792
1.3461230082775963
-0.13996412032182776
0.9814339916724533
1.392254031107322
1.8785032549357574
0.545756240615757
1.9384083146748015
0.8973013864200292
1.5142107498498196
0.6623984206514973
-1.5969157679965467
0.0077154963055640815
-0.4736059281940015
4.439203503571874
0.6407577435344429
1.0022815525864714
0.38452114137235605
-0.5956784070171477
1.6518149089836973
0.7038027242789132
0.04270360528467877
-0.08898972545661897
3.844519259337655
0.7750981122708304
-0.16920921574977096
1.5747873357393998
2.4072317560398604
1.357536471395086
1.2010855728648315
2.6599783207600933
2.31936955911059
1.5197125544903398
2.656824218509275
2.0542712629814748
0.06920213637922508
0.6469494915266557
1.800983282972039
1.4778790783932172
-1.9880041341253445
2.145250035872579
2.644241343361545
1.8995640846013777
0.44092701890115027
0.7876907148032278
1.5712188189377712
1.072116847304882
1.4330959806823318
2.0329041630407176
1.1930276691990123
0.9621251172351862
0.81147497113903
-0.30913657996485155
1.2959173097512708
3.2367854844003325
-1.5495527823961046
0.3245772454095869
-0.4979419260572981
-2.4309740283974963
1.304160832042688
-0.00276325300920118
-1.0092443556317463
-0.5598529344226243
-0.8028789894849425
1.5401430735390131
-1.4464859834654957
1.389158903783034
1.18439407745683
0.7404795263357322
2.036932634615314
-1.203935566201127
-1.3276122640967334
0.19551347140676656
0.0013371737534789033
0.9972094362849089
-1.9928354757883755
0.09363242715927704
-0.4043266200033121
2.7088302166310005
0.21488579752595885
0.646448266106874
3.276263204599141
0.8382658264309387
-0.5738858210951642
0.7244845629710501
-0.49685544707423274
2.0197645518187963
0.4601577929720239
-0.07431313217744709
1.3262279089683933
0.20607578465733398
-0.4861203184513621
1.2677116386218914
3.4706983017175146
0.5320713861689322
2.1467005624440247
0.45347288799666247
2.13418220828644
-0.8017413620070555
-0.7212554143042496
-0.25171578242110365
0.42211177408560596
3.581277537273675
1.9039212247403925
0.8545747445439087
-0.48726956352847767
-1.068118186170914
-0.8025085774563737
0.7744899264317222
0.4601324375901723
2.0564585516303078
1.3479707805826713
2.744054445919777
2.8849050195407164
-0.04638460204140951
-2.018350088068284
0.6222406359103292
-1.9153837801911182
1.8948310396766355
-1.6728454014006806
-0.2723872323236563
0.7651002408139603
-2.4561463846558813
1.6412133214792117
1.3671996016271626
2.7008814371582064
0.35010536182455076
0.5103674128789458
1.9634326851002233
0.34830577842240484
-0.27710205331492066
2.5719392247930957
1.1544465102089068
2.327805845392593
-2.7378254517994285
-1.8218280622261147
0.8177526626735759
-1.1581292106244117
1.2686736386096271
0.5338977846330526
0.5481589659769304
-0.6571195792150933
1.2035558265115922
-1.2018924022735964
1.04377403998289
1.3854113518247133
-0.6217482399374931
-0.15079383898911008
1.7326759980935107
-0.7921451587535889
-1.081682259310707
1.4767078174964414
2.341538827492095
-2.4020339773498747
1.3297164199908216
-2.4840280089491333
-0.06357751200435373
-1.6450287161141413
2.3635430867959992
-0.9145276086153843
-0.03532384244045902
2.799924289315535
-1.197547443903377
0.04398278782213423
-0.04865674395183241
