0.7027950286547997
1.1964977642683807
0.23184623253473044
0.6363068393563824
1.1770827255120133
0.3830414284984354
1.1343231911117428
0.38879145310823804
1.2136573454859294
0.6754613930506476
0.4717135473466965
0.23808305381601963
0.42425017872594284
0.3615901083680085
0.727604586079546
0.9293796308415413
0.7244877600372296
0.49785281399850156
0.9972795731678256
1.0104663534850253
1.10721955035747
1.1639247839859934
1.1403624367286578
1.0262694729151836
0.8033260618798789
0.47424808021822434
0.24072315774832662
0.854720775663235
0.5271353032851033
0.6532081475495981
1.0802797556398065
0.8148558615495259
0.6697554275945498
0.9058279932255741
0.42678005469466107
0.6254682236069163
0.6822173185098748
0.7989155611347379
0.45083660720033136
0.9636804475253636
1.060664180484654
0.8443516304602908
1.0762927332327759
0.24270155423110085
0.3383357799010736
1.157215825021412
0.7552504147480813
0.5887426666585928
0.574734654790447
0.6851718007934873
0.35598899893269415
0.32656426880672274
0.48367242892609563
1.1456320710032828
0.7129637321327895
0.7525777817057889
0.4226051292725018
0.44833705612429564
0.9491215378609051
1.0611143538806194
0.6589791475241489
0.9962655181867163
1.1586895357067482
1.0333329684513253
0.9459839294210955
0.4034933150157899
1.0780461464029452
0.48552861316025586
1.1925765753806508
1.1442911202629236
0.29026934748695815
0.8153304079081306
0.6490661664111401
0.23239297136961407
1.0579391380019068
0.9686744871441161
0.7876338381374873
0.7063280151239872
0.31733453085324065
0.7010357428540508
1.2000884306106792
0.3812108495387912
0.9525337033865079
0.8788505508494678
0.31642546589222603
1.0190687250215558
0.35085690524615704
0.7942111231016594
0.7603108758708531
0.7585454904852605
0.6435422897070455
0.48385460385868906
1.0338572591765114
0.6217447072212458
0.3777239016371475
0.9115692332313426
0.9178116529947248
0.5279930329011816
1.1479724413510572
0.3758952460490917
0.4321571300702837
0.6700260050266175
0.5654877918943989
1.1009676334890237
0.5463363995076147
0.7985374986071428
0.4136737998553476
0.599469664295691
0.23877884198191673
0.9056586711355762
0.6294388770996028
0.3783930567161347
0.3931115832141371
0.8112253255065408
0.49598794083081965
0.7901216012095523
0.5052145555681223
0.48000368726206444
0.4699182891996346
0.5790703706408828
0.8608559687061618
0.320222235621391
1.2184466487200112
0.5924118671239359
0.5287916049911473
0.9233484739303385
0.6775715207493725
1.164543847452025
0.2611776369842158
0.8691977511841563
0.927676949983863
0.38182675430442964
0.5885365217227766
0.9179378926173066
1.1443944032275695
0.6269508542157108
0.8899596718852546
0.8476208107071207
1.0413884909563895
1.1026840486973557
1.1736407307865955
0.8536766755314523
1.1465096472147185
0.873649725622209
0.35775656729768396
0.9227125516605746
0.5763966056464322
0.25719357757562555
1.2250188576539358
0.9671759771991174
0.6716220998400279
0.8987260885512801
0.5375443643672101
0.43352347396738405
1.0662799667601048
0.752328115825169
0.42304590508936546
0.5914664531560988
0.5471179341552703
0.9602364599534566
0.8401931943652198
0.6507037891078278
0.4938836416561367
1.0621328426622914
0.2896576229310845
0.9673137362718786
0.5970109455761509
0.9399106833936058
0.7347902701534307
0.27070996622070154
1.0298822738496534
1.213276403504152
0.981634763779239
1.2027177360425865
0.6558812879329454
0.9151710562704171
1.1518384719710393
1.01157640816438
0.5682141035616792
0.7986553745566028
0.3839278656793133
0.5812574668354661
0.8391563272024841
1.02100597419975
0.3869081618311955
1.1980870072378405
0.64972946038045
1.0109933701576597
0.22834500240991149
0.3338441510786512
1.2143654333109162
1.0869694469325206
0.30025536605789466
0.7015421939194342
0.5105468323357004
0.2933293392871501
0.8761099761575716
0.9038503671462864
0.670481292982661
0.9528985391673935
0.6452689629456048
0.7083213282297303
0.25729904621061905
1.0904019509730802
0.5766418676529816
0.33618767084770296
0.7227324177526113
1.2208987193357197
0.5364494145855162
0.7281818215697619
0.882720215172507
1.0484205281324628
1.1574983341037386
0.23491307211535215
0.25742656148401766
0.3884799196377916
0.8222608779245181
0.49601010195766637
0.4814225270240739
0.3547899294805084
1.002279075581095
1.028722487017515
0.42284143724195566
0.44069111515254433
0.2686099936689137
0.31757121730041876
0.3318434663395564
0.47792689791735554
0.9775453102055162
0.36705128074425597
0.6957135558783216
0.9576322283305755
0.7887940598584436
0.2383592040394535
0.6064249763909783
0.8644557157039142
1.2020743650389476
0.6657108932860528
0.28106062776108004
0.5101768403768748
1.1507607394820134
0.29010910062553935
1.1623859514840191
0.65679813797126
0.4546202763068412
0.9106148977354042
0.5035443260994809
0.3149984447909601
0.23666498819793072
0.4182592496755583
0.8087002007226144
0.5345334508127065
0.8608181738952544
1.1505580267999136
1.1236177450874894
0.4035279133386701
1.0422714662650874
1.202912543031916
0.4215132141615644
0.6983993323084883
0.37170802041399004
1.2179051588373708
0.9382673622642633
1.0344046640792965
0.8695621391013472
1.0121969617854192
0.5888472397226602
0.6127963728687883
1.025975830108928
0.3577912590900177
0.5178370965178641
0.35594651084655654
0.9584081369031224
0.4033544399380148
0.502671356320116
1.21856670052228
0.3229545146267589
0.8693631345869023
0.36398356261370524
1.0687078236678982
0.9783063103563213
1.1297287559028548
0.4614310354226925
0.38870063683627876
1.0809304851789159
1.1503374151960735
0.4351963214950189
1.1636259329608327
1.1339173842838708
0.8179446691635023
1.1515273328051274
1.02504804366705
0.380593804693189
1.0741009214097792
1.191440624271552
0.5309957548920315
1.1674429877210424
0.7033699161157514
0.9382162291999333
0.5019993918788088
1.0846070799633536
0.47817403074748455
0.8932728779512137
0.9852731316779948
0.2923470244314323
0.8296530313494842
0.8808606261448427
0.40352012606242404
0.7189420138450257
1.2151612604433748
0.7477157189148712
0.3603585001892338
0.7097991186612016
1.07818904260948
0.4491197914367031
0.7699901268585755
0.8964628030995975
0.26548536045128834
1.1527922488231532
0.651078475038477
0.9845463103024839
0.35685736648700545
0.6250389699914366
0.5907483359123332
0.7004207475495987
0.26462856884995745
0.9122911814010176
0.49613983898318237
0.9162388883214482
0.4221016552091136
1.024104848394603
0.7638007531090264
0.4314264620147252
1.1862512110883758
0.7826449370973351
0.6484168383473294
1.0807016325871326
0.5529887298085965
0.9150324716201886
0.22945187073487325
0.5769442161588338
0.8780040904902796
0.917863240691624
0.7872881083295166
0.4796402240068357
0.3411231169226399
0.36711450100261545
0.44791834421855325
0.3136587433798967
0.975747613599082
0.3860821305404432
0.9610077734112891
0.9746636500988245
0.6579564617992626
1.0173013808892757
0.9560337969073197
0.8168284897521597
0.4253490262105736
0.7469006088992828
0.8354015884052409
0.4381208739284641
0.5197449058942404
0.7579970488048292
0.32176736402066947
0.5482680286302202
0.42250621526941845
0.3437107198441394
0.8027461126507284
0.8124716894481819
0.6783441467938812
1.0855318718542217
1.0486636514674907
0.7376734829271784
0.5769920232243309
1.0243734294504145
0.27775587434600774
0.9818922430899364
0.6561787698087267
0.6800313705793924
0.9990399146968363
1.002881095789835
0.3978621205457538
0.3108344398241913
0.9538960438720648
0.6027522085509017
1.2048043190219535
1.0568587017290034
0.5772007690814358
0.7571372446918424
1.1717021987920664
0.8131419943859365
0.3630208641761171
1.071864162205209
0.5879979517894957
0.4982552379540802
1.0866127704454884
0.5887349350308207
1.0886210564031757
1.1987921239504704
0.271682074110118
0.8481865826295435
0.569363649273249
0.24290623076504647
1.215173883894401
0.5605674590365867
0.46321910140804784
0.4490212971747567
0.6384204369458955
0.3195192484596134
0.31932282635296544
1.034186855858474
0.25299451133994966
0.6227060781084536
0.968222981904025
1.2127374897701473
1.0947781309210205
0.8236866936336115
0.890999500368353
0.555981566087268
0.7691894088213121
0.494118974727693
0.7502160030844939
0.626408677564316
0.4603985404526405
0.9056520323716303
1.1246690243211526
1.0492768413787212
0.8135859228433776
0.39708517176875346
0.46176512065919423
0.7556445547140803
1.1663963221095803
0.9770119796787945
1.1024016096764582
1.038630275348121
1.113000993741557
0.33580940320360764
1.0876697602072574
0.2793444015975221
0.9084472606491
0.7516216515944812
0.5186803195513331
1.1830796441440603
0.5849746407547206
0.5666034852788621
1.0492139939931724
0.5803983565909717
0.23659197497358112
0.5492779185196857
0.3240471908748548
0.4364822120686347
0.49826640210273065
1.1339732596902967
0.5761289638880125
1.0689439938887628
1.1827972937024884
0.2880789911078631
0.8369603206299522
0.992002221328906
0.7159077420071048
1.1938737240362518
0.6244646813826212
0.7636381340754493
0.24657974285515297
1.0572802485340713
0.9164540363997936
0.40845245534243435
0.9126519441143158
0.8765730431749789
0.6362498760157029
0.5994471649716392
0.5428465462623435
0.3811859642240834
0.4153930624432368
0.3725292190666241
1.1394128759912465
0.9298950925530641
0.42656200318245874
0.32953547156067375
1.1673514151460156
0.8800720036360442
0.6647858784873734
1.1125224622747707
0.3742985055862083
0.9819079354875067
0.5851849609433099
0.4523351012021253
1.207020399809232
0.9155777052711468
0.8608979179426252
0.7481600679088481
0.4980443432249383
1.0552051752711336
0.8892689589798396
0.5171454009870161
0.7669704179250293
0.7403030841606671
0.4716352926467718
0.9799698774766986
0.34464811178906857
0.2465987642577733
0.2690205479632186
1.1564958690538825
0.3228992184731507
0.8976099050393583
0.8104641367387962
1.0258858978919079
0.8968119166498923
0.7416471561345003
0.6331647514491514
0.9203993564353449
0.9354738242853945
1.2250999416808894
1.2250999416808894
1.2250999416808894
1.2250999416808894
1.2250999416808894
1.2250999416808894
1.2250999416808894
1.2250999416808894
1.2250999416808894
1.2250999416808894
1.2250999416808894
1.2250999416808894
1.2250999416808894
1.2250999416808894
1.2250999416808894
1.2250999416808894
1.2250999416808894
1.2250999416808894
1.2250999416808894
1.2250999416808894
1.2250999416808894
1.2250999416808894
1.2250999416808894
1.2250999416808894
1.2250999416808894
1.2250999416808894
1.2250999416808894
1.2250999416808894
1.2250999416808894
1.2250999416808894
1.2250999416808894
1.2250999416808894
1.2250999416808894
1.2250999416808894
1.2250999416808894
1.2250999416808894
1.2250999416808894
1.2250999416808894
1.2250999416808894
1.2250999416808894
1.2250999416808894
1.2250999416808894
1.2250999416808894
1.2250999416808894
1.2250999416808894
1.2250999416808894
1.2250999416808894
1.2250999416808894
1.2250999416808894
1.2250999416808894
1.2250999416808894
1.2250999416808894
1.2250999416808894
1.2250999416808894
1.2250999416808894
1.2250999416808894
1.2250999416808894
1.2250999416808894
1.2250999416808894
1.2250999416808894
1.2250999416808894
1.2250999416808894
1.2250999416808894
1.2250999416808894
0.8837806041423425
0.6249961770290989
0.7520253429769667
0.8296648541331327
0.9127911351551096
0.5260645279727055
0.5626374068219891
0.30085531438489804
0.9692679651609767
0.5339345488060271
0.8585185143020965
1.054535248141665
0.7210279978876997
0.24533928269691396
1.032577254076561
0.5651539021911408
0.5367198977739772
0.6289358126609527
0.8814176066976646
0.45229788981508534
0.615328960370085
0.9611627763378633
0.41703319516690074
0.8978564875736189
0.5166370863900446
0.45741575966505454
0.6359312337639254
0.4312491342495521
0.7792081084506645
0.3417184156789202
0.3397154748467324
0.2631752852856337
0.9363908577260086
0.9381427820424549
0.2386649821936861
0.37461038313314604
0.5896303174377869
0.6773742785419573
1.2239351477991998
1.1639443543420172
0.3845734551758036
0.42834849128267777
0.37989169109067894
0.9343271666982141
0.8120957216442001
0.6178608770259107
0.666226987241414
0.7209617910215722
1.008747984223414
1.0176670844401376
1.1682586937386743
0.40126318249746756
0.48012435131816356
0.7917517901100618
0.9838817203662318
0.6877658185121394
1.2189802080178627
1.0459513062558758
0.23647251424326102
0.6245177703359047
0.9320475336514992
0.4451763036763896
0.8547224101055823
0.5809331740864717
1.110993297754743
0.9301170797924797
0.23122865986095414
1.1593256573234438
0.8171084405760524
1.2131076038158757
0.6618540881542334
0.23797863241320155
0.5323460814155155
0.5787848658972756
0.49371820140606165
1.1271992691862398
0.9569832567785416
0.7259492888890272
0.6172268115783749
0.6242128502325867
0.9704923817450851
0.6966741422090352
0.9588535184948265
0.2994520739703835
0.813051923319659
0.6572577721086512
0.7129879501744449
0.8461202623293843
0.29045378467408617
0.6083338414385419
0.5457514336848535
0.3384028516293019
0.4496733154981387
1.1829697081296926
1.175720055945142
0.7346173986084158
1.2250999416808894
1.2250999416808894
1.2250999416808894
1.2250999416808894
1.2250999416808894
1.2250999416808894
1.2250999416808894
1.2250999416808894
1.2250999416808894
1.2250999416808894
1.2250999416808894
1.2250999416808894
1.2250999416808894
1.2250999416808894
1.2250999416808894
1.2250999416808894
1.2250999416808894
1.2250999416808894
1.2250999416808894
1.2250999416808894
1.2250999416808894
1.2250999416808894
1.2250999416808894
1.2250999416808894
1.2250999416808894
1.2250999416808894
1.2250999416808894
1.2250999416808894
1.2250999416808894
1.2250999416808894
1.2250999416808894
1.2250999416808894
1.2250999416808894
1.2250999416808894
1.2250999416808894
1.2250999416808894
1.2250999416808894
1.2250999416808894
1.2250999416808894
1.2250999416808894
1.2250999416808894
1.2250999416808894
1.2250999416808894
1.2250999416808894
1.2250999416808894
1.2250999416808894
1.2250999416808894
1.2250999416808894
1.2250999416808894
1.2250999416808894
1.2250999416808894
1.2250999416808894
1.2250999416808894
1.2250999416808894
1.2250999416808894
1.2250999416808894
1.2250999416808894
1.2250999416808894
1.2250999416808894
1.2250999416808894
1.2250999416808894
1.2250999416808894
1.2250999416808894
1.2250999416808894
1.2250999416808894
1.2250999416808894
1.2250999416808894
1.2250999416808894
1.2250999416808894
1.2250999416808894
1.2250999416808894
1.2250999416808894
1.2250999416808894
1.2250999416808894
1.2250999416808894
1.2250999416808894
1.2250999416808894
1.2250999416808894
1.2250999416808894
1.2250999416808894
1.2250999416808894
1.2250999416808894
1.2250999416808894
1.2250999416808894
1.2250999416808894
1.2250999416808894
1.2250999416808894
1.2250999416808894
1.2250999416808894
1.2250999416808894
1.2250999416808894
1.2250999416808894
1.2250999416808894
1.2250999416808894
1.2250999416808894
1.2250999416808894
1.1861706999441335
0.9058621594268107
0.9070866364337874
0.501388587607941
0.6836146192205375
1.2105271363394754
0.6104363947845096
0.6356151486289319
1.0053556088927698
0.5443235483805067
0.7384173942431626
0.8167546700763307
1.1586665702679637
1.0923371564745297
0.8953094683138477
0.6034285712718336
0.6274280455556879
1.0250443229979753
0.3109146160425537
0.9391735798868305
0.7940554791245121
0.4782158567230138
0.40770683140779373
0.9511548041400854
0.23499179562214048
0.5553832215772307
1.2169499865519102
0.4642377952608872
0.8288046107774075
0.9393687818396858
0.48929919320108073
0.7490537319381391
1.072662916972067
0.750104876960015
0.9869101086091996
0.4155826711796341
0.9361677035138943
1.1125250209396602
0.6224933401428222
1.1100028406634361
1.1355463497833516
0.3364679497575398
0.5738276233244255
1.1156790993349377
1.081227097815507
0.2544568476341502
0.3883308753716398
0.35196040224023434
1.0405503951135309
0.6710555597933142
0.32642532253845613
1.0070490061027342
0.4599983098400675
0.3901492254062954
0.9809031961260056
0.3744273769294258
0.7781221992009438
0.27322477370818826
0.87328931099653
0.5443748007181886
1.200196977230803
1.0516365562803738
0.6116916581458657
0.3933660827778339
0.9369689321437297
0.5835177831140946
1.085177427246881
0.9160923801473583
0.6709579058980909
0.8629587902318637
0.2798451763833702
1.066538617971976
0.765511362923568
1.1624000142438056
0.6957533374555327
0.2635024431146986
0.2824597782721509
0.4265924870349752
1.1834873092988507
1.096395769369854
0.638452753245268
0.9556269633313755
0.5013186081717395
1.129470278280531
0.4718378490967839
0.5851287339266421
1.2043753583183603
0.7703500193002425
0.4123295230092364
0.7411626063043183
0.8755205163984944
0.23341193737893567
0.7154979332332526
0.45539438300541946
0.7913233900244482
0.540306377767789
0.9590653963738828
0.9339928376668704
0.43953317012697
0.7224707374419894
0.6297279238968551
0.6854414676952449
0.6781742323786574
0.6413782127477132
0.543304536132527
0.8577170697799078
0.8733390114974514
0.9208202448373709
0.6316065719983062
0.79084601469128
0.940969138505161
1.0552307189486596
0.825397844487003
0.3027048217396515
0.30862770077041857
1.0781239836909429
0.8005201916656101
0.3487566452545508
1.0222206750785727
0.9231094035204407
1.2003037099861975
0.9421263402129322
0.6851000276256614
0.9060623710637495
0.2572434208282013
0.23880733705418983
0.7934215175827671
0.8572382239668729
1.1426562467688115
0.5863841514909117
0.7592000418491801
0.7945086952835115
0.9674557334417023
0.5334791057132703
0.44525277643524674
0.7210253838734004
0.5051725659447829
0.5231861834581647
1.1528270987920208
0.9588105090403009
0.4846196017106579
1.1721209408672788
0.4736642696819758
1.1897639304009684
0.5112205498395891
0.4433395913935001
0.2353335359855279
0.9040570188982099
0.9398708977894593
0.9837617533061
1.1451731167227719
0.3668749965761723
1.2146148424263408
0.7518035973238758
0.9054643278169402
0.6499508126129276
0.5096317087854713
0.711407141312574
0.4039663762028586
1.0279781358219193
0.4997360001765723
0.36949803590629743
0.31377902941897257
0.5333111982708895
0.5996906527195757
1.0507516844506875
1.034995295519608
0.6936795590371467
0.9159926654910636
0.6379717493998718
0.4905834889659247
0.3914597562450096
0.44663052769946177
1.1570740141395917
0.5894434991081846
0.9528172853785074
0.4967315804928377
0.657103835780281
0.5573177681006729
0.873561626304178
0.8503520738621325
1.1119552506080157
1.0874815473738695
0.35645485787560177
1.212897697753673
1.0848998980588769
0.43494493881642987
0.6318769921392751
0.8945519226029682
0.3631296002544061
1.0290349025994214
0.8458101300163551
0.4019246246140265
0.9674368566192763
0.4778471828524459
0.7491653633382357
0.5205451999570999
0.3924570903636827
0.6349044567094722
0.888653874198167
1.1904240604776377
1.0286047379173329
1.1908467874101156
0.9090762557849265
0.7390581144581184
1.1145037596628236
1.135840777640407
0.6141057998874345
0.28631305762404086
0.8526549113049414
0.8943842268950989
1.12588913418337
1.1195872882244768
0.9124986897757762
0.2769725582889681
0.5170272961763628
0.4587314592316003
0.3931953484822167
1.1129952906564708
0.710196950879062
0.39554935638373634
0.589931334240425
1.0990663242169423
1.0125794587263695
0.923205263014636
1.0674538630836796
0.5469094599266839
0.8940554961765962
0.6170728074978867
0.67008772733308
0.5048170451051174
0.25340500807965016
0.5919142568398362
0.8606979972854799
0.6823164504030457
0.6658154621188496
0.4058866194975034
0.6538110097357712
0.6653818116663556
1.109121457879863
1.0331167303634052
0.9605727540868151
0.96539282851536
0.24500243127529175
0.9013575958111447
1.213144747324712
0.7830753235596445
0.6839518598009695
0.7120234128380256
1.094977251025295
0.419978529659193
1.097547625334711
0.9618522465256368
0.7581745816763458
0.6996459708477691
0.8945704260646695
0.4167680421988412
0.2926475415954756
0.77197170442165
0.7377515909239128
1.1338250112761903
0.4866072137008675
1.0920403305264412
0.669601467996099
0.23256876459772152
0.9581914357020981
0.8620726293256012
0.697158811441638
1.0299473436110207
1.011163124814677
1.1936970823337008
0.7824882409922552
0.4581262920260212
0.2794354619067467
0.8357327054153033
0.845975941847012
0.6000754116393877
0.7113289951725199
0.3206381047737105
0.6870954119100192
1.1719828326068074
0.426344593036036
0.2443009958919015
0.28448858256028603
0.4372038407662693
0.5235256452224036
0.7319360037561594
0.810790348339456
0.6394205700737716
0.4044417443823728
0.7805667694049666
0.25265273797648313
0.5759810877262801
0.28705455916108885
0.6772872589036564
0.6914944161209668
0.7484816163710798
0.6471711439427814
0.9282642776825526
0.5943042198137988
0.6292397648335933
1.2151759013532715
1.2061552810531624
0.5636404628666821
1.1367570439646921
0.6820153478784735
0.408570078092782
0.9465317658035232
0.8000513976172073
0.6282502024104412
0.28174779406761424
1.1839867222168665
0.4729806706667868
0.9116487028828048
1.1095530628533046
0.23897748602065788
0.3629976327827339
1.1450791970286243
1.1152616955433408
0.27443390160329767
1.0315000414810542
0.3266401649827355
0.2409595047071673
0.6465294409912694
0.2380863477415977
0.632321059280156
0.2603208659103977
0.8481511051150094
0.9196370795367131
0.7557537356822567
0.29339705299966745
0.7212389419780902
0.4043161528061118
0.6389692222000574
0.6237538910154884
0.9322332432716086
0.5873760843390198
0.5949992092171265
0.55716601160744
1.0150637598459145
0.9533402903335694
0.29129973289339367
0.856121142999985
1.019337744708131
1.1863374940691145
1.0004036284713078
0.3604166336971109
0.37689784593684666
1.0557117616218512
0.36630255365915565
0.9800877631898087
1.1338370366908335
1.0793278578583705
1.2005345635068518
0.6631726511486178
1.0487675108675305
1.2104617592577565
0.5583399104189868
0.3026347860726444
0.6353831508583581
0.7959630974302944
0.47136401264474076
1.1040174170696642
1.1838338070893917
1.0822813148370534
0.4352511263023002
0.2384790744723077
0.5577131455924986
0.9153385850456278
0.4395123190262946
1.0217277842890773
0.3461805907027187
0.8844751356864536
0.8200676103658445
0.4398764430011137
0.37914887461091135
0.7658196623955033
1.1849434838211206
0.30316057885946734
1.1660749872622316
0.9934301132309724
0.6978308513912395
1.1504137897244153
0.2612572905292878
1.1894375766773464
0.8201480078253934
0.8048703072709656
0.713615826250628
0.7800248062898737
1.1694231840381317
0.7593991208535086
0.8458873000071002
0.3543710218427059
0.680716555796962
0.9465918696939487
0.35053837367128843
0.2585898238561657
0.7644456869636728
0.45022967203042574
0.842982509219654
0.4719329806191213
0.2586944540271572
0.5646546217993175
0.44767181399485656
0.7749863027309575
1.0968772284837942
0.503094216676332
0.7196219463972169
0.6290434510635382
0.7228535225287511
0.6398844575676208
0.701826803306189
0.9337525997714259
0.30798127391862695
0.9028905264398198
0.6435852118858449
0.5286125461640881
0.5610681272552643
0.4077658075768157
0.28209942784027325
0.645659105657209
0.35900510697215476
1.186829150458858
0.5381486951914857
1.0539432391508665
0.6386182778274603
0.27398675845125825
0.2746588564721321
1.0299442146345383
0.7931952458053754
0.6139469699673473
0.39275990165774866
0.3810594283940201
0.7757987004376256
0.7749116198322165
0.33875581510276526
1.0584696723589606
0.23517153703826024
0.8485502575896023
1.1373921993273892
0.3447783061924186
1.0001133413428374
0.9288445751331474
0.3692497402157287
0.6582509242958081
0.6574328937940441
0.5215252957020057
0.6271410436039696
0.6308442770665332
0.35648864991537393
0.2747250183785854
0.5948656194629683
0.9767360473195795
0.8205779939077246
1.102966253666362
0.35580048234547995
0.8998658087868007
1.1026539922155014
0.7257897233983569
0.3305747587896548
0.3540242362213318
0.7971861293632075
0.295323520235679
1.1482957112081056
0.6371763962254096
0.599323432827051
0.3892269178399165
0.33261293618302834
0.7961987416365427
0.7391348521334399
0.45689608183221964
0.2723637413426951
0.23509331371397738
0.5197738955496239
1.0346438136998213
0.7171308717644568
1.1968673262442004
0.23120013819516635
0.5237236573841851
0.822164583218819
0.9223653636729915
0.7525993918978878
0.8344796435867875
1.0633815935595328
0.5078385146204846
1.0417482036334516
0.25382501988760553
0.34622953334939394
0.8111288136591152
0.9611167451434138
1.0677903985224069
0.8345277290454832
0.24417479588048932
1.1523247783171575
0.9053467336541942
1.0329439963171716
0.505159813186388
0.7001231811865793
1.1742977508080101
0.42184638165822863
0.9030166300549781
0.5441121970033429
0.6743853980252973
1.0763512170893967
1.2242198976714869
1.0882780077171106
0.5725472346301781
0.7398497329235588
0.4494551841513237
0.4365674559353385
0.539596569171109
0.5580251210224687
0.2728503101687058
0.24915914307526285
0.30106356600095646
0.3811815111426245
1.1241478204090116
0.6937475516777085
0.3421435394324737
0.7569144697294948
0.47969850371786393
0.6321923959214348
0.440703214421706
0.7645210384234545
0.6343695378848948
0.8972302969227713
1.1787590462679842
0.4615991408598681
0.32974099676498625
0.6789413408629702
0.3285992253985883
0.33408082473067946
0.24125645797384407
0.6793578568279909
0.5972427855774202
0.6462613156804344
0.7668608695046696
0.8160234408992565
0.7996594378305667
0.6804269590766475
0.824107056413301
1.0673920633697684
0.9166701949966843
0.44264459336588313
0.5856969417710952
0.8067688267670966
0.8304643439569067
0.5447139357715689
0.4649545995028901
0.8930641715970432
0.7575135341716498
0.9960516827356912
0.9949175070245747
0.7718627893836308
0.7804320973643742
0.2620361507048792
0.5636148582278958
0.9424234692309307
0.6741231206995956
0.7026012861824305
1.164920770203754
0.64542388153577
0.6908346888812058
0.907181903141823
0.6198960750126484
1.1985052515710892
0.46699258905779795
0.2755454166844941
0.7042507239905289
1.1706714240231981
0.7651309031751646
0.8471321893546023
0.4185943185532105
0.6137262370377893
0.7836750623151495
0.4678189236057657
0.511030776175374
0.36319052270414576
1.1433221998668435
1.1094514655373733
0.5207152858061584
1.2073372961066153
0.6076844375139424
0.35709503360340406
0.42284288302130346
0.5022186336804473
0.7240120942800704
1.04047027937523
0.3329504637378622
0.3503529616729442
0.8213491996936931
1.1260001332679421
1.041406183623717
0.6551736496650165
0.28448620975256395
1.173154916356655
0.7734349943868336
0.40973292637641523
0.7498145569929159
1.057582541725189
0.8115045111738929
0.25657272777389895
1.0992331769223649
0.6218528352440172
1.030414890651127
0.8696387615584621
0.6707434619891571
0.3890099615425203
1.1478014287264515
1.0650213177742491
1.1471981776838964
0.3901121667688848
0.48042313417715243
0.4367577622050771
0.5145152534205463
0.5198162177969238
0.9233123238864037
1.052329631114846
1.1597754211897884
0.9302071338056838
1.1229707933610051
0.6835823601389983
0.4591879541632946
0.38484563430956126
0.42486566374559154
1.1324801860149012
0.46412448568807846
0.6013048072070216
0.26456902356005196
0.8521953427939811
0.7491038110368585
0.8832677702779207
1.0008290711960606
1.0947643692513693
0.9381265347296176
1.1500607408941372
1.024034691183302
0.3014478891938404
0.5635007457656857
0.24485074976510526
1.0627355207264337
1.0003994641433742
0.8796432254761609
0.418909114379019
0.2635551604449258
0.48333873848711684
0.9309504597267305
0.40739412973997313
1.1256079332742897
0.4906883526302804
0.7394539447890603
0.7384135185209125
0.6555673213198625
0.909311849944134
0.9330603707086925
0.8602436429155541
0.523488726277057
0.6249467269900856
0.32662669367103203
0.6440287118910364
0.8232525097835549
1.1707735692287757
1.041927173865661
1.0150905400910788
0.3845775149110236
0.230008405400378
0.8809060257180968
0.5390375159727064
0.9795617656607688
1.0935349407867891
0.5961662304146799
0.9313917351997615
0.8153607431729565
0.5091202790583754
0.9846664518569057
0.7242328106608146
0.5878360451695545
1.049629558291584
1.1368842895291211
0.4729225668403097
0.45075494800365723
0.31038001965280076
0.6385232409037376
0.6030027697152164
1.1306014109984353
1.1716639192015288
0.400868343458573
0.32367664310376787
0.26148227986240435
0.46185680516567557
0.47708348816560886
0.3811970142173758
0.9503265294014774
0.6902190829443045
0.8067895876546479
0.6911065134447598
1.1919126884027067
0.38365678907354456
0.6230795965248509
0.24362789231271612
1.196754114607525
0.8601991184570942
1.1953891610616374
0.9857072061498129
0.23015754722876144
0.9582496462929163
0.9781276369159412
1.21482604820647
0.8434600775047555
0.6111645843181218
1.0094774646222082
0.8504050375813922
0.4004226450251643
0.9262098670210098
1.1658331685408465
0.7696757210456272
1.0755842336937067
0.5668312188620044
0.8002930646404615
0.46418396334738193
0.3152973925568618
0.41041557756476943
0.619955999243785
0.6411013841362789
0.25931482284380514
1.1472319143177407
1.1264012485857333
0.5524141292193845
0.7070061242424113
0.8017772524891359
0.7953594381652388
1.204882726028901
1.1393805266139407
1.0052830082025832
0.9112419258229657
0.736711352445195
0.3327324991844378
0.9474033194304038
0.6495540504270523
0.7472520651347309
1.1658009123688078
0.8636012032286332
0.9672554262396741
0.8765627418371619
1.1762474814369301
0.4056230608526382
0.7799933386869607
1.00200739033825
1.1736866691947139
0.6908287061501697
0.44513217215808143
0.3101861403374357
0.828736214502196
0.7352471050969417
0.2797592315656085
0.8768217251536629
0.5392070139920803
0.2861473182557574
1.217070608115285
0.5580634409444098
0.8975168105845689
0.5249189868005802
1.0929578250777212
0.577987140390045
1.111446636406528
0.2771818272378645
0.5357582095530345
0.7819531594030001
