2.276540697809304
2.2622783232979238
2.296984615003578
2.2640372411700325
2.1134363122548354
1.705763493954462
1.305568026173262
1.384823664215584
1.7604625770425322
1.517765978546327
1.3718263222653797
1.1511111502247178
1.0709235982897285
1.131889268355283
1.3617599593897511
1.3188438952589598
1.2578644160992438
1.7633375286888904
1.8768520117379628
1.623388647093328
1.26865298923095
1.0076248064393372
0.7238430562608249
0.40315601783395444
0.40605484463592867
0.28575070102711536
-0.035939923906991196
-0.14976129948514944
-0.10400172837254006
0.2708608084598649
0.5764507161252092
0.9618110638038802
1.2092337662589645
1.214946042141805
1.2648628987835075
1.3092910813825296
1.0620801246156464
0.9940780168168011
0.8828701521697859
0.41588465693505083
0.32687834804443905
-0.31813765009571304
-0.22329446137061376
-0.2559901600544777
-0.3814478680858255
-0.26846771510069667
-0.22869145128776913
-0.028299945512143827
0.7986283729001515
1.1586892704946001
2.1240984413987607
2.593451755527554
2.6020944023332495
2.6035546266798306
2.495546694057117
2.375881640695984
2.187068437992498
1.747032820535931
1.2252042419001994
1.2073469645634651
1.5649616174326841
1.5803438582572111
1.0829561163641621
1.0765722524804018
-0.5496413422141583
-0.5568612469256013
-0.7376651808971936
-0.7703140262676843
-0.7842122471469828
-0.8275601808361639
-0.9729644912081268
-1.2095225791333564
-1.2344530318889093
-1.3594912880574168
-1.3771828713547867
-1.257550230690049
-1.035178152412188
-0.9141439673181343
-0.8089792224942585
-0.5604742732308757
-0.4647294483602008
-0.31251302766855
-0.07362902384806935
0.002018044666585361
0.127578357017726
0.2779825303180386
0.29229778516196764
0.1963263387930704
0.14798823454113594
0.1425138512665075
0.114681611682428
0.0922693991089821
0.0894131760289299
-0.006936106300596438
-0.01852326712781262
-0.11328801104971478
-0.17767510405202422
-0.3349856129806502
0.20298018083161526
0.3213211340723149
0.4875025136171179
0.7628985608896135
0.9430520659546229
0.9998694218133617
1.1085701313551395
1.0902403381571606
1.2788695661613865
1.3963508331377992
1.413731621274306
1.5344889674143283
1.6312157379933736
1.678028167428988
1.950637996560724
1.9929957171623802
2.06102005450938
2.208452199638759
2.2587934225056543
2.260714900408476
2.193594526792503
2.0873367169703014
1.9549101101611095
1.8382704768861713
1.736732244798358
1.7481286036073866
1.774027957611621
1.402047213038734
1.0773655059024296
1.0516436454961886
0.6084777169574601
0.6140495177081825
0.7898346905257951
0.9730154408421832
0.9774049550811764
0.9778105105331472
0.9352725608416741
1.007053647550688
1.168597450856697
1.1883968713098987
1.211308674571335
1.254350085586304
1.3489471121314904
1.409226843330542
1.6300918817355377
1.943940785534354
2.0764630802429465
2.1479179319013393
2.2135455976842233
2.260484428901917
2.2463795305249517
2.2251134369785763
2.236766900271425
2.131639476967185
2.17255859434937
2.1677776817978103
2.038604539514259
1.9106570469722712
1.8387779841873924
1.9735748921980227
2.046571109320446
2.0082750307173525
1.7021263625393397
1.327442452652735
1.5152488449038735
1.4825143937855811
1.3783991117674421
1.1964930320588747
1.013871364787686
1.0924625382300852
1.199844710510314
1.3454767740511095
1.3370905362318515
1.1968241287884318
1.159600271485522
0.8824016356361786
0.646080674391181
0.6288807668261218
0.4080445974092333
0.38676865839593305
0.45280297009885523
0.44313864826800287
0.37482493227744795
0.3116924206656242
0.3078355489333987
0.3529593248752872
0.28307730827599864
0.11666475068614136
0.19698691463216328
0.17673353915660384
0.0700026439102592
0.09952085207355607
0.3496720503783626
0.4958459224695548
0.3998651457023956
0.5022251639274155
0.4785345305009108
0.3115638143808039
0.32803514351652757
0.49110447678989627
0.31216134525923284
-0.13999725296505125
-0.43755699412018456
-0.44681883501095887
-0.3959690118460685
-0.266786175315279
-0.08388733390688216
-0.35143679962323204
-0.35345965678747127
-0.41890132481771514
-0.5203312291152928
-0.6614410630644786
-0.5608054317235666
-0.5673214005833465
-0.6985180016290865
-0.8042648308215246
-0.8930608064360098
-1.1816801145216773
-1.3169910438263637
-1.1844260995761826
-0.9029615746605715
-0.6363756893401197
-0.0928254902371502
0.009314825286324114
0.06385853920970189
0.39352339053668356
0.5091699219368643
0.9033081981305318
1.0585176177799667
1.0868234180148886
1.3079994297144186
1.4702410354031248
1.5997324990848794
2.037829176194128
2.1864233723248376
2.2354159704129857
2.2639985128647426
2.2277669060527274
2.185137320719853
2.154822760850801
2.203492420654709
2.0557582284522287
1.3700903376382336
1.1193992596748523
0.870039563280164
0.7288481483044471
0.6241419008758914
0.4783876601533867
0.34173466920111395
0.4193261207308181
0.440892868414993
0.6162718511732836
0.9820809508372099
0.9995805037165173
0.8834644167476259
0.7741476104676926
0.6574088248366871
0.43924351001019785
1.5000519542139
1.5840627961132598
1.5214784505016163
1.4639661258908965
1.9178787794026426
2.3414480569124736
2.5724648927173193
2.5475988170985144
2.3727411675268746
2.69336107748572
2.6826415225671427
2.5444150098530134
2.4301029108955237
2.359694885510033
1.9655888036811102
1.8192558317599423
1.7103497046452012
1.3537083054444767
0.9951477872719224
0.7578233256602376
0.55922789964973
0.517427369108633
0.6621531956290726
0.7713200574862938
0.7446888291362859
0.985455877386831
1.3410643769103008
1.4920895576959896
1.4473192850888053
1.44362963356723
1.4451433755128165
1.4011710342273074
1.3346639739789832
1.398901012509523
1.202007531130285
1.2067530366237498
1.048319216405044
1.0158074764104537
0.9579981822965538
0.7017154085806584
0.609192319509872
0.38625845756785027
0.1541558821105015
0.06435731899033903
0.1425414498031643
0.4088392082437661
0.5098600152675884
0.5207939869425418
0.7530830706375918
0.7593042649425104
0.6363627401820039
0.4567874861084942
0.4724774078086536
0.48110723682654977
0.42107594916645497
0.26184674780001543
0.13620616703374822
-0.0035145477261978044
-0.2907824518742615
-0.3004192281252647
-0.17184027624065407
-0.32990054422437126
-0.5972492518209702
-0.6138408227352237
0.8964619301670611
0.7888531858854719
0.8774908997129164
0.9363605972519649
0.4926073827863355
0.1829142977714296
0.12311517227585417
0.16381779404856278
0.14950267811990786
0.04622582551959753
0.20808214882271986
0.39096638666651845
0.601477107348063
0.8437717290871886
1.2774595294925788
1.2682608743654706
1.210168650598468
1.2155870555450605
1.4393233976243913
1.730170826827871
1.8309511288808655
1.825360962516802
1.6751878628368957
1.5830530319721836
1.564477600180979
1.2765226851737137
0.9962600222548915
0.9950197420236555
1.0988456451169448
0.8026623194384652
0.4664934996628406
0.0381519539267479
-0.2565457244645436
-0.3596151698424549
-0.47296234075367344
-0.5270160468489556
-0.534695482635661
-0.5509366427241038
-0.4511914940736465
-0.1201354719769752
0.058546104900543926
0.2732611435021985
0.5473826513983118
0.7487171811113612
0.7588833401571775
0.6708356800374453
0.6662012876273389
0.6830457286367564
0.4933531673472961
0.6100735083990702
0.7931690596169412
0.9260227548027481
1.0255323458205812
1.1334210127200715
1.2931856341431756
1.4694838904810301
1.6527866142122516
2.0641925001153636
2.499592302081999
2.7061896432649806
2.566872947848306
2.4700509767401497
2.672293815832657
2.582562024688897
0.18639734126008536
0.11067724459266665
0.23606262693263372
0.3185983615920353
0.19570506095449358
0.058700826168997945
0.025956430538210715
0.23187600129448183
0.5174540066848761
0.34200458957518787
0.050700421514346034
-0.2461871530846458
-0.5327746842471704
-0.33851048229646546
-0.16602336385687086
-0.15692137506082798
-0.11857881382771757
0.11112239747768808
0.1056233856382631
0.06055184375230238
0.20171532091364133
0.28509018086052035
0.4364425123120661
0.771308423203628
0.9288172283541566
0.7695933884535863
0.5765981181955621
0.495869607518709
0.631027504986345
1.243840825993322
1.609093117320558
2.143722547134441
2.4249028854269814
2.5146787887072755
2.55405150614426
2.58533299567443
2.4338250912688792
2.2991777950087844
2.1464141648859694
2.045202259171297
1.8525118903145685
1.5568567315218762
1.538820861237438
1.4317274128174617
1.2884152515548164
1.222715107262626
1.1949828405705392
1.128772808309639
0.9429301423788414
0.5667273703178312
0.1900139439256276
-0.025006076425777197
-0.10620439491377165
-0.13354276524127437
-0.1261426292719086
-0.26309523415910363
-0.2879091334841244
-0.5368802604130647
-0.7008515197772432
-0.7571382899394773
-0.7181826842892456
-0.6082680326403228
-0.7404839588495771
-0.8294458113712387
-0.23745894246626995
-0.3858660044641247
-0.5780822507017991
-0.6196893330400034
-0.47843577322821057
-0.11792002164891814
-0.014113874876200569
-0.3908408662525786
-0.8837743333231682
-0.7991332563167138
-0.766541131646034
-0.4581990372251194
-0.17875866296617127
-0.5828065435997309
-0.7186924869357535
-0.621792284651532
-0.571560088608514
-0.7279596269916039
-0.616619699029239
0.022845813346704363
0.8445908393219334
1.2539271142651456
1.6253195471488129
1.7815722971470993
2.011581316622251
2.3603621030221316
2.4732738323163814
2.2220683704716837
2.0551653102883796
1.40386809934062
0.8937752781875349
0.38655518579916165
0.23243610377929283
0.1994099341088539
0.24476960440685808
0.15636424505378138
0.3998418401470991
0.6850996952948573
0.9068018584653503
1.095200668466108
1.1670495054009062
1.5797414708754234
1.6596581228362681
1.813651196609223
1.7901772604289923
1.4121301850874317
1.232364258662472
1.1765236216231791
1.2135021351408066
1.2072884587018011
0.6472770930421744
0.4434012048848214
0.45256179231770927
0.3997789903855154
0.25853860210900503
0.2926899936308383
0.31438404958787136
0.6003182435846101
0.8759690650253349
0.7292333968062569
0.6521905807481899
0.7818342412859393
1.1635253655829558
1.3668787520755157
0.19149531015627058
0.30212137032796266
0.2174195279496615
0.11161816158122999
0.43253090880052797
0.5684594472736337
0.8069006752748459
0.9054746074747103
0.7034768846458591
0.9858187606623011
1.0364371862253268
0.9672536735485909
0.9071373094651788
0.9221988878265673
0.3597804813442538
0.38946442997709707
0.6426809189620881
0.12253040756100475
-0.5159209649315438
-0.8408462269912916
-1.0110961656812358
-1.1610917495806703
-1.2252315329378949
-1.1238867455143866
-1.1455139528486376
-0.9703128402794817
-0.8270720404647497
-0.5980360878756922
-0.5159723676013849
-0.30938606784429884
-0.13498770298888466
0.12986342103557605
0.6040703326362017
0.8548826190308847
0.7298282121444447
0.8088929154766147
0.8874088441601368
0.9852596778210122
1.1448791112788947
0.8614808274865609
0.8162423166379509
0.9327148759551109
0.5186463235133466
0.7497805656506037
0.9442046503909106
1.1052791797786004
1.236718866693325
1.241944170548278
1.6038010043539677
1.9002376126987928
1.7901262316068436
1.698824834944955
1.7175319100314577
1.701305177893637
1.7247697473627452
1.677264596695018
1.6857840245433804
1.6226810150554676
1.3334747022140938
1.1787580069850454
1.0080105682154785
0.8360067440907429
0.997546929509225
1.1996303104550525
-0.13772100490720243
0.012956932856807775
0.10860022126598627
0.02680753148664139
0.28358803929676396
0.5172579274523295
0.582164472083765
0.5423952375575402
0.548524615380094
0.5325379700465491
0.8072853681775327
0.8494305564442955
0.7116326068149574
0.40287805336768595
-0.030024485829556496
-0.3076568696734497
-0.4330170891618274
-0.29305508230912414
-0.24381782788478537
-0.3990994634818995
-0.43280122354234224
-0.37765774900882165
-0.4357103366601093
-0.548927394746469
-0.6651661330111074
-0.5917686916028939
-0.3772973004729614
-0.18785810918098372
-0.1552980775004938
-0.16543709064360465
0.008057815778922194
0.3845150023110095
0.8966967387848095
1.407720441462212
1.388019897530014
1.4468130518845743
1.6926775640920586
1.8944748239809321
2.0749356936232055
2.055042729940316
1.931147646891002
1.9322550779903351
1.9113565436635351
1.9184759253281303
1.9810402363042434
2.2404047157895537
2.308385158950725
2.259148062981417
2.4169420168021216
2.5527835097866265
2.5233856508658934
2.42640649229209
2.3286634590371857
2.149744534077537
1.9019172724521465
1.8717325710739179
1.7901413633636032
1.701899571296333
1.460486277983233
1.1714531128667052
1.139736203315982
1.501020677656008
1.599399695261679
1.2669774948397894
0.9881681438786265
1.0677321694145958
1.2145850646871068
1.4369422898485846
1.3538964581898791
1.186627978761018
1.3080870693990865
1.4711107488521191
1.5698321263136752
1.4818835239462187
1.3727212306826229
1.1484729253368147
0.9062927126122763
0.7812982826515119
1.1149362224300157
1.3019714197872096
1.3859545379202252
1.6230527556035887
1.5453348390897506
1.5322751008731024
1.4410342724020757
1.4411417717881325
1.5779128364350103
1.69475329318364
1.8191369565995823
1.8679344424640798
1.9362831222794517
1.7850929317814739
1.7497612394361097
1.7689509154966663
1.8718679545751375
2.147193367699528
2.365516020558961
2.3018236565185846
2.3044359806047305
2.2072097129350694
1.7656921006704034
1.5166473589128284
1.2699571583510794
0.932393827895309
0.8922991233815303
0.5840624813229627
0.4111172103351412
0.3055625531898617
0.11583259580049213
-0.11895308755010897
-0.05984092959825818
-0.07836231597242264
-0.07301026043147107
-0.2723165193587118
-0.36920156164341367
-0.29770056278022244
-0.29302497803519517
-0.30188230707789904
-0.3429446113798975
-0.28771764590368454
-0.22643979260746863
-0.1823374025095997
-0.12125120613443108
-0.041960097841080686
0.014624432655478808
0.2788467380215718
0.4374982669625259
0.46279815667856333
2.4699985880470305
1.9648357019968576
-0.3754217209135263
-0.01974463186563265
1.2196200450483548
3.113768805132231
3.282948711821094
3.126389365690857
0.6443309328265661
0.01082723067397671
1.6058916920071296
-0.5775122153445236
0.2731773355421658
2.1033244069948185
0.4189680341114898
2.9723853107212923
1.0675393422106265
-0.14918879524804257
0.38364870216952135
2.6516746135159046
-0.39234902862599746
3.4043824119948995
2.1207679498319627
1.413358948761759
1.3012129344876302
3.195130337460766
1.9252519048909826
1.0916202889867734
-0.6734878402196632
2.550318118844297
-0.18257069312903462
2.2136095863552154
1.3337705026977882
1.3134613491652787
2.594175165175497
3.317934661476857
0.7076863907916662
0.6530033780340472
0.21622626280657326
0.5565950486432519
1.0374701463664358
0.8308656052430998
0.2737338148902454
2.653600767941484
0.7092924534306896
0.9640338198313391
1.4770189630549637
0.598433977676198
1.8410620016850758
1.8816227375837424
0.9688338313740446
0.5136776362173522
0.5851307466425246
1.5882933481452302
1.2606261761018005
-0.3683387460844057
-0.7599253686681422
1.5964713817891263
2.156711680003782
0.5863804316595135
1.7443369714299553
0.7051981258575929
-0.6234447228207369
-1.1103810715038425
2.5914752643078023
1.016479474269629
1.1362138663863783
2.851920920958302
1.8916065038312835
2.1111591832718255
0.9339087771319242
1.6535069382835512
3.227635489619761
-0.5822864966904673
2.3264584387491567
0.694396598887992
-0.19356590756707096
2.664277872860051
-0.016629979656132658
1.694559436236505
0.6671862034318424
1.1396875118599368
1.5624536875350412
0.4523395264696541
1.432066234251468
0.9139792235675113
3.026063170355646
1.9317835714201024
-0.613455188680254
-0.1030549616642888
2.2867872990589286
-1.1063682875382175
0.5830761043149743
2.386209253580643
0.8881106796442011
-0.02726056901284072
0.7742321135173978
0.6431895832261184
0.9002021599674258
-1.144859663293687
1.9321242495473891
-0.43747584615689894
-0.13302970861207813
0.003352455672696968
0.3112023337170097
-0.8300118960306754
-1.1007375316020171
0.5581261754321123
-0.2569045531034496
0.6601563528976371
-0.5347333522901493
1.4693749734499368
2.17608918448748
-1.3323876063524394
2.350237105745193
2.0037750212151755
0.612812945918584
0.045807352481831626
0.7491950697673679
-0.813294008278936
0.7878300039291743
-0.4249280611683628
1.1252332764768112
0.9825984621366726
-0.7564865763219467
1.6419964547696286
2.2544353639881733
0.7241019179952424
-0.4463885615525126
1.9885764079284258
1.8348089147735769
1.4319134692737583
1.8383785356058902
0.6755738162045906
1.393999962162871
0.2815172209764286
1.103898078829189
0.9219864919823159
0.4058540929059241
0.8929518344059952
-1.6714850352501076
1.8740592287620204
-0.45402949462780867
0.10591904019266066
-0.36001335246197647
0.26643061825734854
1.3731630759681346
1.239401488073895
1.401585436970605
0.04460810864819399
-0.7007940509466883
1.6010145646562173
2.4090616375160123
3.217746151279718
-0.6477297495639842
1.1525721530666737
0.4758294006725474
0.8794811991139275
2.5126496020527065
-0.7361162528078734
1.320818762935969
0.8874394697993201
-0.9338185542374591
1.6469815245089072
2.209285734566328
-0.7107190902661937
1.5361655159318026
1.8786789631359204
-0.439259090038379
1.297701605331677
0.564788757135188
1.066632757371927
1.0672976085604882
0.3423552322994895
-0.06130772808674518
2.7641929339050773
0.17542490494208984
0.4340981574129822
0.7080046328487866
0.4905141928391338
1.9144934147686825
1.4035996675876097
0.9535521162423651
-0.4013017860372643
0.42308174173764096
2.698855655979907
2.2979984284248247
-0.43223505858477046
1.3365353474600312
1.0322093245935937
-0.2647404964453445
0.5883558253562904
0.3909616338343878
0.3363067168125516
-0.11182763281194656
-0.22139257419546451
0.5714155559198352
-0.3351200002099939
-0.8195962716092
1.7165233702760345
-0.10183940840875198
0.9784337630436668
0.5795763164869678
1.4528950978231439
-0.4521260435501934
-0.6182358885043959
0.2470937299661873
1.761299574813904
-0.8928419638447932
