1554207485.758562
1554207491.257714
1554207501.302827
1554207512.322256
1554207523.683861
1554207531.737472
1554207540.762502
1554207550.897083
1554207560.084528
1554207568.298592
1554207585.096728
1554207591.285077
1554207599.187209
1554207615.892094
1554207623.506312
1554207629.361944
1554207636.250145
1554207642.310416
1554207650.401259
1554207667.234831
1554207673.627975
1554207691.009584
1554207697.882151
1554207714.114997
1554207720.995801
1554207728.668186
1554207745.821888
1554207752.290014
1554207760.363134
1554207776.702841
1554207783.282562
1554207789.925762
1554207807.373572
1554207815.479393
1554207832.313917
1554207837.86267
1554207846.573243
1554207862.834224
1554207870.990227
1554207887.602321
1554207893.809837
1554207909.994294
1554207917.070934
1554207933.995807
1554207940.672895
1554207957.286252
1554207963.336613
1554207971.913544
1554207987.49886
1554207994.189968
1554208004.363252
1554208020.612855
1554208027.815786
1554208035.890929
1554208053.567552
1554208060.489343
1554208078.02211
1554208088.475227
1554208106.472187
1554208112.871457
1554208122.068133
1554208139.515299
1554208146.533542
1554208163.729657
1554208181.601067
1554208190.091288
1554208207.219883
1554208215.707504
1554208233.745886
1554208240.31494
1554208250.905539
1554208268.036963
1554208284.818217
1554208302.097126
1554208318.447471
1554208335.373982
1554208343.300946
1554208360.935466
1554208367.620086
1554208384.325029
1554208400.592665
1554208408.142354
1554208425.944169
1554208432.658246
1554208450.225831
1554208464.47903
1554208481.602211
1554208489.968439
1554208507.349868
1554208516.152318
1554208532.524749
1554208541.838236
1554208558.822662
1554208567.475468
1554208584.525624
1554208591.758314
1554208609.586842
1554208617.343518
1554208634.895866
1554208642.803181
1554208659.294062
1554208676.338469
1554208694.275228
1554208700.267157
1554208716.034372
1554208732.690335
1554208749.846561
1554208766.571854
1554208783.52255
1554208791.856654
1554208809.474704
1554208826.0471
1554208842.074072
1554208850.414814
1554208868.098317
1554208885.365892
1554208902.519185
1554208919.983061
1554208937.214315
1554208954.796035
1554208961.456292
1554208978.612546
1554208985.29287
1554209002.087503
1554209019.504113
1554209036.399847
1554209053.388294
1554209070.711659
1554209087.59538
1554209104.517623
1554209121.730386
1554209128.828254
1554209146.229527
1554209152.465999
1554209169.41079
1554209185.809005
1554209203.451234
1554209219.784632
1554209226.784601
1554209244.252317
1554209261.524104
1554209277.915885
1554209294.882865
1554209312.019346
1554209324.828358
1554209341.203564
1554209354.435747
1554209371.481912
1554209382.844373
1554209399.667204
1554209416.740697
1554209433.305228
1554209446.488252
1554209463.115152
1554209473.857479
1554209490.6979
1554209507.060605
1554209524.257895
1554209540.06323
1554209556.919684
1554209570.88742
1554209587.596005
1554209595.033535
1554209606.483672
1554209623.339116
1554209635.030869
1554209642.342572
1554209658.343135
1554209675.769656
1554209693.077416
1554209710.637219
1554209727.429597
1554209744.055783
1554209761.166784
1554209777.645324
1554209794.899473
1554209811.830864
1554209829.284472
1554209845.328631
1554209862.404576
1554209879.783193
1554209896.862382
1554209901.636422
1554209918.770764
1554209925.430253
1554209942.224516
1554209959.102538
1554209975.594018
1554209992.674806
1554210010.337708
1554210026.803175
1554210043.720918
1554210060.692087
1554210077.809675
1554210085.373194
1554210101.725362
1554210110.964305
1554210123.927611
1554210141.588029
1554210151.919683
1554210168.996352
1554210180.756591
1554210198.375728
1554210209.102234
1554210225.73189
1554210242.707198
1554210259.860679
1554210277.016016
1554210294.042699
1554210311.266854
1554210328.938278
1554210345.172687
1554210362.783204
1554210379.573721
1554210396.788193
1554210413.686048
1554210430.613733
1554210447.634518
1554210456.445527
1554210472.157358
1554210479.978428
1554210488.423227
1554210505.768183
1554210513.099161
1554210530.039308
1554210547.150227
1554210563.529573
1554210580.466839
1554210595.86608
1554210613.521182
1554210630.694509
1554210647.569719
1554210664.148497
1554210680.997797
1554210697.683214
1554210714.424491
1554210730.714188
1554210747.552354
1554210764.841642
1554210771.166902
1554210787.692145
1554210794.694296
1554210811.123119
1554210817.924424
1554210835.048462
1554210850.591892
1554210867.294932
1554210883.966621
1554210900.420293
1554210907.307066
1554210924.574392
1554210941.301605
1554210958.886968
1554210975.427478
1554210992.673086
1554211010.447366
1554211027.287305
1554211044.413949
1554211061.651368
1554211078.535928
1554211094.650052
1554211111.92558
1554211117.928245
1554211134.623314
1554211150.716494
1554211167.90414
1554211184.534115
1554211201.000492
1554211216.634409
1554211233.883959
1554211251.111563
1554211256.981816
1554211272.637983
1554211280.611067
1554211297.09933
1554211304.881481
1554211321.851179
1554211337.607731
1554211354.595282
1554211371.810568
1554211377.753755
1554211394.132004
1554211401.474521
1554211417.740546
1554211434.715507
1554211447.167045
1554211463.911017
1554211469.828316
1554211480.758441
1554211489.300912
1554211501.54572
1554211511.432943
1554211527.319782
1554211541.099407
1554211558.150378
1554211573.815023
1554211590.190829
1554211598.445803
1554211615.16928
1554211623.66276
1554211639.890309
1554211652.374889
1554211669.293259
1554211680.359737
1554211689.535799
1554211702.515879
1554211719.516681
1554211726.475186
1554211741.65226
1554211758.003083
1554211765.393392
1554211782.850491
1554211792.565879
1554211809.814503
1554211821.367414
1554211838.259531
1554211847.196303
1554211863.903834
1554211874.361382
1554211890.804673
1554211907.814723
1554211925.129444
1554211941.608481
1554211957.55162
1554211963.887327
1554211978.679435
1554211995.872097
1554212009.915463
1554212025.428715
1554212033.534585
1554212045.235658
1554212062.32031
1554212073.912215
1554212090.800774
1554212101.335005
1554212118.050075
1554212133.942854
1554212149.900128
1554212164.955468
1554212181.687209
1554212189.460196
1554212205.869066
1554212222.629234
1554212237.474133
1554212254.115078
1554212261.201573
1554212278.847372
1554212287.791843
1554212304.388675
1554212313.258677
1554212324.968126
1554212341.925406
1554212351.291365
1554212368.292724
1554212384.715268
1554212401.244462
1554212418.399225
1554212434.154692
1554212450.253809
1554212459.016675
1554212475.472515
1554212485.406534
1554212501.703501
1554212506.9923
1554212521.958391
1554212538.451067
1554212546.859172
1554212557.856256
1554212573.255184
1554212581.093962
1554212598.536899
1554212615.25296
1554212630.921693
1554212639.026842
1554212656.071091
1554212663.516391
1554212676.548938
1554212692.440367
1554212700.322197
1554212713.138051
1554212730.737102
1554212740.585648
1554212753.753509
1554212771.085996
1554212782.645615
1554212792.948728
1554212809.552808
1554212815.150911
1554212829.073311
1554212845.956425
1554212852.754362
1554212863.119472
1554212877.382415
1554212894.40835
1554212900.81231
1554212917.165922
1554212925.092621
1554212941.164307
1554212952.531169
1554212969.537677
1554212981.811715
1554212991.667794
1554213008.535028
1554213017.564068
1554213028.686296
1554213045.88022
1554213057.529891
1554213066.161217
1554213083.210854
1554213089.515811
1554213107.564015
1554213113.67807
1554213129.890011
1554213143.310381
1554213160.43412
1554213173.845922
1554213190.631301
1554213199.548982
1554213211.895165
1554213229.035519
1554213236.900358
1554213246.314406
1554213262.318098
1554213279.357249
1554213288.225881
1554213304.236707
1554213315.399303
1554213332.335307
1554213345.375103
1554213363.513804
1554213369.557195
1554213377.590377
1554213391.129717
1554213408.717388
1554213415.477264
1554213432.297033
1554213449.505439
1554213465.733254
1554213471.914915
1554213488.173887
1554213504.119519
1554213511.592162
1554213528.452153
1554213536.200045
1554213552.637263
1554213559.269501
1554213577.346403
1554213583.044749
1554213599.893964
1554213606.532052
1554213623.188903
1554213634.262509
1554213650.793282
1554213663.620918
1554213680.051138
1554213690.981138
1554213700.753728
1554213718.012627
1554213725.782722
1554213741.662416
1554213749.13544
1554213765.772108
1554213772.998567
1554213790.252496
1554213806.004632
1554213823.616015
1554213839.817123
1554213846.471261
1554213862.876131
1554213876.742926
1554213893.287159
1554213907.159303
1554213923.160676
1554213934.447749
1554213944.482814
1554213961.579807
1554213968.765893
1554213976.511083
1554213990.14782
1554214007.939186
1554214018.565044
1554214036.684669
1554214049.540903
1554214066.686316
1554214078.805301
1554214087.086507
1554214104.720885
1554214114.143701
1554214123.521418
1554214141.50834
1554214150.611742
1554214168.786517
1554214179.634653
1554214196.586758
1554214204.307046
1554214221.919531
1554214239.149734
1554214255.089126
1554214272.857393
1554214282.523439
1554214300.411481
1554214307.080194
1554214317.078452
1554214334.307529
1554214349.318329
1554214366.257417
1554214375.059217
1554214389.756741
1554214406.742937
1554214414.976569
1554214424.72483
1554214441.370342
1554214449.010883
1554214465.9773
1554214482.977105
1554214490.819216
1554214506.786949
1554214513.326083
1554214520.505152
1554214529.838139
1554214547.182599
1554214556.1818
1554214572.927649
1554214579.806258
1554214588.306343
1554214605.171721
1554214612.040271
1554214628.37857
1554214635.063418
1554214651.567844
1554214667.482981
1554214683.545824
1554214691.442366
1554214706.86203
1554214723.889616
1554214739.700435
1554214755.62398
1554214761.469547
1554214770.097973
1554214787.523247
1554214796.522472
1554214812.614898
1554214819.993836
1554214836.444584
1554214844.613105
1554214860.632865
1554214867.519709
1554214884.67234
1554214891.551097
1554214908.596481
1554214925.419617
1554214941.794475
1554214958.369582
1554214975.666537
1554214991.346152
1554214997.110005
1554215013.6961
1554215026.600777
1554215043.385069
1554215056.278643
1554215073.840438
1554215087.196629
1554215097.508674
1554215114.713891
1554215120.798635
1554215127.727763
1554215140.983083
1554215150.677043
1554215167.645012
1554215175.012339
1554215191.272299
1554215208.837035
1554215218.739072
1554215235.459319
1554215252.54118
1554215269.588049
1554215283.728793
1554215300.565234
1554215313.373762
1554215330.558005
1554215342.433186
1554215350.99373
1554215367.439887
1554215376.616516
1554215389.129374
1554215406.841602
1554215418.135602
1554215433.983565
1554215440.438025
1554215456.613609
1554215474.061486
1554215490.382523
1554215506.756277
1554215524.325688
1554215534.808656
1554215551.46404
1554215564.360399
1554215582.259459
1554215595.218576
1554215611.366653
1554215621.727268
1554215631.823494
1554215648.19044
1554215655.356711
1554215667.280367
1554215683.401275
1554215691.307105
1554215708.451969
1554215726.10597
1554215743.379615
1554215759.776409
1554215766.106542
1554215782.897834
1554215799.456049
1554215816.039449
1554215823.384321
1554215831.417369
1554215848.933739
1554215856.116306
1554215864.057489
1554215881.050812
1554215887.215023
1554215903.696143
1554215921.334862
1554215936.898428
1554215954.392191
1554215970.452904
1554215987.577644
1554215996.396726
1554216013.007789
1554216030.768127
1554216047.625323
1554216064.444655
1554216071.198166
1554216087.80649
1554216095.298695
1554216112.598569
1554216129.214448
1554216146.374836
1554216153.607266
1554216171.572474
1554216187.379442
1554216204.892881
1554216221.282468
1554216238.015556
1554216246.941359
1554216265.146727
1554216278.564888
1554216294.941298
1554216303.960047
1554216318.57392
1554216335.612138
1554216343.337401
1554216354.322785
1554216370.890291
1554216383.776291
1554216400.388444
1554216413.560672
1554216429.724427
1554216441.182208
1554216457.47824
1554216465.343386
1554216476.171629
1554216491.622362
1554216502.078591
1554216518.463117
1554216524.157717
1554216541.390314
1554216556.798266
1554216571.683929
1554216587.863153
1554216602.411149
1554216618.587522
1554216624.830565
1554216638.277958
1554216655.288794
1554216664.549739
1554216680.29376
1554216687.35497
1554216703.973668
1554216712.582191
1554216729.861627
1554216736.962759
1554216753.740363
1554216762.408813
1554216779.565769
1554216786.227694
1554216793.451994
1554216809.499828
1554216816.720774
1554216826.019464
1554216843.372167
1554216850.117299
1554216865.880035
1554216872.587412
1554216888.945699
1554216905.66789
1554216922.05231
1554216939.136299
1554216956.476211
1554216972.86847
1554216978.576345
1554216994.639884
1554217001.03706
1554217008.061363
1554217024.389618
1554217032.320385
1554217048.425783
1554217054.82685
1554217072.242395
1554217090.229692
1554217102.546731
1554217119.613624
1554217130.730635
1554217138.329297
1554217155.699221
1554217161.925939
1554217178.389061
1554217184.575919
1554217202.437811
1554217213.271106
1554217230.743369
1554217243.515689
1554217261.00018
1554217268.257199
1554217278.412385
1554217295.415806
1554217311.434486
1554217328.212505
1554217345.990663
1554217362.89061
1554217379.975776
1554217397.145878
1554217414.448465
1554217420.425052
1554217437.000476
1554217447.321206
1554217464.673089
1554217474.477076
1554217490.618974
1554217496.582718
1554217513.620556
1554217530.780362
1554217538.304226
1554217554.853002
1554217562.376155
1554217579.698848
1554217587.187804
1554217604.944628
1554217612.61412
1554217629.470616
1554217637.780762
1554217654.989514
1554217660.868881
1554217676.028616
1554217692.607933
1554217699.379739
1554217713.469036
1554217729.728
1554217738.333871
1554217754.907821
1554217762.161352
1554217778.68429
1554217795.56261
1554217811.648332
1554217827.787622
1554217845.522575
1554217851.863161
1554217867.541725
1554217884.675633
1554217900.847846
1554217917.593628
1554217925.498516
1554217942.26976
1554217950.549147
1554217967.676405
1554217977.373465
1554217993.563559
1554218003.225632
1554218019.846387
1554218027.137894
1554218043.1483
1554218059.970127
1554218067.89356
1554218084.325716
1554218093.054976
1554218110.26108
1554218116.586511
1554218134.405301
1554218141.332693
1554218158.814509
1554218169.187155
1554218186.033532
1554218203.701892
1554218220.743388
1554218237.775921
1554218243.731097
1554218261.488629
1554218273.508509
1554218291.342696
1554218302.344698
1554218312.258214
1554218329.07614
1554218340.727081
1554218354.012278
1554218370.602326
1554218377.000862
1554218393.290098
1554218410.762988
1554218426.831985
1554218443.773211
1554218460.684827
1554218478.264439
1554218494.037697
1554218500.4565
1554218517.566132
1554218535.238049
1554218552.348803
1554218558.745899
1554218576.272308
1554218582.71495
1554218591.228313
1554218608.51606
1554218615.898662
1554218626.21917
1554218643.081509
1554218660.64326
1554218677.545323
1554218693.685255
1554218710.914474
1554218718.734547
1554218736.21488
1554218743.447155
1554218760.941374
1554218777.247867
1554218794.676814
1554218811.001566
1554218817.735493
1554218835.178578
1554218841.313599
1554218859.751236
1554218876.033576
1554218882.117935
1554218899.704486
1554218917.682772
1554218924.619241
1554218941.092614
1554218947.957936
1554218965.121748
1554218972.582905
