0.5977075130105683
0.6758240797507391
1.1153591942508885
1.2548087924907494
0.859624240865612
1.1406847450988384
0.3804412986717659
0.3798842584620292
0.7786336018729687
1.088923092626256
0.8963678747491758
1.2279920452435993
1.0979669425522738
0.7335924546795247
1.2843470357414666
1.1555230712988709
1.0318955217469865
0.6156644158476453
0.9344224939707735
0.32091367505502444
0.3459393619492031
0.9572232415148016
1.254298901492048
1.2329684584442082
0.7591240444703599
0.39522402544154955
0.8101920918017897
0.5682469632000801
0.8389884306276014
0.4012658298420357
1.2954680310573468
0.48725758850258916
0.5760963510110124
0.9287193350830519
1.14657323498099
0.6514428538464488
1.0765781664623149
1.0252355709639263
1.2206112190561489
0.7341985448874003
0.857578137629204
1.0166379010606093
0.9849331846682233
1.0993626561049195
0.3340096392264424
0.6872219660995104
0.5304853958000868
0.46103324732482087
1.269245009229481
0.8181103034018852
0.9504073356926663
0.6266597701348778
1.2895626564326346
0.9682119819872986
1.013706855660271
0.4258729449273881
0.8951135219490559
0.7145271275750507
0.7785803907982565
0.7647112060188601
1.265216896886949
0.5348288306183344
0.517579967692046
1.2325093328420131
1.089379822680093
0.9518545658587676
0.9866616345064415
0.7142959916722212
0.39865772805292526
0.4421499995992609
0.8844677548952432
0.9992070675163645
1.1137544229322176
0.43156716716916443
0.6027341052363064
0.8195388003221276
0.5403541323512863
0.5305677766920689
1.0834303777433691
0.39621703376458434
0.7663184553262093
0.4957105444869249
1.2577359151331218
0.9129732458142603
1.0772109279325457
0.8858640551417921
0.5531240258805743
0.48514708710900784
0.3963688440402242
0.7527557500599437
0.4648200833969802
0.8137860500220142
0.41345368383429987
1.178152482589362
0.6396632887124173
0.8920907179654008
0.49794963325437297
0.33792873257832073
0.6404234764660302
1.1235801057721742
1.1533917401112754
0.8773689752288404
0.6005502590708872
1.0205389097329258
0.3230966887052761
1.1165476169570974
0.4644394504968466
1.126064357717843
0.8193132356017718
1.1437405932535425
0.9633525019882792
1.2690719240409614
1.0870629445439353
1.2111769145476279
1.048936161359152
0.4601708005084442
1.2841131689684033
0.7917169048554223
0.8088315373987864
0.8850341078238588
1.1669812045997938
0.8759972551386147
0.6788467377197595
0.6520300399230073
0.48007447887100446
0.39527516030804327
1.1006790747173298
0.8883175854003992
0.4735182796963405
0.3219866665005086
0.5504640858066144
0.7791178402540324
0.9880100955619192
0.7997369622360232
0.8152311085595361
0.8540112923601114
1.0164079644724666
0.7754254009274031
0.5362542433868669
1.1959435789562824
0.3812367430735013
1.0687927338188317
0.4331790449933137
0.9128308483699772
1.2054842007486433
1.1237509921231736
1.1198117886685062
0.8254441838418505
0.7153574773706805
0.35751594868107683
0.6865364875176376
0.6174953470257509
1.1838008178296706
0.5000447876474046
0.6702050794946333
0.37855795997537
1.1431253321766177
0.5112336700280425
0.43098953269132767
0.7982963059334454
1.204405079559848
0.4604662462877591
0.7297826341055506
0.5207903049874113
0.6313955344255
0.6495355312636277
1.1732853479216088
1.1786623940002656
0.9028151759372982
0.8815757583437852
0.5993702214959968
0.3519687553134501
0.3179651305975988
1.0045141813245622
0.7865915301589459
1.1082711071409748
0.7431229535028017
0.6764575996430845
1.0356088276716322
0.3468391970289176
0.6852940531479378
0.47827209287773564
0.6004193263569465
0.9756693232928153
0.44094051618209357
0.44087144816516977
0.8480855462383264
0.400742116767839
0.9152627849823222
0.7112631196769381
1.272303462696753
0.8313786558362579
1.117627077805188
0.4029766528255708
1.1286576480480355
0.8460881325342946
0.42854493375397223
0.5298935566763111
1.056352233966064
1.2628177733128063
1.0254268388591348
0.3810817988856034
0.921875763430463
1.1471774877890046
0.33193249737724967
0.5754441963866059
0.7679622532698694
1.2103333903135405
0.42707579013963376
0.7240322371703571
0.5203441972565046
0.7335989248138802
0.3788235931112914
0.951206341031397
0.3310890679809861
0.6566230812519047
0.7848026472967187
0.4460276014685447
0.7672160438664716
0.8035905011149503
1.024428934606523
0.4874779245416466
0.4637126624495285
1.1628673255349977
0.3353941547425604
0.9127936888829986
0.6601055010878454
0.8349141870648097
0.984616086360643
0.9565800798775075
0.4997310361911645
1.1762561641325242
0.8075044096237699
0.9440483084119451
0.8298684237611117
1.156292913079317
0.7261510323465767
0.858283977131181
0.6884934300543182
0.83578722051849
1.2962655068050564
0.6427645259309923
0.6658166951238009
1.1033534525553055
0.5597198192449787
0.476405181912431
1.2286878391082476
0.703509185811115
0.803294989857101
0.873278746051787
0.4067352170657467
0.46716060826244327
0.9521739949003195
0.7210873688862024
0.4882412359415914
1.1796770412541042
0.527805340192863
1.283929069621103
0.5874750139728285
0.9705788738241101
0.9620909746345003
1.2356860979952928
0.7475148456212025
1.024187621933333
0.5580643997426967
1.2387209298579953
1.1386592000579483
1.03286169367076
0.8376040819512125
1.0499101790742813
0.8516287886987849
1.2390940110198656
0.7676009705273027
0.8145395074456184
0.4574834973435203
0.8508317931503163
0.4839322727351345
0.5898212982157721
1.2458698948696596
1.1792517253388841
0.39889180988010364
0.5493986652397435
0.8497837678424389
1.207523917240681
0.36241774958367734
1.0100956040068438
1.09488509578293
1.0238591860836144
0.4188601781300511
0.6063307937297888
0.6117544091281096
1.0806612951648225
0.5517603470962139
1.2890958274148139
0.4325559406546214
0.7532675792415429
0.5069597174257912
0.3931839245391411
0.9742583397301461
0.4717118654977386
0.5778838762030354
1.1479066558555902
0.3886869724886567
0.3396340540247727
0.3928325721225049
0.676800921728387
0.8517124787923767
0.578208611689332
0.4622718833747412
1.0487502717722261
0.6346518887400489
0.37726848800317114
0.6854177748958058
0.37960598941880996
0.9596715798474271
1.0714784021615091
0.44886751954532006
0.615741708867996
0.5458851650390604
0.35917813949816635
0.3430435299874915
0.9199106531779501
0.5770126307346823
1.2400511162201324
0.8004801176968775
1.290322972617103
0.5121386361218788
1.0856776008824836
1.1116249501052382
1.1478221628509593
0.46947508916797603
0.6977783093506279
0.8480082476695783
1.0476079810276027
1.0469593519821814
1.0756432507108886
0.5631073302107102
0.2970955638896435
0.6918929107590412
0.5289865305132757
0.7328726140548258
1.2106072442711526
0.45736003230314365
1.079789080035863
0.9844314291199803
1.2200716806044891
1.2956062013917382
0.6800674233816552
1.0683925372024248
0.7846883120038677
0.37212679408171695
0.5585461843182588
1.249805093824668
0.8796022875771159
0.6601979931817599
0.5140555671790149
1.1598336512017184
1.0473168411640585
0.3085316827730085
0.3612156590565689
1.0381117198136918
0.6562204138376236
1.2779503169442543
0.5542704293567726
0.795952617119062
0.8199676818233809
1.2742979991721308
0.7395681378992576
1.0486656986865923
0.7904167826124799
1.274803257495871
0.5050710308481559
0.5047736927138919
0.370745456823272
0.6645994047004183
1.2617286524217852
1.2443385139012406
0.5089642011964679
1.2284719645331237
0.7962416835138104
0.9103088294960855
0.6745332066318487
0.6797587418220955
0.9082297953265687
0.5113946521626933
0.8200413176521473
0.32785181021793247
1.0019560829847338
0.508068278090558
1.2647073411150027
0.9655402108599035
0.5039176022313093
0.3277547514908902
1.2209207275909744
0.4126937773075794
0.298158629737658
0.6516374074745992
1.1138893012443531
0.5098119998163331
0.4324288554695472
0.32496267942595325
1.0699201973989951
0.9241089462991859
1.2404378839973378
0.4935761744464822
1.2063567496351442
0.8740218345443914
0.4063709981552933
0.33553309733336584
0.869280611419536
0.9322818061957748
1.1173625029971601
0.8090518745562627
1.2108439949017338
0.5567090620160384
0.7812931698400383
0.6825608274082023
1.0873495032814806
1.1306846588110184
1.221821508272831
0.7309598256860746
0.7293166763643374
0.8170575618906715
1.0030826442034098
1.108159804496125
1.1284531266572249
0.41778720035017786
1.2275922092773643
0.6430028604363167
0.43283404589604335
0.7365913834446993
0.9989666918614571
0.48571763453772443
1.025862599457469
0.3633636690573125
0.3497230331458282
1.1218284012320352
0.8645170039821151
0.6457133751705081
0.3053789702123259
0.8179581770768787
1.1329515691813128
0.861058807273793
0.5648536252843944
1.094706101153734
1.0627627001177546
0.5120124200607536
0.8483625051773585
1.0855837022149653
0.3521795702930797
0.823752246277263
0.6850297912787335
1.0384666529351132
0.5563729606435504
1.2192506058165467
1.0274071950492816
0.5978428407099007
0.5848456078565621
0.7960147560979131
1.078176971097982
1.212189749943814
0.3754452791752242
0.6845076084601477
0.7954561183868746
0.40816631479174825
0.9836434625077984
0.30741337432561194
0.7220166815054466
1.2937819816854674
1.1452889335827732
1.0136442859853274
0.5906827374762171
0.8189025280995346
1.1442104583069468
0.7714191040305888
0.3874770155554719
0.32885181173106376
0.31673035383347686
1.0954171576406433
0.7167428643539048
0.534707923499902
0.8109606565050752
0.6574132550601134
0.8528360773578175
1.2083778550120305
0.8421691702746376
1.2523750169679797
1.003632432501007
0.6192879022606905
0.869155046356076
0.36674200223612696
0.8768433390495894
0.6596151741341432
0.9159545746704194
0.6993631744949712
0.8391950008220084
0.5866022711966123
0.48164134055676633
0.9139600244718604
0.8248453601934498
0.4825991464766046
0.9112441376449505
0.6696604338343357
1.2169948070925538
0.9441531015214686
0.5800497845439848
1.2744894418317902
1.1897628713989983
0.8103637424483965
0.3635047180429081
1.1865047845744614
0.5971702247446244
0.7563482908071876
0.9502423596556717
0.6545309840636035
0.5102554284220424
0.8012744962543077
0.574098911001336
0.7982767048628537
0.8264789850133537
1.065715490588282
1.2052259620133434
0.6030805991179131
0.9031736342928567
0.5982755365118094
0.9149621332698555
0.3734785202744135
1.2455539876693094
0.8776362963274318
1.1593654178724107
0.49332266135461106
0.5955777610588637
0.5095332323885189
0.4852590575254898
0.34588184049014675
0.6417816719692125
0.4623506741995881
0.6541190345099002
0.37269980265467023
0.4652990023489485
0.7529459467938755
0.9609121357685083
0.772451702750701
0.6721622456733267
0.9560469405002142
1.2291430721762837
0.6767137845111061
0.44199054148177547
0.7914261482948822
0.7704528546016953
1.2607599622989534
0.803588793777583
0.3190247638589536
1.247801647931999
1.0367191587014244
0.664896063930287
0.48369828632929457
0.44605699382787584
1.2282212484261137
1.041603471201955
0.889862374836779
0.8529028656470797
0.413987729242303
0.7618048496068219
0.5337552126576932
1.1700196534766127
0.7521527572362249
1.2048893918329762
0.7402286244840695
0.6748095484545494
1.2777313514938404
0.9116073044520095
0.33736008794675937
1.2240787154337316
0.9167979804909058
0.7594463776524341
0.31725104564819057
1.131644534524699
1.1521416982895964
0.45734911604330886
0.7003256283392224
1.285283270917574
0.6270366965552373
0.8060886455407076
0.32911238322956676
0.6943427726596593
1.2748599385905124
0.43197150662164907
1.257571537246819
0.4080204101326406
0.47601248082901243
1.0761584796846357
0.8371791260005372
0.9403613010926303
0.8667490063712632
0.7805992969712935
0.929876061492066
0.5649078142404131
0.6160462361577372
0.3091827129850337
0.7613088758423018
0.490883494735289
0.5847284042799347
1.2001885947244337
0.3789299324441673
0.5699227374192221
0.5768428629633948
0.645749487340453
0.9319613807831632
0.5326453528418164
0.6356415976381756
1.0165304748053692
0.8989645684562584
0.6340099453787464
0.5906642253035598
0.9345699909216734
0.37026616871598766
0.39015583038129065
1.291370007135706
0.4535541691338764
1.246724536546367
0.7396643936062177
1.2881840774402085
1.1384523936483188
0.4754073224326414
1.2420498353541243
1.0437086544820895
0.7084023555022108
0.8920264698580956
0.914832905412782
1.1126597541876544
0.8331262274106848
0.9516521710958101
0.7912613687913307
0.5568481186034329
1.0840997588431671
0.3287347393093911
1.1255241077600306
0.35218199445629506
1.2379592457989748
1.0146931080647281
0.8728581338588194
0.6317308772209761
0.901339215903738
0.44185095967141474
0.9812285141633493
0.7544633718340551
1.1230038501299902
1.0030503283048746
0.48755347506517754
0.7260371044590562
0.8980223329461381
1.178703791253475
1.0581950767776926
1.0171577598564057
1.134583817181166
0.4955740889908759
0.6132590717231174
0.7025739847423774
1.2485124698911336
0.3331641301186968
0.47995808358761927
0.4380318783320332
1.113925195812817
1.2175868193246875
0.5315672443934045
0.3993102415217628
0.48523734312882233
0.7810231719534053
1.1957503031870849
0.8195728966474896
0.6818636052946675
0.30507169713282656
0.4269206651197862
0.8839641989874653
1.2803695303230667
0.3309406459280934
0.6254070587869741
0.31384782046363996
1.0980335775415082
0.4876150235833827
0.6192467070393333
0.4369102968484899
0.9486075407644979
1.1116610934295716
1.1295568700390766
0.9232266942326223
0.5731322654241665
0.6226789442551144
0.4157344783871353
0.7416505107531874
0.39324310021207537
0.39573090506456615
1.0180033090511218
0.6000189888799395
0.6234222828406697
1.2873864411330422
0.9400342873718228
0.5293719942636416
1.013449556903893
0.33984132129939515
0.6419233860739672
0.43743338190644354
0.569019979440665
1.294817311601214
1.2944893332616638
1.2950132061108623
1.2946689706800834
1.2942998977054063
1.2949829619777842
1.2959711211943048
1.29536682302103
1.2940342263804023
1.2943252220916597
1.2943746525208606
1.2955229723170663
1.2940961735147327
1.2961014792436236
1.2949906626488006
1.297099615259746
1.2953825360272078
1.2956606255746648
1.295328684709195
1.2948380611598669
1.2945261108634858
1.2962697561387178
1.2990190793619831
1.2984246309775154
1.298688919917244
1.2986712558737943
1.2985107537476372
1.298939711029284
1.2991622577344129
1.2985424041772011
1.2983775292147672
1.2986234596666706
1.2979967530856864
1.2989452128962267
1.2984808299331316
1.2990731645968883
1.2983522944722317
1.298265395900854
1.298668822548613
1.29972356334493
1.2986023601741818
1.2976600370372686
1.2980152239581093
1.2977314791093764
1.2999521288266376
1.2995786388533281
1.2997740281656394
1.299515399421012
1.299348629094496
1.2997835080584155
1.2997397310099368
1.2995551811091413
1.2996896421875186
1.2994755817041612
1.2992088127087937
1.2725262706946636
1.273370129896531
1.2761533951482906
1.2739631133774507
1.2757296196990644
1.2716942204482338
1.27735997167189
1.277210622269238
1.27174082208757
1.274390482568406
1.2747381235016093
1.2969758744774276
1.2981696713527937
1.2971257274482026
1.2976418470315094
1.294897533287779
1.2962308739660107
1.297434046535915
1.2968871411311413
1.2979851092562646
1.2978734923983286
1.2956728189048694
1.314882827310044
1.3142130969683445
1.3127639162244429
1.3135714636736142
1.3113004124786134
1.3151235558888046
1.3118178625653565
1.3117387511015646
1.3153753369424859
1.3133522050289175
1.3121488953911848
0.5063241449268705
0.45072450912822043
0.8726583702590269
0.5245635986446342
0.9811209845675553
0.7100533708679461
1.269066269637338
0.4395919817091639
1.2921788074793061
1.1352902590365268
0.4690478679130274
0.766881705153545
0.6894319412032743
0.4290117805950518
1.0443167657287742
0.35796038981868955
0.6817544359789622
0.38640490114109766
0.7322652937657975
0.7736892113851885
0.8582021287431431
1.008248425713629
0.42990709439490093
0.8729929041189971
0.809424353819671
0.39329638073100565
0.3356851348237838
1.1592276946548463
0.5844793960363655
1.1704385326571969
0.8126801393642581
0.761847797012556
0.6337126805313855
0.5152704359358967
0.9400933719450518
1.0905374907094365
0.3524003463572285
0.9770645825415314
1.1716110400834057
1.1091628532490732
0.9497011711716957
1.0369387273569879
0.8638196978048546
1.1600679448482694
1.0037573216165783
1.0620149012169988
0.4784541672165842
0.6880595245653598
1.226595077740493
0.43604134277927065
0.3371965825705324
0.8693555958364614
0.34493471053141006
0.8313167795503422
0.5249038796242572
0.7874289260060462
0.9552348763532812
0.4316424409052086
0.47500497591639285
0.6743221398810154
1.1857214521115416
0.6402830694698709
0.4273784250856654
1.1933796322796542
1.0534499764342975
1.2612604645698149
1.1975885247918843
0.8038926742423672
0.695574028784653
0.6679090056445436
0.866263449656944
0.32904999446404226
0.4595095696366949
0.5727572947848771
0.655743266719349
1.0956389250025
0.7524598359067989
1.1869311027160712
0.6124366054281308
0.6418824416376494
0.4655020563137797
0.40741798752389546
0.400811381452488
0.4200896585762271
0.6711623590073954
0.6620802641594814
0.30989692609068004
0.8670415985125717
0.522745933869141
1.104735289743078
1.060266856571268
0.5686525051232622
0.8486176112504591
1.0779219790281995
0.30681486317730555
0.817985970592943
0.5777259080868523
1.1898788197717634
1.1902019246093711
0.51745863188457
1.2138936979095685
0.546829157474667
1.142621351218569
0.40299818748600946
0.6113401927094738
0.47803695934654167
0.4981838044625332
1.2924771363376788
0.3118454306800966
0.46210134475939846
0.45356917030292476
0.5964761224588387
1.1392140220194265
0.6108768994476973
0.8639861601766378
0.5470212644367313
0.8332412924632786
0.7620942246376186
0.48861402738717463
0.5364554330016316
0.9158883556185926
