-0.44046475455354867
-0.36831350164066134
-0.21145949745618697
-0.17888273746835695
-0.30898335232170715
-0.4636161416105881
-0.6130265509803934
-0.6601264549710011
-0.8390225988106722
-0.9448544024963554
-1.1027583991454686
-1.0712803614742048
-0.880071495698507
-0.7405946836959433
-0.6262093717006151
-0.3351307803212853
-0.27373302082204526
-0.3144190855674107
-0.24665623527206487
0.04045372123707449
0.4811841852032458
0.9736654713155674
1.8308102994265099
2.2385817267243815
2.4327307476322497
2.476384909122357
2.5672153173268217
2.3979860526325423
2.4494526878883143
2.477669157022354
2.5445050626602597
2.6453344160571386
2.6208501910650925
2.443786527412092
2.6657533089110252
2.449421770120098
2.114012720344908
1.9903627824623045
1.753659376976998
1.5946396277795827
1.5557042266854944
1.4007756384609653
1.2676342705924408
1.3573883576107926
1.3828406073146005
1.2597080329096175
1.2222546096372977
1.1964209652529976
1.1023944513329345
0.9886994949292223
0.4609258542466731
0.29521646984522226
0.38994907904353465
0.3436360646923579
0.30223900973632367
0.24174557550969503
0.21353371240218016
0.04865929022088804
0.11760699711567557
0.22282844356602644
0.004677688503517656
-0.21336997517701473
-0.1915285498818977
-0.08280414239164799
0.6214866847213874
0.6099646876799932
0.7412008675309107
0.9829318170373256
0.8695358927940856
0.7883468227676166
0.7242588323397141
0.7460133603786284
0.7738509271622005
0.7561520844111262
0.9590874472998946
1.1473942260354835
1.273226370543132
1.3494339096066672
1.6574512011642093
1.9124483681056728
1.8027692591492832
1.6679405929614124
1.6480570821344591
1.657191166567947
1.7356867011797432
1.883478494665299
2.141287509676745
2.2583969999048397
2.3389297373424562
2.318844947382276
2.3307103408862764
2.2610663882289983
2.2850573204239635
2.1550279931600054
2.149357392188438
1.9692443786560512
1.5704134768896338
1.2461986632816469
1.3061916669187301
1.205766602108034
0.7765074755556299
0.4852801347372557
0.3168689757579491
0.24472826231346367
0.3609282546111332
0.3928301891371438
0.37695454776500575
0.3614279391639329
0.44334761642074905
0.44036484750188715
0.44693543986925705
0.42955273290715146
0.28022706663215147
0.1898183790678682
-0.04503126592857543
-0.14853778464520592
-0.09080865987211616
-0.10196879680907366
-0.055685396457665515
0.04948501470931842
0.13718599016052602
0.2051895775392309
0.22470453172004712
0.25053694848732144
0.1569763035665553
0.15080006865945397
0.28403783462799953
0.3386290838896059
-0.1996542417359597
-0.5646055293350988
-0.7734537309068841
-0.4397227240593782
-0.3973531117009367
-0.009491966170591334
0.3085313702448155
0.08938028409369372
0.1752092408351121
0.18652505667122118
-0.02934026400435529
-0.009578051223890834
-0.12713830516768915
-0.06543079888321177
0.2766603014877876
0.4223637930299192
0.46149675049550876
0.33417809020088485
0.10003830067590326
-0.11681332374760282
-0.26430389220109995
-0.48186355661009417
-0.8301345871833306
-0.8350029446722944
-1.0224300088394405
-0.9870494094114233
-0.8181397839662518
-0.9507123905752802
-0.995251577488148
-0.8066409071070413
-0.37483562966167805
-0.21279698560524632
0.17909740058193307
0.41993282373072455
0.7088354376437921
1.2035401092049756
1.4454304860542417
1.6805804654779273
2.0414405133210693
2.409029876077237
2.5290700087996503
2.693195460860662
3.0038582570257235
2.98285907783038
3.0190428089538464
2.9641155054532007
2.9272211185856163
2.4400082958740468
1.9037494498307979
0.7268136972787868
-0.450185086114415
-0.5871916388365221
-0.8345573457286743
-0.9911280132869279
-1.0411913201284033
-1.0182250194572198
-0.985012357805789
-0.8653279548107762
-0.6102456006829272
-0.7971868522706792
-0.8138659364242375
-0.5552999446730728
-0.15994745827467777
-0.24794158372369612
0.6066559066322392
0.4726058596504016
0.3612041469766935
0.5973527884147358
0.8372797077472129
1.1829279256957945
1.5218312435332921
1.5600281181841598
1.669012326824826
1.739026873634494
1.6639020500734072
1.6426536279806554
1.6163609479329124
1.6604957228381536
1.798264763475121
2.0295615435193217
2.144255839112885
2.1128951029375234
2.0606424374558516
2.0224671303990815
2.0195928747882093
1.9640740112105224
1.8469494661633603
1.8198134624023756
1.7574364583528665
1.817714477960517
1.9155318878548238
1.8179633166946783
1.7343679709941657
1.8078543881321651
1.8990965701482323
1.8250867684849774
1.7874345386196269
1.6308773919580901
1.9464949896875883
2.1272874080903645
2.144905955612127
2.2137084235659445
2.314050820379629
2.4071496635554803
2.465395500191737
2.466513275873235
2.5245817259879906
2.4544536372340953
2.4258302619638723
2.3935353733862144
2.3797552370100066
2.180634751677399
1.9982522504752795
1.5959003086918697
1.16770018475887
1.0831338538397668
0.9785041641777537
0.905000726413842
0.8309211050689086
0.8279467592567122
0.7515018990514732
0.7751175795020093
0.9259501473249464
0.8970829657052808
0.8634044111970983
0.8371208193326897
1.016908989340177
0.9217633658828887
0.20594898507898002
-0.10772726273582155
-0.2506111465025431
0.1185481638744622
0.2390055966081584
0.6519140597310686
0.9506006124912291
0.7171542228698431
0.7563084547614004
0.7805893340161242
0.4844354460225363
0.4500097814617619
0.3750909774222492
0.47120824404485034
0.7895145087386432
1.0209125353271131
1.113756969365971
0.9604107403676438
0.6919558735659388
0.5353887453811158
0.47303809183698087
0.39348194920392404
0.29759394174815723
0.41646839234111266
0.2846981897310896
0.3459717678136729
0.5643053792983348
0.3975143416223642
0.32617945803768994
0.5234877979044412
0.9563451295844562
1.0903196419432686
1.428204221211987
1.5485018030832192
1.8390242063601956
2.2383242891388924
2.290070022798059
2.41041178750295
2.613886723926917
2.867587405653577
2.9850240713414653
3.060408297051389
3.264435064497351
3.1982185299425487
3.2026914762430705
3.0946934114295215
3.048448871165488
2.568915392737222
2.030731092109299
0.8798494186565712
-0.3706366355262733
-0.5565337029372459
-0.7779337985779972
-0.950951644086222
-1.048215209772584
-1.0683410491885048
-1.073067994563581
-1.048975833190849
-0.8094189098453908
-0.9805362886727874
-1.0202273310075727
-0.7945199832859592
-0.44708778449161646
-0.49885379007019637
0.525922233375935
0.5532909464103491
0.5884814196164988
0.7999189509981033
0.9082761564955582
0.885600932783538
0.6715207755420224
0.5107321171271083
0.5951289423679402
0.6316813584618849
0.8786198104949176
1.1054675335045354
1.31792791244804
1.4430603171820329
1.554188949458685
1.8479449695968222
1.8339839676233982
1.7539162315434118
1.7709584284941862
1.7535809175386377
1.740974502757223
1.8072557005707515
1.758743243027396
1.6682691792583304
1.6293164554359143
1.6623051999008105
1.6463687680387666
1.6281505201796551
1.6112525066062942
1.5416423113559878
1.453468695748991
1.2432578632205207
0.8042280415740642
0.41286857135810096
0.6568543575828785
0.6224970110194662
0.4772778083755268
0.3412267613412658
0.3329892059524967
0.35101801611985695
0.48850840797532824
0.5877461251982292
0.7066900094949017
0.7643173787754852
0.8436451830973302
0.9246422639529138
0.9364948829384582
1.0768837537020612
1.2484006308161415
1.411995723703463
1.5252357306205837
1.465595040475985
1.4925973716203784
1.442199085057804
1.3571862781001411
1.3215730289835863
1.2973672132108527
1.205616767707527
0.8763038035295967
0.6520311339621045
0.5961298626263439
0.4264139226294345
0.21703249399431285
0.33251325061582804
0.9326642124029478
1.0409690820408062
1.1274639266336797
1.1146797417153667
1.2433782949343504
1.312512935318066
1.3448712454427205
1.3382221715961475
1.3394588731463306
1.4081552502944514
1.4300153596445466
1.3321398236377242
1.3147895065337925
1.3039429543777934
1.1728589158030827
1.14240455560373
1.2378708991607852
1.2976976514235836
1.2457747188087893
1.2512181787007597
1.2006543219586314
1.238348103142047
1.234017286537151
1.2116881107463728
1.2149276661091348
1.248178117758221
1.2756663680362705
1.3387663286782168
1.2999367913217073
1.2946139792426337
1.249633056989948
1.2894014448106967
1.3983999547689192
1.416200877330363
1.416682712290926
1.3925845403576282
1.4130648972294362
1.4333338727211566
1.4010784920069481
1.343362908051038
1.3445418627304344
1.344599617788925
1.3038829025549064
1.2866818032663125
1.2440644230125006
1.2514882508947491
1.2417815332601183
1.2932717674102538
1.4557297031076135
1.6140728144119807
1.749733190062076
1.7511892622101695
1.7468236593532944
1.7143590824845674
1.6094120872006334
1.5202231308014313
1.4348351630296512
1.3286940788629944
1.2217077356082435
1.1659794155279832
1.1469140232541384
1.15511529687809
1.0871243431496247
1.0323475570182092
0.8635388889164158
0.8826202074816105
1.1390227416692127
1.1703192218715548
0.6634628631395648
0.44799241693597824
0.6985819217215901
0.9067300615806538
0.8197511119587695
0.6848770717243089
0.7216413513984624
0.7329141795722359
0.6310171174798708
0.6008821085805168
1.2101370846585082
1.27327633153776
1.1042285561697962
1.0944486273315883
1.132593770764162
1.1919026544946763
1.2289397868175456
1.227242766598999
1.3602830346935386
1.4553916653138743
1.6257399837091924
1.4939944647766397
1.3605453085438761
1.379495649166733
1.5111708015329028
1.2842154980979632
1.184449997201824
1.1287022238019457
1.0495047749110105
1.1204269000507172
1.0571475399286319
0.9999976677031037
0.7046741624987479
0.5704974112327431
0.5072847694560788
0.5149531647124125
0.513047164855476
0.49439465008937206
0.5097775489042065
0.5045048329197627
0.525564286302736
0.5593115795162135
0.5726580809309665
0.43048656223158344
0.17695887345418534
-0.06369425588744128
-0.27367644176463063
-0.243493728644056
-0.15269511760658758
-0.0208508513574717
0.22115660445841787
0.39104038981137496
0.5627340199827547
0.9447951319470489
1.4200895539942329
1.9216332102266822
1.8418961912438963
1.6896042626235421
2.0947545128810416
2.078544219359406
8.608448968231503
1.6229751248148405
-0.10384843052851749
1.0925238167463869
1.344527964592312
-1.7189337647733807
2.244016649350803
3.4071506538206138
-4.828618041519003
4.872216220257805
-2.226498774927467
-0.3700024759202118
7.261048556730931
1.8995687500219662
2.0456357298589136
-0.5904317105537988
1.7943168650951855
1.5091318444811586
-1.7832023954360396
11.779551829821587
-1.5692705648509937
3.4270223663161596
3.9947799803414243
1.548788222499408
0.6494157635242478
3.179258088681309
-1.0476326074442603
4.6362822135289266
0.2576807047676422
3.8068185507506946
-0.380550669074579
0.7755222519544295
-0.31727141482220106
-0.5677901150001717
-0.9217773536775765
4.420402039297753
-0.7206718847876755
-0.7544809984498476
3.283717674899144
2.4512658707443142
2.1111713766939735
2.7417932704198327
2.138665515430047
0.04757416771313455
-1.0171493042566413
-3.3925709518058387
4.560341481117928
3.491094446279094
1.759195495765049
2.3330178105198036
6.948240366459078
0.5864483313587676
7.099820961433518
2.323754872860388
2.8545919117464096
1.3287852265685378
0.8180569771240295
5.984134484166685
3.998984614682691
-1.7937271927436176
2.8361548762418334
4.924425849320455
5.9469052007383905
-4.3546740880927315
1.4742015905551586
-3.947905433112424
-5.014966130526121
-2.683483868539966
3.0444246576173413
0.6277884367679516
1.7191397032107376
-0.9789543779340779
4.049020631406981
-5.515534370691154
-1.5576284924948538
0.7335023937744367
-0.6220702406758386
3.172882360034684
3.009565924906216
-0.8287615459936107
2.6925560122549608
3.3176657636329745
2.078725924282525
-1.1294063708734294
-5.58041114903762
-3.0672321429312577
2.2482194558852
1.357786145117043
-0.7725493357954447
0.7312047489219362
3.372815734817931
6.6570823287849255
0.908774981339442
-0.26231896957636835
0.7838384599486826
-2.0847635466807906
-1.1582793086668999
2.6447233383027147
1.7654996451359795
1.0155942610058308
-0.8192394140340206
-5.021052562588508
3.590812647379444
3.610333988498298
3.167888285320052
-2.4888780043227423
0.027278988045495587
7.262161640205283
2.1175147006476176
3.3600701845896617
1.7031831503720192
-1.0976981645533763
5.264033937610535
-2.7284237573207815
3.0266562926505536
1.5248191757305876
-6.518341549180723
1.465987303226824
3.9544646787696096
0.7579733593668223
2.975845661196967
0.9112789916414159
3.182191959559256
1.9426614948352876
-1.8576083580804144
1.078295410761496
-0.21560429360646538
-3.5371588704194123
-0.5959399870222646
-0.12291950609673381
0.74000499205421
1.9293133992706162
4.887992501799972
-3.3489284739368137
1.3801451614105005
2.997571948451422
-3.5934969355967823
4.128458477473538
0.7019210153758738
1.53030830480895
2.983856402383756
0.391752813684171
-2.0576614746558635
-0.37756682143035486
3.3510989903573885
0.5435818500623504
3.6107296297112033
7.799524668453046
0.8318803038139563
2.2530735737686105
2.103390390603543
-1.2117222947896285
3.8950704310171735
-1.947666901151393
0.9120274499119068
0.9934383094398817
0.16709849108399047
1.2439044445908394
6.379336970800662
2.059214530147715
4.7765803283772925
-0.8207242502088986
2.7539525936271914
0.3440773757568183
-1.1129294982950457
3.6902123960969453
1.1505097644264901
1.9959632502517681
4.667398543908865
2.7516697291838264
-4.28761863520565
0.3682089577250085
-1.404445662962288
2.454570581367929
0.041270087868328524
7.816277499783998
5.089554242798586
-2.0084658769706096
-0.5253570359695724
0.5484780682850778
2.0353596972817627
1.3504205899567878
3.409216432925975
2.4641885246455115
4.458542496685455
-7.2192331454465535
-5.415286192058074
-0.2785911666432868
-1.087234369494599
-1.1703337234522044
7.802761022224903
2.4453028035383904
2.247320467845054
2.928802294996214
-0.1648619281524157
0.7926150640410227
0.9207563393035146
0.8772143648350594
1.5116054584990875
0.1232357008681323
1.0129196078741016
-0.40928046421791064
1.2478298903322642
1.2022485657169264
-0.5017333131038393
1.3058708164910415
1.239137602106349
6.374294894397976
-0.0873480233728962
-0.38817368548214365
4.970881277834281
0.1705350235451275
0.5189912777675051
-0.07266041056686988
0.6312533055092939
0.49454172910472277
-0.029707974121808724
4.242461923792088
0.2663293589490729
1.3695303374451135
1.0769091181160049
0.921758123892511
0.9403343653927291
0.7456588353953425
1.219855858699508
0.15487799326998772
2.847515007474382
-0.9423107252382593
-2.6972741765636528
3.5380551893979115
-5.7069773871157805
1.7987706139944286
1.5605080727238725
1.6806020601724043
0.4304272314451417
-0.6900083939553258
5.213799841452493
-3.917287337311521
-0.3496058046445533
5.422523335264656
-3.0479459209676256
0.4085946224218855
4.6335975704510854
3.5150904013455757
-2.7219027444563255
-2.5167678819154524
2.80187334547674
1.7949310807021328
2.8321010175202534
-7.7397391792070795
5.958991575057729
0.6867501058103527
-1.8271650750747745
0.008058185286523616
3.4763464814845664
1.4048695573620416
1.015005892380413
1.0912949834769483
1.028551397261752
0.8469559265427435
1.3193651214609465
1.900628503434703
1.520058145327807
1.2177062444692204
1.3448502239394269
1.5562731025392642
1.6566091239157819
1.6652205892556577
1.7070317404541222
0.8567046618433906
0.3612191508722417
0.43355014898821714
0.17479718978464218
-0.03891358137499028
0.062463098496827824
-0.3897080677727381
-0.5367015806366365
-0.48975446256721367
-0.5966112496602268
-1.21003522139483
-1.0218857113432074
-0.9901877932184133
-1.5826076005947245
-1.4866842513054668
-1.322390715878002
-1.0444234138639834
-0.8227763642884536
-0.34390544280687246
-0.07690709116859414
0.32450324928049096
1.029011906061982
1.3126288089292868
1.0939214427265886
1.1871532367504398
1.3037823323814635
0.8628446890887593
0.3530009115033431
-0.4804250145417614
-0.7484613008989834
-0.9097451153402204
-0.48404669288455493
0.9295263420460831
1.2288696281429448
1.3693705965808003
1.8192675062057133
1.9717234399262606
1.7695561174115275
1.3632557268537009
1.1068945452463368
0.7798398791476424
0.3216484212454334
0.18427804678349075
-0.1186526435935049
-0.47968469904483746
-0.7160083414038801
-0.654549734762468
-0.6125022606033061
-1.0486897838760423
-1.9838892381427835
-2.2291712321670434
1.606862291147216
1.6192372780916302
1.5436398480538793
1.3480019832364978
1.8147827491108037
2.4400384817290774
1.7416889144793049
1.1405913688809777
1.2577157415477456
1.3198176886463266
1.4363538096875668
1.529318815995298
1.7192816807628635
0.6087835470870875
0.21106340956087416
0.4230756120245079
0.3343966183143652
0.39098068172642503
1.042271484298819
0.9796951320585612
0.9782811010073041
1.1727886691114406
0.9858644255042359
0.061463258120034614
0.049864828281632884
-0.21486528176375685
-1.2810889862250288
-1.163596842254186
-0.8992410700861165
-0.7551529391751245
-0.7423222326584052
-0.6662384402543605
-0.4707203139367376
-0.10502474723826087
0.5223851259256884
0.7685690327081598
0.5248788477065022
0.7002962581199071
0.850048539352006
0.538941219895265
0.1631141888080843
-0.6680274383580381
-0.7497454707849275
-0.9009362969457065
-0.428839008902675
1.0923716678268178
1.41774496751235
1.6567824321022913
2.1257206748492252
2.3436739134007434
2.2965267401062994
1.9837395508399005
1.7103234529776
1.3650774190107124
0.8704345269624869
0.8496670082017381
0.4463043249605207
0.16021641289988972
0.15759408011133455
0.18619797235119037
0.2976725029347578
-0.10297637152287699
-1.2324063269751933
-1.7162359277623156
1.7412005303562632
1.7295971854694434
1.657445737917663
1.5617342560424392
1.9640602090184356
2.2792783299999995
1.8346163331332277
1.6694442462091188
1.765014588217291
1.90084646793151
2.051841896025627
2.0314280783385987
2.0845055242649315
1.512792976920596
1.2048827141970193
1.202236664897852
1.0069997914121407
0.9225206660390716
1.0471469515538414
0.959130487423163
1.1269372655501284
1.3185701406049344
1.2404243289750545
0.6281697192469151
0.4680080972368695
0.2645015100914991
-0.10559835008140475
-0.09678442335391488
0.20438590225956124
0.5137125625325535
0.5543147086340662
0.5911016458592411
0.61156162032215
0.7951182113283211
1.0910647306863492
1.1890980415425387
0.9805503691628993
0.9515120660898174
0.8542352709441712
0.5726394498737768
0.2567348304153724
-0.2604669100755035
-0.2927643496084042
-0.32065084012957007
-0.1210059071872542
0.705595986046432
0.877165065741069
0.9919232874825112
1.2932999594700487
1.5377500731323486
1.6106444710305696
1.4961375395336352
1.4079859839156326
1.233645400829434
1.0392912952383173
1.115408040593021
0.9097524109121504
0.6498609202585619
0.49581247913293763
0.4596070001989012
0.5045344429959332
0.25653073545619354
-0.38737489889979765
-0.6276785410316758
-0.0026266027838031483
-0.008250427993667982
0.0570275835292488
0.05431991256890807
0.009372974121309437
-0.09539684624245573
0.20628395071827013
0.21616684874695288
-0.24932285958330655
-0.21045782188096487
-0.058365787811371715
0.040358396991028445
0.05725104485882363
0.4930665483837081
0.482998202805657
0.708414229508081
1.1276716609030695
0.8325701539856153
0.9652174826418999
1.6451955178893427
1.8507509655428722
1.6972349727743825
1.7153205566863197
1.9941108368197487
1.6239932178762098
1.3905754116107554
1.7243438834342013
1.767151138786934
1.767024501707797
1.758691873803737
1.835742047287506
1.9805738165211877
1.9757756534669488
1.7146669580294653
1.2713170127232893
1.0646698102740328
0.7389682798060779
0.6039700982461252
0.4574075984281037
0.37787426625651377
0.546540213382663
0.7160738068856161
0.5182587682707003
0.8206697703801005
0.6834932638907062
-0.1109237834349349
-0.22057890476752234
-0.3310970661439779
-0.5242598527063765
-0.496510622865057
-0.5373937250141589
-0.3510037778994552
-0.06911920953355509
0.16155665987089146
0.5027778998488467
0.7085446871592724
0.9496301126537786
1.3022048498830288
1.6526276744324082
1.5593599747434266
1.4577399242724411
1.739516034828304
2.431468331646018
2.4917086664922166
0.3688937421771243
0.32024592787647715
0.21994391829451618
0.07776655096632536
0.20373442695415286
0.45281935424789355
0.27247519664907593
-0.06208353623153952
-0.11722189286545559
0.021218916371439217
0.025968728404869062
0.11284908558630416
0.32219194289286196
-0.08949987934485322
-0.6014575363052406
-0.5382351518734233
-0.5116955087498779
-0.7484853262660571
-0.7609054253845212
-1.079176729323699
-1.2490358851603955
-1.0460036896238452
-1.1472297707753651
-1.4850588616952318
-1.3369147879162295
-1.2989795089577194
-1.7086894516278068
-1.4273716063468338
-1.12628954638819
-1.2543347072812259
-1.3693736296414079
-1.7748471088229498
-1.7072397880175005
-1.4459187304344685
-1.1370642011914422
-0.9003782709224484
-0.623341189590998
-0.2805011292324739
0.11095108905046638
0.3597732933263326
0.45363100238494486
0.39927443838321697
0.3682349260380831
0.4375766786296558
0.7489220144685796
1.682448554645135
1.970597159907395
1.9916352210042156
2.036712230873892
2.279112028808315
2.235328726250128
2.062976369785117
1.8782707223969406
1.7002189610901985
1.4570253483884592
1.3311779582756522
1.161946710328608
1.0962489154179853
1.101115191773035
1.1598992316376973
1.0747492923904778
0.6652819907654526
0.03757779128523088
-0.2752780761287225
1.2389607350290635
1.204628011728225
1.2621924664838686
1.443293286783411
1.491780973793308
1.5036253524038226
1.513382748822696
1.6193190184733754
1.8485281335455812
1.946927828449716
1.865212157363899
1.7462553396006464
1.5925144164317988
1.2982959451700726
1.3846518500334062
1.6146604840387009
1.6774024990488423
1.8680487141547397
1.9551698928145593
2.1083957477365196
2.176189634365919
2.1161572031257685
2.2111987057810643
2.2929296109832937
2.470179672745057
2.6503110691122913
2.4443659745256006
2.2349501035211126
1.9209611885694555
1.6106885330644627
1.3848553344470578
1.1589379660465067
0.9391777545936885
0.7869324043563398
0.6523570792698234
0.5701694734790154
0.6138442725499424
0.5871331432552207
0.5601172332673952
0.560300659718941
0.5901587716685853
0.6466614801738952
0.6394903393154747
0.45363823482783827
0.43213107485751134
0.31062550440856496
0.15056474492041524
0.271677203918752
0.428844026124298
0.47344799286137107
0.5607941167322136
0.4250038908070329
0.3086008987069613
0.2723487071051814
0.2161500727423738
0.19002699235853732
0.06560424826158891
-0.05404497121431728
-0.19503961396400815
-0.2182957535214429
-0.16170431739632385
-0.12141144950720219
-0.047876066225287624
0.08173538126558112
2.012868749441242
2.035003834593226
1.9897628818327766
1.9026000651884958
2.355371501264779
2.9304385930898964
2.47342406623909
2.070256936593231
2.211284623803574
2.4017836080629555
2.4991982162159987
2.519179285415256
2.561545096308242
1.454025295884196
1.031479056371921
1.2733584295102445
1.1472644079437806
1.1405866326666434
1.5873191334549452
1.5064612160569917
1.4419090031707034
1.4994042892667918
1.3816728594409167
0.6710724204912676
0.7714852684632469
0.7501187591186297
-0.038479349896665106
-0.001754276544534792
0.0512330757611539
-0.04717890604969657
-0.11486093670703965
-0.017545677067120874
0.05456528468775098
0.29323891495637083
0.75960712345585
0.938480810772679
0.7289000301236235
0.8680989434371907
1.0233465781669475
0.6703650720269301
0.27979567189216503
-0.5153632567389309
-0.6882159123689777
-0.8796391521516255
-0.4805099930588713
0.8579840110496785
1.1214998461399073
1.3655952443195891
1.8762601152402865
2.105339716780521
2.0790095107746036
1.7201683274717308
1.446794189437072
1.1477290088205985
0.7237420668998249
0.6755747370211105
0.3036609888317398
0.04181046939651655
-0.05642560075849657
-0.01774056269450342
0.08863134598677062
-0.2743931370841653
-1.236440588382021
-1.594909211435807
-0.8511274611005157
-0.9081883992071577
-0.9522504455836472
-1.1033118526311425
-1.103885197327932
-0.9557796515141037
-1.0521542975686566
-1.3443802455523735
-1.5954855022091194
-1.717968459078282
-1.7462164443795072
-1.6416471713817349
-1.445666905976192
-1.4451442332432372
-1.4635921876327513
-1.4154425717132533
-1.2848153151723207
-1.4141015833284185
-1.3754080105558248
-1.3479242725117468
-1.1251609082049332
-0.8941584374152496
-0.8989461795888797
-0.9936328236965595
-0.9489299286555045
-0.997328598820493
-1.0911485893544741
-0.8953491986245594
-0.5184092829160462
-0.2374852361175316
-0.20721544129772945
-0.2758122764027538
0.0026377987400081643
0.1876942671397778
0.40715939817900343
0.4871490818165357
0.47544686470462816
0.5642683416365204
0.6272180697125259
0.6575602094662187
0.6919980227094987
0.7832223710987353
0.8222411898357807
0.9116984352157145
0.9719321323563812
1.0196561118328762
1.0209302054849239
0.9230027545246315
0.8543763583754092
0.7702810968671558
0.5980482009740096
0.6326463473510219
0.6598782682636896
0.5967280566648048
0.47470175279994303
0.45350895018906784
0.43544181960864453
0.426761493112273
0.46195278155236325
0.41369653153636177
0.3757946727910101
0.3460417594674828
0.34304468111945147
0.37043044097663497
0.7582131155211121
0.7052965249546778
0.6121387825911278
0.5274697569288375
0.5728265404883087
0.6874897163048004
0.6186047694096707
0.4154359052476641
0.3675971864100843
0.4071371575764231
0.40313190974821106
0.48612817025152577
0.6385442822114139
0.47145897539574777
0.21793259479205246
0.22712884122392848
0.19337314599028177
0.06905581019114931
-0.010661773302857546
-0.27039902535678195
-0.3878594347669125
-0.30462303468876417
-0.36505877672206405
-0.48553184366835667
-0.2991833930267733
-0.2151328306896109
-0.459411044650286
-0.3577539537931342
-0.28267882949204476
-0.4466300435045307
-0.48234884566211006
-0.6740734986048413
-0.5468702860513919
-0.38150529939025735
-0.15121330055857266
0.03341548329677803
0.1635501556711512
0.40104128649387716
0.7004278729779033
0.7000357949161808
0.6859921434699385
0.5612742718258429
0.5583017568297335
0.6404296955678983
0.8301336131285143
1.3943964315349797
1.5639710673782103
1.6239860506614625
1.9341350927179721
2.1452797462823057
2.1842220467771165
2.1636374097180617
2.0580677720820826
1.9493892777593695
1.7583257717819574
1.6501033915551315
1.5487175924162302
1.4778651982585846
1.3655088030128328
1.3652384953545647
1.3560964302579668
1.1069390683089704
0.7517088445557342
0.6715391865179052
0.6282220094340628
0.7281103447423907
0.8153419315846488
0.7198281680270772
1.1956817265287478
1.7210236452123227
1.1440758908637128
0.9024539585704738
1.1752820888913422
1.3572057569505007
1.4278265480152663
1.437354147861707
1.6279414208357696
1.0639441859051633
1.050485478365371
1.0848612218293514
0.9002540449727904
0.8537912284226065
0.9549706244177851
0.633703987147048
0.6727217116268008
0.7730609987963218
0.6988678984108371
-0.008249312159780404
0.054166230321525136
0.01872147636320488
-0.6182586371886525
-0.6459869732227325
-0.4333488090052164
0.18241246892533072
0.3074797412663952
0.6616788311623111
0.7086829506325657
1.0565807231337292
1.6344501562694906
1.743610476732926
1.5988358386161334
1.4916423136414818
1.3135471366460365
1.1716264556982392
0.8886202510420521
0.6476328812938444
0.5212119500666046
0.2720032094609604
0.5644153442850506
1.1526859283300412
1.0860315322331449
1.1774257010733196
1.2106167701839294
1.2325598976567436
0.9675562326386689
0.512404722468099
0.2692499233300666
-0.07254056780012291
-0.48963771918890975
-0.5353522343460656
-0.8233400019445164
-1.244016507347377
-1.3418501369923574
-1.3042968412101805
-1.3697891369842388
-1.6589047583023218
-1.9912748081112328
-1.9340597200647869
1.8572752446278087
1.8262481982852148
1.7730259828495942
1.8084213179987205
1.997745447530022
2.1900297985685246
2.0900405409481215
2.00151544834868
2.1070325239857275
2.2361261346192647
2.2484289599019247
2.1933172651286252
2.119466022128772
1.5418198908725893
1.2661628785092367
1.4843649039445643
1.4608971150309429
1.4613087509340237
1.549189110736831
1.4679995589803896
1.3944635468749247
1.399248668290166
1.3706154464493012
1.1477084790902725
1.267007011354722
1.3709398311226393
1.0510420043238358
1.062521247213133
0.9894110887788825
0.7076637517138246
0.5604679578928494
0.374017198457464
0.3706551886063539
0.3763818036071136
0.4675147991665439
0.5407210629779374
0.4771107009019162
0.5974702244431466
0.7530529854397796
0.519110454501942
0.3581454328686644
-0.03470264314948754
-0.12712143015781316
-0.2105246023813382
-0.0269812974400652
0.6618789971704921
0.8020389470325112
0.984787613000846
1.4944719736609382
1.7398292122936887
1.89099788835565
1.8117562675381247
1.6762789437558951
1.564874687422894
1.3978484469441121
1.3585089845832705
1.1448205917103207
0.9685122809944299
0.724021626636619
0.7052702092802737
0.7860869213025734
0.5799532507197701
0.10205436920369577
-0.0037794312738441667
-0.4504824225706122
-0.40097184009212217
-0.2457530621002964
-0.08353754001182453
-0.4157753861161353
-0.8552166810378194
-0.5461444297077668
-0.205704399726108
-0.16140785926417434
-0.31277786630335364
-0.4338569516429056
-0.48744822258512926
-0.561564016252631
0.2792395719024891
0.8655317718210448
0.7668627627584056
0.8655762553648391
1.0456814449114706
0.8261175680688919
0.9886479380045534
0.987451854362264
0.7430114534508228
0.8606105075410547
1.4523934244140908
1.4646133806123605
1.533463583798445
1.977926225529567
1.7732284967718235
1.5585145401864193
1.7100386973073551
1.8516510338982022
2.105246687379419
1.9860404585328664
1.8148004809321572
1.4658271709816926
1.282960640604594
1.4090155127457957
1.2160795222460643
1.0142160558108828
1.33600907451081
1.6616730572398475
2.2586542374573066
2.3635284982522453
2.3760086260053552
1.9964108338762165
0.6360852675399904
0.26829241255351993
0.11484099992018457
-0.38650352278208894
-0.6796857601974348
-0.7254391484526589
-0.6190192437854144
-0.5071968502485944
-0.33486600540929606
-0.08516902130922485
-0.08130363112089117
0.17066612088833802
0.33258936500916825
0.47972375324790617
0.4394985273240927
0.3650366743444402
0.741622566489774
1.672967254996805
2.04192805808184
