-0.22209525040319486
-0.16009025339449037
-0.0270181908409428
-0.15682560968709
-0.32668094199276504
-0.4469805385167886
-0.5751650957539207
-0.5338074328972009
-0.6512090651514292
-0.7870500086596226
-0.9400588826498149
-0.9234620648617514
-0.731236511029643
-0.4647988438467441
-0.4431077047861273
-0.3841415591480018
-0.3681982922310156
-0.3529572738787559
-0.22943633441892136
0.05738642709118162
0.5306551905799652
0.95991088451964
1.4778015397612738
1.6646744042859212
1.7733663248380722
1.7829520281696993
1.7142161373932718
1.7115981196577903
1.7596405867523344
1.675088373936702
1.5682831972445785
1.5357310450123147
1.440006091310532
1.3806382673778252
1.4053450069199316
1.1740300130330663
0.9132750164697876
0.9312491438020785
0.8309018602091662
0.812990287737811
0.7783037934069568
0.7023241726154758
0.6451855754072893
0.6685846673445366
0.7013042632900734
0.6766953859887634
0.6356582675086084
0.66393949349751
0.7183679978434919
0.913913113141217
0.8638926344375157
0.7479458703523186
0.807654534011203
0.7749518531129119
0.7340062359567773
0.6847170398318332
0.5232866056825544
0.4818829849243159
0.5191312627225981
0.6770716360390535
0.5752324625732005
0.31971731495747774
0.3499645809092156
0.4514528340155516
0.5586727700533412
0.6580942240598229
0.8372230015298187
0.89867970909154
0.9879807457232841
1.0494281832569912
1.13914054097657
1.2644719410995973
1.1655477655265603
1.1121206661201155
1.0611024707227412
1.0171592399897922
0.9975307964581793
1.043867200781064
1.1338801850486027
1.1890822740180604
1.1185358614369563
1.1313477740671707
1.1785129694452818
1.2360032171399444
1.3758111840890677
1.5263665112241247
1.835270244369728
1.9204634115541364
1.9294173040021236
1.9089622703763072
1.9292550045419414
1.9340591372401013
1.8907309187721089
1.788205499764544
1.6832630257551686
1.4707781907106547
1.2913710459621863
1.208083807881826
1.0083190143380318
0.8670696376847866
0.5661145699305828
0.38202921041691346
0.17852136400227003
0.04451871907231453
-0.004655704133809381
-0.11516674913669382
-0.2395719173322742
-0.3010399095114007
-0.3488747259688451
-0.40551884782684805
-0.43963217246146813
-0.41349154701301905
-0.44151403280256935
-0.39412870409473055
-0.3459158304473629
-0.38589715551842513
-0.3731422177443965
-0.3590874864013026
-0.3633368859806468
-0.3655646224874959
-0.41543454958101284
-0.39684594400532935
-0.2620548588746738
-0.10305709468017345
-0.04583196948744665
0.012817369198922745
0.10101088052568205
0.10024070258032138
-0.1916303543720232
-0.12048425420640183
0.18502357794828517
0.2794170233476297
0.2831388405996049
0.190407792470074
0.3035609194225621
0.5853207681019289
0.7584353051094854
0.8264342705100711
1.1924216840197757
1.3520968803561773
1.216098733987367
0.9445846790518477
0.7611644029364257
0.5162109422331081
0.2778338305722186
0.2878912192788058
0.23114279553854608
0.08172215747190038
0.019755053632285066
0.08550957450836619
0.123612581503212
0.16132541032571415
0.12777206706758848
0.13839062019078752
0.2266175765739025
0.2937426106556494
0.30248107948844444
0.16328978536494515
0.4054506231232869
0.6562936972549045
0.9678997802834427
1.2357344599707816
0.9282306909009219
0.9884929251590009
1.0508734876028483
1.024451059159253
1.1121228954709832
1.1811153463165525
1.235068003708898
1.5303280536716948
1.5629020559913418
1.5519344997796707
1.611505855684297
1.5510962983425283
1.505630834890523
1.4000466951143782
1.2543858454688641
1.2500365600618464
1.1036900864581938
1.0316752360535673
0.8714380957714783
0.6627526305938231
0.5481273528610889
0.7123732769118463
0.74162437184351
0.7616211030716348
0.8449485543926666
0.5720601017694243
0.4104904985165234
1.0976122480442299
1.7551688878448513
1.336248968359065
-0.9483571352960035
-0.7450643515568895
-0.7784213695044389
-0.6538953979013559
0.09447691960922427
0.6666737677664512
0.8116282657624386
0.8257793905920451
0.5982685423952261
0.5106328256933814
0.49592045358675707
0.4682695615944757
0.3912196238236448
0.41052819386776157
0.32018499440056847
0.4500650706670119
0.3987922605132516
0.5943742044893369
0.9735974236267277
1.0268609208657842
1.1417800143045207
1.1342861206833972
1.342580013044342
1.1673813177072385
0.8519639945628903
0.8363823266718708
1.0217165474355452
1.0292544723453327
0.7810820961208192
0.7447389085256426
0.543894420233952
0.14822125283411078
-0.0295327258261487
0.17893617016371519
0.1142237555661773
0.1851748374738686
0.570672169807891
0.7053949059922786
0.779126655999878
0.7638000002646094
0.5273434740854497
0.42587363682641227
0.4254821445961133
0.5982250096167611
0.5132225003757799
0.4853922711818785
0.36442765373188574
0.5488471437219877
0.8167869507267363
0.7952873891580735
0.9398454978931078
0.9798233273634395
0.9380085694280783
0.9680931731712743
0.923609500738927
0.7906059068767297
0.6802876920071511
0.5537563816107888
0.5490083903118487
0.5015287574123805
0.7134618228552105
0.9753456895858525
0.7188364150571371
0.6414643771468559
-0.31492891052613725
-0.3393026359192988
-0.5120682748494084
-0.39609483075021584
-0.07419933489909405
0.24972091442879107
0.26275784879645026
0.07476070157985536
0.0058431679066849405
0.037864293929583306
-0.15309157896972792
-0.22439677182113194
-0.1895024476222645
-0.14666743197160145
-0.2912465962512515
-0.20283981957253888
-0.11006553825902282
-0.1387340246090584
-0.17918560498683375
-0.1767233564117967
-0.004422566311442204
0.1783925907469287
0.5341612396921611
0.789536348920549
0.6956360240010241
0.7836366855575262
1.030588236380084
0.9830945102776345
0.8227165122936442
0.8785032247859501
1.065894281357512
1.226082269643222
1.440823344105449
1.5115177603619545
1.5829449916964524
1.6175415565790356
1.678471254472319
1.7903915762141216
1.779038434150025
1.8308065638565472
1.8310972904413738
1.7654587062401537
1.7109762118103735
1.7200540695011846
1.7054838269043167
1.5854422558893926
1.5956589028277133
1.4473513996774494
1.3613454513079715
0.898318807285126
0.12836349400016256
-0.011941899852724952
-0.03475446820936853
-0.1746403084045215
-0.36600588632484554
-0.48894332631131293
-0.5532909005550535
-0.8627482414826387
-0.9633679507680213
-1.1882553125487418
-1.0981172529273722
-0.8976969462939167
-1.0187553542301906
-1.0458371068526648
0.18471299668919236
-0.020190677683265504
0.017808283398348602
0.17405680555612874
-0.008222798614569904
-0.3301929750469547
-0.5873525146484979
-0.6047506890807459
-0.22333797407480543
-0.06083521732890748
0.05560869669009486
0.27872418552951767
0.555263056057541
0.648921742977216
0.5523597728792555
0.961894950132892
1.2383882064742795
1.108287680379626
0.9864241021102873
1.0422467099076833
0.9915964191626779
1.0521110183323776
0.7383710401638157
0.5635590246135063
0.8955117829650786
1.0477173579172845
0.8709226644132112
0.6559807147996028
0.8085641508875067
0.9342846532988047
1.0408613120410655
1.0775755532973395
0.6219407334100027
-0.2919185050449028
0.5313581144593418
0.5920308852596556
0.41598964671314625
0.35331056471490785
0.27560000691883113
0.0898056827499507
0.36383849072466123
0.4539134008642925
0.48803018359865724
0.4135693563652201
0.4675703943363054
0.5302738941285867
0.47946882837722304
0.5714528813879245
0.5933601604099326
1.0708429101677295
1.5772812992202712
1.5337038265344871
1.4265954537093395
1.3727663825825245
1.4384686654464853
1.514509277088591
1.3703932677817927
1.348989269826249
1.2018541771311937
1.0717251759826263
0.6687299619280314
0.06608703047323596
0.10615362764234078
0.25789485839135456
1.4880290061676464
1.641732035861539
1.7317081328374428
1.3838470496550923
1.3588850552727776
1.4918354791850525
1.4291182466338046
1.3249608892269265
1.1698407941614841
1.12868258957612
0.9414808328709173
0.702002506118822
0.7340303368083888
0.9463195413595616
0.706167426528884
0.32992292524761757
0.3902935063925699
0.41789069421572417
0.2996204176316273
0.37547659163012714
0.41691011039914244
0.5773971714640423
0.6683705080785146
0.756626232746849
0.6958680757737463
0.6531776147537298
0.6013062209383309
0.8317459699076482
0.8227631369429166
0.7785516986474926
0.6538609368901568
0.6179315388300924
0.8464178751268572
1.3230715560876238
0.825330202882522
0.6122807395950893
0.5147948795471219
0.5987463747175724
0.5796849765019154
0.7071861653936289
0.7453001425284542
0.7664484372609639
0.7623558692649901
0.6889089323223332
0.7087744109560525
0.7737420790197218
0.8074803391631736
0.7756126003235403
0.9702381356409626
1.1844625159372506
1.304491184706831
1.258014814321166
1.3061168891062058
1.2896015936590854
1.1548643841085977
0.9912529059174024
0.8580343514984905
0.7599456456375854
0.5474358091503135
0.5173350180201828
0.6705417579395077
0.7289081740857
0.5247756991967424
0.5805387387690902
0.7729834148311246
0.6030156038355532
0.23073251058457378
0.5905671947480027
0.39383108308079157
0.4169554225165027
0.7460368230509555
0.5894665011542475
0.5712631687611034
0.6360867582309434
0.7419605725802564
0.7173092389490842
0.5746595647847336
0.4005462913345316
1.1902583911430191
1.6301387190670402
1.7111321691619983
1.6844019425980756
1.633387683195757
1.4896817377824882
1.1639280598469333
0.6909454786983106
0.363823603228191
0.3378119005395251
0.3546188076113377
0.3010488527768965
0.37458064695016857
0.23648123421152478
0.23928850493834933
0.3209908493888223
0.27736637020100646
0.35481379371698984
0.34289960109272033
0.09812929256234414
0.701641250708623
0.9934767389204837
1.096267356015564
1.0393858465969419
1.1434774312027176
1.1454928334361838
1.0895798594503978
0.9314933415064991
0.9982229264804792
1.1028094114462579
1.0548663634573938
1.0934317683382613
1.2369891885772943
1.1281681413980658
0.9254875429806658
0.12873628835579026
-0.5757711698279933
-0.44137573277676606
-0.23498453049809112
-0.016894976161226757
0.164152389164721
0.21042873070285278
0.5805201772469407
0.8070934991171648
1.0335175447786775
1.3642356018749962
1.390033297766314
0.9973475504703652
0.8177818412569785
0.9096599796842972
3.7849417952256807
2.9716906782736507
1.8915653238493784
-0.29061936141397493
3.9512238067710297
0.2057392231224622
1.701053378061417
3.30698212542097
-3.2282887426520057
3.9493513704682623
0.48011465645974194
-0.6938452848851239
2.3380369106244783
2.332464491947429
2.62945563504209
0.7784417891136143
1.5541504209647867
3.029295995793451
1.4615026190425178
3.5678680865515315
-0.3955199067570472
1.954043919284172
2.7503091939667517
1.1581422967957102
1.1663713822487625
1.9261850329267727
1.2137101778482815
1.9147846849957748
1.8335083261449654
3.5639970918812103
0.7459786798640394
2.2307579957121706
0.22787775540882602
1.1071670137766847
1.4277402665285637
1.8080511857673096
0.72406996181901
1.2520158272118345
3.001010290089447
2.194539688590876
1.6949401862126128
1.750367516865104
2.4655984291989728
0.8415115656680445
-0.6359855604202228
0.4101769143907581
2.565791155306887
1.9489918521974925
3.018770176780206
-2.969122921819613
2.114879180991773
1.6014905531748542
4.343413222754852
1.8156753943042634
1.7165325214414167
1.8792646483787652
0.519169038114809
2.571885696861655
3.885930276626221
0.792567900821498
1.3845939870437547
2.280419193421561
1.4643018796152099
2.2249757065997793
-0.3136037537701126
-2.4053409414261657
1.0162451954807463
1.2178407641925213
1.8192389232314923
2.769012296963689
2.7950168993532682
0.3125523652596745
3.380267801742945
-1.119077526111851
1.098257750595658
0.9597499600554211
0.6575370860842448
0.6356913667048611
2.405312153185853
0.19028599173245567
1.456892071780703
2.474746599630837
1.1162939944090937
0.939200417798013
-3.429723459389504
0.5573743978565706
0.7277149106988329
1.000356836377374
-0.005400188987630772
3.1135450901956445
2.1375069872988623
0.2729698048267916
1.0700804979085368
1.0729517943501257
0.9981576116096536
-0.19464994252152037
0.9240720768967905
1.4917824536950266
2.047713714408776
1.3543363419686882
-1.658105941508279
0.8324928475620605
2.525253512504344
3.054468748937167
1.6357498235878487
-0.3896404937273054
-0.12642934927382732
1.0888985888595406
3.291172582239466
2.2490272547079355
0.7624312995863859
0.3109781706145211
2.9685632530874164
1.0619764356824053
2.6960159425285823
0.28402117465084625
-1.2215996908870215
-0.7735889533198129
1.7194960683474834
1.7110979769564043
1.3050000157307853
3.6043911584224433
1.2191670483286745
2.056836510280757
0.3970469720698216
0.720563148014996
0.6460944797070739
0.637180449674264
-0.4688727671945178
0.06155576290929672
2.1483910136507913
1.9607647957561078
2.560999342835094
0.8422618524279548
0.16591537886968222
2.1001633727527955
-0.734955572802838
2.977226729816998
0.46758588410265356
1.4373663311554241
1.6666220297890515
1.828841624831246
0.8914250104423406
1.8059044396959498
3.015592543923559
2.015641742668656
1.2851040043534745
1.6722767119668582
0.2920154956069362
0.8780174855824232
0.6039326825812747
1.6407528507215416
0.18497456254640018
0.2646966918449922
1.5905424741007108
0.5577464430110147
0.725054654440225
2.593706189127069
2.9056139187846735
2.3501358954520892
2.728760540634916
-0.2710519614927282
4.224761706028642
-0.759566827253137
2.2583313751777845
3.692422189717114
2.6359848171354354
1.0764856771937392
2.400963859316643
0.7109196168055467
0.49060833379319124
-1.002196874508475
-1.342992220797818
2.287233837797285
0.5153920126657271
3.2559904356583753
1.3776147829707217
-0.40984399424322115
0.5706523220491504
1.1839699288453451
3.127604083130701
1.7558256970790003
2.017048851033224
3.2416105933810746
2.750650445660389
-1.5857009177053265
-0.8220418066167333
0.4285171383794492
0.9183462495238176
0.36652788967527744
3.5080485712473233
1.3468588777319968
2.449630475516777
2.552501438575294
0.6551995082277234
2.0859037405814496
-0.6220957486731681
1.9425311055611056
-0.2655650179272819
2.48963554952593
-0.38702283140855637
1.3598024810404816
0.4847209135757585
0.4400746405246248
1.3937833352975608
1.945835379256627
3.3236760257092786
2.483680011314459
1.0262318767016225
1.5556712401050732
1.6406114051044398
2.13267526109628
1.2180372234355856
1.3795305032174328
1.4771554610218414
0.48146370911702896
0.2679851184017637
1.610099052689965
2.2667413254863016
1.475495641524874
-0.6708378266217373
0.9547942704177005
-1.0156562320707174
-0.275506684200765
1.6776744477991403
2.6023306523328604
1.2949537167642893
0.20777146084637008
-0.8710334969550824
3.093486062575111
-0.798585970490421
1.714790537509985
2.682986505443684
2.4899909738627213
0.6098268526513951
-0.1616371825310462
4.457983392671609
1.580442497729944
-0.041051516844015666
4.225240269800508
-0.10273018366736761
0.34742770773595977
-1.0275421853332318
1.5471446681691163
2.7289648389681416
2.3609919776841677
2.662140693033368
1.6599034829698023
0.9118521880887651
-0.3042909553008331
2.498460606538022
2.0773605330775684
0.6124955579224797
1.2148837289965613
2.1005318988913944
0.45614728839646596
0.8374250334626075
0.909509087893456
0.938279613866218
0.9140814896329166
1.1185659914581012
1.2643325560102119
1.3913603553045382
1.4712240320848975
1.4088307078852815
1.6404855587256006
1.7226889137340706
1.652351910824361
1.652003461899349
1.4736461271402377
1.1669873864606017
1.260945952820945
1.015603090988703
0.6102354874919564
0.12624294736608047
-0.3613781294717104
-0.620920847566542
-0.7840432793662033
-0.7641975543066689
-0.9371950147668922
-1.0157565016847827
-0.7305745855197965
-0.2240052313059081
-0.029332530821322034
0.2599682539384491
0.3986456635540674
0.4460950196685234
0.7235064260491829
0.8389631132758799
0.9285725100959102
1.0435058085589812
1.0536120066648307
0.999676439450958
0.9885078548875815
0.944259963315051
0.6976521755273903
0.5095569333817659
0.3277497429860754
0.16300576040772743
0.1345986474456503
0.1295125223411786
0.5280515270641417
0.5060096744467142
0.4848194457093602
0.6744602928308566
0.7861268804036246
0.7559073554019166
0.708582871887881
0.7478633038393885
0.6900516059838013
0.6620387343352188
0.6359635580759709
0.5541785480738608
0.3621489069794627
0.13666666779295786
0.2191167153308798
0.2026069036966966
-0.0708774207486596
-0.3539278517372401
-0.3426659855601773
0.45014282071048123
0.5882682323189632
0.6733890688024724
0.6860351491468543
0.4594924088137429
0.2966463190538802
-0.07639939849381225
-0.057468847041342565
0.3106194589128732
-0.11582623115050189
-0.2757483951427476
-0.23168999580085986
-0.11080250758647596
0.3452707498117954
0.9286857979927067
0.6706141618099608
0.7672440872060531
1.2886818969595464
1.6383166132039866
1.5471984269731895
1.2727540352917162
1.0100303695139115
0.690870417561129
0.4953586705825393
0.5119837332896677
0.07650295360465428
-0.6380126398556315
-0.6251997757512685
-0.5910281360437992
-0.1290080776758814
0.24544632903249736
0.8323552106324309
0.8455357144472828
0.8928172819578821
0.8939039045265887
0.8074348921445078
0.5248629215650384
0.435886866479009
0.47077939025944726
0.6461325108998234
0.8677616519623645
0.6014544484860093
0.5668806248974531
0.6654216175061819
0.7584278241390969
0.6401588363026187
0.8723402217630842
0.9462049498908002
0.8221689946614803
0.8272166234776508
0.9588968484724864
1.0802765148917342
0.9521530147657226
0.9224786857411845
0.8744223362800007
0.8569784142483412
0.8479327635848158
0.8374211050962322
0.9890878135519415
0.9739936736455519
0.9228415916893364
1.0126745709981677
1.2261636804757359
1.3130691905598295
0.7503235919989725
0.714580738149139
0.7407763743968713
0.7023849562345759
0.8512959898712671
0.7884223003142706
0.7875745835190401
0.9838777376932015
0.8852066856268773
1.0851313142272805
1.246289156674736
1.1780021551861708
1.1640046684306498
1.4494935252737955
1.1624921624501112
1.3451207741139342
1.4379585242243047
1.0543469180840506
0.5865166391733113
0.49366843303672175
0.7255017100178717
0.702988885046068
0.7012099524880155
0.8213848535367126
0.5688896648584763
0.4612049441981665
0.7430232453395451
0.628361797884086
0.8045489610633997
1.1986120726074292
1.308243720914784
1.4467872832157007
1.4308314809690392
1.2099635752065663
1.001730206198103
0.8870228756869948
0.8096820780859443
0.5324206990595306
0.20642864753359794
-0.06793563994146991
-0.34606006825330665
-0.12913841401010537
0.06459853054930724
0.31256290266014775
0.13805955005890858
-0.37073094005987073
-0.6162686441871317
-0.622237023266995
-0.32465431765875613
0.10632064330104547
0.3057415999875838
0.4326956326888334
0.5392129819733154
0.589424335762795
0.7670243771889572
0.9263422523863936
1.0158105783416305
0.8741551857485538
0.6069818416555418
0.5018586098675192
0.4105626077992738
0.43163287161560854
0.6864083929245381
0.9107470207165629
0.1018746662466236
0.1297428210285678
0.06185559169461005
0.12749231771742545
0.48007693906195337
0.6590547376582364
1.1072031431391414
1.1809106823464592
0.707808164168444
1.2446194914555324
1.3837142260302857
1.4477428074068743
1.3439153900238325
1.3817093843878605
0.6017813588216583
0.6848555658386093
1.2179424806895436
0.47548234629570857
0.2992153323865343
0.5357462021815359
0.3033350775743573
0.09344940947865019
0.22645897434253173
0.5621158549632368
0.708899738098625
0.770704506585362
0.48405984597044127
0.6802101510121862
0.335912997082144
0.1665137777738477
0.39542946836662174
0.5377731245580607
0.4459322228749503
0.3026738566810842
0.02014363031320737
0.04474144653609066
-0.05762597079716464
-0.0571693294482786
0.15450438906821332
0.046522086496148855
0.24242276399251694
0.4279927415850392
-0.31370423635683176
-0.045696695011680034
0.39587617775187267
0.7609866376875395
1.07165949551455
1.0286038177961816
1.0557935105703733
1.3484325880428338
1.1101652048020003
0.7986232398451708
0.8179649750606925
0.8974954587343307
0.9863574547145529
0.9287959464377534
1.0321108444727465
1.2676636948336566
1.3628424054530905
1.3203036943372115
1.0124471112519469
0.724524852223576
1.0640296626063372
1.0217782212047284
0.43259210339676313
0.41568868040360396
0.3545888071898013
0.2913491790590445
0.2616297051220873
0.10693830473629101
0.12057869130830565
0.11941800938515018
0.26226884491069996
0.31816341332432546
0.32776714189800016
0.3139593513350587
0.34837139339817275
0.5364151824616171
0.48351162543661697
0.49975798574243185
0.4122762520821046
0.509658767867536
0.5264776562860174
0.5223971207608005
0.35132464840085503
0.30348879992734545
0.4243523776621479
0.5435497941003644
0.5807061795533481
0.48069409110080624
0.2487804553380251
0.11223073150340585
-0.08915145496377863
-0.24932540837073516
-0.10013667411366729
-0.36926746292523277
-0.4437615241777764
-0.3162535695306072
-0.15133098417871205
0.06395850414583704
0.3431269384176247
0.6098741394293045
0.7549448724453378
1.0446363258677933
1.255946588343691
1.3727584133546389
1.4570669052638636
1.4031981222855083
1.451532161763363
1.5737215976044794
1.56908238947165
1.5472215304831842
1.3262075794867718
1.2963250990664972
1.2592013167098066
1.1540212654961013
1.141006125972404
1.1433310416120819
1.125131348471475
1.0455440997658727
1.071533479725309
1.0863943103672393
1.16772841438366
1.2034033461799454
1.2144093219569176
1.1371143214465707
0.9274202663623328
0.7253078878401052
-0.04106860013613021
-0.10479813775590713
-0.12340510920526492
-0.08189500598920876
0.000661995957996275
-0.04293111705556205
0.15093536003211563
0.27353243468603883
0.12868042100216462
0.25548441976680114
0.24369535368526393
0.06191457351528545
-0.2889597558980948
-0.46749699018070623
-0.8317974534799757
-0.5078049234554104
-0.21434892907454614
-0.3356818177029118
-0.29906884485759466
0.16444872100981756
0.5518643979585433
0.5868408250673847
0.8952402534545801
1.4007718097456867
1.4689195222265048
1.4387539679514696
1.368567945231647
1.1227155840911494
1.077160246416824
1.2972600236443734
1.4756887839164419
1.6918524241612654
1.7079274488249583
1.541475753149682
1.4211116998471316
1.4131712088889052
1.4740212243562771
1.2669105874196436
1.019649586241975
0.944564606865056
0.7713171860677421
0.9003899413794838
0.9921340731850488
0.9500946294893123
0.8008202490425657
0.5202881790936774
0.2812317630565708
0.19114801590207414
0.004697294562321976
-0.08830650646765074
-0.23477524849789697
-0.4033956729598757
-0.37508902158348206
-0.3165066861309023
-0.23024337839185538
-0.23154208891449568
-0.16434664071841606
-0.18976818959514374
-0.32441697871381037
-0.4319188941406937
-0.3905026613418209
-0.2629723555900711
-0.26958848603278124
-0.3477252372177861
1.0179227521013645
0.9713991398094493
0.8680196210539749
1.0440163210945432
0.9300842113771928
0.9059195261547716
0.9614104312767886
0.7721579334243863
0.49888030502727165
0.28294446766597736
0.23559937200749395
0.3848282488477466
0.31427669915447565
-0.01899037184245393
0.15736497482504563
-0.2552477598506252
-0.287388026204439
0.08582395643371411
0.6791035955052132
1.2606654162038138
1.302763863762631
1.2315403413996464
1.2577313844221727
1.2910537420111279
1.5086607026474061
1.593347700327923
1.4990711849477436
1.4737986992255139
1.2100230119927595
0.5738364536785376
0.39114342712184214
0.5002793075989282
0.36108779534191776
0.3215313400915681
0.04890331849486137
-0.07649800161462611
-0.2694705083181655
-0.2491064682592981
-0.03660488660016986
-0.05911418209710357
0.00814358883313505
-0.45419568291892154
-0.48543044194254265
-0.4458305209183379
-0.5009910164534338
-0.35579175465486557
0.08328515505348684
0.11281249309068413
0.10477471292747605
-0.11388285004347905
0.011369841074385717
0.05960988568576527
0.004694785152051771
0.08504748322648847
0.05437645243174858
0.09525814163606239
0.17298773603327736
0.692894604427789
1.0837806711706908
1.0525334016130055
1.2005355713859285
1.4583233234455293
1.3645028254864695
1.0059926804020816
0.05201427866807271
-0.018216781205902737
-0.046071876595927104
-0.05810718948408182
-0.10734380665704343
-0.027526730818505447
-0.07059165988643365
-0.3060428410105891
-0.4447061734803014
-0.6216443134249094
-0.6989401489875945
-0.6967750782107738
-0.6825712394363187
-0.9015393347599436
-0.7598457045253751
-0.6612259997942103
-0.6887717604265688
-0.6678166574866918
-0.6355972207171302
-0.801608220403178
-0.6370309812502198
-0.3000504576886738
-0.39708899472264064
-0.5241901915870114
-0.5197971310954075
-0.42022226560328346
-0.23240344477968733
0.05255082723532511
0.36651701922498214
0.4599201207439998
0.216534134028458
-0.067879592816299
0.3640270987101541
0.510405657798206
0.6369462177389836
0.7192512300847255
0.8008372155464214
0.9222728112940675
1.0588660256111309
0.9270075354028213
0.9047491688760053
0.9283916979294666
0.9820353486792252
0.8863130193120325
0.8586705683255965
0.9749100410784874
0.9955616019863606
1.034028833017877
1.3996347780869127
1.2931541127821422
1.3132659683128765
1.4762054073490751
1.4582315230201188
1.3879787557015537
1.2575151920304881
1.2094414881614368
1.0515505552361566
0.907322152742479
0.70798668043922
0.6365048654968941
0.7233558447721853
0.6851480307096421
0.5663016464126611
0.5456731107064043
-0.10998927531701556
-0.1657780748292908
-0.18544773606093762
-0.2507499659661405
-0.2658088684486276
-0.22684349748607413
-0.36996091633914563
-0.2665950466253162
-0.14254182957093328
-0.15718867158252917
-0.2498583835886053
-0.08642905480976878
0.39293530918143516
1.2357036908179622
1.7136532636772785
1.3654643337261019
1.2921777466551507
1.083740323440066
0.5013461724634198
0.03935041964326215
0.022932237656996673
0.06911702887776906
-0.17706215661546743
-0.2787141240611475
0.12049137695351217
0.258089743488736
0.17918706672831877
0.14418773341021993
-0.03698859346597009
0.1209472299495934
0.06644089539156996
-0.17473574768506617
-0.1802902975590253
-0.046676952644062984
0.1918820515414284
0.25343303579700827
0.2318736142932385
0.35556791967277296
0.5369618520983285
0.4408085914555186
0.5340747527494278
0.836723116585443
0.7201953324600396
1.1113527115551447
1.2924405879677796
0.669429562523403
0.5972530267516436
0.64507934934791
1.0014611452574023
1.306990772630701
1.166123074541456
1.066015414847598
0.9694810965323606
0.8500292812900736
0.6350468284359606
0.5231041763180724
0.6820624281867093
0.7755458614772158
0.8540097885720642
0.7886431332443726
0.4930938462601384
0.5156926357584227
1.3789234370189378
2.0826241762562083
0.3224056673034709
0.3720892117964208
0.6486231606076606
0.4505484261068253
0.7127739697027531
1.1673605310229667
0.6910671490442641
0.3067234421554771
0.364508589504494
0.659442606465603
0.7961628857815153
0.8920300470034829
1.3360558584987408
1.2497920563588856
0.9330439244203205
1.2947242744282188
1.4399308358358125
1.0042537586018936
0.9971989438844946
0.9492708441780981
1.1479593419639276
1.023840095635458
0.8416270103209655
0.2331612148285088
-0.1473508239602907
-0.3788650722856864
-0.707687518659256
-0.6056982872630559
0.3051432083925869
0.9107885015123386
0.9404349928327574
1.2401053823729806
0.8356519136039381
0.8766535803107186
0.8928894422974345
0.6337990901722149
0.4911861508608471
0.3116154830542326
0.04764846864100061
0.7005486300320192
0.8837378555972147
1.1887005435420916
1.2674052014820576
1.4708542812641485
1.5041893855599708
1.4841387889022293
1.194982881673058
0.9886821858527697
0.14533431632598895
0.6524612628126948
0.6428632660311919
0.5098569540238909
0.5150529861572284
0.35420502618379174
0.3145372239487993
0.4777280754491133
0.26415604667194775
-0.12639684945870525
0.09234953484413985
0.2978485745028287
0.03165022630389415
-0.377087735204671
-0.4045626508948489
-0.2896443210356767
0.9677364943313836
0.9140337003030726
0.8706637696255626
0.940209500568094
0.6682049226978092
0.3713915306345858
0.3394349304395437
0.5105202554811561
0.9754537824808981
0.6650774195183312
0.5325687397708553
0.4022245402841788
0.27704573647677755
0.02012081083049583
0.5122493142747387
0.6981544324559767
0.281255517934078
0.9374364119954826
1.1020878942735355
1.0171020747834107
1.1199191318762907
1.3192805874816793
1.4405931716256932
1.4088811496200342
1.4350645701903895
1.5234175801497347
1.57998759483407
1.2177411483500125
0.9685953502227845
0.6517917065499736
0.4529643625464722
0.03325191869780729
0.18527529311380683
0.25105005051476936
0.48239178755672
0.6702918430519625
0.8225252583133907
1.032898212209128
1.0876070584088597
0.937135706195493
0.8811843927021595
0.5850431761603164
0.8470472939180016
0.4357973577645468
0.26605681393559866
0.4143445421705933
0.15665812824879713
0.3851373994280936
0.8736089502726203
0.5309441722269089
0.69599396721797
0.9432420774858957
0.9476528561128204
0.9348785562903229
0.8595874332593675
0.7597613457792225
0.581000193276342
0.24091731949729764
-0.1793219285469034
-0.22145819271238446
0.18166732565243815
0.2980120440943052
-0.10388954765343476
0.008081766812647098
0.6457941784436539
0.6954596930264709
0.7266592633052092
0.7737317279591869
0.7182831769551427
0.6545052959845542
0.8275738172905688
0.9050275618911672
0.7114327971628376
0.6308538271758847
0.6858413121579783
0.6574523634479119
0.520281591777589
0.4447474432951188
0.6815981040767874
0.6449243966562156
0.617079751612339
0.6686857567810456
0.5193673800412013
0.5614810289676253
0.5531450556805816
0.6076847891393505
0.600865245252025
0.6846250349683866
0.5750454611274596
0.7891623346372569
1.4856445882387426
1.58640463858475
1.5496469347581185
1.4927499537781173
1.3402332201668323
1.2585986884761537
1.4370906317751695
1.421245559204904
1.3647852802636864
1.351576661734139
1.4646241444858856
1.3999934885645278
1.3095620979952693
1.0850450295823395
0.8554905686644043
0.8858574088655922
1.0228041117925781
0.8874499113957381
0.6508907329048395
0.08999383703399524
-0.050350720666982235
-0.03602788611141864
0.08529847379923636
-0.18856515559751325
-0.19584077000863398
-0.12293394450514444
-0.10508412586713024
-0.08403842972737893
0.007522540419504361
0.09117925578999236
0.21410563135069338
0.44482058896911786
0.4572846044358219
0.3049276510341922
0.3356905542073741
0.6720285470766892
0.8888921174431476
0.8913227319015081
