18261.415997409702
9858.17932897937
8957.860730410162
8815.617769180804
8780.113801806452
8775.115295830845
8768.691555772453
8757.070997607852
8755.44782730707
8753.550974763388
8750.910138090208
8741.843711174903
8733.975069663
8717.940853049351
8707.98527522776
8694.865183352389
8683.829572102466
8670.02856516462
8662.949732492365
8581.770705207278
8349.250151614231
7716.774293206774
7569.563712327223
7528.725443672174
7491.137031696409
7455.811927960423
7419.991495216564
7385.18254244414
7347.65819172703
7310.336524130819
7265.983292607123
7220.969814459089
7156.260981025882
7088.825120946805
6947.597998323637
6928.859137635914
6919.345075240064
6899.457984413423
6879.225206638764
6866.699928023188
6853.675283896424
6843.179794266439
6832.0394747886685
6822.492055452259
6812.272638781612
6803.260100686483
6793.56613863573
6784.876913588956
6775.500341164366
6767.010237647142
6757.8264259424095
6749.455071560745
6740.383577180526
6732.075985164031
6723.063618299557
6714.781292185156
6705.794101576792
6697.510605775389
6688.529814047594
6680.228469273887
6671.247778787803
6662.9201647537
6653.942860540355
6645.587186827421
6636.622300764538
6628.241106668942
6626.498027548591
6624.399355379371
6621.562411903791
6616.797003259884
6406.605692542063
6383.4522803532755
6376.564426033959
6336.048055333203
6289.590436344046
6217.684655759245
6209.137906309973
6200.827031613099
6140.09509545108
6078.074762132107
6049.993018683031
6042.518442014944
6034.1005153125525
6003.1856769686765
5981.382683850887
5977.999092359616
5959.73728709342
5954.92872035676
5947.480652556231
5923.225058186563
5901.240579473305
5889.17097354517
5878.017378029422
5875.815869271658
5857.921964665311
5840.327850737063
5827.91108330841
5815.729548679787
5813.763062562049
5794.650578361674
5776.150535779014
5764.116874321281
5752.441260876398
5750.0791796790745
5722.040865588629
5695.611132434574
5692.031692014798
5636.498516171527
5630.933731133491
5626.291752319012
5620.504450628514
5615.891870968856
5609.932975072891
5606.141907600169
5600.275722699551
5594.858779911575
5588.604981750967
5585.727204109472
5544.160336757511
5502.912140545153
5399.742491218254
5336.347074824373
5328.789006527575
5327.004122214157
5324.399433181523
5318.240796573982
5314.370688353906
5313.013038116618
5311.383619817779
5308.68198698635
5306.312561600816
5304.86646156111
5302.96540222735
5289.655057324333
5287.695727523977
5286.260596831873
5284.299558409999
5281.969744824184
5261.546873234812
5257.212971477547
5256.070060846707
5254.831831764953
5253.421979920306
5251.458718611156
5248.794087232422
5247.467785485374
5245.814870933357
5236.57459567649
5234.6595410143245
5233.16722709579
5230.288663900945
5227.157822969447
5224.696524706807
5222.281082636098
5220.547979115328
5211.01882441658
5209.884645798529
5208.654259288129
5207.240989553261
5205.067587193673
5203.213578328868
5201.775292128687
5199.249517846304
5196.508063958217
5194.4674968782365
5192.688127342121
5191.25096778495
5188.520017614302
5185.385869880258
5182.94935168638
5180.213903515468
5178.188115156274
5176.4922268629425
5175.116372461073
5172.993983949873
5170.984746082012
5169.513456795945
5162.810685593974
5159.827190000893
5157.596451671066
5154.89786232618
5152.940306646883
5151.185780795305
5149.8265425751315
5147.501824316943
5144.37328295507
5142.039130150159
5138.762120349421
5136.278715695887
5132.586696547049
5129.566298259273
5125.351299487839
5123.868608292684
5120.42298393618
5119.330212509227
5118.162064774266
5116.85952020908
5114.71148842515
5111.107244958355
5108.295977295499
5103.575540283319
5096.10392303436
5092.029620842279
5090.6727776352245
5086.829800195806
5085.781177195838
5084.678122220613
5083.499867694675
5082.170658498038
5077.53878476526
5076.534923550202
5075.48794686919
5074.387020586381
5073.21170673999
5071.875706972839
5070.341515462292
5069.1727291720745
5067.863232541894
5065.841934405531
5064.704575472882
5063.47166557242
5057.059045639365
5052.327123148501
5049.716592513738
5048.624433541578
5047.469713773994
5046.206063723771
5044.832887856922
5043.683780211015
5042.432504229529
5040.970350154714
5039.824980386612
5038.585152773624
5037.01311239718
5035.874024496056
5034.650166694174
5032.458670778285
5031.3534448035825
5030.186672218944
5028.80290453065
5025.962621749933
5024.287907264274
5020.761541135915
5019.594619009211
5015.6439017885505
5011.019692643276
5009.810137643185
5008.613982083986
5007.331094470946
5006.128756441556
5004.937186234961
5003.798642687915
5002.5910556254685
5000.709889696738
4999.5358630884875
4998.3408093685275
4997.168419189352
4995.857665474819
4994.676702045405
4992.960974552081
4991.8056120398005
4990.519228742863
4989.397889337862
4988.245352028435
4987.752296005158
4986.662663924998
4985.5320045684
4984.284425516089
4981.4007255381075
4979.6872766114175
4975.507914694866
4974.353088985288
4972.112061227188
4970.953186451985
4968.549480604935
4967.322120430365
4964.32340215668
4962.434310886879
4958.027050932663
4948.517175391278
4946.709003051824
4945.620048766214
4944.454840907197
4943.377934309843
4942.28496740812
4941.179559252033
4940.1039817613755
4938.2061882732105
4937.13333541055
4936.56097041615
4936.0888295404
4935.00572052112
4933.901445822582
4930.244197767298
4925.762220783901
4921.8333624365505
4920.831087441626
4919.7924452289835
4918.717389916444
4917.622691306784
4915.362948122097
4910.947744561604
4901.245678825123
4900.241263598749
4899.201993298289
4898.139064733615
4893.448162136844
4889.8421190823365
4888.776519862886
4887.910962626563
4886.823301255039
4885.810192671731
4884.514572402618
4883.436050227334
4875.466453902927
4873.923507584922
4872.8706222707815
4871.626977440614
4870.5490971629
4869.548155216773
4867.570225997403
4866.572017788475
4864.828424264122
4863.809413579877
4863.3810175232975
4862.4722939044605
4861.399313927444
4860.379007378155
4857.9502577493495
4856.747782980479
4853.452410247671
4850.83183640269
4846.659863940505
4845.290330168543
4842.6396799048225
4841.5804528067265
4840.5417497799635
4837.921852177979
4836.8865368153
4835.826852660918
4834.793258385342
4832.694133689089
4831.647285557626
4830.594206291767
4829.500233523504
4826.546511179637
4824.569388805654
4820.646933785203
4819.677001071033
4819.198274851292
4818.1527301337355
4817.125126786456
4777.996378760096
4712.91511056195
4709.830775093342
4708.408525427859
4706.389790617458
4704.992468483801
4703.836494735738
4702.663802207009
4699.884139596688
4698.91866110046
4694.626161147185
4693.7213379664245
4693.050851038674
4691.562178698715
4690.8139890125385
4690.007376797469
4689.362713985188
4688.429057440758
4687.543854131855
4686.638889424064
4682.569643928639
4616.31095191538
4611.054923678929
4609.089226155573
4608.244682768332
4607.413257921036
4601.104378609356
4599.758211147966
4598.695903275015
4597.716721978557
4597.241474930672
4596.06656180348
4595.412780282683
4594.8087587006785
4594.048116524673
4592.771628020134
4589.760073336246
4589.045329904772
4572.5427434862995
4506.653768326694
4502.249577632088
4495.4770033097575
4489.667411869783
4487.142049384139
4486.039594281228
4485.1069969820055
4484.013289109826
4483.648663510248
4481.121241297175
4479.321068841841
4477.730247215547
4476.966363768543
4476.234910575709
4475.575717639897
4474.938562871451
4474.7356903933205
4473.28428420699
4471.951262873951
4471.727654921316
4470.846051479838
4470.350566014962
4469.901364127971
4469.389893106235
4469.22693441975
4468.209737567243
4467.656226483591
4466.9299482636125
4466.40916889124
4465.895988219545
4465.406794426946
4464.923602131676
4464.824486521833
4464.16262949636
4463.512578068251
4462.921787927948
4462.339906018461
4461.802947007082
4461.272882496419
4460.772834546198
4460.278356141656
4459.80383490576
4459.33398447882
4458.877877261958
4458.425707214894
4458.338987066132
4457.74307840382
4457.155076727199
4456.612503346502
4456.076250724062
4455.571823994752
4455.072606751976
4454.595082942729
4454.121991033764
4453.664061465419
4453.209996362071
4452.766855147631
4452.327085928833
4451.895385193395
4451.466663113657
4451.37077716643
4450.7751315075575
4450.186818767925
4449.643496852453
4449.106183857976
4448.6013433870585
4448.10153678593
4447.624274944424
4447.151345664662
4446.694356581853
4446.241180620341
4445.799605893786
4445.361444088469
4444.931932180943
4444.505484257356
4444.0856049155855
4443.668481550328
4443.256413909304
4442.8468526786355
4442.74978752019
4442.181434903391
4441.619696259924
4441.097841564066
4440.581493750725
4440.093391977237
4439.609986317116
4439.146367180868
4438.686851599923
4438.241557779788
4437.799919491556
4437.368800019844
4436.940984567819
4436.521128563623
4436.104292188099
4435.693579128968
4435.285633365248
4434.882454855839
4434.481806017401
4434.084901863097
4433.690329931987
4433.609203358832
4433.109825391232
4432.615584689278
4432.145705102233
4431.680260089115
4431.232006561719
4430.787669352284
4430.355851622232
4429.92755238452
4429.508630660123
