17984.50186269846
9749.965572255398
9438.897514615837
9119.259412340649
8976.917396451294
8972.161908104108
8934.096830221764
8895.27372043948
8882.525940557824
8870.62258258334
8857.932009441116
8844.524473581601
8829.296444506777
8812.628666424775
8792.716327910197
8770.324691860274
8741.132897613039
8706.892181032212
8652.104823177366
8579.977186975762
8458.17312346327
8427.753013761749
8394.540827385454
8359.979774049178
8319.993882279547
8277.488387865173
8221.801069132285
8160.441131212037
8055.7052348545885
7902.070068414564
7747.816031300271
7608.861873460346
7592.652566819668
7580.144924878063
7568.887303125569
7557.387271481835
7546.101256572972
7534.073725930878
7522.088858268273
7508.7737838704115
7495.380994270176
7479.466801737563
7463.281453613296
7441.303797601442
7418.514016464334
7373.811073845983
7323.790129335505
7174.02679902747
7167.597262055007
7161.614950823783
7155.750589617942
7150.232433600179
7148.417585395273
7145.030515305582
7056.936393123891
7051.19438272884
7045.908236456364
7039.243333788047
7033.343615580492
7025.624545243822
7018.938500304013
7011.326268170582
7004.707350263521
6997.225905045589
6990.686819971719
6983.33108188203
6976.865086352909
6969.633669026426
6963.2357899866865
6956.131093240886
6949.798754120978
6942.825378790598
6936.55779409209
6929.721859815508
6923.520132348797
6916.826676199337
6910.692324706524
6904.143611857551
6898.077436833144
6891.671387539272
6885.672069347493
6879.401915346199
6873.4652552104935
6867.320127305939
6861.438896538916
6855.405724738155
6849.570701475335
6843.637599079623
6837.8413540146485
6832.0002474866205
6826.263696907064
6820.397391458219
6815.473146437079
6755.530601242579
6745.855470731296
6734.790437566386
6723.061777444998
6708.863085473401
6693.534713086704
6672.91861209802
6649.9426584985995
6610.7574513289355
6562.346553451103
6435.153501258189
6418.213782715835
6402.224634339114
6386.6588010993055
6373.617240534579
6360.963402634296
6349.447020202237
6338.00933690396
6326.170237295141
6314.128614767937
6300.64831552258
6286.763229355504
6270.298318684535
6253.179995599206
6232.392859797801
6210.852390846997
6192.346527729796
6174.835788183107
6165.0084619641975
6156.252431072193
6148.130030320603
6140.053654421472
6131.576220248341
6123.026199866576
6113.830703482502
6104.523688752553
6094.235130861219
6083.78704500084
6071.733905656558
6059.434603327224
6044.118327517964
6028.356778684007
6005.19534407894
5980.815143902628
5923.3748385169
5852.238123263118
5845.956846354202
5801.511002166617
5760.156986741451
5752.6869448225825
5748.729999880219
5747.096014355373
5743.357579452827
5736.691514963665
5734.877787279607
5703.431247408473
5670.065209025581
5573.58555128472
5525.570830542282
5497.00548839504
5477.0765299268105
5461.717427490906
5450.517683169996
5441.436314498316
5434.536771711287
5433.280934265318
5418.029611250807
5409.303098707302
5403.185024166945
5401.0939392058135
5399.74098065142
5390.1286155496955
5389.455360564628
5388.360158539963
5381.027047389496
5379.230980310255
5378.61646446489
5377.71962999633
5374.223434322057
5372.324623561389
5370.974933847277
5366.018202747537
5359.499072370291
5355.768297095737
5348.415443565631
5344.318199693772
5338.000696024228
5334.147361491779
5328.083356687199
5324.3116350536
5318.7288233615345
5315.585238879863
5309.748191774439
5308.110068944744
5301.454312689707
5299.494321299357
5298.963146527939
5298.280823960641
5296.914692840934
5294.73498735751
5292.519562189701
5290.449109624033
5290.035834543198
5289.577120886758
5289.036527533019
5288.281678518011
5285.635883508295
5284.249865251305
5283.367000224742
5233.232123844374
5227.093521864647
5223.755030488269
5222.648365722312
5222.00571485859
5220.21426715055
5219.062867808864
5218.246777734884
5194.257268695042
5173.058646250806
5171.4911842514375
5171.098338320544
5170.662886440215
5170.1409292611215
5169.258660022906
5168.260911818623
5167.759424826529
5167.006799263082
5164.82510740193
5160.692092740421
5157.919085779249
5154.404481025612
5152.01173803664
5147.914499360314
5145.368096502817
5141.330588139373
5139.551780725084
5134.428145499225
5133.081315125261
5132.609888382418
5132.042857668839
5130.928995636948
5130.117675335001
5129.499471441009
5093.496068155881
5064.623269204569
5063.552110093476
5062.934448295698
5062.154945316265
5061.713341149187
5061.182982240231
5058.230624738128
5055.441026911902
5053.498340908354
5051.569679256693
5050.028403923435
5049.691755428801
5049.3399420192345
5048.968260681323
5048.565815489903
5048.065797239555
5047.577692454186
5047.137332061352
5040.420039786745
5040.05096055879
5039.6592768148685
5039.226397230524
4997.701595059561
4966.99605971253
4964.369078195327
4963.750636405692
4962.624202139099
4961.891254753166
4961.395645209948
4958.895827754246
4957.590617860521
4957.17804838769
4955.639850722786
4953.8915304920365
4953.351508436205
4952.959299454112
4952.302537905797
4951.952494888422
4951.626843465152
4951.17564972869
4950.834992008155
4950.526241341765
4950.150456614566
4949.832878614513
4949.379965267886
4949.0427642753475
4948.739404236569
4948.385042859115
4948.076495512939
4947.763117202607
4947.445450916967
4946.06610276151
4945.7402491176945
4945.406579769513
4945.067505750941
4944.733014613117
4944.437900475856
4944.124257132731
4943.826690085297
4943.531876820397
4943.230374776303
4942.916718139286
4942.603310884499
4940.002721030965
4936.688397480019
4935.790005525296
4935.4874437075505
4934.821237075348
4934.4844099149905
4934.161377559739
4933.82337607028
4933.008279693876
4932.5138430954175
4931.4491958630515
4930.606620456524
4929.491923859016
4929.167403867936
4928.893394057996
4928.53130923946
4928.251934043721
4927.964840231251
4927.684578194994
4927.402053491815
4927.1203048766665
4926.841192429067
4926.556426815635
4926.273728264213
4925.981434077103
4925.610561638474
4925.292845464013
4924.90038203464
4923.9462700490285
4923.25832700559
4922.5729850948355
4922.239340999167
4921.910684572643
4921.6251763117225
4921.3229161495965
4921.0222852225825
4918.629250500652
4915.760214892929
4914.9405700769385
4910.448105742
4909.636017940949
4909.348943854076
4909.008524104198
4908.701611705753
4907.645441799302
4906.4772908908035
4906.1674651175235
4905.558917376708
4904.727535580168
4904.396919012816
4904.086343100786
4903.759961936915
4902.862245958209
4902.2626790559125
4901.4522597517025
4901.121750027062
4900.810244520345
4900.542181666623
4899.809576021227
4899.435528746294
4898.4000081886015
4897.589638482603
4896.452242257717
4896.14207021629
4895.839553761594
4894.912858931649
4894.269985253698
4893.358394774824
4893.02973416699
4892.742914422581
4891.711858516095
4891.385279663403
4891.056423312549
4890.739691854788
4890.4927743677845
4890.214581031532
4889.9732805598605
4889.679312631043
4889.440037938334
4889.13936117504
4888.900535857625
4888.6003989410465
4888.362138742526
4888.062007567205
4887.824290233781
4887.524289089504
4887.2871193576975
4886.9872385441
4886.750616093213
4886.450866884692
4886.214792471174
4885.91517958852
4885.679653743585
4885.380182141819
4885.1452054461
4884.845879370309
4884.611452392952
4884.312275838109
4884.078399153582
4883.779375875306
4883.546050063674
4883.247183634254
4883.014409284903
4882.71570311171
4882.483480825867
4882.184938165684
4881.953268559738
4881.6548925233465
4881.423776229651
4881.125569792039
4880.895007461617
4880.596973464235
4880.366965769085
4880.0691069232635
4879.83965455699
4879.541973450372
4879.313077130784
4879.015576228837
4878.78723669849
4878.489918350491
4878.262136379725
4877.965002816906
4877.737779204093
4877.4408325475015
4877.214168121689
4876.917410380673
4876.69130600207
4876.394739080917
4876.169195643145
4875.872821341543
4875.647839772657
4875.351659790499
4875.127241055263
4874.831256992211
4874.607402092787
4874.311615453441
4874.088325431441
4873.792737626086
4873.570013563645
4873.27462591321
4873.052468934973
4872.757282671494
4872.535693945693
4872.240710215973
4872.019690955664
4871.724910824169
4871.50446228962
4871.209886739539
4870.990010237518
4870.695640178075
4870.4763370663495
4870.182173328303
4869.963445013812
4869.669488359793
4869.451336302087
4869.157587423345
4868.940013134918
4868.646472658619
4868.429477705824
4868.136146196427
4867.919732201936
4867.62661016161
4867.410778803971
4867.117866680468
4866.902619696723
4866.609917881367
4866.395257066558
4866.102765900924
4865.888693109991
4865.596412887936
4865.382930037131
4865.090861006301
4864.877970072262
4864.586112440182
4864.373815462814
4864.082169396947
4863.870468478478
4863.5790341126285
4863.367931420134
4863.076708851897
4862.8662066156485
4862.57519591776
4862.365296434127
4862.074497650244
4861.8652032799055
4861.574616433292
4861.36592960381
4861.075554695963
4860.867477900177
4860.5773149184
4860.369850716506
4860.079899632697
4859.873050651319
4859.5833114286
4859.377080360985
4859.087552956164
4858.881942562763
4858.592626927611
4858.387640035711
4858.098536122327
4857.8941756261065
