17984.50186269846
13658.269160292679
11400.276265170058
9349.23324638788
9030.187055951845
8983.556464639516
8985.9692212161
8500.69872971599
8120.614505513939
7907.759094473782
7533.071511556091
7408.699289778491
7235.850242747617
6851.366239840789
6602.486172740591
6539.644851120284
6369.982041974141
6160.548685809611
5933.055876370099
5597.216960173921
5492.540417148281
5327.008854174567
5215.368066089126
5135.008688516648
5055.067633477378
5013.634958472667
4960.9904048315975
4920.808701801747
4901.07438946173
4905.329699328872
4851.996849735706
4833.617920182298
4799.2587275709275
4783.987545235421
4763.055881682146
4751.870416546602
4743.22683528511
4721.220016467823
4714.570553106116
4697.741456401091
4695.7643584973075
4679.925667950558
4677.65766054889
4660.1590429186
4656.452234472929
4639.900770343169
4633.908776432276
4629.052299015541
4616.148426784065
4613.633087988723
4608.63910416763
4603.655119911551
4592.3826334771165
4587.929551270531
4578.080942183427
4577.01062754204
4568.023348538487
4563.609023367347
4554.119756775177
4552.700546896516
4551.3426381396575
4545.698780269844
4543.8928374437355
4538.112333745808
4534.363402343003
4533.210665561864
4529.290107449609
4528.09980735873
4524.986375138521
4523.400706485389
4520.918388279787
4517.909439506609
4515.166669449296
4512.746586457249
4510.591524083244
4508.248443000869
4507.615816008764
4505.012554258037
4504.474558790376
4502.236999108124
4500.323933845445
4500.092531097452
4498.193186655563
4498.017727780026
4496.346668721333
4494.832499662395
4492.925550454945
4492.0419751402205
4490.205759773889
4489.517124720704
4487.884719944798
4487.297837457447
4485.735284833801
4485.368455446431
4483.9599640176
4483.6911367681105
4482.435571224162
4482.225146831513
4480.636223872358
4480.147623295011
4478.935709876916
4477.908167799834
4476.924968352887
4476.905884567819
4475.976375019451
4475.135519828504
4474.162715880469
4473.255948663321
4472.410740265382
4472.132897096547
4471.3748382626745
4470.716341522058
4470.023158774878
4469.880273696733
4469.303636471313
4468.773862833867
4468.287304754896
4467.8214318690725
4467.377083787852
4466.920498626042
4466.875525066496
4466.423274123047
4466.372456798532
4465.975091247237
4465.599028030426
4465.241251463742
4464.8978710775145
4464.567921050184
4464.2601424352515
4463.962976022074
4463.672450307479
4463.656748034809
4463.35483522368
4463.322719809464
4463.058705010211
4462.804409418724
4462.555459260877
4462.285041826609
4462.254996198866
4462.021227027526
4461.793633941562
4461.575552965025
4461.360449698859
4461.150895425875
4461.0030920248055
4460.518759454348
4460.075022986237
4459.71013937615
4459.425256681651
4459.258854733287
4459.0979963691325
4458.947783617651
4458.843508036936
4458.550198556953
4458.321032662869
4458.182780845861
4458.051036182127
4457.926878388389
4457.807500244323
4457.6916725135825
4457.606933414731
4457.347237962748
4457.244425674968
4457.1094493198125
4456.444779726365
4455.847172687698
4455.8054020893305
4455.72238687081
4455.644956528591
4455.566722301592
4455.489134011949
4455.414960795303
4455.339021269672
4455.265876790714
4455.19664878251
4455.128723993249
4455.061776032209
4454.995568818768
4454.9280441364235
4454.860730398245
4454.795019553977
4454.729575754873
4454.7281600993565
4454.649248982805
4454.636651830619
4454.571309727283
4454.507287993119
4454.44346898883
4454.381070426929
4454.316531495405
4454.254565055576
4454.193498086316
4454.133328192053
4454.071627092767
4454.060869910692
4453.728151182316
4453.480400230842
4453.409782351921
4453.263985044276
4453.13889016296
4453.059688928596
4453.002403155227
4452.825032988765
4452.679637207605
4452.617364444324
4452.562314341018
4452.5101443712565
4452.459147357494
4452.40868202656
4452.35882720741
4452.3093363264325
4452.260372951024
4452.212216410447
4452.1643683985
4452.117085380255
4452.069979055415
4452.023282241801
4451.973852485763
4451.962016622781
4451.872996698677
4451.845775779198
4451.824627124705
4451.762159014201
4451.747805873544
4451.69810187643
4451.647312032753
4451.5982795200125
4451.550768549235
4451.50281631356
4451.455726814475
4451.407559108121
4451.359140525941
4451.311719480923
4451.265125829515
4451.218633012045
4451.172281010782
4451.12620689354
4451.0801621571445
4451.034239703729
4451.03224811389
4450.980558713816
4450.972692860448
4450.918220837139
4450.90841069224
4450.861541815617
4450.815431201531
4450.766810245684
4450.719079980541
4450.667821933924
4450.658363843546
4450.610820783203
4450.563834228525
4450.520021372961
4450.4766381748495
4450.433927758015
4450.39137731263
4450.349262998007
4450.307293261386
4450.26570836624
4450.224180200701
4450.182973439413
4450.139520318419
4450.136668646629
4450.094011185898
4450.0516832854655
4450.010343146165
4449.969018610832
4449.928141782491
4449.887312631062
4449.8469089983555
4449.804928016913
4449.8030944822885
4449.743362376572
4449.721680142606
4449.672051949365
4449.659131542041
4449.613991581094
4449.568786056567
4449.525132713527
4449.478809452349
4449.476008811234
4449.424689073267
4449.413648309286
4449.370447549067
4449.325877283818
4449.299557210389
4449.154682732594
4448.398242038378
4447.2712430948
4447.05791049355
4446.880292351831
4446.865868221015
4446.76049162156
4446.680830517398
4446.6244781258565
4446.5774765191
4446.516496440325
4446.491044333812
4446.438737519737
4446.424943420735
4446.378944512906
4446.3458265250565
4445.988800571467
4445.697825815228
4445.650491725517
4445.6090035826865
4445.534428382715
4445.516498586393
4445.461785876976
4445.40368092695
4445.387296976598
4445.333191947607
4445.319840184359
4445.242240383197
4445.189449159575
4445.141005082162
4445.128491536044
4445.0758867329905
4445.049271593991
4444.995427873276
4444.942077148511
4444.892136022589
4444.843800013788
4444.771283199573
4444.760227922841
4444.701127326056
4444.623336104485
4444.551568801709
4444.316172713781
4444.218843651178
4444.0806157780935
4443.965261431259
4443.863175567093
4443.807891348305
4443.772461842363
4443.718468931511
4443.665611384077
4443.617634766423
4443.573799704762
4443.492971255474
4443.451622394993
4443.40328316361
4443.3596579402
4443.321814284737
4443.2621080844965
4443.241987394319
4443.197346479045
4443.190428899861
4443.0961232158825
4443.038668255183
4443.005771370527
4442.899526521822
4442.825369624401
4442.778991604512
4442.738113535406
4442.697894990149
4442.6579479487755
4442.620025710193
4442.57001788177
4442.547267822688
4442.497428934665
4442.472119281984
4442.413953459563
4442.406339316197
4442.358387182149
4442.236693610336
4442.160470346057
4442.1289816615235
4442.063374638438
4442.041926662375
4441.98981130255
4441.939251239187
4441.892176921944
4441.883737479455
4441.811521454588
4441.795103235601
4441.740790428267
4441.65136440536
4441.6226909238985
4441.565046476116
4441.381296482786
4441.26075970774
4441.192918951943
4441.064260022306
4440.954829944016
4440.940922586313
4440.835104843424
4440.829034230739
4440.734646669049
4440.4387058054435
4440.387037946714
4440.175142992255
4440.114191781742
4440.057803383492
4440.044064990214
4439.998582004529
4439.993143397504
4439.941817711385
4439.9056602043565
4439.806147705533
4439.727188983838
4439.713757751729
4439.639924616774
4439.610665844198
4439.569285321121
4439.48358247842
4439.409910036903
4439.403857756434
4439.206363449684
4439.2006798345765
4439.013137856503
4439.010259847287
4438.967122030655
4438.9369957831095
4438.883050215467
4438.834643852941
4438.709733931139
4438.625320832576
4438.5845917694805
4438.500896288223
4438.463417688042
4438.434293630466
4438.378718953096
4438.328273746495
4438.317827781472
4438.250164947123
4438.19697563744
4438.148522730292
4438.110123509295
4437.943512907951
4437.897153817922
4437.845641984539
4437.775691148812
4437.70948481672
4437.701397520074
4437.643234778871
4437.604123487384
4437.564935174592
4437.563721755342
4437.5272592550955
4437.486860591322
4437.481845574779
4437.432363000123
4437.420710717966
4437.3797621828735
4437.377352011705
4437.335105371204
4437.332820883825
4437.291381711972
4437.289596368231
4437.247095880054
4437.221529027458
4437.165857457018
4437.118408644484
4436.832412870386
4436.592509720437
4436.55512848821
4436.500857703584
4436.478352939741
4436.4370066610145
4436.429496910121
4436.385065498446
4436.372000538854
4436.332214445864
4436.29259469218
4436.257396887993
4436.220128127444
4436.216526427823
4436.178879343602
4436.151339725444
4436.0805184810115
4436.015840957992
4435.846477259471
4435.699715086431
4435.683630073809
4435.49483849063
4435.398424543496
4435.35366558733
4435.308545828119
4435.249421260685
4435.206696209284
4435.168441067161
4435.1408054295725
4435.042004595739
4434.95560327629
4434.948333136118
4434.841644828524
4434.768931952595
4434.749720994843
4434.690026184542
4434.66018659285
4434.617400142656
4434.595381346168
4434.509614067658
4434.492160073087
4434.4232834707755
4434.383936076619
4434.348060988619
4434.299625672841
4434.271264546883
4434.2315545947195
4434.225586263417
4434.211855638476
4434.168609090004
4434.130096129807
4434.051521051256
4434.000550721889
4433.968281040179
4433.881525517283
4433.833386036552
4433.813514513321
4433.776082243092
4433.765294191759
4433.732558755596
4433.699140433561
4433.695748989555
4433.598196642339
4433.577129537886
4433.532910576168
4433.518397765793
4433.466681929044
4433.440332601082
4433.370262275455
4433.36140425278
4433.326698740564
4433.287356420745
4433.281531371584
4433.242638693807
4433.238811102039
4433.20343346442
4433.172783773116
4433.123053079296
4433.10335442762
4433.071720038257
4433.033009997816
4432.994848706634
4432.93869093056
4432.933329621024
4432.905346506482
4432.8460736557745
4432.813738474116
4432.778888846706
4432.774153638819
4432.728928954665
4432.713677885228
4432.673724023787
4432.666876282221
4432.6264315433955
4432.6209164167485
4432.585463153108
4432.551473418045
4432.518549879733
4432.486886393007
4432.455217736168
4432.415000601078
4432.408176559986
4432.375669605625
4432.352494828437
4432.299601709721
4432.250519809091
4432.151858139689
4432.059367564558
4432.0537730912565
4431.4916780735975
4431.343956026945
4431.271748853792
4430.61620627785
4430.590038805427
4430.55165134187
4430.544155777979
4430.512048837243
4430.4777869302625
4430.462607977142
4430.422720958656
4430.383505891234
4430.346345161344
4430.315800090914
4430.258430060631
4430.206920781581
4430.120288922732
4430.044511761817
4430.039259234459
4429.953224323896
4429.90607022481
4429.871261243544
4429.788451087709
4429.724229175308
4429.6902145268805
4429.687919534163
4429.6574108954555
4429.627273233092
4429.598205480988
4429.569881860782
4429.5407279488145
4429.529297986866
4429.482659784824
4429.4403500672215
4429.3586657995
4429.281921719335
4429.167727267091
4429.069287842813
4429.060587071744
4428.9512167252815
4428.92356886796
4428.859434184402
4428.82629664773
4428.820374508158
4428.789951352592
4428.760777589824
4428.73247117789
4428.704002650646
4428.703294966805
4428.675411880748
4428.647638115549
4428.612021105466
4428.605274965862
4428.599933111173
4428.529130541274
4428.500746767598
4428.484359374021
4428.453516944175
4428.45237640569
4428.422419919588
4428.394332701377
4428.368810435325
4428.335476772459
4428.303434964078
4428.254692526216
4428.22931338135
4428.199105050401
4428.1708623128925
4428.143635133115
4428.113434385646
4428.109582601295
4428.080162230299
4428.077184671018
4428.049670041788
4428.022328263581
4427.991446380388
4427.987445971664
4427.959873877845
4427.9325547650715
4427.90562033441
4427.87883399123
4427.8518230989375
4427.844387825037
4427.810790315417
4427.781006420696
4427.725802098821
4427.6959117204515
4427.666592974367
4427.6183639849
4427.601577248852
4427.585006478922
4427.553973321634
4427.529982810431
4427.474755972906
4427.424683717426
4427.317923284342
4427.218318129128
4427.16215292166
4427.147619412993
4427.119314667264
4427.090064872856
4427.074431212585
4427.030586494476
4427.02758690155
4426.9868745287185
4426.950098573778
4426.915243188344
4426.8642557574085
4426.815542489933
4426.746599013423
4426.739362576197
4426.681171295023
4426.628250543703
4426.593210031501
4426.564172909159
4426.56174826847
4426.533137849304
4426.5265985305705
4426.498275614504
4426.4912343874585
4426.466106279308
4426.460003081324
4426.424643561681
4426.41315891828
4426.406311398226
4426.356231874319
4426.3436509602525
4426.321913045608
4426.296506791726
4426.2940621447415
4426.268603363769
4426.267762148915
4426.243188846233
4426.220002205475
4426.196932279177
4426.173806312563
4426.150791142818
4426.127524301534
4426.1271397505225
4426.085938472908
4426.075848698227
4426.067446110569
4426.039085750569
4426.033622886732
4426.007533940258
4426.004954783825
4425.981501925136
4425.955719702296
4425.940315957418
4425.847239489522
4425.767524328003
4425.760805914629
4425.718579125251
4425.714511180948
4425.674278912238
4425.6730227715225
4425.634394274914
4425.607443849458
4425.576367424403
4425.552906017905
4425.501532604244
4425.48094092048
4425.461802571265
4425.438987041672
4425.416517864432
4425.394800482361
4425.373316651755
4425.3527204407665
4425.3319265509535
4425.311851897285
4425.289660765698
4425.287384482461
4425.266516777267
4425.259090706979
4425.222227548476
4425.200482025923
4425.177779721145
4425.177356094792
4425.156126254107
4425.134400300834
4425.132168090305
4425.09953729981
4425.088880234001
4425.065654904823
4425.063236652751
4425.038501941685
4425.033570495247
4425.010988802181
4425.007765190458
4424.975807807736
4424.972865858646
4424.94542682665
4424.910356278766
4424.899284369597
4424.875627250516
4424.844617150089
4424.831763035446
4424.8071151527865
4424.80573764489
4424.783139628537
4424.76168311451
4424.74099814569
4424.720776051029
4424.697016017679
4424.694954133049
4424.673779704957
4424.6516824996725
4424.630609641714
4424.604644239037
4424.597233311275
4424.576513678136
4424.573937370331
4424.548977097712
4424.538346646023
4424.515427906727
4424.506911573891
4424.475355337373
4424.465437236933
4424.444699133648
4424.413340342228
4424.39905321694
4424.377157944103
4424.373225198452
4424.349525954761
4424.346173546056
4424.323440692528
4424.320947057017
4424.298464938798
4424.286891231196
4424.260984882392
4424.234842739603
4424.2104905585
4424.1847144831945
4424.182973427539
4424.15756287062
4424.1371952273585
4424.08619970318
4424.040448076008
4424.035964393514
4423.729060154356
4423.474514830067
4423.430019576769
4423.408580450355
4423.407522412995
4423.388627140083
4423.370605857212
4423.35250050808
4423.334653475944
4423.3168468901085
4423.2994192331535
4423.280565277265
4423.279014515302
4423.2614782529245
4423.243983364447
4423.226460112499
4423.225370934081
4423.199853306371
4423.192251087135
4423.189581433423
4423.101815340887
4423.049832502981
4423.026522381584
4423.007109867225
4422.989012722229
4422.971584378622
4422.9544605124165
4422.937079754736
4422.934959960689
4422.913677848936
4422.908047882128
4422.891228282517
4422.874509008545
4422.858424387468
4422.841297093947
4422.840201268589
4422.821847582815
4422.8205489872935
4422.803730552752
4422.78541013482
4422.783906917627
4422.767266257497
4422.7487680210925
4422.745827831206
4422.729160523425
4422.727991460978
4422.709523192125
4422.706620583361
