1.7507171667531232
1.3067340295199363
1.4048088028950587
1.677966454829288
0.8259174841421691
1.060572516257877
1.4363270740064642
1.1075978996411495
1.0217212231776003
0.9729685691271943
0.7897364782044966
1.5876445894924829
1.4537618477405907
0.9426296924666143
1.3095501347796399
1.0170930681222996
1.7314464539784677
1.1880213144141183
0.9153711626257758
0.8967819693737491
0.916704451113107
1.7579791520162242
1.1694431746895393
1.3293725589063055
0.8624185607591108
1.2329029602550727
1.6550491238186962
1.1028228964830418
1.1941341619310322
1.4574942901494727
0.885133667329032
0.8716455548039065
1.6554616844549543
1.4500580662581548
0.9468812364531235
1.2697539613156819
1.014009875522458
1.0745741185094937
0.821401376555863
0.9675103871333722
1.030724776640961
0.9067052033553147
1.3917815196894139
1.7331281622804413
0.9127568823572964
1.7092223067691803
1.3048173523465265
1.400965223163871
1.6477843209917564
1.6310604593985576
1.0484731602194262
1.3390677962714572
0.9215056329390193
1.1023157672742823
0.7800428854398481
1.4740111648137617
1.2609063496283257
0.9528855371069485
1.228969925849707
1.4574731765962576
1.5725275978859843
1.421349553068876
1.0283110490762875
1.0604320735647323
1.6078137369657388
1.481468933686687
1.1755032703709334
1.7106442053441633
1.0715485166750733
1.416292698314398
1.1651419283256703
1.739919394762548
1.4096915776103571
1.3607145720409293
1.5176065729163377
1.5533068720209795
0.9243233215914018
0.8020860001300443
1.5039084472990893
1.4945916190203543
0.9270758763122814
1.552735817825977
1.515385625681497
1.0912249399044192
1.4928276990835774
1.729094862867897
1.5522247823324822
1.4286234161615499
1.3143880732164988
1.6373729521347467
0.7703599078219464
1.0384764542968536
1.596990270950371
1.6487177542326483
1.2711937079426658
0.9644591390471556
1.608859323578237
0.910613809157584
1.5515076369399754
1.6982915615781367
1.5823778819005891
1.3776251736908092
1.5294482677010266
1.1180098668723606
0.9880484523770862
1.3141699604121964
1.631550190943254
0.8759613998926977
1.556454497078687
1.246131133720166
1.0066372452924897
1.1525524238286509
1.0211089641576447
1.7463512407292612
1.5051386225529728
1.4426611901570903
1.7201725916480957
1.140365449518586
0.815617235575998
0.934384465605897
1.0069154742341155
1.5810097517335837
1.2824370020481108
0.8943975259995159
0.8543526059924822
0.8739079221609112
1.2977198562439742
0.8594128309351244
0.8485240983952899
1.2945705431737697
0.7731074205877833
1.0963044039589023
1.2182373866522518
1.4488441469477857
1.156714770781885
0.9750485996929812
1.4393659510310632
1.1782965130883098
1.164838541682236
1.6077316170984495
0.9339096060204534
0.8416316675395282
1.449125471823385
0.8203918472629722
1.1574593271479807
0.7943111030560914
0.9136157089323785
0.7840733527507431
0.9268343393045675
1.1985998907724684
0.8772904390610426
1.4575650792371864
1.3695933192559946
1.1345001505924428
0.8449904640424645
1.135653978395462
1.7018258627120493
0.8725738832671089
0.9858944270031024
0.7779180967729593
1.5791348233802363
1.0009325589811409
0.8871707431764784
1.725821344149041
1.4421283435613617
1.4157972624206911
1.1008937527770413
1.1689310999353109
0.8614914487503709
1.6481128831239298
1.4575225575669504
1.0033242195621803
1.027399149737325
1.3236216414997446
1.3449663168901185
1.3589518698375955
1.2233181835586928
1.3069465583466948
0.7753104061448732
1.2960556629909121
0.9705665519252046
1.4328155739653803
1.2657935238707914
1.2174952275232003
1.1604032098119488
1.4389006619823215
1.676139647232958
0.9008610904870513
1.2711004246807398
0.8921554265572678
1.6766678109715123
1.7092965474938304
1.584597738522732
0.8303250866476378
0.8596686786013616
1.3141680614410978
1.5161131321847954
1.4107874825703006
1.0221237112299313
1.6903147320875842
0.7710074171875226
1.2673783303583925
0.8141321072419632
1.5846017624985382
1.5226603282054691
0.8300586909194744
1.1381488539591833
1.4816575086306596
1.3737376752531103
1.360759864545219
0.9205301492426697
1.2024397862392784
1.4233444131992645
1.2182315679749331
1.549783024679435
1.5123406680266367
1.0632955218414843
0.7650458438219991
1.4012494208608595
1.186549654299957
1.1727462664875092
1.051798666142432
0.9376796885703645
1.0710419958765378
1.358706970028577
1.466759172826058
1.4584197418158222
0.9360564971160705
1.2079789697310028
1.3489390076155898
1.0886699954832284
0.9747739973963453
0.7942851043245023
1.6827596327746015
1.6169457691667501
1.3795334041905472
1.0832892185756253
1.5025060598842535
0.9910123693021026
1.482122085516865
1.6363100346884294
1.3971218202044362
0.9576899936998459
1.0460917972678039
1.5299189660328847
1.24908757631869
0.7914011027419873
1.2280495344452083
1.0216549352831543
1.1445820168159886
1.7185939792525682
1.2968154315839397
1.3149995889242574
1.642289221076787
1.6113874245378645
1.5656287971951124
0.7911254810098775
0.9676702893492598
1.3809890233191895
1.6527082754094105
1.6890267756599426
0.9432823689790146
1.1051089359781796
0.9829776547112693
1.211145111032117
1.5921467434298937
1.2099316652164485
1.276765440242219
0.8844492728140882
1.1903729383038986
0.7800943192815905
1.1259191846621928
1.0514928914921113
1.3625224970084011
1.59886989821912
1.1583084022057986
1.6188258783026535
1.7091139663846708
0.7782332122616908
1.5044738454908435
1.4285833271244077
1.6516423692127744
1.2806247673780071
1.1253621466899006
1.1367514010307826
1.3855071995040633
1.2909081730315999
1.6661525468875626
1.5685499109623557
1.204231872741323
1.1281515878881139
1.2181091440414427
1.549770785525328
1.5559257008039693
1.2094269123885373
1.1727279756819868
1.3700265511129572
0.8663975334131766
1.4197616847952315
1.6764645234409166
1.643989168467208
1.6855505862889206
1.4768928868076763
1.5850208815861957
0.8664575923053393
1.3458598699597992
1.156632786739587
1.0824276984297379
1.2376517779643534
1.6662646054993724
0.9143073406316086
1.0395996840829906
1.7066418498739213
1.120908940832006
1.566145177387523
1.014171445655546
1.4848430725104338
0.7968886052135682
1.2201923945749262
1.7235705499936258
1.2316137844155777
1.3542743368610108
1.1399365837818536
1.0907994096911409
0.979403354427507
0.9894491511830003
1.0637419300374207
1.2932326857520708
1.6322647934483827
1.0846471137318263
1.3252084306787044
1.2379805908478978
1.555572982276411
0.9643494097796891
1.5278116161696156
1.3792985984092692
1.6479711538123647
1.408541982872114
1.2917812356269578
1.5423452682684955
0.8263473921253054
1.6883084889847315
1.535622852119002
1.1925435828240267
1.171148308274082
0.7767640384802831
1.1724574682208728
1.4526907107405158
0.9082886290890746
1.2668403411471707
1.050626796223216
1.6014338006656672
1.2459867990276452
1.6574128571174072
1.275049464910005
1.5101445623156127
1.6729632971874655
1.1918069403760945
1.584380911860555
1.0303731347305376
1.3751108471580067
1.147267005671948
1.2687587998332401
1.0654808786496506
1.5457480719915089
0.9657881145300802
1.2534802593220706
1.7340465955671833
0.8261290915369782
1.7534374267365864
1.301008869821627
1.0555593906490728
1.756572369723484
0.9789676643975228
1.0250682273178833
1.0075985081258951
1.5250131321838176
1.4899860946263086
1.655428025578619
0.9872863958877677
1.737250697542267
0.7774094020928882
0.8319564224869074
1.0793609778434556
1.211857120609871
1.627824252059169
0.8595607906481921
1.0917357716732734
0.7659601855232504
1.1751857279373765
1.032725621566029
1.6089262473842165
1.451551992515936
1.3504638900716144
0.7637674233972648
1.4389589550321655
1.3940843358724926
1.433216955558805
0.9583853193140611
1.5130372761854511
1.6455902777188496
1.5905062116787567
1.5616044183304818
0.7902309624988679
1.5734278904276073
1.3146412983404316
1.7171436660881825
1.0456672434031278
1.5318885250052574
1.0118632470295064
0.8033463151518635
1.604784255460169
0.9030861191279524
1.5178869605176284
1.246257381908591
1.561474705121905
1.0575032339128836
1.1602310902912234
1.0094697518357196
1.5948406243347262
1.2931182751514687
1.2382147654686069
0.9371451989097762
1.0557514710486127
1.6539637450957483
1.6763218701090032
1.2382812717440215
0.7894930575950752
1.15381736844383
1.3615687638430087
1.595225924322425
1.4589819097510468
1.2640874171493193
0.758301730783187
1.7007179118575948
1.2454199778305994
1.045349573153364
1.5495342055881447
1.0930277030182147
1.4846144285446723
1.2224713083474195
0.9487780546830699
0.775260052632051
0.869254109199652
1.7416450891485478
1.2117923191691484
1.300898407707844
1.282452653686425
1.1595168745136242
1.6760253870709914
1.203700330271812
1.5180101039256364
1.052122037724564
1.560298131964767
1.5242110497522576
1.7108364642284224
0.8363864536605509
1.0171172495611829
1.2555129273353218
1.3698330231022091
1.347028601438183
1.1390570617348987
0.7594454047949726
0.997136679460077
1.0657722858710847
0.9696399681442148
1.4131703523345074
1.3966268387086658
1.1620536527397782
1.1081538806063989
1.2381351661369149
1.1132728076827814
1.4007441047769653
0.9087330783984094
1.4149002582796222
1.112322854285264
1.0229061744954162
1.0784313422040015
1.3193465285107098
1.1545001658798777
1.3118170458843694
1.29380222747258
1.3840850500653479
1.4906559262492953
1.0646213948427128
0.8065681770712774
1.6786843845480592
1.189691840154436
1.3677960021779854
0.8579233263852821
1.0442574119112347
0.8564028556670364
1.540007553117325
1.2538034643337266
1.381513999773763
0.8105676884890969
1.1006225089666937
1.354253406301144
1.573936669697198
1.6095207423003517
1.230328845767325
1.0417565331197705
1.4545003547751392
0.989540449241621
1.2022990214503095
1.4997966630221797
0.8197261885521886
1.3017658472875886
1.426127848554914
1.3305803688617215
1.4853892993278994
1.2051632065377018
0.9070356150172046
0.8647932126050467
1.1025276198346103
1.2964832097897083
0.9636681719763516
1.6571013989740737
1.013793922689235
1.526970908560083
0.99947209498486
1.3188027969454656
1.3485006194417997
0.9202714018536102
1.468295042021501
0.9189050114298465
1.1653064285311772
1.6093909865379668
1.6427710760539576
0.9945973474189113
1.2949280075174527
1.480041376123153
1.2525011253958875
0.8481473346528677
0.9512098786256298
1.1624279543890095
1.642512502219796
1.043999886459096
1.5202205645145312
1.466104366445827
1.669617114393497
1.1327750266878336
1.0762319751205862
1.3586547960419542
1.325666993413571
0.8953088561844803
0.8075758815176209
1.0982928312559768
1.5486818681348584
1.1111857396224685
0.82107409210655
1.336542521848692
1.0858150260645674
1.0957132123737974
1.3925513470010693
1.7549531159195615
1.5070171537814914
1.5750834753075709
1.496970620446925
0.9258042718551571
1.7575974891746204
1.5569407336584336
1.307910460770535
1.5106439038589992
1.1587455327182257
0.8618164765995208
1.2460218393909854
1.0663064495202594
1.2831235597502293
1.4186464326543449
0.8204183333846727
1.5325410592571402
1.2032470703907354
0.874158990974407
1.21546131675985
1.1322744444519
0.991781170996381
1.1154399661879808
1.342734688086913
0.9916415204269685
0.9521715972377249
0.9740482164641819
1.0903285646533059
0.845511175235183
1.4216339903053732
0.9033017049881831
1.355977120284034
0.8034041905597991
0.9741778438720425
0.7848311534771428
1.1035558425442524
1.3957039929138395
1.5771289858481001
1.3031881908727452
1.046483941680969
0.8403151767656033
0.8273170788793996
0.9043815232930673
1.7061051569259966
1.1060163627431192
1.3880768522619704
1.3270823912462113
0.8800832359218655
0.7930533470096076
1.6859101249764876
1.2447350663305032
1.0246044471068874
1.3166072077777422
0.7920559354856052
0.8051451943271105
1.2562729493547702
1.7292280578470942
1.2950679356544936
1.08382764101784
1.3430279387661666
1.4180161475294761
0.9781182707148433
1.7549419241421718
1.08906332290667
1.3754408648698144
1.064703013335536
1.6391988241812068
1.4012075734387814
1.0066742454887685
1.0537040138808549
1.3731686703835564
1.395086021316481
0.9253054152814673
1.7243451976101025
1.4237469347655667
1.3988640336959668
1.3247401185878735
1.4434448922765446
1.4079033208165732
0.8528891143652346
1.5780330764609585
1.5210149439997704
1.6858169777612462
1.680961111021392
1.5069549289447948
1.2647762600385188
1.6491599230413274
1.2309045567459023
1.2720166731196167
1.2908229554430066
0.9155765174283562
1.3827861432948405
1.517026865471367
0.9161516811703938
1.74685159430573
1.6688373986768301
1.32847276133527
1.4709344891619174
0.7784952334437995
1.638584689381644
1.3426954675689822
1.1684068311405416
0.7853402158877802
1.5527305069291604
0.7651867699082151
0.8991715244900794
1.733898585024623
0.7730648909590154
1.513766499909949
1.5555977478448733
1.2692469453042659
1.4563681781714424
1.547864986836006
1.189855056248085
1.7326600781405768
1.6516246691441605
0.8462363103806227
1.1412363786927622
1.6412839943249025
1.5221044196719595
1.3919066521281402
0.9377639764811597
1.7510060196188073
1.4878840005785388
1.4374928236603415
1.5921603225359582
1.0414313532852457
1.7510630861430525
0.9582535022535298
1.3103191833112295
1.364301630436398
1.626921433856619
1.0048491635227674
1.0819501155850575
1.038048947176396
1.0879461409744302
0.9081709611546527
1.6714720473042335
1.5319730631999366
1.2437156887312624
1.2803763599927103
0.8190807257458934
1.3706547032302587
1.312343108432045
1.1177586019640882
1.0061680210145996
1.2500681842234813
1.1423885682786832
1.545447719350265
1.3556495193699718
0.8374592855679726
1.1812918215546815
0.9483503651927374
1.4911259016778042
1.7380182149947658
1.1610725708661447
0.8111657667615435
0.9595636785693139
0.9353870720642155
1.5639923953486172
1.5557376826465075
1.001109114118771
1.5399790874492978
1.7019896959790377
1.6790016179081069
1.6039398846410213
1.0371339779390243
0.7857873710162923
1.1751613414330624
1.0405351907293845
1.1636559270733473
0.9197278701699212
0.9797204019942322
1.610045676298197
1.3877157905071347
0.8102838248483051
1.181426132879893
1.4940640813352952
1.083324511735679
0.8597559657289917
1.4336224899100538
1.0325068440479224
1.3633879785566165
0.935009510346055
0.8648349307233177
0.9069268342978996
1.4196622030385184
1.1011439794674582
1.624104415286551
1.0505380234077626
1.4034417231459828
1.0157102313856257
1.570513418043895
1.3171035897115513
1.1879503606801802
1.4333591348751222
1.6968782105421751
0.8617328275869486
1.4490970681817
1.413347738801537
1.1892195022884808
1.3335198766447132
1.048024261634286
1.2943311738686205
0.9730076846448612
0.8573416260447567
1.2653399770123706
1.6484641753003415
1.5195916181334885
1.6492197447461825
1.29769075468858
0.875562067981752
0.8104222689575429
1.2893882776716183
1.3318144123452362
0.980265292731403
1.5280334434940075
1.6695234028778931
1.7317291121546026
1.5594006233900872
1.2545715724636397
1.499892581883484
1.0900388174963327
0.7651172365278918
1.4755676165688851
1.2326321883967861
1.7254014058891562
0.9961193717049507
1.1160843287238604
0.7823584316739145
1.3090913819347614
1.4824105042282625
1.2922760635306705
1.0613351535457314
1.5792781498012487
1.3867815112546513
1.0201899775019365
1.0885531376258624
1.3319429512046392
1.526893599352006
1.4172677289366002
1.698927555304964
0.8976099495274573
1.5748203724704832
1.5245658102313326
1.0488813875190355
0.8585435542301144
1.204010406613799
0.7879612705451273
1.0268577920050206
1.5010156746385253
1.0459105918243226
1.496746655079825
0.8506811214045875
1.5759268146060363
1.378162067264346
1.0020204745962347
1.7163448938455406
1.4906970932714145
1.3581250516434997
1.471772760855072
1.5947284895874536
1.4499322832489574
1.3918554321173229
0.7620099329458255
1.6075144607016494
1.6085039808352826
0.9273088812849463
1.3173965078619971
1.6142388782761863
1.5561095070900541
1.1722762592191036
1.3767725382704568
1.6676580415776607
1.3871371000033845
0.9462656732518399
1.0614485178140063
1.093293412185592
0.956221218697599
1.2350956672321511
1.2634175987955514
1.213032352938673
1.0438596187869187
0.8262549130718532
1.0438818624629873
1.4355119510598715
1.2183959317938897
1.4074290767569082
1.2066197462837236
1.1874454283176694
1.5970805420256693
1.142015290935366
1.2522870796391044
1.051326147146152
1.2928586564440834
1.1658258824667511
1.0653269605084987
1.5077637638617625
1.493625372216579
0.9044733221106857
0.8048083639852073
0.9405994322861405
0.9217268238268207
0.9577234167405909
1.5568294379614631
1.7264926041629303
1.3485365058765801
0.7867224016184998
1.2707775157633971
1.1651329812405569
1.5225033275900213
1.0926337906300172
0.9658901354497147
0.9297341900807529
1.658289632928561
0.8719938544542097
1.699437007433532
0.997162618011817
0.7779851231386179
0.966660586487084
1.0244803930858677
1.2451734533229561
0.833863296790039
0.8679208708231353
0.7951522262422251
1.3099020382751003
1.3305915877765433
1.3742098634533548
1.5256640175945058
1.3248122141183774
1.263535569162688
1.6101533779847772
1.2844688371233683
1.0909123335425737
1.7028703528309275
1.462327782207283
0.961500569299365
1.5915657873930895
1.5729220480036514
1.5344471190468432
1.6722057874452192
1.0137236642278082
1.4991960846649226
1.5022548749760265
0.7986787562435249
0.8537729782234458
0.7635372875996362
1.2630329098298205
1.3953810005746117
1.5224171986570143
0.995489197960507
0.9494817060644287
0.76915499098485
1.380184968998425
1.5781159503563496
1.1341489438198396
0.8877298395309265
0.8168255849173431
1.481260892338081
0.7602926847945558
0.8838877200773342
1.6937253732465076
1.406031043156863
0.8070726974225301
1.1853604763498256
1.5330176601464642
1.2920171140340684
1.2640189488585176
1.6545607981432418
0.8489950685213877
0.8799684907529808
1.6954909546180583
0.8291493190032387
1.1530300281447754
0.9249420883215873
0.9803999153003949
0.8661873368210933
0.8796261632254478
1.2678752671120874
1.0802330895444678
1.136740278831984
1.4349170595885679
1.0356519007388667
1.2013265097344061
0.869340972852692
1.6940469797059885
1.2579113004264608
1.6453915551337257
1.487351149989966
1.5854430029764104
1.3849029412769955
1.406381788292923
1.5077533246931756
1.5377526561433035
1.262675830817406
1.5288345979262892
0.8149488472715062
1.0722776278155874
1.4832432304887817
1.476224696424923
1.1846516970418752
1.4657080444687527
1.7140010988064929
0.7755829099118445
1.4522689951143484
1.4806261968264436
0.9758180740433505
1.0723119405134938
1.0534488939250264
1.6287071974285832
1.6324117022529365
0.8225595838292423
0.9541084213590973
0.8653799278367714
1.3217184363579189
1.372093882655429
1.4016125452906154
1.6678717005321784
0.8698102146622169
1.6605696317204193
1.306184744694645
1.3212305993803648
0.9117272322942805
1.1041506034248811
1.1046731261002363
1.1796789478552945
1.2600000338661042
1.0858183982253409
0.8139863864220163
1.1220784768095045
1.5342775778080977
1.4773645987669224
0.8998682845477638
1.577937681273387
1.0255853856127757
0.8228493368017704
0.8632942626614439
1.5620486212029325
1.6947470448882087
0.8887291098333033
1.3281169045197658
1.2813740167590653
1.6329046939179124
1.7209549572826575
0.9993660721718981
1.600102820489556
1.5609790011957059
1.0731740061980584
0.9020191894673623
1.684614695526498
1.026865808694249
1.307623327231736
1.4895077674019728
0.793113320121104
1.5866822344910636
1.7123788282981627
1.4105180710282592
0.9278374841270418
0.9564433192719074
0.8549005339254852
1.607421149990524
1.247973532158
1.3095299759426828
1.3359459719430666
1.2130149146948173
1.69349223211929
1.686967308114859
1.149714864797098
1.2982612708792869
1.6676214688863662
1.6137245625050638
0.8740393580584156
1.1395314993755246
1.2635896684645536
0.8405427199339875
0.8236230756294247
1.303858174332766
1.7362247577006822
1.656633683731977
1.7277358879717313
1.713372855566849
1.2043060256780957
1.1564734749417325
1.3375189719810436
0.9265007324508117
1.3310947786272114
1.0431889041847386
1.7489588566431369
0.9544987391154621
1.32955310174547
1.4179821257745775
1.6537696915855018
1.149086466293219
1.5578241238630608
0.9729916405591308
0.9067822421227907
1.5913863473437022
0.8931409608747796
1.5074320054100903
1.4019684523509734
0.8588310942894865
1.128101882271298
1.6910426729567396
1.337865464024002
0.7999843285558947
0.8429187944545021
1.5886853069979097
1.7081552735372116
1.5396526970596836
0.9160303928607707
1.4038955362756822
0.9483818074511405
1.097691243774367
0.7789260863887576
1.4710323225197044
1.1013860068913846
1.4517719427726141
0.8991645845924244
1.6533697043934805
1.1701561858532028
1.2799923908081974
1.2362641624200805
0.9821730551822153
1.1458759015396567
0.8812874539297458
1.088705600734086
0.9921401922332117
0.9449203800804631
1.642012419089529
1.6054171096681906
1.392454046932708
0.8517434652178527
1.3266498407092822
1.1356673649940097
0.7663682443010342
1.4206678634766745
0.7930580703821929
1.1141471881681184
1.1517411279486067
1.2600544779250735
1.2005604458700039
1.084321838905572
1.1107642171220296
1.1917704262646078
1.421741843346666
1.7113116007293208
1.4598704181840152
1.0030294302202423
1.2335337071711843
1.6932257512441176
0.7789959724473065
1.597655190014322
0.9085692234923024
1.138706293705694
1.2195018304512903
1.5145871249284544
0.9774019526130989
0.9272643676744151
1.4911955189442505
1.046938181671497
0.8877633101217588
1.0048056589629444
0.8938255160853513
1.1540944611614732
1.251034974512278
1.5807639125923014
1.0702427347307928
1.1954256070496292
1.5120863651840475
0.972610353599872
1.5884785655381761
1.6775842414156337
1.3518757978240068
0.8030546467532592
1.2669089278178693
1.1534121025896495
1.38447853266162
0.7973700531490566
0.9900616497217544
1.5511396090365719
1.3876739161742921
1.1239651706348799
1.4171735731211703
0.883666065328904
0.8661533303666797
1.349808130933928
1.070463675317595
1.6058788746781811
0.8129693953971355
1.5596026363238678
1.5624835915477022
1.0339683936776956
1.477982671424353
1.1477972360952797
1.6498559582225925
1.520517171624506
1.4267035916997346
1.272735221071919
1.0374776307593703
0.9027204700883192
1.6213027772424744
0.787057488894506
0.8167671021089637
1.2577040936682398
1.6143667961471544
1.428708984915259
0.9460627798586897
0.957965911055849
1.0723697004738122
1.5473313342292823
1.3262819086545798
0.9577760869711319
1.6989783601831214
0.8636548959853165
1.481807548880242
1.059079759457264
0.918831846653418
0.9024791099049295
1.445287564992151
1.6801090383868997
1.7465284385789253
0.8588758986057433
1.0537867169109814
0.8845601918388957
1.113422246010552
1.473246265064904
1.4994303446015986
1.5686248634887616
1.1625990974800828
1.2877908644058056
1.6882238118256345
1.0202974410912435
1.4572324567472312
1.445127048592257
1.5463775409565272
1.4735354062614427
1.6650242600426206
1.7195259053286924
1.3073277397396637
1.486061245142793
1.4864850369119496
1.551803521120787
1.0235728399589603
1.3047092549067614
1.1368755219219056
0.7645151782258305
1.236775919348362
1.579230464823457
1.6074701922773404
0.8170114086767326
1.1381331545889888
1.41651347350697
0.8502639932716184
1.0651950594423025
1.2859440390403023
1.162127972465794
1.0968115076586789
1.659223641987941
1.1221563289451806
1.3131048128716662
1.3690769676743548
0.8384517558354605
1.1140268320219437
1.1529270720266274
1.3731129444903443
1.2276379785118332
1.4775560881484568
1.2223829381380964
1.396757197951557
1.3115832392853568
0.8329454416006616
1.268776355129074
1.543544981760987
1.3409871893161338
1.3115867842328273
1.2823463177252992
1.1426518735796827
1.0001937046319507
1.7147021386723282
1.1925362264543444
1.4628331493156443
1.1974385001151742
0.7956273287379412
0.7899608219169323
1.5475763107519636
1.1054763167012716
0.7867228389682505
1.225445850363686
0.8615875552684569
0.9661967924722149
0.8133166888064506
1.0818294197994816
1.0501875608932294
0.8512675637093657
1.389516303182733
1.4219167652829732
1.5678333980611847
1.7454168009842008
0.8588251004738289
1.3660944235339851
0.8510940285530829
0.78498515588178
0.9902631809049233
1.7500772082485234
0.9851303651333704
0.8068757717327139
1.7402490136613706
0.83026801640468
1.3602578936160665
0.815449371712969
1.4859711235035111
1.1420742582893604
1.1321320910666175
1.2754140504269194
1.2890923817267654
1.1952766961612902
1.5592121278288338
1.0824036231147303
1.2176054847612001
1.2738807067810418
1.3308756867754894
1.6299930062139172
0.9152941431582012
1.10976090804008
1.5814223275587636
1.3447641748764265
1.1715300924071672
1.064581085221298
1.095804120760634
1.603966576073943
0.8883006360195157
0.9991273286512578
1.6518184998662155
1.4042441343685665
0.8314141394261088
1.3658760205146523
1.2579515630798221
1.264179801257028
1.3515212838979946
0.9964755398916466
1.1039236032623498
1.6746471201180269
0.8880575299158632
0.9375148145143762
1.5013902052991446
1.5500858004124352
1.6448457007373047
0.8916766742859599
1.1970618698756852
1.5620232560872807
1.526131537707422
1.1469099115054666
1.3040936197900044
1.2121542210805305
1.5155417776288944
0.9300584377238427
0.7845310046599878
1.1720185183547425
1.1142197864348065
1.4676635153047808
1.509328350698404
1.1209978577509028
0.8156735322938311
1.1926175981687939
1.7420081861217023
0.9944087026879264
1.5107538795527078
1.5512498593777861
1.2690780530553154
1.393238513146963
0.9163481071192087
1.6931575781822374
1.7343803513800014
1.0776508963527416
0.8515549621298365
1.4975182191483394
1.6639534563108227
0.8076237056657313
1.1285315803923641
1.2885718727052768
0.9704789509485311
0.9503924791139158
1.501780827988274
1.1021949587920188
0.8867472118760622
0.9959517532772363
1.7454474828838027
1.5776496791656878
1.4606345869909485
1.22646061260189
1.0367963959483333
1.553599038904581
1.46257411416246
1.4053328211281262
1.2219463785207307
1.2143422748832573
1.439306211979083
0.9769035016871775
0.8952026121854658
0.9504647930320693
0.7622715773298728
1.1240035099644459
0.8060869013403781
1.4002643096143446
1.6339878037987
0.9679637076278936
1.224487726017516
1.5942043154667997
0.8952987370185391
0.8472982447025897
1.6431435973580242
1.6323300252084487
1.3171393583867195
1.0819755826764728
0.7674771708287236
1.2754963243386979
0.9412919337703372
1.6791499450254772
1.7453507353530218
1.0078725924517669
1.2140160418306059
1.0058452688324364
1.615074574886041
0.9580867657562534
0.8768193356566422
1.1012295920958046
1.6643052746667557
1.0218262979009116
1.3444422608189246
1.0797776169674373
0.8375331524123364
0.9515907479698313
1.2235503335015248
1.1562434649709146
1.224184862412015
1.127320691859864
1.0310533243789797
1.27362157810891
1.0782271252014712
0.7608756219906514
1.400502335920218
0.9827287895836067
1.3030259967368305
0.9573908242818218
0.9817195662618917
1.0073684700382481
1.4586590768531853
1.1776749054366398
1.2528842808148022
1.1688598072420195
0.8424442247893545
1.5801415764197166
1.524265997042054
0.8525087407545991
0.933930352741598
1.119656045436179
1.116457461344947
1.6230861802500942
0.9228308987069548
1.5702785966284556
1.5264492716808116
0.8667069322233439
1.7263125540070523
1.0342949787816587
0.8307805949976986
1.1113571616577078
1.3658797048000508
1.4210546410498317
1.540030702384993
1.5380426630639499
0.778427921074916
1.6330819856759575
1.2977873862304865
0.8202862460224684
1.5133894068904388
0.8569441632129974
0.8709049540134298
1.2022916594698116
1.150137429647819
1.4898994482030181
1.2592028412465364
1.4376253554854972
0.8289945539626288
1.028287269814626
0.7942760123096178
1.0783314900231418
0.9043680936320598
1.1748156196626316
0.9787516169432834
1.2364045381591182
1.2054503454437553
1.2524016727741873
1.1249780638389364
0.9050789740406968
1.0224479552977495
0.8700232397674768
1.656631867368406
0.9725564041476488
1.24555764678156
1.1909134748003491
1.6611333633996783
1.7039377207487751
0.9171290203277686
1.3167406708943878
0.9042859508600739
1.039167492762312
1.7003641839888841
0.8989067652123602
0.8277475260149755
1.705689451042573
0.8325209120733137
0.7742903341234219
1.6739980757879596
0.966978615472592
1.3270621552233222
0.8061465845500055
1.0084388810307312
1.341018274581657
1.1466915045143418
1.6230953664602517
1.426948973515799
0.9786090808279365
1.4180136358039592
1.6617043287686761
1.217573193511013
1.5617532086876476
1.1886741101222909
1.624475406980316
1.4140019256432854
1.4536466910794954
0.9342637558167761
1.3330387356601754
0.7719448284150726
1.157668189031982
1.4590425211344804
1.6191699686390741
1.5745693147326376
1.2653128241006997
1.7281990691852047
1.347304590476233
1.183649758536778
1.586402128095942
1.2061764584029981
0.9084170683774253
1.6612957567397153
1.743058551306667
1.0260944839260382
1.4928646145257192
1.470753630452201
1.5580326459209055
1.3233541254034582
0.9137392180965188
1.3336472995702493
1.3228213517189038
1.3214881552255044
1.7473724597134002
1.0753762065633006
0.9881312239347749
1.2103263996784925
1.7526122333965337
1.661021821301473
1.0417811282168292
1.6022836370626292
1.1090035169352879
1.645023519103876
1.611172339347791
1.6079869667262052
1.215499166894319
1.1834912440171026
0.799295769546196
0.9807381194357615
1.7092274875227997
1.082145521374068
0.9264651984705824
1.1073809656329068
1.6430945306711426
1.0498626956033772
1.4010138132820997
1.2479104866769433
1.3410473117303154
1.286580692397617
1.6924231050187832
1.5857340187629108
1.150627483444403
1.6652476197317374
1.6423575661691197
1.4641727501516606
1.5663266873171313
1.0379139275289573
1.6238459541456192
1.0619666588122993
1.5875598159075728
1.048307941588262
1.2237314689586138
1.707996294223073
1.2818311896393204
1.257602887573995
1.0563233907154905
1.6504979101892387
0.8603489800995897
1.5364024153229554
1.5481551174398613
1.6312008437538386
1.383112058858121
1.143064591372706
1.0239404202232616
1.026191266394074
1.0529940976493348
0.9639956940225314
1.7177970369443774
1.6682313895913392
1.5637949233735111
0.7915027697263538
0.8847818864644823
0.8390900788294976
0.9071440446658336
1.3801638470584514
0.9771057938775586
1.2360018864021056
1.7072674490242936
1.0885824901692722
1.4402257685668893
0.8406137887752533
1.1506947714160325
1.4993050325221127
1.6854095468783519
1.0996935279898734
1.3482158658135786
1.3937915617525132
0.8487081546731466
1.0293677168822728
1.1219882713586178
1.2829966377200355
0.9832891631385584
0.7945292303941641
1.41104421861234
1.5094473597226363
0.8644904289279972
1.2833556025552912
1.5631350163673985
1.5540419200673283
0.9346868634364174
1.1078395125045726
1.4782656493718616
1.6294765909957398
1.7520145141201753
1.5497672496670756
1.257642206178648
1.702018550457355
1.0722978968855639
1.2339044869909594
1.6083638309182975
1.6426894364659526
0.809589234006868
1.315486281956906
1.6626179466842186
1.2025669442011206
0.9311697203263546
1.412674693807838
1.4534015202065635
0.890647833066129
1.4229916394684905
1.4313529636499258
1.506666301078794
0.8804527886638235
1.0349654896126042
1.1869242624436094
1.2736580225603868
1.678443921526703
0.9890608279508873
1.7497770198752005
1.499160134950166
1.53673450857002
0.8931320347899456
1.7416229583418206
0.8107370944394774
1.6063337243433886
1.5151615777411225
1.1710393027695565
1.0301012734743082
0.9750335364637819
0.7889885667416848
1.0474979112956038
1.752436384518615
1.0903821030728833
1.3179397466299423
1.3191668389126234
0.9433012390839541
1.3390311745432737
1.5301292908743935
1.3795518434243748
0.9440426820158984
1.086286440335997
1.3460457636351066
0.8943687166609072
1.677785099426766
1.3849098965454243
0.8296161721510396
1.4847847630929016
1.6068291382704158
1.693334896437014
1.0333077110863873
1.4795886772440099
1.5802060168474261
0.861602722751689
1.535980124833781
1.0151943364930283
1.1631032947948714
1.1182197782295507
1.5418038618917276
1.0917912005514903
0.856179978668749
1.3833858568141653
1.4902885025633261
1.1072705088845187
1.6327214878401004
1.0912124174835558
1.4590458455459954
1.0868626480760326
0.9548610897163905
1.4555128139941504
1.1332515280407691
1.655633834992912
0.880239625568474
0.8263640574843626
0.8391888048511403
1.506684377999794
1.681409898278873
1.489429244736681
1.0259669346355251
0.9597240978520455
0.7590966366369056
1.466010636562675
1.7438327662568298
0.7764720784132021
1.5559656744288404
0.8308465433388289
1.5170095325765804
1.5157508732756115
1.1441134666751787
1.335643097093747
0.7768008831963039
1.6514616834398645
1.4542645025694187
1.0742893410666352
1.7571914568641218
1.0219822465984003
1.4401516704237878
0.9398875737599245
1.7287616397878538
1.577833153021631
1.0533879064946456
1.6548195336308167
1.755994719610007
1.7058930521392828
0.78641866150973
1.3515660719331553
1.5485668368504593
1.3925349681035777
0.9925585495291919
1.5814762808571512
1.0112657443825626
0.9400380057063323
1.0636056124589641
1.1033587557976587
0.8560592252466188
0.9097280864862068
1.3787111218330077
1.5741386572272544
1.0092830220197526
1.2939965342302717
1.0596835379853415
1.1141387660725128
1.4482787546167715
1.544341702298755
1.075361569656251
1.4996761852927154
0.9444727511142579
1.3533938738767752
1.4391591626968587
0.8198493849136755
0.8212390073721747
1.7013671819785876
1.3581655178023093
0.7842275726098857
1.2898961756457412
1.6857290302611148
1.467821332661752
0.8981881786984162
1.5555825641223788
1.3599973167584112
1.360718008822941
0.7819763476267849
0.9352800804535137
1.6158096985312769
1.6224769198076063
1.3474293996082076
1.0383475036710808
1.0134301488888293
1.1884777236895787
0.7665049899733798
1.3487746077933502
0.9248511692548844
1.595258698235186
0.8887435782737373
1.7010939058282775
1.163321624607982
1.2656481000022275
1.5787670885825014
1.3976700974871477
1.3554723868330467
1.1642883268796262
0.8683189137482724
1.356970791979595
1.143043443539726
1.6760361685176064
1.5374641766821706
1.5870086504123138
1.0294162795604267
1.484185251403431
1.5932035572324263
1.3111753767233634
1.3912114668322588
1.3460037144325538
0.7664981284220442
1.2405602382664818
1.7575716284959473
1.0379641451308081
1.6791370366339708
1.199678002989795
1.4028055233670782
1.1121713007031013
0.8915712093920289
1.2025298610178687
1.6547253054747113
0.868111444234796
1.3505045601940664
0.9627324025762766
0.8015270881386662
1.4950100668611745
1.1574275685912296
0.8830553191938604
0.789435329575358
1.0838018168843466
1.3941958244123878
1.329636147405901
1.482433487699232
1.1053118200630163
1.5877107129540047
1.5090008724948851
1.6067994535320116
1.0387638986765826
1.382687690603161
1.625998847402284
1.1990832129096942
1.407059628557472
1.3200953225309016
1.3294301521791605
1.3744277703978687
1.4887094823930238
1.1024861575327947
0.9391841850427162
1.5062898688635191
1.7227874230958986
1.504267860638568
1.6499127130779594
1.2184729684892994
1.3703962718208522
1.7573078423256225
0.9800682703290972
1.190551676264276
1.117426558895618
0.9948239071412152
0.7728473993703056
0.826853106783293
0.8291026404587406
1.1863999536078396
0.9244057023477553
0.8762617358442616
1.331893549398378
1.3782851812383596
1.318693990642136
1.0297340277118059
1.5007379902000637
1.166357297549335
1.29970545366278
1.5528201050992263
1.7493978524178657
1.2679856492403325
1.0129376634122478
1.1640142910744748
1.548750289614782
1.6838040949925674
1.2989862436812132
0.7634503039463423
1.4970571654607658
1.6618656977783957
1.3222190179132212
1.1941418604852463
0.8847841023183338
1.365371496294805
1.4907999053438918
1.507249252129791
1.0720502001128662
1.6697184826619558
0.9229431555927026
1.09932273191287
1.0051721495339982
1.3785774718315762
1.587500109337301
1.7144558773957694
1.4405875081731176
1.3132407816636076
1.712140300294395
0.8418098175119212
1.2257038000422025
1.4762634035771245
1.5782682156572738
1.7458923733171376
1.3900389414645193
1.4534770383709805
1.5604749727845921
1.575742640882145
1.5138747772120338
1.3044240023227687
1.2128149040552758
1.4895175434282542
1.2610851850134468
1.6490804670879147
0.8695098883095418
1.1273753462245366
1.4273080544055348
1.310472594424742
1.6100176229544223
1.2011457531824785
1.4530282953539928
1.1644334399223135
0.9295414387817625
1.2452864253761584
1.013652349992647
1.2017359103262342
1.6339464220509599
1.7386099325539393
0.9798987589772289
1.7374201785015044
1.4899278738204682
1.7353599130779043
1.380967184767738
0.7911801190210047
1.524856867174106
1.0344175187763012
1.7107033935270342
1.5955796833257847
1.1024260429893122
0.8306595943926923
1.216883831069255
1.7046484205552992
1.002976492774887
1.5567833389006527
1.1370937805626784
1.0708922645404404
1.0286199745463753
1.174722352695378
1.0144410425043144
1.2268117748103204
0.9160932792409022
1.271494278825715
1.4409602203762208
1.5981199601076717
0.984215005716638
1.1847850870736656
1.437166304025189
1.4603422907831605
0.9275324846701261
1.1366044051194484
1.51655340600922
1.1161530996872784
1.6131432385219235
0.9366873674167766
0.8068550026235862
0.8105630923084237
1.2205517926705078
1.7428633912808325
1.7402039946971772
0.772772545828309
1.3682492663727437
1.7503523470627878
1.158930994343901
1.1703063009150356
1.6522622482912492
1.2440650766500663
1.0820638885239868
0.7939124562951672
0.9688610526986113
0.8804575103431235
1.25278945755893
0.9996877752935182
1.7555784517842246
1.0558580283148802
1.559031610035301
1.6212650244556168
1.6133934321756733
1.6208119595927832
1.4739571050039895
0.7924745988519171
1.3664597758104713
1.0267441407173878
1.4793288692087994
1.5168148546863098
1.3987961381428453
1.1359664291894291
1.0862928778021126
0.8406612114336579
1.1939042580276227
1.0934631112054298
1.234786653046062
1.3975555163137814
1.3197906807071964
1.4859743206755094
1.5010201394249343
1.0091436143358716
1.105584997857995
1.6317421626199269
1.5520519694899608
1.082692678556731
1.3432864941275566
1.6019322688956472
1.5570839434614108
1.4675328268732304
0.8866504652955648
1.2432754015620298
0.9055874660514985
1.3227244838770982
0.785403169689324
1.1945997766729943
0.8728028166318333
1.518119251483912
1.2429976281006454
1.211786275953216
1.4382183260191599
1.3248781235146816
1.7570527548236634
1.5693049231232603
1.5215571771823666
1.4284903888819926
1.6722390756413525
1.0340360339095096
1.1903072005277835
1.4596422829588054
1.7185114672724309
1.010771164272431
1.6445019529941596
1.39766222744015
1.6645768568125212
1.588525886148013
1.4456502992186362
1.5406689672262424
1.5842897077200289
1.4589955624371116
1.126774536257609
1.2796284028733163
1.711124117963958
1.0485134880006608
0.8384631059468446
1.468422688785715
0.795800278873972
1.179709538886736
1.2607000385410128
1.5960973116826342
1.5855523717992854
0.9739408463514156
1.4426708613549535
1.3666180463614386
1.6257946015801346
1.1882829199887754
0.9603215574806443
1.45742704896126
1.6542964752512663
1.027011960340157
1.722905637523228
0.8234519914741126
0.8418762992256149
1.477737533351216
1.6302546460531375
0.9619885347592856
1.7256150371999022
1.350161579017189
1.095106082097404
0.8539430426376649
1.382130400707048
1.090424832470962
1.1279793587021112
1.6768160260607803
1.082631951421831
1.1535697633817745
1.1044550182026087
1.2074051979163143
1.5093564227271234
1.431260442196778
1.396252573369112
1.4034830628072397
1.3133903373213958
1.7400355102637586
1.3296639017437581
1.2747739026463218
1.367257430385302
1.393717231355923
1.2263484412058012
1.4307202686394216
1.5970198198497911
0.7969894608431161
1.029905997921793
1.3706836313495099
1.5212388454810877
0.779478937879588
1.2435419209815957
1.7123205147349365
1.427391742277399
0.8689000917370393
1.46998050116818
1.4618709880025305
1.6912300013246933
1.0318357745990046
0.9737691247866014
1.5903892943967999
1.1143173185378874
1.4499574521158112
1.6547778686260521
0.9874512005909589
1.7416276604839136
0.9363010954508829
1.0088867857314971
1.2806135632015514
1.5306639838556575
1.1918872443633888
0.8315245310800534
1.5297399878858102
1.4314580961509213
1.7478079161449438
0.8099282545210205
1.0200180625066289
0.8415959266626625
1.0807029574925773
1.0598081349191142
1.4194848103530624
1.196844131079063
1.4299816022795588
1.1628626031333147
1.6252318771732157
1.650125724607622
1.2572539917864736
0.9669451091006732
1.3354282636281705
1.2152936984242106
1.476031549998013
0.7605697042148206
1.721728092918668
0.8564835925941303
1.0543029759407014
0.9728833593284694
0.7710113124445229
0.8111847217059924
1.437834125280093
0.9725604989204607
0.9677629313342208
1.1564783773562284
1.395974143631666
1.3926202180258762
1.6129810822518982
0.9678304516386435
1.619608992640794
0.9798521728918063
1.1911443933693922
1.1572663009784792
0.935529290178492
1.2600283480843617
1.0310600814401636
0.8174611214904234
1.5596400769029937
1.616746109111745
1.2614022351969323
0.8781013314334228
0.9034615129958568
1.169412150726285
0.8134381922395512
1.7183334581810286
0.9489408806820402
0.8970237128620127
0.8641070579054276
1.488318988979489
1.5622633236090193
1.1303312172829367
0.8078681466072362
1.0215791346734697
1.5211103544706055
0.8181428246380958
1.3153514112589824
1.445642803676277
1.0482469679972306
0.8553269168513311
1.345798531669873
1.552492601925075
0.857401975937445
1.0423163552892163
1.5496078394233979
1.0694104598531966
1.1553794884396642
1.3383500778454833
0.7890209980477211
1.3049633433187173
0.811739157783546
1.6851160320192209
0.7669538174750877
1.2897823777356603
1.5069021807645613
1.554036950529563
1.0537626945878624
1.4180305131609243
1.092022066811737
0.9212655526835934
1.1753994623621227
