0.4770341285177787
0.4539096229408055
0.41583386753360213
0.4427190653239294
0.1435595992695849
-0.04842687935517238
0.24302985022102105
0.4428764158126674
0.5362723608053731
1.4189910111005108
1.6611962276251837
1.6026950438281222
1.3302917596206543
1.1789815430924075
1.2376954521968717
1.3270706596440913
1.547810565460085
1.6760962728543167
1.6425088569782615
1.6069119153625233
1.7148094228647301
1.766555646893431
1.634277465042018
1.56657295249716
1.360647125005518
0.8144128075899818
0.18905749900456795
-0.16276153303818106
-0.288744095427688
-0.24016930649788867
-0.011748813918863153
0.4583880631336061
0.8214051827358977
0.8796347649375247
0.8034253770091265
0.6299413555870655
0.6287944036349677
0.7281887104326243
0.4905154498518454
0.2742191964300932
0.35931852482179943
0.41537380490201964
0.492554143217972
0.4730500921897857
0.45098657727939473
0.2931566309256762
0.30320942254873573
0.7173570072600927
0.9714429488008665
1.1041961506438516
1.2906899204927393
1.3319005401682555
1.3376332814556977
1.242690295157044
0.9572750086553287
0.6371913659052394
0.4459979631410959
0.4342170918381722
0.4781457938793982
0.46396765770731135
0.3164447705184428
0.11193145018073349
0.16423514741318163
0.11152709524501114
-0.03649014373361687
-0.08474124169024896
0.02656141738715183
0.07292937086825355
-0.1216434168315488
0.18711334762984708
0.33894839045181474
0.5148816222463725
0.4583446925876435
0.5667700716825903
0.5433423214299056
0.5218983636260429
0.4255486298917419
0.3333314800888873
0.1974620053024935
0.111714259844499
0.0313946288961363
0.01100258515382401
0.11702292481279755
0.17383404664757737
0.2223513830468665
0.28245675357028427
0.34742691167689677
0.3581355669193959
0.4456643407661524
0.533187505817287
0.6519212273464645
0.758120596004764
0.8608948539462753
0.9842299829141401
1.0861740587491702
1.156835475524563
1.182920035335198
1.136510098402789
1.1002529087226949
1.251445791160286
1.356475850500386
1.424872885842791
1.4283583554946024
1.485897404189158
1.5074078580827812
1.4624330031071995
1.5244033784490534
1.624634264769734
1.6961882204761067
1.786173209516817
1.909420321396644
1.958994385455496
1.874698429786018
1.7340527589569161
1.6157033687266733
1.5200738057284084
1.4102367762015526
1.2981676744840842
1.2602489985990197
1.1973164831063512
1.0984972272034257
0.9321935207346551
0.7431926589126839
0.6859217080074353
0.6215182496189694
0.41157932838714356
0.3847915137256887
0.4000828081308706
-0.986008235319586
-1.102143064554096
-1.0883252410970707
-0.7968842236632665
0.5230056763868461
1.1240643546962266
1.0385601241256597
0.8997297873519509
0.9200085062747692
1.4797859526566948
1.6146883983070113
1.4658442641890952
1.0694368173463376
0.8620580754935521
0.6854136098868892
0.5915989908637087
0.502713163847661
0.39388377699543464
0.4242939024715876
0.5115417157358483
0.519719329594435
0.6217497714379525
0.7834018814857001
0.7529660381125095
0.6883398754520105
0.7292586887661853
0.8189580394545989
0.8212776029865788
0.9328546659909563
1.111129181864526
1.2184843968702526
1.2468581095592468
1.259007999478917
1.2262589735642753
1.0836880470497214
1.0374401496860648
0.957293832369962
0.9526171952033252
1.0542374558199488
1.057148125057954
1.0397916053315255
1.0614983242082572
0.9806367638733445
0.9273850477755303
0.8625665689615976
0.7630547199668714
0.49141825883133344
0.07561704709728696
-0.29019103578548394
-0.5877486326499353
-0.8407186964250507
-0.9354679005300891
-0.9795929479180981
-0.945104071906448
-0.8457023799736307
-0.680067520430365
-0.48253038761909084
-0.3993053511903246
-0.3274706354958891
-0.24132481034682796
-0.017075314378058697
0.2983550775830642
0.3284691784994117
0.402227211538814
1.0552285072092404
1.022912161704366
1.164280305962574
1.2455234724426465
1.2135075924615066
1.126324718393659
0.9439565537246624
0.6485542724372507
0.5168462698634247
0.40243768868148083
0.35332319734839884
0.34570848709405133
0.30739812913535924
0.174930351839116
0.09819969749629616
0.14465795491630237
0.26982207472622194
0.34783280461585653
0.38223635347249535
0.3669753934525558
0.3238157327802734
0.36623002820771067
0.17236310561880075
-0.021569858000851237
-0.14531612950480494
-0.29073045703164324
-0.3903805209147344
-0.47614177763455307
-0.5683802841058976
-0.5199004165801921
-0.43529670395019676
-0.2714908338538514
-0.13301274122864454
-0.07705863587558426
-0.11586135183935697
-0.1148811008770019
-0.12252911755227221
-0.09251739009782838
-0.08330244396378922
-0.06726031933032398
0.00304688916355847
0.19488421742577983
0.4188000152781978
0.6568770605540083
1.0092940088787394
1.223797660573306
1.2996659793717906
1.3965162794297952
1.453696919630696
1.4407853146181162
1.5740368489053855
1.6093938546277162
1.6263259760902986
1.6521083673253438
1.6605622821062491
1.646562998647895
1.6642774735981851
1.568165768477542
1.4109452220272334
1.3713904705871724
1.5192857302524365
1.9229847213662388
1.9547784254634233
1.9992937738383065
1.1755977675647407
1.1811603634383883
0.9940239238241216
0.9022412582765225
1.116310338281744
1.11172609460163
1.083749071880864
1.1380872897540075
1.2883424030136477
1.4754045216571736
1.5971868772668127
1.6012572103709222
1.5993869937429344
1.66967160469023
1.8155778926671529
1.9332875581174294
2.015152391389782
1.9910395337903168
1.7603570704837581
1.570505496326273
1.442890647750555
1.2865342057337001
1.0874343493434098
0.9565972238265679
0.7601054149416578
0.58420190995561
0.3653143664663658
0.20508432703959922
0.1560806336764806
0.02889916265247075
-0.08208751037711684
-0.1380836411372989
-0.20359762754688507
-0.18481870721483265
-0.1816281253680714
-0.397210276333832
-0.4917749055290912
-0.5142075137811408
-0.47718612696972473
-0.5279077462515803
-0.4799380246447692
-0.37179973926406973
-0.4111544424935474
-0.4507735381560982
-0.5812984914457252
-0.7480903896087054
-0.8975038320868467
-0.9856645057676843
-0.959568538613109
-0.982744316364305
-0.8355819871228567
-0.6712414012928138
-0.511163450394126
-0.3345198211818271
-0.2075303823763958
-0.06367630387534509
0.07794189053817115
0.2913792793205568
0.5314115459743471
0.5903251367063291
0.5984126078372825
0.6196840768345124
0.6317505490300178
0.5952555547571965
0.8929089819235185
1.009456702743905
1.2804852149068227
1.3302374483430157
1.2641240876544508
1.2092114346659695
1.3086698182921188
1.3533195563598965
1.1900564879276647
1.2509445866061204
1.2454053813027384
1.099376790561882
0.8470615871878264
0.6400578869633664
0.33771670292057043
0.06464615398185715
-0.26529581847599365
-0.47795958994839266
-0.5267804687175266
-0.523634416914045
-0.527146811757144
-0.4995066297994386
-0.09502383108446819
0.0939509008437641
0.3141867718170221
0.627372428104066
0.9777307222072585
1.2987563896061896
1.509067228345731
1.5879786341548443
1.5995665776933385
1.402338460612693
1.3698725221223378
1.297904534222889
1.2726080262912949
1.4956911447146566
1.5888580340155347
1.5127076292372441
1.5236971794553926
1.5625718032191667
1.397543387518061
1.1519302075013111
0.9373715786596096
0.5772395693557529
0.48294814863220636
0.5547291227694668
0.5131578509027811
0.4404067851073721
0.47557211408709305
0.5808981218014775
0.4553376211290784
0.4306472410704863
0.33998018076853304
0.2253590622564682
0.20902576171775544
0.19791645181151962
0.08224643655368306
-0.08490764912144506
-0.21380058291486115
-0.2126533934119058
-0.33194550686877083
-0.615094955078197
-0.6992332979894956
-0.6704797299696507
0.34912529847004925
0.4456116481442984
0.42156948745082556
0.3779157317912989
0.4364508888950068
0.6266649671944479
0.2767981296501973
0.07748155369336845
0.13824181904106775
-0.4671492738174438
-0.6861152477770421
-0.552490260712708
-0.2658793089046095
-0.048029921828371125
0.14851332812148554
0.25096448563184204
0.23522816554496387
0.2255769114680426
0.3547602671177519
0.5719137542366913
0.6396284049928861
0.699640763104012
0.9257920216818284
0.976776321110226
1.1612580069166387
1.30594471690331
1.3858334476567475
1.3584915717262642
1.3968461017415146
1.4819555735141823
1.5524999583638013
1.4719534601623958
1.322459723132172
1.315907084191167
1.3783211995868043
1.3419954591211454
1.3078244584478085
1.3264189246099911
1.4651432508400453
1.6001740374953912
1.7026816272772456
1.7281803937399907
1.7110598000714743
1.7425214477483957
1.6553999001345396
1.5470395516534807
1.4728724544043026
1.2979666292513357
0.9935800315229301
0.7033649759302084
0.28771944142434186
0.012545562940195052
-0.09955628096645695
-0.17103636810675138
-0.10652790138824966
-0.029902069473767515
-0.0018202954812243587
-0.08877091163813075
-0.19016272191205463
-0.21366729705647125
-0.1408025948156148
0.03285706125275211
0.027651081083404982
0.019987877446439338
0.45812972442761063
0.45170925140370344
0.39967729903926885
0.5482825974038869
0.9258768970822767
0.5052232582705416
0.5557813427100173
0.6444248369713989
0.6228671660834343
0.16215637623665885
0.10263320296168149
0.1478363922944419
0.349302889984343
0.44498047541129393
0.4909684313048339
0.6460413109117397
0.7415404320288064
0.8795953849754392
0.9502527178589071
0.9544719528790584
1.0594047478563564
1.0478301459179284
0.9688400190482427
1.000433000553244
1.0341038502423414
1.175733848641886
1.3191383169233821
1.4024152460832375
1.4623030901621799
1.4313437070878667
1.2795617452420116
1.1901662407046099
1.1258982717032593
1.1904526875470447
1.2265599928077473
1.1376699002876125
1.0532295777976002
0.9621278940744522
0.8822249392692778
0.7322404251845243
0.4499401966833209
0.23661664928692008
0.08087038744371755
0.05408066284570385
-0.041343145945877374
-0.10420931356327527
-0.20400913797870188
-0.36429538632326425
-0.3738917134838311
-0.24900445854329273
0.016241658336801537
0.2141345191184335
0.4362433650650859
0.6259443772088346
0.7444014036195482
0.8840885687847975
1.0363551232553978
1.141508610622204
1.2278321632926985
1.3360395990999752
1.3886798439349783
1.4411188166943603
1.5801826222369164
1.6271641545596032
-0.1017066673289209
-0.10172972607635675
-0.08812576494840407
-0.19500262362542378
-0.3499089096042007
0.1517147009165179
0.3079413089717334
0.414867484537792
0.3865381896800497
0.6550946725717781
0.7643167851282152
0.6891363573555443
0.5892393483906407
0.5912228814233282
0.609932280745754
0.6053915314256128
0.6473418928231469
0.6616810936508528
0.4811531557599314
0.3345113844970271
0.3005582535310084
0.23630980508368873
0.15035307121022684
0.08288288421301676
0.01458827203805182
-0.04034792433605674
-0.025492861132533042
0.00890801347081703
-0.13587071048952581
-0.132849656508355
-0.013798293269991916
0.09679224766244836
0.14861824659751985
0.1638853750186819
0.12596245763330577
-0.033316195684449997
-0.16522719261828353
-0.2546948732109346
-0.4142433141229856
-0.5860831546550009
-0.5694295778590289
-0.5323381525669522
-0.5518332562723326
-0.5825427343187242
-0.5134410631314594
-0.37949236312254986
-0.18552019334194628
0.12126350269289979
0.5712911502653469
0.953001421152967
1.3275695183362484
1.5932025717535072
1.8087695153720582
2.067579260697772
2.2855438889094795
2.3482701726384607
2.312583096320104
2.2926491687576545
2.1974161684542874
2.057833278979745
1.8984248683781695
1.6547815316825145
1.6078561733526087
1.552242970636008
0.6394715977641693
0.8240676060087796
0.7915176738104789
0.6987527229787143
0.5208765640724583
0.8005871803515098
0.4753884716023608
0.22254997523892997
0.18377334762956632
-0.5447772150415091
-0.7637476001505032
-0.5557815849347874
0.0014804554397569122
0.29276952855728994
0.4717165745654201
0.45576056265141673
0.45426472506871896
0.4582648465594691
0.39710090522698727
0.3821683037419774
0.28907977950743563
0.16438125680765125
-0.003230256258740895
0.12256764884492823
0.2756810138000877
0.32532916863177236
0.2921398982700299
0.20114875105348548
0.03019281078344098
-0.18717842712578472
-0.2980137295132867
-0.47449244469016405
-0.6262473079239779
-0.6042293618628333
-0.34539407185331794
-0.24195740545122013
-0.12571246030578456
-0.07829525564832511
0.011209006311840238
0.2576933064839026
0.49953101033883807
0.6625326369808662
0.8184487022704107
1.0309065387087497
1.2842273215906945
1.395964418277785
1.5327042514132023
1.7070393257917045
1.8294843235599554
1.8978717357044903
1.852871611227478
1.7631793712326418
1.7114001119212952
1.6456499961915714
1.6108020065200712
1.57676367949161
1.5335310677933305
1.5186157947644428
1.4727309432712121
1.3843807767485723
1.2849495321361073
1.2658629805264627
1.0995168986315906
0.9765581346306613
0.6127320140622525
0.679961555498612
0.6463430001502913
0.6718480029426568
0.9327039011754643
1.265232373900611
1.2819007020426494
1.2899068446465465
1.2483219509994041
0.4863174751379099
0.2961635165922236
0.4734708867207271
0.9018883156860137
1.0990514682314119
1.2793077061030769
1.3573560857803864
1.4059572182212232
1.5027503486831943
1.4878914172743973
1.4020043021236517
1.3988626644658513
1.361093432027345
1.1975681650128698
1.163618377236674
1.1368962429557763
0.9777665795254773
0.7204129855491724
0.5685565584806707
0.4405362335144708
0.2716348534282271
0.21005908164250367
0.23037145321955632
0.25894492366001187
0.30573445879053457
0.39545642498030575
0.38109881641826954
0.47247454925336463
0.5642242543923286
0.47602334793167433
0.44123230006300734
0.5246181759165983
0.6175444652879254
0.6927736390529251
0.7519497807797951
0.8145494332240169
0.7080513398039803
0.5917004480955153
0.6848808651146068
0.7373576946724879
0.7551034280981253
0.7793465386492339
0.7522981593882309
0.6882944294476223
0.5355143055952121
0.2421947790979923
-0.07006479447079728
-0.3253244509020053
-0.4567000337489761
-0.551429074676292
-0.6625399587816925
-0.8621926715447976
-1.0132198940394186
-1.0567737400314632
-1.1409342435037217
1.2357080522482418
1.0420625504863852
3.5745418689691886
3.2163045490180178
-0.34355876001729807
3.2522492153743694
0.4659968142653682
2.50858689407799
1.0442975043459617
1.855720345192434
2.5026519037524477
2.8412780577086783
1.6877274305657985
1.6531856728837278
0.342090721654924
1.4996929758633393
0.890987121581854
2.2008943223040585
2.8060373937885155
-0.44448117384858954
1.753429622357204
0.3924929786470182
1.9727461469969865
4.758870782641852
2.6147203753487775
-1.8063815501963207
1.0130015822565683
0.30306445000117443
0.7783219979556696
2.0359083971549365
1.4257415586588484
0.9899085452021423
0.8514243657777536
0.30257078426016637
4.074632683261688
2.8599262252454296
2.831638925464302
3.542381903642492
2.554112527357382
0.9920861420553334
0.7900500652646069
2.875342464687301
1.2078106327344396
2.5711437058481663
1.3322143649984912
2.314965612509256
0.6228144616844726
0.12720692176264597
1.1136895350679215
1.177987319918008
2.0986870958246318
3.517129596769458
4.146061029906642
1.833885303612366
-3.856573887115283
1.623438785303812
0.8732613733307967
-0.2756939730925792
4.986448687941042
5.697331790288623
4.603622730149046
2.796353185442474
1.6730363288328944
-0.29836814572163806
1.6642562478936362
-1.1627455616626126
2.1962876803299602
2.0948140171323066
1.345417786704348
0.4260360351686524
-0.643295473225158
0.38015022906624507
3.9523715093430374
1.6217472549390037
4.230055213816251
3.4205006552126846
-1.3144157705757318
4.189546909339246
-0.031170636794577586
2.332736609905003
0.8259059539775014
1.4413565774346924
1.3309103385825685
3.1486647346413124
0.4455445151176276
2.098984797512387
4.053764170270429
-2.5568379658103724
1.2338817911233229
0.23777870421172534
0.5900442865345288
0.7696390943355493
-0.667772607936869
1.9560334804389197
-1.0722587017753198
2.035524049365687
0.4481689700095487
0.5800952923032424
1.9607108692777293
0.34018192652714896
1.802341266959944
1.4862140621097295
0.6706426564417949
0.25068235665801125
0.14673584924852465
1.8628769798062301
0.8617439692624579
1.562124718852887
3.3216940928004077
1.1529337753975566
0.38191367301364615
-1.209311560452741
0.47875150402596106
-0.43835370302716087
-1.4610505926980593
0.2396201831891716
-0.9327392848724206
0.9575271674783372
0.8184615650345336
0.36291487396421596
1.2821999051885775
2.022001847616706
2.5544389952548965
3.2601859881455164
-0.3889675826494903
0.10280488284522127
0.2894291135758324
0.28632815024869557
1.129793927819146
0.5402304107721134
1.0877690850672546
2.116888274422421
0.15087851268803154
3.620195195096814
1.5772004463783071
-0.13713521082246807
0.7822261580993557
0.44252884838389434
0.2660957187324431
0.896123532035943
2.7981236836322974
3.2134808563300803
2.973119493524249
1.966749639530967
-0.9079959723000753
2.659192209130294
0.13901377616231164
0.8481547624252554
0.2263535805724798
2.899023546271196
1.0918195053207738
3.6906214404034676
0.3203783893541795
1.7738625623094013
3.1472142231576714
-1.5535990140095755
1.3975889654552638
-0.6734864280326506
-0.8214618643391818
1.0570042131599533
1.6732460204561326
1.9690708182610976
-0.957983820688441
-1.0700633830342043
1.0249240636750976
2.1143033404496228
1.2966785998218742
1.7369352157311557
2.567266163536521
0.5629385408878924
-0.48616684718856173
-0.3082623878294816
1.0424024228074966
-0.8854073828426077
2.263050465889812
0.5389825999628
1.572288872573575
-0.29560378344888066
1.306557466706176
-3.838737816330754
1.5141661645518258
-0.6220310103844813
0.9230614357654474
0.4376728801563138
-1.3294020131967863
0.8023390506587853
0.8288560180449681
-0.8773049186119094
0.6294454567342732
0.6325104396007569
0.9697729620299631
1.301554359916653
1.229431498477507
-1.3319417246439897
0.7459350578391756
1.429145391271993
0.5655509544033147
2.6076913548854903
0.7374191690453341
-0.3044965625009088
1.4006035320675525
-0.2287559823354428
-0.6641754538319706
0.712914618318934
-1.2371067468723613
0.154608468751736
0.1453451960948018
-0.40280338675866373
0.4406434616572477
