1554365364.115406
1554365401.773683
1554365409.949799
1554365419.302582
1554365428.620041
1554365436.953486
1554365442.926717
1554365448.730038
1554365454.589922
1554365462.84996
1554365468.983769
1554365477.414383
1554365483.903879
1554365491.871202
1554365497.635193
1554365506.23215
1554365512.202718
1554365518.526095
1554365526.693949
1554365535.21644
1554365543.663836
1554365551.827733
1554365559.89143
1554365567.962443
1554365594.607397
1554365602.55191
1554365610.372854
1554365618.350757
1554365626.477993
1554365634.46698
1554365642.637498
1554365650.516201
1554365658.309839
1554365666.260383
1554365674.368551
1554365682.282571
1554365690.230791
1554365698.197054
1554365706.131522
1554365714.204307
1554365728.191616
1554365735.9244
1554365743.863813
1554365751.9965
1554365760.316241
1554365768.686209
1554365776.417124
1554365784.526087
1554365792.697766
1554365801.089473
1554365808.925385
1554365817.040994
1554365825.218172
1554365833.138134
1554365841.185793
1554365848.87839
1554365857.310831
1554365865.905093
1554365873.84205
1554365881.797623
1554365889.6567
1554365895.687652
1554365903.512226
1554365911.549067
1554365919.58799
1554365927.531216
1554365935.484342
1554365943.265607
1554365949.235179
1554365957.191508
1554365965.216959
1554365973.182414
1554365979.256402
1554365985.330938
1554365991.419235
1554365997.452885
1554366003.717039
1554366019.863857
1554366026.123857
1554366032.315593
1554366038.704807
1554366046.98061
1554366055.153536
1554366063.221179
1554366071.317869
1554366077.151923
1554366083.14916
1554366089.010221
1554366096.967516
1554366105.31204
1554366113.453982
1554366121.390253
1554366129.348784
1554366137.157296
1554366145.211038
1554366153.03123
1554366161.012933
1554366168.987461
1554366176.946243
1554366184.854282
1554366192.935007
1554366200.919026
1554366206.829912
1554366214.728358
1554366222.741211
1554366228.635068
1554366236.720979
1554366244.977688
1554366252.967373
1554366260.792197
1554366266.429903
1554366272.449448
1554366280.580032
1554366286.592542
1554366294.967007
1554366300.894057
1554366309.04575
1554366315.343051
1554366323.213491
1554366329.35384
1554366337.926656
1554366344.27478
1554366352.443873
1554366358.206707
1554366366.313205
1554366372.651992
1554366380.478765
1554366386.904477
1554366395.150886
1554366401.096916
1554366409.206779
1554366415.214245
1554366423.572901
1554366429.955485
1554366437.774115
1554366443.871278
1554366451.971256
1554366457.81972
1554366466.038678
1554366471.984529
1554366480.109742
1554366486.41996
1554366494.509155
1554366500.355687
1554366508.422637
1554366514.614972
1554366523.041628
1554366528.798362
1554366534.941577
1554366541.378148
1554366547.478752
1554366557.665136
1554366563.797205
1554366572.003847
1554366578.072896
1554366584.09051
1554366590.076847
1554366598.189395
1554366604.408108
1554366610.556673
1554366618.640047
1554366624.709288
1554366632.838224
1554366640.842215
1554366648.987379
1554366657.166065
1554366663.433266
1554366671.736597
1554366677.798535
1554366683.926498
1554366692.036302
1554366698.280115
1554366706.579307
1554366712.546933
1554366720.911568
1554366727.238185
1554366733.232606
1554366739.352951
1554366745.350113
1554366753.642715
1554366759.651576
1554366765.836289
1554366772.02113
1554366777.98987
1554366784.569407
1554366790.890242
1554366799.22728
1554366805.28929
1554366811.659596
1554366820.293136
1554366826.544648
1554366832.709969
1554366838.665149
1554366844.854405
1554366851.09203
1554366857.146049
1554366865.137765
1554366871.295161
1554366879.763152
1554366886.003169
1554366894.060012
1554366900.492991
1554366906.913326
1554366913.191474
1554366921.55363
1554366928.272021
1554366936.644015
1554366942.895996
1554366951.119586
1554366957.240724
1554366967.580457
1554366973.746376
1554366979.408905
1554366987.620556
1554366993.662135
1554367002.455769
1554367010.343396
1554367018.299607
1554367026.315532
1554367034.451835
1554367040.47218
1554367046.852177
1554367053.098352
1554367059.364822
1554367065.494323
1554367073.434354
1554367079.63819
1554367088.043403
1554367096.129729
1554367102.386264
1554367108.628787
1554367116.907409
1554367125.127593
1554367131.236654
1554367137.332948
1554367143.371814
1554367149.238872
1554367155.528749
1554367163.363609
1554367169.66678
1554367175.883308
1554367181.802467
1554367188.121306
1554367196.271437
1554367202.526914
1554367208.759851
1554367216.739984
1554367222.925712
1554367228.992062
1554367237.237507
1554367243.319917
1554367249.576689
1554367257.923589
1554367264.034727
1554367272.425906
1554367278.621383
1554367286.930013
1554367293.748308
1554367300.047596
1554367308.427659
1554367314.184983
1554367320.500275
1554367328.618106
1554367334.640682
1554367340.802744
1554367346.837872
1554367354.721936
1554367360.740885
1554367368.274194
1554367374.3654
1554367380.438888
1554367388.842544
1554367395.144858
1554367403.662236
1554367410.079195
1554367418.15841
1554367424.38882
1554367430.719988
1554367438.815311
1554367445.257369
1554367453.316513
1554367459.564291
1554367465.911859
1554367474.00751
1554367480.264944
1554367488.456921
1554367494.67003
1554367500.922915
1554367508.782634
1554367515.008704
1554367522.943018
1554367529.091093
1554367537.327198
1554367543.240908
1554367549.475902
1554367555.320142
1554367561.465504
1554367569.434712
1554367575.728815
1554367581.988774
1554367590.123269
1554367596.485621
1554367602.595373
1554367610.944115
1554367617.231154
1554367626.077426
1554367632.383327
1554367638.315887
1554367646.346276
1554367652.311441
1554367658.448304
1554367664.70176
1554367670.732441
1554367678.96937
1554367684.91951
1554367691.202701
1554367699.912598
1554367706.28246
1554367712.668177
1554367720.883147
1554367729.749033
1554367738.449321
1554367744.876624
1554367753.605954
1554367759.94815
1554367765.995457
1554367776.830794
1554367785.211995
1554367791.139912
1554367797.307785
1554367805.452129
1554367811.824872
1554367820.102043
1554367828.187615
1554367838.329301
1554367844.355801
1554367852.269136
1554367860.395259
1554367870.47001
1554367878.440668
1554367888.794156
1554367896.947899
1554367907.131356
1554367915.567177
1554367925.992626
1554367934.275111
1554367944.599748
1554367952.869906
1554367963.399452
1554367971.765608
1554367981.955201
1554367992.313466
1554368002.344013
1554368012.898905
1554368022.821475
1554368033.004051
1554368043.237482
1554368053.151702
1554368063.27797
1554368073.568409
1554368083.699963
1554368092.169361
1554368100.711794
1554368110.715729
1554368118.515117
1554368128.682422
1554368136.879986
1554368147.216639
1554368155.274084
1554368165.577527
1554368173.703776
1554368183.918201
1554368191.912661
1554368202.241646
1554368210.444999
1554368220.646079
1554368228.784502
1554368238.840366
1554368247.003421
1554368257.837198
1554368266.107018
1554368276.551392
1554368284.680428
1554368294.755186
1554368302.605762
1554368312.987136
1554368320.934688
1554368330.940049
1554368341.204545
1554368351.024889
1554368361.283958
1554368371.207878
1554368381.520255
1554368391.711065
1554368401.609431
1554368411.565577
1554368421.464824
1554368431.541333
1554368439.381853
1554368447.174579
1554368457.25375
1554368465.383118
1554368475.564425
1554368483.654224
1554368493.850998
1554368502.230813
1554368512.094449
1554368520.046878
1554368530.210269
1554368538.252828
1554368548.052213
1554368555.778049
1554368565.772308
1554368573.710602
1554368583.918555
1554368591.724755
1554368601.528555
1554368609.363144
1554368619.468547
1554368627.454305
1554368637.641982
1554368647.508688
1554368657.625548
1554368667.655487
1554368677.759754
1554368687.721206
1554368697.678633
1554368707.604721
1554368717.940497
1554368728.05301
1554368738.865828
1554368746.770394
1554368756.787175
1554368769.231127
1554368778.418755
1554368789.664549
1554368797.467947
1554368807.61459
1554368815.825918
1554368825.934971
1554368833.886832
1554368843.873146
1554368852.476471
1554368862.627296
1554368870.569048
1554368880.816094
1554368889.070835
1554368899.41962
1554368907.491416
1554368917.514018
1554368925.675449
1554368935.831572
1554368944.347963
1554368954.574045
1554368962.806375
1554368972.547292
1554368980.926146
1554368990.997798
1554369001.175923
1554369010.627317
1554369020.398562
1554369030.428929
1554369040.565588
1554369051.481024
1554369062.044928
1554369071.620825
1554369081.732994
1554369091.703288
1554369100.128927
1554369110.484432
1554369118.50005
1554369124.491439
1554369130.775668
1554369140.726437
1554369149.010047
1554369159.100875
1554369167.138762
1554369177.08962
1554369187.139386
1554369197.608018
1554369208.027871
1554369218.323157
1554369228.982145
1554369239.298368
1554369249.098409
1554369259.404674
1554369269.385819
1554369279.274243
1554369289.250391
1554369298.968866
1554369306.86765
1554369315.055141
1554369320.948466
1554369329.142515
1554369335.3273
1554369345.44009
1554369355.228904
1554369364.950334
1554369375.187231
1554369385.405971
1554369395.723035
