2.1538680584353194
1.9326622400866054
1.955809371914061
2.1437627158459516
0.5703345778804001
0.7119279380965544
0.9144261152002131
0.3999985686128103
0.1760914299128362
0.4206413549516097
0.2916334647551234
0.9872988828648311
0.7928402109295304
0.45187568141874423
0.8743213323690022
0.6074976833424381
1.3140582500264022
0.923292466814822
0.6901969530261135
0.818383519555513
0.8045762211789037
1.4465405125499329
0.9956156467459767
1.3340501020266435
0.800378800547804
1.094556087803236
1.2869790159565773
0.8011171646863878
0.7518698123341971
1.2758559461935581
0.9360687097170634
0.821737430220969
1.6266107052943177
1.4206989022869876
1.1439916773861423
1.2571623318172305
1.1420815675708482
1.0554420688220683
0.928074460715639
0.993772988625645
1.173259339068137
0.831635419158668
1.440104210836732
1.7277156377665155
0.8439279183275252
1.6087704544629449
1.4942214240379463
1.7859107842798958
2.0595940194078386
2.030977061461165
1.5789760894899414
1.981697781217479
1.6376324716194228
1.7387597193067499
1.4753552633997375
2.06452144835471
1.9344399593668087
1.71783419125896
2.0829749693824327
2.3546545881185548
2.2735336409911016
2.2150805095396824
1.9386432989403048
1.8586141365251694
-0.9310467754825755
-1.275039215061119
-1.149345973393448
-0.7133303234514925
1.3394314380531738
3.131606482663236
3.348874035647289
3.513414738511508
3.5384185547736346
2.7182736199994504
2.6386453596644395
2.6948615272294054
2.7252335573606175
2.829670182871462
3.0363635600361962
2.9302244835575433
2.7429180765097527
2.9074637271628685
2.702490549216765
2.5100626419321777
2.7916154920197274
2.8237261236709816
2.72870682316834
2.602556539719858
2.346655833356209
2.4679156172568693
1.9896870084632328
2.0853789650923806
2.322765896288799
2.2641598791284228
2.023282169291459
2.035914079967152
2.3295962922100744
2.1452173737824447
2.144420886275695
2.3244202395436386
2.4667523921934102
2.6776617297965
2.4718433683003322
2.411542632486731
2.3877852408168114
2.534076528506114
2.60816563578699
2.623172307482446
2.4711021445354477
2.3927530623989983
1.8955282347568796
1.6264345101744109
1.2069782459394642
0.8603986320214951
0.45106735149412014
0.4199954508463152
0.14931645250262293
-0.10984104929168724
-0.5922536307922965
-0.9936078321507623
-1.4459636259168185
-1.5799885598479255
-1.7317409402124608
-2.086759776808816
-2.3084099588918106
-2.2685694707456054
-2.185151014872598
-2.31861896873416
-0.6527951166046893
-0.2999775707560919
-0.8222868755560002
-0.46910476918195865
0.2858788757241752
0.7699931328529909
0.6553066222112897
0.48983426082710196
0.9056891805611654
1.2838386230914052
1.5376223816489685
1.7689959866482032
0.8309206792396363
0.7262220645052657
1.1021811581319454
0.6087165605724812
1.0134688125579712
0.8379664827005624
0.9758229507436832
1.0101773035490393
1.0351761026415942
1.2775800450740096
1.4177580855587038
1.7032151393026334
1.5162259583687048
1.101083317354479
0.7431467566767407
1.0022896511665884
1.4316336284378584
0.8781756777884716
1.2267067968010676
1.301688179571991
2.032067041470077
1.4380000831433115
1.4384774059063705
2.05436394505814
1.6907901881570238
1.352416409597756
1.2509247915125377
1.208641476152963
0.9307540211975941
1.8277399512528685
1.454935392901829
1.1009229326401104
1.0446028262189717
1.2980586955648787
1.1350210265019531
1.1116810962959836
1.0662265969860223
0.9318463808756514
0.5118999300207241
1.0375244866321276
0.8510957060996509
1.401802358977096
1.6402852221899473
1.727533303299391
1.9102008774010832
2.233144189255395
2.3585424650645197
1.8946774615845918
2.119403891191694
1.9338186645009663
2.7725596801778827
2.648911164793551
0.28031300859572555
-0.45664343155066517
-0.3855377869616904
0.04321765388392299
0.8711419151201466
1.3286712822707873
0.9974609671083035
1.4810327181425778
0.5932812099604632
1.4088416286810646
1.0304094702347657
1.6370540592734588
1.4397281160883855
0.7981511382072802
0.9506870421777907
1.2417805027496405
1.1162100867810154
1.1789084218978796
0.7832321297800487
1.174571876601533
1.31918089258943
0.9847555424860021
1.4708097504802042
1.3964910100700194
0.8072115479884288
0.6736594253825094
1.3617575342336463
1.1705616161280425
1.0530991708771216
1.1077123663901185
1.0649168361061656
1.1689538969961333
1.4102434207032892
1.499337968460188
1.579982337890719
1.0035095032910404
1.2766830575365136
1.2671734251442714
1.1616820339690077
1.024174540243351
0.8609493336135061
1.653636665100052
1.5399315046629853
1.3733117057137372
0.9701055973028833
1.422744843773943
0.9298145427417122
1.5045813385054232
1.640037692327167
1.16764899127778
0.711035543683643
0.8067202590800999
1.1633203640006071
1.113586243712633
0.9616890109701223
1.610502195361878
1.6331166495631855
1.6531733102786363
2.2286495841151575
1.862849904024986
1.688699357606865
2.010628088876837
1.9574398668005204
1.8809199393034728
0.22057150264858477
0.3258538002064862
0.6197846412779185
1.197251132069837
1.4459782141377144
0.3959200681865699
0.8415420490792498
0.8607963654305923
1.2342722391725665
1.3761900743018163
1.2358296630591448
1.2867835898926192
1.1014472787844105
1.700906855238607
1.1135066777871403
1.642367174821765
1.7091539012704202
2.275150730242361
2.357860496806811
2.1827043611296983
2.3863351065543226
2.4299371162533605
2.37405398889073
2.693594664016826
2.560238040050575
2.454570391626582
1.8578487725591248
1.4263211883275446
1.35210309538608
1.9840755448296004
2.2690545803700872
3.0255296489258856
2.6591599166631075
2.3674300657046783
2.6215444717675815
2.3098883960072496
2.469368806856335
2.069556649358656
1.8545303401978495
1.8149388376327475
1.945453933669078
1.6831555195079064
2.0824306193159066
2.6123886741420193
2.114657624360756
1.9725030300170678
1.3829202919247938
1.3472154687270859
1.023417025321353
1.2014646803686937
1.234063060925151
1.2124784453578528
1.517181618820459
1.7146191056078617
1.234133763655309
1.1453781586069416
1.7774750305889182
1.3118001360766771
1.6379592458362082
1.6810536260650215
1.9572424350831346
1.7312156329730768
2.3906804227723337
2.472017129359009
0.45817942725409544
0.5807458905091809
0.5670933029340558
0.17019247416724265
0.9646441620110922
1.6199239465593487
1.6263025604567687
1.6335517872988696
2.1618684902638337
1.6697184751925715
1.7178712940932324
1.6291959758652188
1.9241835085241277
1.4968184326902911
1.9490140600253807
1.6762532562354033
1.95068762389765
1.6973044552989565
1.5171412954145447
1.8235830845266368
1.1934571399516476
1.8319375557126734
1.5598542631268077
1.4654999837743943
1.3582817289225524
1.2493412043444403
1.611634261425232
1.8748087907182438
1.2931680741693536
1.59717428897673
1.4400183729448672
1.8633688015791778
1.5460361101754976
2.0478499057050548
1.6258890656579534
1.6967498862613422
1.895166927373645
1.4896051299725903
1.79302794149621
1.3598127600621985
1.7866957710480573
1.4770802155334317
1.5482017007992344
1.4091891972626425
1.6925466636951807
1.2117196256734424
1.4722835143867259
1.9338525539385407
0.9407554236766653
1.555672755379882
1.029765419908853
0.8278258121924444
1.2644626341568055
0.7802914908682965
0.8343217269937077
0.9597632192115568
1.3940588088988026
1.1954096238337222
1.5602885540227198
0.7102073571369546
1.2673398715237554
0.5895731263047681
0.4711036050738079
0.7884843271070084
0.5034860255462027
0.9401855121285717
0.2516664688607031
0.3464100573493628
0.03149371978369726
1.0904636232871303
0.9145962289512284
1.3191995801732435
1.1327234949108156
1.2771693050074244
0.6950114843384246
1.2302728926051003
1.114028132079142
1.2388331188624602
0.7392382984375636
1.225279062239306
1.3277982776549035
1.2738362334197595
1.2213280771451545
0.5248097406280949
1.2679703433841252
0.8943225916587673
1.2876833377478727
0.7412396512673877
1.1252850881435885
0.7207793208952175
0.5272124906655008
1.3132109683819
0.5441888125848048
1.2481125148842223
1.067212632265859
1.3064153494206479
0.8683196403643976
1.0129357363842566
0.9145363925355671
1.414673512425656
1.195070946062596
1.10723481819415
0.8444541857928908
0.9765799376451817
1.6136561893544008
1.5363127873620688
1.0963473491355855
0.6305540058552815
0.8628567258247644
1.154065528164558
1.550447841050813
1.529638833212953
1.4036939540543105
0.851624700783244
1.8188976678600202
1.4214193835974582
1.0835427064190541
1.6824721335385366
1.3113002011567878
1.7098890919273544
1.4092860001712975
1.0155712648982433
0.86042409153954
0.8478005764034034
1.4814648902483514
1.0074752313122435
1.066525950523376
1.032115882148283
-0.07602424592221231
0.4251727843939692
0.2782877434691843
0.3308856452333061
1.8943332503698458
2.9286009837345364
2.8492794592304644
2.6244944109704793
2.0747757140137875
2.8511441267680415
3.0262482919235216
2.8764256721325125
2.548713494103077
2.392634935695365
1.733650686478031
1.728607144646082
1.789717437984319
1.6069203720903507
1.8690230165677062
2.0402801239378805
1.9159728135496608
1.5701452161725473
1.7034438100623923
1.7942552156367837
1.8862627662396838
1.673055623084305
2.05778629817007
1.6883439513770777
1.4018816405458858
1.5776407436626636
1.9923682026811393
1.8619045065512
2.0172552422343824
2.1030579981249993
2.1173521158996467
2.077807115258914
1.7761793198897002
1.5201126456900358
2.2269133298687036
1.8661675242829174
2.0696349985687097
1.5421244937730907
1.6133094335819704
1.4904643256566457
1.5748712731672443
1.3005876501373113
1.3554570788529898
0.8379818536125259
1.0799372617801635
1.1149820630271496
1.3980041948986417
1.623456023842414
0.9352417905203233
1.1233040541025872
1.506026211991032
1.153369312904715
1.2599245694252499
1.1509134208531144
0.7929136846136735
1.2083477830065377
1.1337045651972555
1.216938351251899
1.1234937433227
0.9464551119288033
0.4040401970336822
0.4384072507564226
0.8271471259599876
0.7988549801781383
0.6338337274412778
1.8896042705582166
1.137073263365998
1.545898967167487
1.1104120509707132
1.445640811659469
1.3448542267227028
0.9380893054456741
1.4613523275547704
1.0630567529908466
1.2671987291087004
1.5538148818825077
1.5115463285975055
0.8361394449237441
1.0864631618192735
1.3280079177280308
1.1444490727740637
0.5797422341557843
0.5761873925081021
1.0496970568745556
1.5219821298255165
1.15768403624748
1.5797250349477667
1.5105956116903403
1.5960632157206935
1.0422273784593303
0.9944688172057079
1.1212872152750688
1.096888651014127
0.7143936287676754
0.6749322286799707
0.9067553239752957
1.4704894694228154
1.1491917301328645
0.8175274364435549
1.3799168526238141
1.2250331232104439
1.1056644653488357
1.4122689071477554
1.7935509289687623
1.4780727169048817
1.6212921792556823
1.6604028054233533
1.23319197484633
1.9819638764107883
1.6764661325579455
1.4220388901351086
1.6813419758752606
1.1643702748923257
1.0124832913466921
1.3568767819508358
1.1892081622286832
1.1955638338716126
1.2125655765877525
0.7560713950615949
1.1912142931453495
0.7012165667957453
0.468745496988377
0.642272434266679
0.5691527512286014
1.04540593982382
1.457389170937402
1.7822575451306346
1.158101512332824
0.5662327993239414
1.2914507288996824
1.000726788389659
0.6176549762685998
1.1063483548501492
1.0307190571769593
1.3185481235437606
0.8234261648265465
0.8971498219287258
0.9597117005683147
1.3920072853481595
1.4511029397828308
1.4433317878338632
1.2354511570678814
1.027826859601035
0.9859685973795638
0.9772623045529684
0.7162252933536054
1.262883871858605
1.305111987824829
1.5568698393572615
1.8136135077342181
1.3177007668010756
1.2606514242201918
1.819089156971529
1.5642457968319026
1.484663334073967
1.2710740255815638
0.8751931835480785
0.8462957457899752
1.5288753759104374
1.715239617199549
1.4780720091437642
1.277797376067215
1.6773515793446963
1.6542372119282482
1.583570850774717
1.9223411798678263
1.4365140990024983
1.6152151980440697
1.567952216904644
2.133121668616219
2.3592989395397135
2.403356263551615
2.3518232032483657
2.5557008327939497
2.5893560291613618
2.3771902738982504
3.0399203215861412
3.0871140315838717
3.1635883323525205
3.169925095168424
3.2750761143278098
3.094824788101127
2.792109465058166
3.055693806341005
2.583854308121602
2.867918533047495
2.850593698414607
2.6481368783010155
0.7722027510359437
1.107077746959725
0.8283319986829333
0.9202851636874035
2.3618172016427033
1.5260396941924947
1.8043019820210682
1.7635324064858673
1.47567656061296
1.9276785677166919
1.841274552945644
1.4230684848111892
1.8005642501474877
1.426855925511564
2.0220356791865832
1.9414651570178971
1.975444731041013
1.7210502591251133
2.2611692770678693
1.8156570291296352
1.8048082663317306
2.3615539304835886
1.9994589535385536
2.2935452659314692
2.2060419322994522
1.945296813276211
2.01095887507089
1.8070888909503806
1.4085670399835242
2.073883390681437
2.1596184540564543
1.773798123386539
1.790271077920645
2.3643769726983224
2.4076197472027716
2.0247946451621006
1.555154127019314
2.0489485732777166
1.942676423449916
2.092049407648587
2.1069474055204465
1.8421877120120158
2.260783459980241
1.8967334498169268
1.7655961025671356
1.6083253632013894
1.3101951448001625
0.6369748915558442
0.9144715071578816
0.6259397851300187
0.6195213966526834
0.415877251682967
0.9843872786763895
1.1136803131072297
1.1835478280641956
1.0943443541648146
0.6483543936007106
0.979255558290123
0.9355804233264046
1.0653000453775312
0.7363581189013786
1.0980562443314452
1.0761361673651435
1.349483680595705
0.6093393954260815
0.09230542017556774
0.44331316124860304
0.23185509407473273
0.9985107477276767
1.4933319977969584
0.9726226321913722
0.49043281276269435
0.5899504536325485
0.490861121973409
1.0605503676848593
0.9792413398650185
0.4799182336343554
1.088988069435904
1.1848573272308969
1.159796734707173
1.098805139657232
0.6118215378783332
0.3981188175851911
0.8557637198371062
0.6243323830075498
0.6753545174876131
0.6040288962126092
0.6736352613157585
1.2253257078402036
1.0756393054133304
0.563884090767723
0.9409633315208696
1.211276870460509
0.9763483684440661
0.8346559258055075
1.382677012546409
0.8993654845512359
1.2280114251595977
0.8719103383886683
0.7005247643268174
0.7289358824500021
1.1332402561634813
0.9374266941604232
1.4446907180391826
0.9182692844408124
1.2546353618943782
0.853764096426056
1.4692204869940255
1.0933460955509502
0.9806144407111452
1.1763423794594852
1.374052805755522
0.5207689103568807
0.9943577557500894
1.0261077293545091
0.8801856830847677
1.0013352677197185
0.7615634681662048
1.1756421372147134
0.9572502085381922
0.9771751927156211
1.3356182533070649
1.7302980574653601
1.6930036543965084
1.6598223527495135
1.3783307727032141
1.0174235787599362
0.9181100195520081
0.7369001317859709
0.8360418742207992
0.636745976796182
1.3740806721919807
2.441445692919594
2.919447662000367
2.7117806938101228
2.0497467485137344
2.3875759230229647
1.3821596948949584
0.8192150594672899
1.407745931800075
1.4788727597096905
2.253071087846827
1.4820925927868593
1.5227453456298354
1.20868573181138
1.6392345410458318
1.6984320745271675
1.7013422946637573
1.38398541429603
1.6115946891696797
1.5175972125178647
1.2979402875555426
1.2745464350672804
1.6569280939478988
1.9343307893511252
1.6885112797577204
1.870537887351873
1.2734022052675544
1.9653544861779586
1.8403123796535044
1.251640391676039
1.1856408471720687
1.5188748378622516
0.9718364190797166
1.3097225572134585
1.7873274565352717
1.3581678098556185
1.8571691284043241
1.3025781368299763
1.8504338843172181
1.5748658415001882
1.5555837949137556
1.8653237437637245
1.6998000985643615
1.4966719394898524
1.5670657865088842
1.6685669578273987
1.2370560439953957
1.2812891196025173
0.7482203456901483
1.2640229954143773
1.3235828412116022
0.6958623574684261
0.9029613706842121
1.0624881973037774
0.8226040332228495
0.6390885399721231
0.8277392479072123
0.8105301873892544
0.5528982580883898
0.03477915450450215
0.1070973826344232
0.02868900712749716
-0.054396667947262584
0.1428536788740354
0.0383455153124639
-0.16873844715256664
0.40024471542486084
0.3348103171540114
0.4953463269706355
0.6381380412118018
1.4807095500649934
1.844878624969252
1.4103627014992433
0.9128624045638163
1.1299705506357995
0.6624652569986865
0.6814001311637872
0.3225792662417082
0.7339184617607813
0.7093164188049644
0.7047686349901802
1.054638735410784
0.9927091099844959
0.5700780187108927
0.651063654825076
0.6358408631686089
0.6241680114021138
0.629854511047026
1.3545477152651413
1.3907939401050542
1.3894621679800203
1.1409282191591912
1.4302293834019195
1.466170873076448
1.7077573379828714
1.4836483337833972
1.175288150449665
1.2581135430839543
1.685342445462619
1.186336202792912
1.6856203022943355
1.160033685123494
0.7127939532813857
0.9729347958422921
0.8057651281133129
1.0364648135099028
0.6337776176722753
0.938151792458025
1.1928503957939207
1.7198232819120658
1.7475211022854031
2.0054242651569947
2.384830201717283
2.3791255872300257
2.525828299424648
3.17526176084817
2.9660414281948384
2.941281220125555
3.486483409890931
3.31899525839492
2.8931958640967594
3.1638277956628498
3.32916395978821
3.444764994741149
3.475813526307393
0.594874253283394
1.0354913459108592
0.9854110630659786
0.30558302017516115
0.18697667958086503
0.2556110747377701
0.8221709977476399
0.8884494893502355
0.9411797959602313
0.01683663085309889
-0.03052598582924645
-0.1577248686076576
0.7216601961724857
1.14677640922369
0.6836963904015839
0.5143495375301683
0.4784985439426109
1.2593776453468102
0.5787689773316884
0.7949193013178136
1.4550343601561226
1.1387648295948543
0.871996699138598
1.0465551868030363
1.311605807582954
1.0903795480714538
1.0740585702140297
1.4597734320350988
0.670174253135871
0.9317868203605773
1.7658458696296238
0.9461055613925868
1.1383678486113806
0.9409262041545612
1.1383104836015256
0.8986667859141408
0.8677388790545316
1.0549287053652283
1.0566958485975289
1.1880341847263594
1.5789308691131383
1.1857571348130953
1.2883787867136662
1.083641096414371
1.7721353434315317
1.4221658300972444
1.7675759564393831
1.5915798394423486
1.7626846343398432
1.3406115865650337
1.3593569214959222
1.485015481137056
1.5085224447113759
1.2418322314478745
1.7096732704287927
1.090060812407949
1.4575400187945462
1.793821176926895
1.726153538060194
1.6641609151557608
1.7166604810292572
2.09372270568852
1.367965247604073
1.9167083253871229
0.5691865761978873
0.07834326789744872
0.05855307091144143
0.7127712041459829
1.3994864694400464
1.4039060906214123
1.0370172239328461
1.2272527612430186
1.180778374456452
1.6958203142312631
2.0387356322556074
1.9212354855699982
2.2459647394897697
1.6528309062938218
2.1969193007138315
2.0051544584890846
2.078223293352195
1.8214504297898102
1.8626396734886135
2.1526037212892013
1.9993726888154626
1.9933385862566524
2.5854879658007714
2.1533779481292443
2.455825059429995
2.424450061137049
2.008169191247213
1.1894821981376769
1.7485654835974374
1.8212031970082956
2.1020118958666685
2.507401180914983
2.9715762101814036
3.109486865585193
2.5754516461948205
2.55807081689508
2.444841408841626
2.5097156953749407
2.648144773456138
1.7591270050500711
2.340246226284249
2.333922942354781
1.7538372392033486
1.8531123188910728
2.094304074473222
1.3167417802242205
1.3608399988628908
1.4998898149403521
1.3138273515669414
1.7610204151785107
2.10251088461474
1.8970537555647544
1.6180896453404632
1.3489889038423497
1.373288476252644
1.5729139084804884
1.1433320460761522
1.262224292267949
1.2392894329722426
1.6401296197517001
1.8066944398443054
2.1322263088263673
1.9215515141744643
1.732549530952014
1.8291799634996113
1.8133581366781133
1.268102878150705
1.1652303180181427
1.6133013943089156
1.2192240868398945
1.2336207845276017
1.597798196280331
2.1882055394758453
2.126118351630212
2.1897063888694834
2.3807154310604908
1.8702146545559466
1.7793178530443519
2.0450128621862262
1.9169893998201164
2.0435602972178915
1.779426794347365
2.3993129814684964
1.6424985802096206
1.8001322663000043
1.7021276490646953
1.9032081190609405
1.3346018004992914
1.7251269046097453
1.0579145823338396
1.0620186808034238
1.6040159065430062
1.0781413727116471
1.4674513407565817
1.5704311450821786
1.0497547411751285
1.2720970814659913
1.9265438137747393
1.5881590206351115
0.9709979438193267
0.957568336811747
1.4094677037696817
1.2976041702582235
1.1462187093527927
0.5310040538563832
1.1507945913456377
0.6920410884855006
0.5298318393526846
0.058905699176551085
0.6766878474873773
0.514379245499503
0.7475983243640989
0.2363727468167016
1.0708590908386915
0.3987814470053288
0.7854179323674711
1.1361758544955736
0.8148794978344797
0.9853068577011141
0.7226453876690756
1.0325027702237084
0.8297870983136815
0.9688431871394539
1.7447809548776747
1.458074716967415
1.360243003070763
0.9263341639469368
1.14727697130246
1.6380731233099528
1.7013498346197249
1.8851926701022685
2.0811788704116974
2.2600759608681327
2.2534894450404894
2.2611389838146576
2.5072399665541565
2.2100562601217817
2.2993184179113113
2.3267168079144787
2.3205560337285864
2.474550798327619
2.400363820800022
2.1195253091418054
2.107207263529907
2.366641532496774
2.0969728192561683
1.9861814253606567
1.6772199992428976
1.7919788822835265
1.6248446378216537
1.4554399475574895
1.3665953982077905
1.223077025366162
1.2107984478823957
0.7420868280740257
0.5778747794510555
-0.0699175687499339
0.02285774684026741
0.10111730075800383
0.48671308273934155
1.0000050011683508
0.8409127656904103
1.1038092038981255
1.0100079678351472
0.7306170770168948
0.8994207166793537
0.8756786793484052
0.8506947298982238
0.9493102829518695
1.3856607368164149
1.2683353822238803
1.580528751459668
2.1225025501325723
2.435166889287587
2.6967199665836095
2.8753652642653904
3.1196455676672024
3.2028943565414183
3.5627972681738957
3.6301571680094
3.7972658286094956
3.7231758396775962
3.701098311437814
3.565981806866083
3.806322605673152
3.7183376307493528
3.1236409290115614
3.0911209135687447
2.9935008144100963
2.8382713528086203
2.5175405556676465
2.3868809551172245
0.5759715298670914
0.3334174644910445
0.5892453396807852
1.158528944171657
0.47750923960841085
0.5200931956158322
0.9872271786947401
1.1511177742184249
1.045824607014795
0.5476645975329855
0.3832203692243982
0.49435655972580445
0.8195113234757967
0.6899302711652373
0.2929885308514832
0.8259130206682977
-0.17292195490888077
0.4780144135505223
0.1923913508785882
0.10453803695886195
0.11745787251331688
0.8659781567915472
1.5586980940491848
1.5262565824587597
0.7423413392815709
1.0407277543525546
0.9443548646769409
1.1466861887420816
1.6232341982779503
1.6047736495749756
1.7228877048413294
1.4682226905480444
1.4328185640025646
1.840360337797344
1.350202620257358
1.9956693446496396
2.2444854830270855
2.3486420957117384
2.138805289424675
2.361188982299451
2.2215842969663187
1.7159461374339624
1.875564604958929
1.7787385655270898
2.10072280950002
1.7651968159442766
1.995378858754626
1.8670050142891756
1.5125567938805005
2.0593163647494
2.0627474055103447
2.0957238376863683
1.571035698331906
1.6273569822862053
1.8024237021958078
1.3555142683858095
1.5536596657950779
1.4465599222072594
1.2251520058983958
1.1512183649215169
1.3419646740789235
0.720244807184659
0.8979573756913415
0.8034291879903421
0.9335747098612305
1.2541826674940468
1.4205964388089893
1.4976359134276385
1.5249639036246738
1.7987003618952142
1.564412432836118
1.6591788932055058
1.6315517750778612
1.1066010910514554
1.41070931790438
1.72225312974099
1.3831248821274928
1.374301078488764
1.2546345821317886
1.0533691385977757
0.7658564065585975
1.379676501370346
0.7947552672116286
1.1068281383801593
0.7911230882660036
0.3629087944391784
0.5748693811705993
1.2241752916282131
0.7869715428832402
0.5378888448560085
0.9693447782577105
0.6112895991526167
0.9326589983051161
0.8339674434415567
1.0599659436933875
0.9363220629143642
0.6460908852084847
1.1404365253485111
1.272484540688929
1.5189001668151416
1.8521828139994037
0.9146902313963023
1.3393664453226162
1.0488864791989914
0.8574806008974143
1.0029379057731636
1.6904653983881417
0.7693662495366996
0.7447584237960831
1.6487089481038888
0.8654403405173032
1.3490507771263724
0.8882298847807862
1.6185445651882537
1.1766292145766442
1.2665676002921067
1.6686718527671676
1.4973082210597362
1.315946074960657
1.7970229198284144
1.4407302244532485
1.4115725234879293
1.4143473055055438
1.5379193392279198
1.637123330053188
0.9458546552196199
1.1633383454052941
1.499763550415334
-0.13697008733805316
-0.3503715271942868
-0.0006453671576755869
-0.11421944781091246
0.6901250588955702
0.09110957442817758
0.19229125853536458
0.7085830804759615
0.5105610779490348
0.1171879637053753
0.37869987393031235
0.242964216286519
0.13300786445079732
0.292846013287244
0.1925313859305521
0.22949050162726448
0.4743349982780784
-0.08458790483851503
0.20930058475691873
0.8478784566646602
1.1622510851096677
1.530283115420716
1.122332312350662
1.54052823865103
2.1466955480225165
2.586287260687603
2.418718791006042
2.823437621250096
2.7081213343724815
3.0290144284428573
2.7413946020881483
2.8027074408531307
3.0337080756781587
2.982390706227456
3.2888335634237964
3.270530119505064
3.0334656557715967
2.825639439074788
2.8373167095053677
3.0081122255907
2.19735543399036
2.527136955212107
2.1394150162538277
1.7429733625160422
1.9857825324303848
1.9688932931095167
2.6569728412574296
2.4880090201623113
1.8284062243114043
1.7924244956066149
1.8811024221003985
2.041616282034627
1.6538661738541773
1.5882682189733865
1.637151279947639
1.6044382006237645
1.4153212066243543
1.5376169556008499
0.920481673396494
0.7994628951848116
0.5261711984362923
0.7300035064281498
0.8462956430042393
0.5582863190928323
2.449753755150881
2.4604054296694375
2.81463540231034
2.7434037923801107
2.820357372218592
2.647897211239738
2.1979591951482464
2.1644470972390972
1.6978193367330163
1.508370348450651
1.4709987983318287
1.369248645111987
1.6274861158789735
1.2660241114529733
1.7873907770157205
2.099671534311641
1.3112615031607466
1.5055164948084119
1.5533767904063707
0.9496976163904531
0.702973424331359
1.0856936030620445
0.9223220768229521
0.5625168274788778
0.3709002534912048
0.05098310396499692
0.49827990450021864
0.1888309335212365
0.7979458326774486
0.9334859080494824
0.24851761658945482
0.37067788710548605
0.2627754982249619
0.8443826014667254
0.29222089396235107
0.2350335715551586
0.5201339835611442
0.9853430069350454
0.37882986583282247
1.0892447483584193
0.8413465964982707
0.504314776395088
0.6514280994917584
0.7848355572609393
0.9677025688128651
0.9602227393319218
0.9356772083377908
0.75616382537808
1.2112088629340318
1.03509560078494
0.8888571012804891
1.487010331861296
1.2022842178497688
1.3957045369710297
0.9267354503488637
1.100513988593379
1.24784756528194
1.5725693802372989
1.240915359067615
1.4163703169848598
1.5854973794703544
1.84792282910965
2.5734810360953406
2.5016201794962614
1.039458915167953
1.1657092096979698
1.2894293888245374
1.1593228099577888
1.8149537987929614
1.1100637233971746
1.6761214673983917
1.6404008491958968
1.1326640384679965
1.9591398262749402
1.2095491340755842
1.0831926071688889
1.273060361987692
1.5647395138854878
1.6279121645657175
1.8458108151041976
1.7593605746501007
1.014669592236808
1.6956452624199905
1.392808392527075
0.8507679460495431
1.3026250857348172
0.657254191861923
0.589009540256839
0.8770995524015729
0.7733965102571201
1.0536049875654647
0.8038258225286098
1.0306737435503779
0.46503689882884774
0.8320241563388064
0.5241707787960216
0.6520311701536142
0.4904707891320998
0.8419903838660832
0.6149788345200539
0.9892280374772012
0.9406083754901557
0.8807408618999839
0.8892421424217546
0.5862746504420083
0.7097656226768099
0.5669876421461693
1.2155189344079147
0.5185808222847101
0.7232340731341416
0.7926092170728379
1.1567616361200372
1.267816992526746
0.53186944325748
0.8516451569504303
0.5130633289927021
0.848463316581335
1.4023296075710039
0.5683547652226038
0.5458071540973398
1.5127566423161614
0.612352103095438
0.5739759823252384
1.5438961102512694
0.8694717671439791
1.274849170431637
0.7808784924720448
0.8942935436331909
2.958937349565497
3.0815752738362443
3.3815390546815776
3.183094482302717
2.842045640891972
3.228735674736391
2.96728309121895
2.415926873561965
2.6243867665934584
2.074769636442546
2.287072030735323
2.003228902698236
1.7659290451084264
1.1838653916386521
1.482957051889356
1.0633897064205748
1.3541700884847692
1.5775660632098554
1.3663011293454856
1.5532753538901898
1.3822369370568302
1.4838681872597903
1.2851760657325366
1.017199140861914
1.2530234887284755
0.8620714240003895
0.575691443674174
1.3844668787913383
1.2824964911836356
0.8162671003461295
1.2918785662399674
0.9968054275809222
1.1755339901573119
0.9701652280627391
0.8757597156451442
1.3413883297006355
1.551506727208294
1.4101547638014742
1.6446898146573552
1.3940236652596467
1.2673341154517326
1.3185591465304976
1.781731215933653
1.469305137252879
1.3431614204008193
1.8617899312754727
1.571218017486808
1.8322733434590928
1.8255827544606933
1.8438445209106389
1.5818038026789205
1.4790722116418948
1.3548952142653194
1.3733916134805049
1.7174929034987712
1.3432578479557056
1.3485700217172532
1.3646040617114528
1.701387149071003
1.2626735049541244
1.8744413236336608
2.2105384007531756
2.2405774752789664
2.1998636442920283
2.3271132729801045
2.3097066106399176
1.6936079236655552
2.068070864548051
2.1147365570780012
1.9000438291892272
1.852096949035021
1.3491434528606567
1.9675135752515387
1.4200451262161502
1.9337935514492706
1.5188617034287981
1.6381816705390755
2.0487504127663043
1.6894823675260804
1.7933027188799793
1.5230808198808574
2.019023255006736
1.0534406650243688
1.7276435509787733
1.6287310681988159
1.3201737312358084
0.8629677840160942
0.5537948987715886
0.4355037434715042
0.3316605709457715
0.3044611511707845
0.14521241489804798
0.8713985244307793
0.8329560544336851
0.809834517489811
-0.05537203637078433
0.04236918721154952
-0.021533186993265126
0.1081998314224617
0.5625606049758484
0.22428630935344643
0.38717414196156325
0.8436361158009459
0.5148464185565065
0.8918171237138759
0.32071856547172517
0.6868674185127183
0.9558414777256659
1.1547579238907328
0.4422570289078722
0.8152095757709842
0.7711106894853711
0.1791955294215045
0.1929393201002739
0.45307012230228005
0.7128092777037199
0.5779616151656177
0.36694458271626906
0.9245817694107009
1.0793763024229375
0.630235775610693
1.0629114630050285
1.3513667562398868
1.4426635549402242
0.9833789523667915
1.3781445272446795
1.740820457486523
1.8533586115983656
3.3058039535111368
3.1445786257856705
2.942582677029752
2.886342847045379
2.7675623148719897
2.8716728267940734
3.068068058521268
3.028164646800076
2.5236333943406777
2.9153424854560708
3.2656789971991627
3.1632931381112446
2.896735778946916
3.3035583016939642
3.1709775190705227
2.9880322917657467
3.3107599121946163
3.1351435638108605
2.9114423565340184
2.362006394119281
2.2139691331234923
1.8790440678647158
1.7307772471744203
1.851326082296624
1.2483370031056782
1.6472238401005859
1.193506647532803
0.9309173853945238
0.8344470353009437
1.2721016834425105
0.40074595636953486
0.9421400682234647
0.6218942266061334
0.3244063255284884
0.2975706968786808
0.10426738533833033
0.02122456383740398
0.06315651989407875
0.5836015085740442
0.3691545725680271
0.7174751631622972
1.021200024770242
0.8066894287152422
0.7810470193837435
0.7934150018245645
0.2521645179788822
0.03316145801717286
-0.08634398371207022
0.03871012075713414
-0.3845109029036101
0.2900031926090254
0.4321817969143113
0.5241240580926352
1.022467299806379
1.11749154515096
1.1469224479744944
1.0226105628667674
1.3400074183391517
1.6279733322051813
1.1802835049114533
1.6487909554208022
1.5130914234178647
1.6676026985732817
1.3965837710977504
1.0045320437905574
0.7744216502859357
0.9669202495972787
1.6212303087328253
1.808862982360477
1.5899650653466089
1.8712117712251113
1.1181214995370283
1.0982484396441377
0.6511143862750607
0.2815335074847341
0.69528156744614
0.27263349240303614
0.5440700963015256
-0.21762532208014915
-0.6310777885672056
-0.8879740597308935
-0.2403288572133492
0.042559628611212465
0.19423723674534843
-0.10833020645991613
-0.13897706579134653
-0.008904584966936267
0.9168222849915375
1.5165119761247647
1.1564257775250566
2.0738324723886974
1.661357022409093
2.0698218097947763
2.3821635414049647
2.2188854626742405
2.3427343795670525
1.8440257185863962
2.5185737949844307
2.316032443292003
1.8912734514399285
2.6852290420179896
2.096274561374455
2.2167870322808074
1.8001457104609178
2.5604024314737392
2.3191499255887367
1.6869901482616332
2.2528034820357
2.7253429120812123
2.8828297663778955
2.0138773865840527
2.250148018317553
2.4476230923834197
2.238345047213955
1.7477457724692762
2.2077109263462056
1.9450130285998388
1.6809131694025157
1.7131863873236637
2.0600057038281885
1.6533616861629332
1.2243747499661006
1.0051462571425875
1.0507744152452958
0.7106553168935311
0.8124284710668339
0.6430947485654096
0.647395583176047
1.039204891880134
1.1904816989037355
0.8049984844977364
1.0445501351394615
0.62946232927625
1.0571756763901903
1.1437897728215536
0.4953456045302462
0.5564186318488954
1.4231585240173397
1.0335623224969341
0.5458323809331745
0.9961855405527869
1.3972690274798905
1.2274024521523905
0.6384120515217587
1.1518773675146146
0.9261687534938392
0.956222986386617
0.4758887981204463
0.6109266911026386
1.2245760772020302
1.1747975909118504
0.8615905356030396
0.606976421344546
0.6473013372431263
0.8480576063634016
0.4744897256839892
1.0976780883457133
0.6937783529441535
1.3767102910284323
0.6663698457124405
1.4277266738018415
0.9185451864022877
1.0486775123968468
1.39928816177555
1.2689036087357868
1.2091505133527896
0.9135912731530187
0.6624442499433257
1.0945232685443358
0.901689779308415
1.430132419192348
1.2826259657341255
1.3062630778609587
0.6967710543802599
1.246388282684737
1.3470195111497512
1.045298196048093
1.1793171889828793
1.0649006472529143
0.5900835258779762
1.212093160929171
1.5859293630218612
0.8398050952680922
1.565313391053111
1.1445813133661347
1.2082058410130676
0.8772277923974884
0.7183545906940876
0.8840423784623264
1.2853249102092517
0.5520973270708688
0.9431252049529405
1.250379884669946
1.2588720437225205
1.678795782744695
1.2968895578100135
1.1923589309023939
1.118867416442009
1.3886899137737687
1.9156197209412478
1.787923648078036
2.0140985163639837
1.5342623987433948
2.018536995204855
1.8764294477446901
1.8827021159377606
1.5074648240760495
1.9002794236199156
1.9806486786512827
1.6918297680302916
1.6546488177413594
1.676592288456358
1.678261236497365
1.361150006045905
1.2368042652295475
1.026565146159822
0.9690589640649249
1.5494207690509982
1.7204829024576045
1.6409986826805154
1.67886441616511
1.3999611030243544
1.6634562675603646
1.8657666341044186
1.1224238811815979
1.3354755270974525
1.360441938744797
1.1357531236841478
1.0738602695945823
1.0605930104460812
0.8879285210877292
1.4616285705104812
1.1855786853415802
1.0549282437840182
1.401819648660063
1.3003680527707917
1.3877161204251054
1.0279832999458962
1.5956286018869308
1.0832582064765204
1.2499112184427983
1.4168762676753062
1.7688619175628157
1.430978088567528
1.3803830283815615
1.3848183627740829
1.5944299403598867
2.0108410350136765
1.6975158596676228
1.13320504169378
1.6881035839818632
1.9256440908926928
1.6822475422339296
1.157889245994828
0.9211290027196896
1.2896661273661125
2.06889405858074
2.1256369702085727
2.081990503357713
2.3044269087221476
2.155177922084336
2.235258516950127
2.0926383836287075
2.142042533250048
2.6437674766811416
2.727575191312153
2.3585635897620216
2.385877480312441
2.631371942733639
1.9339200153820033
2.1392801080195234
2.5841521253628095
2.5304255207907778
2.6186188166791755
2.2145784197154263
2.314755394500078
2.361114320135673
2.334291120536632
2.431317033955191
1.9164910648040139
1.736968383719741
1.616307727108307
1.2028622967652538
1.1804641836035357
0.925531163066997
0.8346533706792537
1.1385364174159034
1.072044880198613
1.060538891580176
0.9225512408132894
1.2382234947683521
0.950647465524558
0.946434738744071
1.161810848679983
0.82557104665136
1.109707873320307
1.4564456493965467
1.7290157215220245
1.143245492199689
1.452120240833562
1.474101601207692
1.6187175988363043
1.1555957127195242
0.6033063616980097
1.1673761744326974
0.9935415639412366
1.2189907898154293
1.4350939383362045
1.5263829610688886
1.002932735323643
1.1636604467390301
1.605010365965382
1.2719857619098385
1.5565586441342696
1.4642383658041118
1.5097201357600596
0.7916720132776662
1.1922135455637173
1.0001153595692582
0.8478911362869498
0.11067488041056325
0.4346285052656881
0.7207041170093487
0.707219686611438
0.2999961815572844
0.570682312053431
0.7568108457738137
0.6223071759388378
0.16963588424998413
0.4698435469620893
0.7528698519752226
0.4953524299701695
1.022628777072588
0.4063302416039935
0.3764282010739459
0.4101482136797333
0.6818325927761708
1.2196027345085425
1.2842115538628143
0.420107453980964
1.021747649260958
1.28236085581318
0.6016282324402421
0.699887990302851
1.2531395424957368
0.9668405806449181
0.9320794808308701
0.7439393027037182
0.9335431875770852
0.8903929886183723
1.4301850965126945
1.2815490625584836
1.898718362033821
1.2839180412098286
1.7747722643680197
1.8865031519492912
1.9724660130629277
2.01881174326839
1.7487093351311813
1.1038486307905144
1.5633274136603659
1.2532660647256921
1.6798581140516253
1.6625633317357444
1.4867558034426387
1.3179972524851147
1.3831991372021533
1.0716876122532661
1.4131236666627398
1.430183731097773
1.4826617752565427
1.7216323078193023
1.8506957498192351
1.8274188535904188
1.8036199574253935
1.3470694406360142
1.3627483508503102
1.676021764478456
1.5343032176285847
1.0261135994731454
1.0985993550968554
1.2518013624358932
1.310735441278854
1.1004728774075023
-0.7015968528164204
-0.3452974915693888
-0.3061183433857752
-0.30024634443798304
-0.40744262171958767
-0.008331607322226662
0.051642398472415696
0.9930622834903134
0.9254540170674245
1.0507543546007263
1.0362799307489152
0.9118202865656082
1.1304437036863302
1.0655189260142413
1.3081099985993532
1.3464099541759755
1.1295646287368455
0.766965643921641
1.1500206409552411
1.5640218213485446
2.055804891289197
1.6186627524701953
2.4573832567026894
2.1696300274647795
2.4868050168762212
2.882224495370873
2.997598456969683
3.1534527675199335
3.056946188292776
2.894114827017829
2.9181501597056823
3.2756907952918577
3.4860765521617187
2.9393321304697597
2.7450070505495963
3.16894076157697
2.744723607350323
3.139470199883862
2.8414518241327755
2.794145019873806
2.580822446452543
1.7555839142781793
1.7490383715704676
1.6943080364460437
1.8196753329141024
1.642059443701871
1.5233561998686518
1.8432469695735538
2.064796295020283
1.6345641412326726
1.701279722077988
0.9818958275657143
1.3596736031493006
1.610782399721612
1.6739267424250295
1.3721110083498425
1.9311850579651788
1.3805104625514921
1.1243736127875967
1.0960071065855488
1.076139669843395
-0.20310735030578753
0.09271413996311519
0.3016504582418617
-0.09121102443142316
3.7917247835897108
2.416581177487969
3.4063331772066636
4.171664620839315
6.951376443763497
1.5286566254514888
3.2732422896089215
10.023175191627475
1.4194645206935905
1.508916363046646
12.237556403545618
-5.4533389139088735
-2.3273332972217244
-1.2033754932873884
-4.256842985038018
4.459603738290502
1.4683000240327282
2.9106843029436775
2.156072579588237
5.1864193542521795
0.8050830589841805
5.4469091991750345
3.925185145375838
3.968534929278966
1.268907398508191
1.9374568584218008
5.389069723485733
3.672671689052668
3.0294402777522293
2.523646784302744
2.8239857606167824
5.262429067715911
5.486672584434449
5.6298249718126145
-0.7631254333557045
5.504443990793368
3.1814014040713743
7.3507524198441025
3.2747940024556534
4.609216209744594
1.8525588956293595
-1.0464378045076996
8.581131345947636
0.300445740583295
4.287578135080433
-0.13520289622806927
0.4693584866281402
1.8148192839965533
2.167383128615115
1.632649787902951
5.623146893810146
1.5126538456050174
3.5338074745470425
1.367560045563729
1.86530107464681
7.7719369178242745
2.3242369875939994
-0.21815550631680605
9.384692757293163
0.03237532442575853
4.935696768593774
0.008352663180844959
2.3207484326488523
1.956612229285078
1.6054664678991286
0.22172029345013894
7.1360417783405845
-0.1406975859688684
4.380888978991838
-0.19516681572183217
0.4711327704018295
-0.34578249722199866
3.1484599429351467
1.3461454210427035
9.181717496161868
4.246070588994227
8.847534302431177
-0.697467702171843
4.158889901972161
8.518679173077619
2.9945067154957017
2.5730373826378665
2.1888947145416267
1.0696528657958306
4.341581436005018
6.259086372289211
1.9600462590149887
2.6603091556528744
1.7964649080766846
1.9038853594988776
3.253908363830363
2.8197356912450413
2.6186774715497965
2.633123129557655
1.363926182987735
5.19021918642753
3.4175289706745517
3.742619654166187
6.826164230944723
0.3167009986644254
4.71341907350847
1.497862581144611
-0.6402755102724481
0.8949443523210733
3.1416524949945077
2.2368131346995437
5.909666231184748
7.288146097616992
4.42057155279748
1.6254850374149745
6.393945813899888
2.1426872012341684
2.8108127810497705
2.5363459882087582
1.8784238111592206
3.8193573571652686
2.6814549657108455
5.656075135605726
0.6628453270168703
4.354516931987192
6.09775572199606
8.340228552821985
0.48778955976415644
5.052723401718957
3.119125613882854
5.535511923094492
4.390713064470655
