1.2551430016740672
1.2057565769943388
1.0815817438610809
1.0852335591406244
0.5177450484260505
0.04395435180429444
0.1824160169194501
0.18083037100452448
0.2599214963742301
0.4439383047420765
0.4468154546251505
0.5255723825706778
0.5964554824782705
0.6763229195756506
0.8815543853897214
1.0822632775461962
1.429873074570874
1.772187310249091
1.7902504840722369
1.7674443542598832
1.8912377528874307
1.9441442999124499
1.7669414737849554
1.6743282261592405
1.4338638853083818
0.8953755909421575
0.2611141051494171
-0.14492017990898548
-0.210890110428897
-0.10660269454861535
0.0598893247646141
0.47278825954593673
0.763360322327018
0.8718332174796587
0.873780466799081
0.7181429078864743
0.7239622750681037
0.7920158208327746
0.5873756504282701
0.5302404578880813
0.6162431022773991
0.6565442320323928
0.8168855794602798
0.8698463237875351
0.7271706001872982
0.4647862911399818
0.4441833467960186
0.7751176782353593
1.0030146192216531
1.150252891481555
1.3131266528768233
1.2592185047382816
1.22886116135861
1.0711494252065843
0.7534978038653071
0.4505760828124771
0.2773663629335624
0.29523603736018367
0.38449424441723185
0.42310593999716006
0.3786334096243885
0.3954117034816095
0.5043522549515692
0.47380797504792205
-0.1149913444335731
-0.20702896909512286
-0.18320716400230744
-0.1403504452183693
-0.32011155132652097
0.2488173173834787
0.3250526217443335
0.3163733984411728
0.2491717434730068
0.052058629155657954
-0.08900976927101159
-0.07028483505315798
0.014951896189212695
0.09154887509042699
0.07539409567118056
0.020010964767869243
0.0020263797769635803
0.0864429206797826
0.17627494266591734
0.1560959637240975
0.19934450472823306
0.27313822785898045
0.26413516915939994
0.2243072111301029
0.27007585361819636
0.3333298953296248
0.43031912857251886
0.49372727372677483
0.6049204447917199
0.7642456672353635
0.8939606073220498
0.9273228489896245
0.9279419695096908
0.8800284857211483
0.8371169854823857
0.9340445747072844
0.9698956258678263
1.0187390584141973
1.050763523235336
1.1478041069666587
1.297635998502229
1.3676986856508948
1.458738972051351
1.593404883239306
1.6313211133118675
1.652337725571265
1.6835911929632468
1.6788410091209127
1.6300208068737587
1.5477749640639846
1.4859589622838654
1.406836216374575
1.3411438145727381
1.2997181273495442
1.335113663504244
1.3612069512416627
1.3588718985548143
1.3098939743350055
1.2316997153842606
1.1910682887923683
1.1929668658676476
1.227461427252451
1.1931267912571486
1.1758593033932219
-1.3071477245281895
-1.3320477362594616
-1.3568862071983006
-1.123129710910157
0.4723891830151715
1.2008588758613379
1.078219088552852
0.9501936445378021
1.0546226755595867
1.7763699408402223
1.9802496516207995
1.8459092517655602
1.5152683488606444
1.3767049936983269
1.296128495872689
1.185613701815217
1.0583610246307675
0.8607138513752548
0.7506224904396079
0.7577670127200886
0.6927458333478712
0.7316689797955853
0.8253225075502675
0.8341136137011578
0.8208957959077452
0.8050293540954776
0.7726901853990881
0.6669705201867397
0.6483954093294291
0.7500432299282757
0.9361878799849379
1.0182062122979194
1.0016410840411571
0.9606543439856337
0.8385775258805256
0.6514556824135681
0.4831134786380089
0.48798569821062904
0.5632374218136106
0.5270530906182537
0.613914511145136
0.7680151278298736
0.7001999309277296
0.6364951380983521
0.605561726686352
0.45009721836727296
0.1250622219452017
-0.18470662920703462
-0.40846533759990694
-0.5544784415656301
-0.70131924475628
-0.7324611026416942
-0.6942308093855175
-0.5778556755001617
-0.4556583901266001
-0.33001809112897446
-0.17497780736284177
-0.06470103171643357
0.05437287288389165
0.1138565785274144
0.25972688891550094
0.4879277878011699
0.48826592012585607
0.4965879786238506
1.31485863834419
1.3180155566281113
1.487736937837775
1.5554716069692687
1.4565683416650352
1.4846802501476608
1.3313941406360963
1.0129846976530459
0.8636306873827273
0.6630467421768833
0.5635647388907827
0.5233303972918211
0.5021493381398664
0.42162174957229587
0.33491673613995415
0.2755733815989405
0.26590531068459966
0.2865814540230275
0.22929028681968652
0.12286896753225396
0.04160933874667567
0.048603770115348596
-0.06924655769641878
-0.19479992280393935
-0.2317264803114011
-0.26606432823731263
-0.2659809437355314
-0.28038846835221076
-0.2928321329776041
-0.19112635952112503
-0.04436647368734143
0.026856487300058282
0.11013310081103574
0.12015005430410743
0.056736804765360194
0.04696862147317426
0.009078769645193784
0.009371030420204682
0.02340120421227879
0.0598735631082101
0.17998834152560983
0.36817061863325096
0.506850400342831
0.5961639158183512
0.8331148795043558
0.9898269098316929
0.9976055860191968
1.0610545878392974
1.203835454492262
1.3161719387970516
1.4603864513742852
1.50371197343572
1.5158250400853186
1.5376021587853081
1.5666961805512554
1.5659991484960831
1.5605532274113538
1.4738613664290285
1.3679563577238691
1.3480472580364027
1.4612643461236543
1.8128511055119747
1.8191642516761835
1.845285733992241
1.2762346621542406
1.2589530503381845
1.1068802892802707
1.0466539713990868
1.2424923682549025
1.1702905810556
1.191066194142797
1.2922056442038388
1.418807814175621
1.624085629835313
1.7599567206309792
1.747818544747324
1.680161819032675
1.6825056402472054
1.796885295907008
1.9214454707947102
1.9738318677200777
1.9409123020164005
1.7291297515865798
1.538948514725684
1.4397405631300966
1.3213110539145956
1.1490595626843232
1.0173890954906653
0.8485025769465062
0.6598899928129317
0.4410054993185806
0.30113551137406797
0.29327991172556384
0.20547589404706249
0.13117484149955355
0.1326849608520431
0.10917813957268281
0.12498518678066878
0.06275391248442062
-0.1580904911614566
-0.24082283794437626
-0.24533905952475335
-0.227858726555675
-0.31793969846212566
-0.2954272131380702
-0.21404800572446864
-0.2549128861447455
-0.31907365819107736
-0.45680597124422245
-0.6267996995204115
-0.796216992566427
-0.8887475419920505
-0.865274614434254
-0.8750144974640014
-0.7264392344503144
-0.5645433339038711
-0.4169395755273807
-0.2603782068104681
-0.16817585102264734
-0.0724124238433906
0.01861133066579361
0.17111974691876797
0.3726293580066672
0.4455335905620126
0.453041823326212
0.47776427609087735
0.530772312289619
0.5216579771381314
0.30456220196488026
0.41362414193407093
0.6689902843992174
0.667745237068271
0.5868436927264008
0.5244046031939784
0.8798185109260963
1.272142190804478
1.198850562614262
1.6240291054923646
1.729004375233142
1.5585299064745097
1.2333081185529662
0.9753173250865786
0.6313838969501282
0.37055278342239234
0.13484507744392704
-0.056485239393126746
-0.09116125549661727
-0.0789475497389446
-0.12429363860397885
-0.12266319893391704
0.23350532151481246
0.27559294357207936
0.30034013810505494
0.5305615377141168
0.7962253020716261
1.062339442242414
1.111456856073084
1.1042916013378956
1.0914210206946287
0.976027717723791
0.9559920097755691
0.9338577224850332
1.0386036026104115
1.3182074456537523
1.4715852070665356
1.428566056676158
1.3655618789585842
1.3483781644552073
1.0534436709617692
0.807945274359687
0.6727919872186446
0.45966752152470247
0.4938011514020162
0.6905739352552852
0.9052377518613136
1.069493019062008
1.132997068065418
1.1392396545128816
1.0336255783359343
1.0715803467648908
0.972021559422864
0.8420619358451114
0.7302424977502395
0.5826389968701884
0.3760501311136277
0.19620565687155667
-0.0011661741916305201
-0.0756424580143469
-0.3833136929543067
-1.173363335729116
-1.3455141270005693
-1.3666985044217472
0.04686929746084915
0.14421553506144852
0.10378981373611895
0.09316566612337587
0.25783543972479656
0.37083648671363684
-0.0027324527357226644
-0.18901318599853717
-0.12310249757438561
-0.5070822750610892
-0.6254291714708184
-0.459993143628001
-0.19056166982506886
0.006960483939560281
0.24305577131054454
0.42948981667967123
0.4216786098392797
0.38244116110920434
0.5379942856785175
0.7988822801091671
0.9524207006546089
0.9933105098398677
1.0666490555906543
1.2166021915991831
1.5203098076491208
1.5941567754932509
1.5323042638054387
1.4532620938427943
1.499812143368478
1.5320352470916994
1.5567539647675215
1.5764632715799642
1.4869562925814734
1.4563463760215014
1.4298516598850595
1.2818168678809228
1.2352113583288005
1.3192486648035862
1.4278260924689312
1.5235652330447815
1.7259519387995017
1.7474717671180797
1.691961689440148
1.7277480718538747
1.6703945732013692
1.5110010551497794
1.3602679546762402
1.1750324097141693
0.8451402041094954
0.5749194330100769
0.19964369667649803
-0.11102333282787263
-0.21444603530583103
-0.31989267512749325
-0.28667570405945825
-0.24066749779345575
-0.23643322536286104
-0.3375263793958594
-0.40888271413737165
-0.3961347077390663
-0.30863664259839774
-0.05237019951766547
0.05742054017498708
0.06722772864295441
0.38749987087774074
0.3993651074205042
0.4092784688668843
0.603810813755958
0.9730846100451155
0.7661723610143545
0.7499230353473874
0.7709295577693464
0.6877984538567149
0.2586481203546915
0.20192591461817058
0.18202666787199515
0.22835604623338815
0.2052673110780617
0.11040684971002544
0.11317481550453821
0.11802466545044366
0.15486446321654673
0.2701716978018909
0.32752076103590794
0.40625298801065485
0.41052986182957335
0.4913443950404481
0.603068261958502
0.681951410862419
0.9513647737670486
1.3008412803778664
1.5093373475647767
1.6212803721921836
1.6057971620079834
1.4696704956985314
1.2456169215942166
1.1630839135154691
1.1860405883623846
1.2427066690185138
1.3456921082893218
1.3384380179851487
1.2061747455239287
1.181072436821221
1.0559126794482294
0.7523472561068527
0.4944388441604014
0.3312068731166583
0.3035740929069577
0.23938593449757717
0.25593711364676397
0.18352741006653003
-0.048307733129600586
-0.12266202280758746
-0.10213178287927312
0.058418923319214076
0.24554478791120643
0.4323222064251799
0.6288499725395756
0.805581625642464
1.0344799420480704
1.2613486278483004
1.3687222195823947
1.4035536361175225
1.466122483581025
1.5877342030641741
1.7124084404545814
1.7267554186500589
1.774836231918427
0.13192300794394607
0.099143533425997
0.0938092539747475
0.04564184474375136
-0.07800485356762953
0.24586790879847542
0.40068882233880165
0.5336036495479233
0.5259477157776694
0.7821082777782622
0.8860342791616052
0.8380438863159715
0.7894395953681227
0.7898505362645573
0.8195520015679797
0.8501549714758052
0.8962162262424226
0.9289705162714657
0.7918056260505214
0.6568304189445935
0.6426708951228388
0.613523251304763
0.49288285235777163
0.41112862599376754
0.33474945335257156
0.22466710529090478
0.17567467835731473
0.14298467333639425
0.019163609187113937
0.033720390852376894
0.13193069275081196
0.26174278819885405
0.33478139082636826
0.36458900088603935
0.31179946841209527
0.1585434570778028
0.06372853036145368
0.01095324134286765
-0.1448575513822016
-0.3142571380426608
-0.3107014938369787
-0.29605204018632614
-0.3102488761908333
-0.3160406979107154
-0.2302153235398115
-0.11046865227731385
0.07048508843038233
0.3489798682298283
0.7065472776460306
1.019547010866961
1.3375372104996632
1.5560960230095986
1.731627410175008
1.9442742583051928
2.0969649806856787
2.1354932081403892
2.1133101584607736
2.0832827271749625
2.019650974613607
1.9604865247993728
1.821625723151827
1.633344199248575
1.6520894576430574
1.6294054966484413
0.39157310772656195
0.5616209351982803
0.5734449019608466
0.485420291947766
0.4860250634349649
0.7882717907801277
0.3657244027152583
0.12167172741283597
0.06872016286958661
-0.2736128461194888
-0.3239648983930126
-0.11429593088537547
0.2765591231301042
0.4031115537991183
0.535790169324582
0.6240988020809923
0.6458235436687759
0.5703124688837315
0.5467410676436661
0.6640668336870077
0.6466111305401632
0.5179395912580176
0.24520517003516826
0.41619370989307364
0.6489856038761598
0.6280863945908692
0.5200093961736795
0.42071578925169434
0.21650432741871123
-0.08177237031957581
-0.3147625905514992
-0.3846997747328415
-0.46644402158663006
-0.44509863173791964
-0.27349434429394354
-0.2628636009207823
-0.14166443583492952
-0.024867649043605115
0.11626743381015806
0.33069986247992583
0.5732339558773419
0.6869941141426699
0.8034496277690231
1.0328964699056342
1.4034965671970843
1.6075509131855017
1.762479981378082
1.8723507651206814
1.8630384418002146
1.8066741343233665
1.7237797457029396
1.611502494843429
1.577594979646543
1.5305445088802252
1.5727546693134749
1.608217721072066
1.6140742299182114
1.5171386496960937
1.3687829735155306
1.2625740256517959
1.211062760170508
1.296134888183584
1.2418913955548305
1.184540304503784
0.456998794784302
0.4944365234530401
0.5812310635680183
0.6987084410428687
1.0819384664134026
1.4695780619101084
1.494606350570257
1.5079041669950288
1.3723854265160342
0.6657471106458468
0.480257747977028
0.5843352783663474
0.8187936557100836
0.8508173150423791
0.8320354087309825
0.8326933627242016
0.7731692074426156
0.7885323119241775
0.8591271200795105
0.8708726782895855
0.9030938651825083
0.9127795708760003
0.9119081794507107
0.9296600708778319
0.9668343795603062
0.9892391236198301
0.9820238203911624
1.0310802354461532
1.0367696365363444
0.9229022655711847
0.7931491917172634
0.7141117661508769
0.7211354753161301
0.7427334438011206
0.7971278413242119
0.9237204191468499
1.0843957461388696
1.1556794672575759
1.129696438194715
1.1220124826162028
1.0674200879188112
1.0047606597179586
0.9871406842831042
0.97104195090062
1.0338887388230626
1.031091734127451
0.9292895546607337
0.844269086013225
0.7127192488551334
0.5788191745715927
0.4398320726605536
0.34143592550540935
0.18461349114812453
-0.03968435557753661
-0.3047652107766788
-0.5455666841208393
-0.7559425511604797
-0.9626089593091423
-1.16014411651602
-1.266705827785881
-1.4146408225200762
-1.5710441514732942
-1.6206047590141641
-1.6363038554533629
2.148201223169209
0.25180253367322136
3.5000182854143085
3.9534596640918855
-0.4940569707265155
1.92154087161575
1.2309620835383897
2.724279763575692
0.9888929940236675
1.539481820968994
2.511670544268797
3.7240249116851576
1.9161426808470055
1.9561346140897897
0.160065333246314
1.7084907292402567
0.85236160003608
2.5092340179794426
2.2725342695454485
1.1854673351115246
0.7978921559385189
0.8022806301523057
1.6448499868103315
4.3092116333339
1.566977621420848
-1.8624653114863274
1.13217338030457
1.8765843969743212
1.7271880215869944
2.1607087351861405
2.418466500794924
0.306584713548846
1.4831966154339025
0.8335926686698559
3.525735037775107
2.6166470514183406
3.306296349824232
3.277819051593818
1.6623781171431278
0.31027900688657917
0.7869449660150459
4.125701959088299
1.5579825701690937
2.805256786500723
0.8061355043810975
2.313554466401055
0.4095004706546201
0.25240318610227747
1.23859393043077
1.601009860504503
2.8627767870984866
4.147603895687789
3.1288123958784926
0.8722548092233252
-4.7135715878654905
1.8647908839150014
-0.7862929456338615
0.21009161153309525
4.110411617208632
5.558799695448634
3.6072517408635982
3.2485714922602953
2.0800600901139483
-0.6973360687874596
2.9600069218646774
-1.469709214377196
2.4052298840557076
2.344041376865336
1.2808978735024605
0.60843716997723
-0.8027544136017895
1.4095628591733238
3.628916825288276
1.2236106882323894
3.5640418943279877
3.7555349792163986
-0.9623094432753659
2.6402270875746394
-0.07605665794472154
3.561083444001347
1.2935974636764853
1.6092222242936358
3.0495938842754264
2.820434772258987
0.635658053547328
0.7605048051174628
3.98651517196876
-2.505668541907129
0.25548061318474286
0.17267373215841147
0.20634627676946332
1.1298493685916104
-0.10415892072884743
1.4537089178815223
-1.3124402447442474
1.0288343475555046
1.2404680194006494
1.1295360760214126
1.9838188121255262
-0.683235774468147
1.9892065913143773
0.5356368019615884
0.6659431804470446
0.7036964930910065
-0.2827802270420599
-0.1231678123995316
0.5980567730297065
1.5795903121240629
1.7260066279950936
2.1374816764387097
0.2219442419957846
-1.6488155011113705
0.16523588552575166
-0.6786552540750072
-1.7897840898258188
0.7266347475958957
-1.0552643605139083
0.9200928320979573
1.004714492337897
0.6481348858304063
0.803922476041092
1.6477160454244524
2.201804060925433
2.6993496234488092
-0.9894771549637076
0.7157733099707574
1.1256812318144842
2.2322900110374233
0.9231066435480849
0.590405588091883
0.6669715764793954
1.2698231336829344
0.32798326199570843
3.3739630979346362
0.8906017762405798
0.5516132219348523
0.42489378864519317
1.2172085386418823
1.056147711149611
1.1699548758149803
2.890897833260287
2.0341066495949898
3.3194951290436667
2.083885696415359
1.3363058158295062
1.0547922032005095
0.9045398022520503
0.24770705757807146
0.7737349901739886
2.1194169287218916
1.5242879002201462
2.6144991270465727
-0.6562475381167666
2.476638423167107
2.7422512077236925
-0.5514412702977494
2.432722127363688
-0.6586416191931237
-0.23664463429483062
0.17063276316659576
2.3024607422895413
1.413609408168934
-0.23717029396543038
-1.757275998319866
-0.7487951116761559
2.072374880024825
0.9867762442159757
2.1983949698016136
2.1241971537102486
0.6440999209746657
-0.04613813555964191
-0.9138763273478527
0.5652379804776824
-1.0951970553940265
2.7434617746808856
0.22239944251064492
1.9809349359567212
0.390207124812873
1.0845234271744173
-2.803341287457193
1.6598145431027387
0.9811140023343966
1.272035603890027
0.7351992597671516
-1.975958347574538
0.20592395476394468
-0.748852447124668
-0.8053897489961775
1.2987967321672547
0.016546786403125513
2.23069688169401
-0.4245636558804106
0.9393626689953585
-1.11088190236539
1.653380128511378
0.09139746763203063
-0.29049690202817047
3.278797856789804
0.4041770544191138
-0.6854551714345348
2.2713500942984863
0.2432048432634683
-0.7148674223823228
-0.4769770918402429
0.20154446642901885
0.3675008905187986
-0.12873199334622518
-0.4857532524071904
0.2890243876496836
