2.852164570339688
3.452103155130748
3.410856585459052
3.395411066487059
2.2820663502946816
2.219760217400826
0.9996565118286379
0.1915604665021034
0.08257470524583115
0.42564460526359593
0.9036016732537815
1.5177656119574698
2.053426954726349
2.242934922436809
2.3138194243801244
2.4761981057713105
2.624559166371826
1.9644564647321294
1.3590991668083245
1.5108856467189318
1.1676289946291072
0.654865233347505
0.5818672362808859
0.8526770488956714
0.8786688104478059
0.7130725890584728
0.46500488728194084
0.5552390789026443
0.15606994358198678
-0.3695723612794389
-0.5039199406916262
-0.27689699702333487
-0.5472586161219132
-0.4483288762723793
0.1571080296219638
0.15091647185123508
0.7913088377079734
1.4892881344188509
1.714213223391304
2.3022822102293747
2.8587130516158026
2.8573992654961335
3.1055603956526374
3.857375646712692
4.407660608608585
4.805699130832642
5.316229395897912
5.3819112692410895
5.188134084143094
4.670926110675133
3.831214157825137
3.037938327572931
2.520023699765095
2.0114604053003617
1.2248510459242072
0.24335204105204597
-0.47705501571082704
-0.7214277069462502
-0.9265425199827597
-0.9379964418230476
-0.6178451219508678
-0.26249522221905564
-0.08633117405639991
0.05845775028682148
-0.17993278017999073
-0.0999349791167978
-0.16834106050413006
0.14010287361108348
1.4405679247243315
2.8008504636870417
2.6000240694266097
2.3487689209890728
2.034705244874199
1.457120440380203
1.6092631067906065
2.014997942713763
2.3509387202795753
2.3359507444349696
2.257650598800953
2.1779231124754213
1.9694321227267995
1.4174009547710142
0.9398786628854068
0.7355056065943296
0.43637245424637994
0.21652230363401292
0.07762997100716323
-0.04014531267069316
-0.18721277080648266
-0.38896483314191616
-0.6831295119615521
-0.6744969245066407
-1.0673427854973876
-1.6366259853478096
-1.766754304894758
-1.464065941672276
-1.497711475622857
-1.5115926516712577
-1.235378325248036
-1.0572917974076754
-0.3353501359205109
0.5440465813129866
0.6998537935913053
1.1295089235522655
1.577205017443751
1.7494673211269527
2.0845233725766223
2.587866490892813
3.0042326762993654
3.269837341417532
3.490359899469881
3.4844904759994373
3.4210457779973904
3.050504789195198
2.3284914898183673
1.5942443064889913
0.8163666599817341
-0.2099019518897074
-1.8533851827500127
-3.712808347918004
-5.277663282321025
-5.9780517582010395
-6.36907168225697
-6.626625280409794
-6.5612812084364
-6.391859015058268
-6.257715540568165
-6.157062702539101
0.48349238406475437
0.3467229402812288
0.29412040651046845
0.4361792772090053
0.7606072620694301
0.8143233281047972
0.9631262698271461
0.9345212285623574
0.7237857612888199
0.4858885668305947
0.40136441737507156
0.3126880417588746
0.2880117119129127
0.3329346611477934
0.36307581010693296
0.5038372022549231
0.602871842216803
0.7786743085648864
0.8881467671082395
0.9135022078936418
0.786830643109529
0.8711131921864875
0.818330119091377
0.5297592169578859
0.31053494135241794
0.03420809841370962
-0.21874442855564946
-0.32913353263427464
-0.6352446047529179
-0.5757529986791671
-0.33743136951374614
-0.03772426615928502
0.15431345926351706
0.12644773046653224
0.03725618889594561
-0.08287225165943171
-0.010012778299244407
0.07562928295803774
-0.16915834534407725
-0.22315838775496472
-0.16309693074613468
-0.2377353482631517
-0.1308555692994911
-0.28053384693810446
-0.43775921868882406
-0.5873497597229336
-0.4990981070346594
-0.09810561870864748
0.5374906123538837
1.2192183924788715
2.0414115510600968
2.66212952816115
3.123826412923732
3.62416012435372
3.9537224667625988
3.67793179163897
3.229468152478088
3.1971360278936127
3.143413817213737
2.904141532898611
2.467661639050561
2.2980737659142485
2.1541833308988
2.074474151904455
0.20144684048647915
0.08211963914401477
0.053424469426458565
0.2640609464148928
0.8754346086364476
0.9621641293456027
1.0814695605119335
1.1629831577867902
0.9986801141469711
0.6025290426762282
0.6537335381198773
0.8281314422485624
1.0203870012727592
1.0243891348656748
0.8761567956736669
0.6613263080858043
0.49743709824187715
0.45696896766037187
0.4423691201442273
0.39952897371450874
0.3315741031170004
0.329988526904417
0.33176596994406554
0.2217403780658045
0.20147961737444095
0.4508209870715754
0.93952777461086
1.5281728525847198
1.3987383214884495
1.159507911724717
1.126658581416126
0.8778246349342583
0.7602345009720102
0.8190570608470107
0.8710076669855527
1.1306970928417637
1.32382928548521
1.443147526366715
1.5476401914582143
1.6232496634092068
1.7931597431325386
1.7701254541084632
1.8238391863538974
2.177605530178144
2.8126120345590335
2.9950995518867316
2.5386540849083388
1.9079189777282988
1.2615510027512407
0.757933451628017
0.5819478140699963
0.6791447481745583
0.9255373457573881
1.576579897635071
2.4150544094951845
3.1127193200751258
3.768476085835586
3.999136240376779
4.179992766679404
4.509198967351849
4.8268578618960065
5.069135271196864
5.067355869446459
5.001621387282506
-0.10004672291689563
-0.1421416733194689
-0.26750528293868414
-0.14322622332782206
0.08416010787027323
0.30321363897438836
0.34159209696348397
0.42698298227277115
0.7194030341294566
0.8381235165937009
0.8565562738761882
1.178438338581234
1.6390732374157455
1.9699658678573384
2.200525852939134
2.486890938487817
2.8882073046801016
3.2947993414719168
3.499451688799204
3.6209348604628633
3.7787694433598564
3.9278718893912004
4.024343584460035
4.067171734878445
3.9547985068117093
3.4380252496327053
2.712352559938855
2.075242650016347
2.329577143999327
2.690688056354365
2.950466300726496
3.3127366950793915
3.4351858385249967
3.4503355360526813
3.356059625759672
2.975282104765255
2.6435724759919355
2.4355987578543257
2.2276621001134296
1.9511753831048617
2.0025825598883054
2.110020276200378
1.9920214987703249
2.0158007137835994
1.5657229633054917
0.582136742615835
-0.3059251565918742
-0.7479371673179082
-1.2657829989142761
-1.769971440019798
-2.103903368072525
-2.335476298558259
-2.3669453988776645
-2.3721153767335057
-2.362811531538536
-2.116648126060039
-1.7876688363773199
-1.704434390294918
-1.6896626505579695
-1.6851908283693153
-1.581680207715224
-1.4353388076955749
-1.2853411127829972
-1.2347706922513613
-0.4718802694594646
-0.49841942528327815
-0.562671129802681
-0.577824489181388
-0.33762087068720925
0.22803641267972105
0.08831088760367192
0.024929650656879663
0.30544443062184773
0.5248536328473871
0.4276419785929895
0.4390058485635246
0.5125375534856098
0.8791539987365103
1.3865969404941885
1.9642668552236862
2.5539401850612253
3.3375839671489453
3.8461276432462834
4.165785042752458
4.547590714296031
4.762347311560101
4.819055473966357
4.808019568434885
4.560565886290221
3.894562195534576
3.257920297345897
2.698314775329056
3.050585446330288
3.5476151972559853
3.5850168725307197
3.785161677386671
4.071154876083856
4.091010119386653
3.814350879934933
3.425789545674836
2.7917112658834444
2.189684486254986
1.9760497203552327
1.3889161033355442
0.9674402086784976
0.8441917491555594
0.5020650233534387
-0.1374056907585409
-0.9310063112286923
-1.746849259930882
-2.1804007846512783
-2.1678530101953504
-2.3874058009504924
-2.609407956448615
-2.637069713538706
-2.5867246279556513
-2.5215550518005814
-2.282816063576667
-1.645272289751803
-0.6555847575671299
0.3006073430790707
0.601557135706859
0.4695545604594558
0.12215589249126704
-0.5013040969223135
-0.8911938560781033
-0.8323499631544659
-0.813330177863164
-0.7645593941474339
-0.8269091470097063
-0.7539845422309966
-0.7759346768307863
-0.5159139910997713
0.8525724612488712
1.0412551993863235
1.477248836768022
1.9890601948239681
2.3648527858618573
2.0769615633007494
1.5398374534465133
1.110340028671943
1.1807098345142326
1.503943071146023
1.83593040572831
2.1717039890623875
2.819265304101644
3.2752942571605135
3.469596147914593
3.9094211607392837
4.152922274391348
4.176302480674168
4.262485348473557
4.296709141949356
4.253137806347499
4.10747850078114
3.502347773424783
3.9190890625842276
4.552913336932308
4.536230652730348
4.304383036185644
4.408578963305304
4.313979852825757
3.91560201980814
3.606963842026314
2.8713541364219477
1.9796888650291828
1.7449213049378978
1.2575023503134461
0.4285827304094361
0.28035302819915686
0.009544933445852857
-0.7433174044795376
-1.6078144414314823
-2.082444359517938
-1.9722961440930558
-1.4707198728713546
-1.0433693909984003
-0.6007093196895765
-0.0036460367482371906
0.5204605057414879
0.913757383134974
1.1904257639210885
1.775874408857252
2.7091005021462826
3.4262028904795123
3.5375555937965544
3.3649633052698302
2.9289195638913172
1.9302918448997908
1.1705471945521257
0.8337489437988002
0.5773428132096641
0.8445422727718663
0.8115970298360472
0.8137938842721143
0.8271984735045121
1.6220234222685823
2.239023720329304
2.3806068946970593
2.2963314026460124
2.287071782941647
3.1225283693448413
3.319958993725457
3.1407843283140418
2.767387942406528
2.6049934410676667
2.5501263206469313
2.542838994471367
2.6089041915578663
2.614752341857445
2.606058139831254
2.543358190151457
2.5902954861590173
2.753814809457495
2.8403226041070013
2.7990693656960928
2.7037642865863623
2.5419064219843186
2.3714866781711237
2.207171709479261
2.137911736950032
2.3449214132227154
2.5933725492038486
2.8603244365186247
3.067746041120469
3.1475110155238473
3.1303956969070335
2.9311636440311624
2.8554169530812454
2.9106001031745192
2.886616228809425
2.985373371456346
3.0166376521868075
3.002213806254746
2.977222094269537
2.7721843896920153
2.5380087324585383
2.5388425854041947
2.703665809938294
2.872862738202298
3.095219286168881
3.218644276135831
3.1248562541999623
3.0591252943626857
2.9922144478174735
2.7428347960294053
2.4628338069580886
2.1436045290513857
1.8450158918440691
1.858015012852607
1.9697301461944723
2.021280843634141
2.0372346308222964
2.2267354129720145
2.3739702743634004
2.458073026994519
0.6326479837661926
0.6403682699943517
0.7438652106351026
0.6086081791509427
0.24361244119652628
-0.32448901465321045
-0.061625916590856915
0.14962353279532706
-0.24563398992678673
-0.44306151679338923
-0.2680898165542519
-0.36663159658527167
-0.7651429199063059
-1.3337366770353913
-1.9040118631997627
-2.5301174415882017
-3.228468116878615
-4.083920942440654
-4.586349104162256
-4.864742485335425
-5.24439730835536
-5.464864303972019
-5.485361977000692
-5.453552331313839
-5.2140190671082545
-4.791981011101183
-4.161162300769747
-3.335147984254045
-3.706536185400283
-4.464005113199125
-4.557746071581913
-4.446119777065496
-4.423527414246172
-4.421622383457687
-4.092084268933708
-3.5052828711024815
-2.674912721493425
-1.731772455176128
-1.4043081072468078
-0.8247011825606304
-0.2351681633683305
-0.3352565996426489
0.04051953579173253
0.5228991970380069
1.2690901535394274
2.325011909620996
3.088539028625427
3.3687615926861247
3.7738432351856477
4.05041837252816
4.024675850453307
3.856919283332572
3.5869322090850084
3.0853564241385776
2.1642446755369664
0.743442368435012
-0.7321841025987983
-1.239810215122931
-1.1737186583090593
-0.9093072896370696
-0.3094564913237181
0.06124085467958426
-0.00700891511661148
0.009153131294542094
-0.19002264785341202
-0.09846152926086248
0.05907543557976048
-0.09221991396675437
0.4648295699493034
0.3441688182541116
0.26033568212804725
0.37052658672540106
0.23714695868520438
0.10975962388372747
0.17715346647190552
0.19492029016203563
0.33586866474239957
0.4102446755557645
0.3199436920205989
0.15426191895531827
-0.05903644647501586
-0.21652982319346098
-0.3428700012049606
-0.37221393786592294
-0.5456346433581492
-0.6772031886536352
-0.8107151872671226
-1.0769369305988374
-1.2245638034021786
-1.281029768916295
-1.0438031406540915
-0.6666035792962387
-0.7326329964874624
-0.9517060651888968
-0.9178294771805244
-0.9858563986676437
-1.0527587706399995
-1.0446184466677289
-1.0039773025347782
-0.9348650575592311
-1.113095547911197
-1.1486251843123165
-1.119241293428225
-1.2256711613866906
-0.9650167973415271
-0.9557224897868429
-1.1544746226049467
-1.0384655069318647
-0.47439328885283816
-0.03590440304337735
0.3250825519169359
0.4713233392886431
0.5046776776520484
0.5705032946595749
0.8377962835322502
1.1606097629515129
1.6253674123178983
2.5542304822554738
3.528612464866493
4.206277763778614
4.812628839561565
4.99885076323726
5.105752764717228
5.251086565383837
5.3711924903478465
5.402720051997568
5.43684581700621
5.400897187054339
-0.24467247457201596
-0.10031767214082107
-0.0812996650323428
0.20412133477906727
0.110310465002996
0.09644601453989816
-0.03788777624762136
-0.030610356508896163
0.32716184171472595
0.5503786298771701
0.5716951767383885
0.7630337662366555
1.0374642351324654
1.1475902508234654
1.1352795893943741
1.0663161897830165
1.0344203081538663
1.0539615072349993
1.0863562121474317
1.1088115934411094
1.1603278769961745
1.1495240564540419
1.3384235006300633
1.8257863714695668
2.2048296922577624
2.5089668096499187
2.5756108109181532
2.371815585295727
2.728503480955463
2.8180079335465646
2.7644244584425253
2.578443520398292
2.2233914344483976
2.2771422945504955
2.4196839759793303
2.2222766902144895
2.189376397653384
1.915642706531982
1.7676865645266953
1.777485416693771
1.7913607241058767
1.690034600095259
1.5627286325181224
1.3853833935572688
0.8188408197086757
0.14532058171818774
-0.8621750852204061
-1.7670361220831703
-2.3779366667194033
-2.818166015792985
-3.2511849889572515
-3.579475752148833
-3.8150660673111574
-4.214778508798853
-4.320012385588214
-3.991473346766961
-3.6933640876853118
-3.503711966919871
-3.401097309198573
-3.3841392147472407
-3.2982764149054877
-3.1953298052190773
-3.194307857608622
-3.1480836989212584
-0.5936345962138793
-0.5294486404496542
-0.36932645658677554
-0.267145324092849
1.0854241338526565
0.2784349765441661
0.2979607807001299
0.4620653836859828
0.32774979490015876
0.18599122555056716
-0.05320265561254149
-0.3341988783322717
-0.6279317586276689
-1.1403351624182878
-1.852564156754588
-2.5989690665915126
-3.322649813672021
-3.7219857468594206
-3.701708653686383
-3.6560124080162297
-3.874418093840211
-4.07836159565995
-3.871980825301418
-3.517521002601046
-2.989170101689862
-2.140113070555994
-0.9897877966367725
-0.08567077188302724
0.15774399923309665
-0.02913296346403014
0.1330170025041553
-0.19166354378261954
-0.41653148018625535
-0.26158128126782315
-0.0309842951866231
0.36213833379283117
0.38398897784976693
0.218279694464222
0.30830227787685993
0.17712936310095756
0.48532063983286833
0.3910982405165313
0.12902935599161167
0.06926437499100115
0.18333327848245165
0.08259524311073123
-1.1460317825273219
-2.4116278203826003
-3.0850959781642318
-3.3163786210813484
-3.289552298761678
-2.9001685131534223
-2.4969212336728877
-1.5794583256098857
-0.16336921081146988
1.1675411695891689
2.1280479061139332
2.620817995736457
2.999664160921442
3.38199431393676
4.285769665476116
4.510548660921966
4.112026526872164
4.127352355983416
0.97091514833217
1.0079001882065701
1.0887296210600894
1.5697134341693937
2.0501729963035693
1.0917079099720666
1.2600414054153248
1.5256169507204747
1.9948027264118813
2.293660862704208
2.1509556994128647
1.774357964022504
1.43341452667301
1.5086319448415322
1.7150761331965685
1.839489577996983
2.0277172686037126
2.4788485938954374
2.756814635607906
2.908626298306632
3.3131248338976955
3.559941919010238
3.669116158992972
3.8472262585892585
4.005179548535757
4.136854978556633
3.97628407561706
3.484161974559816
3.8495623114746835
4.462857357666463
4.63554377558736
4.504371209481127
4.504693013599205
4.447667751674756
4.142402386325109
3.7816722880023503
3.2167793528738655
2.560461165637289
2.31872168056448
1.980813509639069
1.4090096332212292
1.193635141614088
0.9864612240395324
0.47753905060484947
-0.16046455821136546
-0.5719569172747049
-0.707536637427031
-0.5161144352295264
-0.20392410203520814
0.31270429634030206
1.0674862575303041
1.5956373418308825
2.1443546706385974
2.4664167272792836
3.0451098784357162
3.858936327769168
4.572707209308669
4.897906068995696
5.1248377229835
5.270174982665052
4.815028180776407
4.491699822590328
4.424431007693653
4.229584505020711
0.3416445662124321
0.22141792867645102
0.2624600871745941
0.7463479108428455
1.325881740816065
1.898300984685553
2.1886531997087357
2.1278158680843275
1.882596228596735
1.6341652808158207
1.6482684663813723
1.7540609042007316
1.8012450695003184
1.7237704311048374
1.5690207405271897
1.3161018849947042
1.1040306898118126
0.9893997276185647
0.8625809886836207
0.78043426641989
0.8179554020424803
0.9628645031703609
1.0844071888655837
1.128345492653976
1.2632036725009372
1.210362464256224
1.1279004109523827
1.2810794930235212
1.330661401605806
1.433658852855383
1.7891862777315706
2.045234241932473
2.112040097340872
2.0804202778858203
1.972773862515203
1.9567555567863788
2.129782666992121
2.4851826289560974
2.35104420575491
2.2434828155730195
2.6652739338810343
2.6540527149504394
2.739735222002919
3.067519427858052
3.4114753047130284
3.4566796010651952
3.2049726160300125
3.0415034863344608
2.9616288066808254
3.0633853293793276
3.465871671685411
3.6528187561536423
3.9406342034817454
4.093095642689289
4.07696046311573
3.8944995047177073
3.740934508525161
3.680958207337466
3.753078395876876
4.034547147111657
4.447127496369855
4.7321141972329785
4.767718470150725
4.6939027838172755
0.5537994219785832
0.4439248980650638
0.3917119069312441
0.6157933406283124
0.709354050642994
0.6424544924221588
0.8049377059432057
0.8156346036071362
0.7281692742087625
0.18399938419331296
0.08571661130552502
0.14271095531169697
0.378306040293405
0.6094871404273584
0.8769549485138487
1.0564308490178822
1.1949493486585963
1.4861229919227106
1.6297748832219159
1.623129059683936
1.7633596110521434
1.933013438913363
1.9458768025245077
1.8530860987266664
1.7879361432200163
1.7183241400688467
1.7261849262546747
1.5706302680547009
1.5169600059271542
1.7101997887272231
1.7805769017115711
1.8476645306992
2.0577777340855437
2.0564805115364915
1.9909759577796318
1.8752909304704382
1.847121235094603
1.9341986189804463
1.9915509636306112
2.0121725494284277
2.0192384528043554
1.9294205970686322
1.915888247279736
1.8591786768342313
1.800609777021338
2.0447276266751024
2.6931530972556215
3.277760767066728
3.847771702408506
4.2724258642625275
4.421230801743397
4.480831763217142
4.4576048939000295
4.300389827384465
4.102293085911578
3.805738396720047
3.4283088500037855
3.3370316991427695
3.2925056128867207
3.1712596387896386
2.9044261660512967
2.8141536594601524
2.774364661460598
2.783273936184067
0.18047217224519577
0.2065239306192154
0.19280306436849054
0.7992229445321858
1.2557040841648102
0.7300215484446579
0.7054096354629279
0.719445002328392
1.0409397668502507
2.314475023689434
2.628132695618165
2.4466870354370713
2.1008754868073574
2.127015304354597
2.3207490981436862
2.562223852306006
2.8925427638974823
3.2149837403989205
3.380863521751326
3.5291824743478215
3.810106177866477
3.9902652273606543
4.066100357516949
4.168855976647378
4.164015392575024
3.9668975728055096
3.616707377426381
3.0642500573566838
3.2002444342184995
3.722464391154478
4.0008034920321025
4.116045234969534
4.221036168684977
4.186577203328501
3.9373840767122026
3.505817039750689
3.1521514974155327
2.813957148386634
2.6050744208082994
2.277992278949333
1.9832801264671558
1.9020793425127493
1.7045180853545356
1.4468315238881433
1.116237390037595
0.8032334720077202
0.8683350015354826
1.1399161817303949
1.4016150403185677
1.6484600021370202
1.8630407036962684
2.0313460443694655
2.265897582712825
2.4845545142384977
2.8096638576232635
3.245949173636089
3.700925071276431
3.9738736984909555
4.0786691880416726
4.089584416073539
3.775425352239723
3.623765030560688
3.6534147242428285
3.6198155709893265
2.240324968081166
2.4225881422896336
2.3464389111710555
2.2341904115437132
2.277096701924502
2.2969589026306005
2.843217974357548
3.337938909458492
3.214360776085395
3.245944727438338
3.3061423879163443
3.372553265607074
3.3466811640195604
3.2125697595237135
3.2494335805847094
3.0478974889659805
2.9250967151099756
2.820585744685108
2.488386867698719
2.026840156191316
1.675734471763887
1.3545480946244075
1.259863389452925
1.2368702420332338
1.1453623195116707
1.1536401386872703
1.1881027064917404
1.2746543511800434
1.492712833970837
1.6803429236598175
1.8518695893680102
1.784582956685509
1.9041519744880793
1.9725301244670077
2.0526960732213095
1.960609253670469
1.9486497610534055
1.7802662871965065
1.6243249064165182
1.4253461859883783
1.4979531646607973
1.6133903701884569
1.61290619787777
1.5830814033357248
1.1993078805551318
0.8693248932409888
0.8689326951531458
0.908443614941897
0.9417496826494834
0.8122314943372548
0.9610071598209394
0.9472382346350654
0.9653071248555782
1.1689748686903145
1.3923664024996152
1.5634118108307071
1.6299367856853442
1.6895985696922622
1.6436240536061324
1.5450561773097384
1.4226586274375115
0.8000249657341046
0.6117011235491109
0.4792070231368213
1.7683690921675292
1.976369341273619
1.895379298331652
1.809901586521247
1.9462924191393278
1.884612027337516
2.039186901482191
2.2164844178778638
2.0580587735060143
2.009481257813815
1.9964221922068937
2.0514000669006145
2.14910797101653
2.2403971207940043
2.2501178716193473
2.2978800169934925
2.3565418307931725
2.4074346785785576
2.313972689071081
2.1576965899662803
2.0937735974474134
2.0515485185134454
2.0399907812009594
2.089393589890277
2.11272714666101
2.0179656185441472
1.9443235090807096
1.8895092091509151
1.8272171215025437
1.8681985433242452
1.9790131835583655
2.055042742912073
2.1225040091331713
2.26621890075328
2.543164305169111
2.5205696225166485
2.4884648539657257
2.467162312166699
2.386412728667438
2.3462444491035432
2.386230273353089
2.6346941602235776
2.6904270638743792
2.74303454168788
2.6958365440053234
2.6012508074689498
2.5908277400242365
2.685115697422165
2.684342544294977
2.6836490196379823
2.7738471459163647
2.7801416375023975
2.7463212807628032
2.6984736774744413
2.684551038812261
2.714279843467924
2.7572288243356495
2.5832944569657394
2.3670395603348413
2.2912004013885547
2.0223287885891716
1.6331154114731976
1.497511414693386
1.3648310474526641
1.9461233678007284
2.011582330089206
2.1940784997219054
2.2841744916106967
2.281288228026027
2.6127697176754547
2.5109713087854875
1.9470734514325643
1.6992729265367938
1.529172925042573
1.414582335578643
1.6499991625537416
1.8044408753250756
1.262986717466024
0.31549723840985583
-0.3673776270180049
-1.145736813003021
-1.9141432141333659
-2.2062487492339327
-2.453673927536471
-2.9613790889572833
-2.2918315814472248
-0.6849490892710944
-0.4648410746309819
-0.9162312827520271
-0.9306990107631515
-1.0491484240427043
-1.1705322068496002
-1.028854916671926
-1.1037463157968936
-1.356912073595028
-1.9646256460291234
-1.9392069250953685
-2.170712058719322
-1.999735489459475
-0.4412651507393617
0.6504360101868095
0.9885726491207516
1.1598446808480034
1.6550395486242948
1.5907560664643723
1.1351535184301726
1.341690909716938
0.9739255562473671
0.6154450037256902
0.642315703782235
0.6656384749182447
0.03316884364059386
-0.5195799163204098
-0.9672626219739257
-1.2832110140070585
-1.2698853256818394
-1.572460291245295
-2.1507198538123093
-2.6701374365004114
-2.8422559639648624
-2.8967309047402665
-2.8434692258330387
-2.5327549880228064
-2.453873839640627
-2.61507293639971
-2.7085666909178228
-3.457409535357144
-3.2583433990804873
2.9891962486954067
3.4658844764618757
4.090073188116244
4.056703176388777
3.7451029600902284
3.9501703380917705
3.936607298736701
3.431660310732913
2.702823821107963
2.3716149967002718
2.059291073984267
1.3705037859203253
0.8445200782105928
0.4930818088390082
0.08277996147318932
-0.5200744248559811
-0.1552535602560962
0.011727441632100826
-0.22966462417736977
-0.761865838824185
-0.9298726354750021
-1.3021012048044405
-1.8860202124655512
-2.169394819745113
-2.5015816834193467
-3.0734727692065227
-3.3719252121505643
-2.765007088514573
-1.7319018394811638
-1.5828614080374335
-1.8059315105150593
-1.9065203398440105
-1.6568919689687025
-1.5193844088916983
-1.6290015343079183
-1.3929716147358735
-1.3497270841345475
-1.5657701808288678
-1.0311208979829405
-0.7474837527881799
-0.8779307372218438
-0.291793284781552
0.8202886114463991
1.3294443038150752
1.414799546178835
1.2145864930778534
1.4172905637373168
1.7935684073853098
2.0951649183992194
1.5583290490863673
1.9916860225345943
2.3951544094515533
2.6218680604844438
2.918641853391849
3.2037359890894233
3.488945340863736
3.6679159414082774
3.6843125929209397
3.0205083175745124
2.4281775045406606
2.6758905784359377
2.9018756217756563
2.36442806810787
2.1916691051662944
-0.8619630391456206
-0.8885137834635523
-0.9434044368727423
-0.5971993289062965
-0.309903422707179
-0.345680582320956
-0.4287267430478453
-0.46425002331158643
-0.47793909688190844
-0.844052709049057
-0.9724654186476888
-0.7626541590430427
-0.6067115253144304
-0.4359996189861395
-0.2872340257379298
-0.09148124611102564
-0.4479584997820587
-0.7522176431934263
-0.5289824865394989
-0.16547971657970872
0.05249327467743709
0.3623376321410693
1.142569670535653
1.8421951042960683
2.7634251595257378
3.47876322436711
4.105883143021587
4.504427214283208
5.088700623886193
5.717880935100698
5.952960741432528
5.811354790926687
5.603305679473222
5.497689678008427
5.282799221835252
4.739147695083612
4.560168067831392
4.617555601949269
4.584391042153988
4.425392531806869
4.1757457449333835
3.8225388815035073
3.042962246371418
2.3701029304750447
1.7033711521336896
1.2488429732307045
0.8804435627144136
0.5953843484045974
0.37687374259233386
0.6663560839007893
0.28968330518075464
-0.062017057260208154
-0.1196503167878568
-0.11569005472219832
0.05265765062118776
0.02587995468813713
-0.02084365576840039
-0.5865958906308353
-1.065028887758064
-1.1136256632010135
-1.3382563924964186
-1.3122368620899774
-1.100882021691571
-1.118323087197962
1.24181325398673
1.0970604190848994
1.5022029735847218
1.6397864260356212
1.5128782758413508
1.5272189338691047
1.607303707831032
1.5236675774754456
1.3542513820547422
1.6618995655155204
1.799959851885671
1.7895127344802189
1.7231956914596365
1.4279503870104864
1.162040582733744
0.7134382056466939
1.015933579716546
1.3350894608184154
1.406292282354673
1.3335213872234408
1.103243233831616
0.7519786360079066
-0.5662674983544977
-0.7368346226323339
-1.28884570487478
-2.305522446255082
-3.4950401681348278
-4.304477533669462
-5.067375956141943
-5.937261443352777
-6.094651713102502
-5.95629002361561
-5.814242231205606
-5.8858950535547025
-5.700337721251769
-5.151456311503779
-4.949903653850196
-5.045964244027783
-4.928174421077628
-4.482834337490953
-3.5395471571898525
-2.4494282579490108
-1.2704886271265883
-0.21098153625199886
1.3028644788454078
1.6306338125698614
1.2489196060895185
1.1896730862027656
0.7660148833423465
0.23016949980710374
0.4786169428778736
0.4886418238277114
0.38087183933586816
0.3376659849706294
0.27337803183387405
0.38173087991197896
0.4947526648943725
0.8537776113103058
0.9339826786247437
0.9850138100482135
1.410444207141864
1.4903380418559347
1.3248205000906532
1.3075373355641045
3.0072064891881816
3.001551526368938
3.1750612491833103
3.1182919469684194
3.033816107227319
3.0346729217289057
3.5949318527665417
4.079216052470336
3.8671924900321337
4.204375005935938
4.345251000615769
4.261159059203026
4.0748460431461275
4.016348895288689
3.92816168033323
3.52079655270107
3.5991705221585586
3.7336779620210554
3.3383556913613313
2.7567920585363868
2.5076808606834313
2.1610075272727887
1.4622442395248636
1.4966240126651946
1.5303699168189546
1.1181751120732664
0.4215644241386248
0.16682372931671802
0.03894416427070975
-0.39348189136292927
-0.28539276169017497
-0.2894947110413711
-0.49046521893996814
-0.7593205292211044
-0.727414419435494
-0.4063389297660245
-0.3708436500809187
-0.4720396559253079
-0.2671956653406359
0.1884016685055221
0.9997130599297173
1.764455354226508
2.551340450475388
3.2605924848339938
3.6445006831120432
3.186629264784356
2.2253529014413567
1.811966597029146
1.8270306352945076
1.802903629746598
2.026311065273284
2.0046711746846504
1.854303697499703
1.7555111059692943
1.8397377843514546
2.01080653333793
2.071413184182494
2.2496287859973068
2.184732513042026
2.265074429852193
2.473000226938426
1.71918984061184
1.6058267363114203
1.5592688075303434
1.9880354262697442
2.0055203417986673
2.2366013587957467
2.4474964804535317
2.4156710117627966
2.2498263013484143
1.5431043184139241
0.8660786546117635
0.9082255214239884
0.4904083009004328
0.41994679997426887
0.4947380990911316
0.4919265738496025
0.38413916349569727
0.36869621537567454
0.7357704607737219
0.817497983652659
0.8431862187781077
1.2261309616989178
1.7762182442253547
1.9882999834670385
2.1994504048185934
2.4763037007734807
2.286759361056666
2.3790323265635362
2.5599512985030124
2.8006347215141627
2.6369597497200257
2.3458330474814257
2.4459139528756557
2.560213718329205
2.616922053543937
2.6636501553275442
2.849581905663162
3.0368687067974287
3.1264158924767784
3.117885137873551
3.054077887357373
2.850587301162493
2.712485939469092
2.37759640119064
2.1157926472118853
1.9965272050521585
1.8852314852171532
2.5220546863626345
3.099846998442108
3.346096069098659
3.6165819017895298
3.634831752628317
3.690658594663301
3.5233150227795997
3.407766699235534
3.4368521245027583
3.4762121152227583
3.485452024018557
3.3478794711414106
3.258184836435207
2.90821954146506
2.633287633625539
2.6108172618138585
2.775667195490498
3.913156676120945
4.198018387518309
4.257220157294573
0.9770453375599181
0.9479942451128919
1.1743512896055017
0.8984648779524109
0.5528139428289522
0.5709470499757776
0.5958512775740107
0.4472761812181397
0.32955455922025473
0.7104839352866327
0.881029557222964
0.6320845136535861
0.28742441107570177
0.020294540429519288
-0.15059657515212327
-0.5193517699524931
-0.16913005856051783
0.08474007506835644
0.24217412283482662
0.21406451411799193
0.062375778333346385
-0.2801557037958207
-1.1524325126239423
-1.643033038670584
-2.30547180670519
-3.1507565380529643
-4.2281395124137395
-4.815858369433549
-5.330213800988336
-6.101256153370887
-6.2865746832841065
-6.325205781892416
-6.384906951581203
-6.4785178354312185
-6.420213980191458
-5.858309481107944
-5.733751480650373
-5.81394008493199
-5.55546472032131
-5.133724782210612
-4.334442353314899
-3.3702905138238823
-2.135698760086499
-1.127032566084658
-0.33332357107335414
-0.19751976146673073
-0.3722654704133682
-0.6509414999380745
-1.1783906957557566
-2.041351033904919
-2.008730362520903
-1.8750779093044803
-1.9133558147206384
-1.9439769499975652
-1.9240888935235576
-1.7810590591883793
-1.6735672902510454
-1.114724426055715
-0.8167787706834061
-0.7437457364741764
-0.17765378868561482
0.07398497911642406
-0.09327140656074792
-0.032006029494530186
1.7189835325876872
1.9198196017474094
2.5506376704274625
2.5687645696269077
2.170054886773296
2.2807728481869494
2.3435638850207443
1.967879453601534
1.5280779858414661
1.4476606483969434
1.6564127163354954
1.2672124973169145
0.8061190276689661
0.2373702615474566
-0.4998627961566522
-0.9846015314787407
-0.8329586562808408
-0.9754955193639092
-1.0556130396040622
-1.1428031257753208
-1.4375089002159356
-1.5594442828928279
-1.5373113819437427
-1.8715642585348529
-2.2579285356495307
-2.507238524921996
-2.8646243280865074
-2.7623739263388827
-2.509617042624337
-2.752269142353431
-3.456725905707967
-3.7120471426311936
-3.7055571646581886
-3.8810307393861962
-4.373710482229626
-4.701378569115216
-4.829650302624848
-4.868299732517844
-4.579899850246643
-4.644862062048782
-4.4454212032257825
-4.036935610556201
-3.4128893636594855
-3.149990441543854
-2.6311907972739617
-2.272960397246851
-1.8344878001584417
-1.5707972934357533
-1.2649916824610512
-1.6464575938582178
-1.0198492586326928
-0.02989003086290064
0.5683903114596089
0.9960675286067393
1.3249557063907187
1.5594581356063497
1.6772963552787687
1.7308216136615842
1.4943377766273644
1.1600108221797965
1.2909683668675798
1.4439461833141465
0.9853432524411555
0.9656575850450428
1.4379593807061464
1.7536947874491065
2.4927324803926254
2.27341920372622
1.7559271565313108
1.9583558949214364
1.9474529515454784
1.5222529079631584
1.112997305290076
0.8671642771539229
0.8959941245872078
0.5462169755494416
0.1160234663955596
-0.41366150494924336
-1.1144360140839256
-1.6571700864573076
-1.7276660392209313
-1.9282701069858654
-2.091730828488297
-2.342397276085352
-2.715569031352406
-2.724693162459644
-2.5290105234684264
-3.232869736328525
-3.792270259322495
-3.9171441563738254
-4.135682826527299
-3.978482171162739
-3.7822234484342077
-3.935675634895198
-4.1533935162616515
-4.338461976419014
-4.351520833002861
-4.593493014207821
-4.996963836254929
-4.829970585955056
-4.918403210832952
-5.012111351868996
-4.803469948835053
-4.663280135495896
-3.808245178160378
-2.963345877674783
-2.148942925076161
-1.7870161785014445
-1.3224511884261663
-0.9124043136308959
-0.5449213859223454
-0.6072880137396036
-0.77292317112602
-1.4893773957420922
-1.4294441203865023
-1.0249849796010233
-1.0113480703217517
-1.1535131013581423
-1.2180813198593272
-1.1697637177862827
-1.2600671273632793
-1.1202605153022003
-1.0603413363985497
-1.135217316266684
-0.8321704162758219
-0.5541269511719731
-1.0028353934584835
-0.9827025215493985
1.1584971874063328
1.5283903691390068
1.1027459967956141
0.5508281068278601
0.7598025662215924
0.6002537890485377
0.6504046661141535
0.8704595795286165
0.8884656714994008
0.7730273535589469
0.8637623883229815
1.2779201575340722
1.5082811120550643
1.803285442283985
2.1932989039498096
2.533426212731574
2.665839107108295
2.5846612085409446
2.4552757869478596
2.244877604489678
1.9238425028680461
1.9724105682833415
2.0469574788278315
2.1122531307048336
2.228991073576001
2.3353966980351935
2.4959177474157506
2.5588516970983792
2.5945127484973254
2.648709368159756
2.4466232422769694
2.184582342598527
2.097480344146674
2.1395940984873545
2.498180072603874
2.8433137956134784
2.9310949081688995
2.7647641105268965
2.5462010421555337
2.6017471634037244
3.017933329224923
3.309075451663676
3.4986348173072432
3.7128150198975116
3.402576602645448
2.9118619037802485
2.658714775861998
2.5493538724905935
2.4235413413249427
2.527933921312645
2.5293690681588044
2.273310132263475
1.9577650239931785
1.6925572063705772
1.554165806921674
1.4641296891419857
1.3436869087437624
1.166336008562939
1.0661447168056064
1.0290748600417363
0.7313162656939592
0.4557140995692932
0.3407388612985889
0.0005080649753701807
2.172649025327229
2.259861175859074
2.3544267629080857
2.239771871867239
2.360447284516021
2.3463687339482773
2.635225722286213
3.1550493578624312
3.016392577448171
3.1135772300308453
3.161478150955847
3.0775405708917227
3.0194612458493926
2.9703696880261097
3.007245261373517
3.0115509115443584
3.008323416997978
3.174205024486789
3.1775220372895765
3.014126961232541
3.2076718477766053
3.112740882089064
2.857120764315036
2.7810358982727426
2.8416122242142805
2.805938531009049
2.7972189082327317
2.899886608329568
2.7844567304013155
2.47845807988263
2.3706032142139803
2.4238273174027536
2.5755527058447263
2.5675046902682475
2.5372833222752638
2.7756430088378896
2.886114395807043
2.90266988480544
2.8820840731865434
2.8341174737205614
2.7277203643756267
2.471838382738283
2.377755353429643
2.4932846982883152
2.5098328582205585
2.45100125561991
2.3122862764699788
2.1050690290583427
2.005327249940774
1.8274283257267807
1.8817009516340224
1.993457935777253
2.0103525669770894
1.9550248936017296
1.9422861520499972
2.024230202735548
2.014199994419092
2.0612234204348767
2.0923798760329566
2.221333928972022
2.109470357708665
1.3665207361821685
1.344770398329794
1.361136668553375
-0.07095825408164937
-0.3267568168633623
-0.7138503367088572
-0.6793985774911693
-0.41972525007708605
-0.48287494801179065
0.002548579939967683
0.9451873705930974
1.3392653140190924
1.5863396634647113
1.6873481884688188
1.9093353270609683
2.2088156391732983
2.4987365329720936
2.755281156856369
3.1873098276992815
2.9897922217009034
2.9719978218997776
3.071863003244227
3.1972824797285972
3.4806177450700875
3.584231421317451
3.629391604896158
3.643924255797088
3.771006903154433
4.016340675050385
4.1295501237289205
4.069459440222934
3.9557968828477392
3.9400313241554756
3.8946975567518733
3.9892582759337727
3.888101255147216
3.796045099547706
3.6466775143280343
3.2472811415482123
3.2179497396881573
3.48900144031112
3.2547431459738165
2.9828263855385404
2.962001133417366
2.552727965277597
1.6911136952077135
1.3390796810687235
1.0167071643146122
0.9162676723182075
0.8816404151995595
0.7516868289458596
0.5301952650697822
0.6683752907763051
0.5866227528908169
0.5855398414989277
0.610095712906161
0.5073249900879633
0.3697153037126069
0.28621891011325934
0.1866882027287304
0.22439528029650757
0.6294799700638133
0.9419393658412728
0.34933584190572703
-0.676211449486953
-0.4022215021982645
-0.34589678198747376
-0.9172859107195144
-1.0422645320951607
-1.0159789525180423
-0.8699405103019704
-0.9440793068690874
-1.0858699992932508
-1.1038183359978464
-1.0549106009814488
-1.014803768847411
-0.9913415393611212
-0.9018329763655875
-0.5656254304166687
-0.3156326126303095
-0.23462284401911337
-0.362073724284366
-0.17001477463407633
-0.18861563226358477
-0.1242075597000251
0.4951546166145506
1.1889393092545537
1.3708549006944126
1.3985591796551826
1.364879659965585
1.6654815396407472
2.256676227293746
2.8428999312982515
3.1953601419193514
3.056498216375863
2.655455640120801
2.8048322824960947
2.888294552604898
3.0341101866233418
2.910898093514372
2.8889929373810044
3.0252820059559897
2.9062168213591724
2.918727953012467
2.9691501844878028
2.551045851107807
2.4389185184655577
2.4038688863292275
2.1217591187940785
1.8573959310386086
1.8724305633024703
2.2523241001720042
2.6171750518440384
2.957066979460423
3.3755886686642307
3.5870210739966883
3.9686146802676756
3.988696597593716
3.8644252376273944
3.8201542391039154
3.768214856402564
3.787435575171095
3.583962782850687
3.351803920057175
2.898470201382833
2.5440896312872567
2.5172576272121785
2.2931928360098635
2.214511218428663
2.5462814073983857
2.5952510207003057
0.5692881411466053
0.5641196126541272
0.7858859672481103
0.9964825791241007
1.0054808729867422
0.8785416263351402
1.2800305534333818
1.8929124147874414
1.9410135248787028
1.8129288613273897
1.7872811542662068
1.8179599023685733
1.858188013637589
1.8947119464497237
1.7822940559353926
1.863772351145551
1.855608933611543
1.9507874852724174
2.1422633386856034
2.4273181322627746
2.677631234270204
2.8371241079168725
3.2437226719118852
3.2149308116093627
3.285694301866004
3.44230237744615
3.6144471608306867
3.5753234677588304
3.372927536108631
3.424630887579121
3.582773497415434
3.7072383050973015
3.759070239886031
3.7900078526691114
3.9994237410572717
4.123733576591805
4.091446499553346
3.97504024636375
3.6504454780534474
3.4249223957724864
3.144765965736388
2.743453745405395
2.4288832951866883
2.3788791621250143
2.933342340215925
3.195978146301082
3.274153267147547
3.57019163302154
3.6196431968475955
3.716454894859329
3.6468977392883573
3.5705051838600284
3.567983847333627
3.5824993634900215
3.5745228685165413
3.53513992946351
3.473421927734604
3.228929351439057
2.9657318173440355
2.979361684247088
2.692493338271115
1.986173536467402
2.0722009617503074
2.051615157012504
-2.9571856876090608
0.31850454255642396
0.7310109617886873
7.440719715906711
2.8156802556390335
17.839905926496215
3.890540045763093
2.0608897516468883
22.09586456663956
0.7261085881349331
7.9267415933605205
8.969870061941753
-7.502867745199981
-0.7548066533745253
0.08401707172650699
-6.278141619194684
9.624326055951816
-8.720007737455587
0.2412487888280784
5.541701227313131
7.154585103068301
1.9997086624392344
4.765295283485939
1.6363135200437082
5.900663213759075
5.205383600848327
3.9816479367380415
12.778406187881949
4.55832827897817
-6.014141429096216
6.191170221835596
-2.431659818782671
10.999408145905894
4.8070766449355675
2.9398983916563988
-17.144759080459487
0.4385441881514766
3.0729664711954996
11.190077741377475
1.0688705567145285
17.273312925662392
3.293099741563121
-2.43297400905558
-2.6578432405197443
2.032935048525015
1.7804535467434657
-1.1793455630895322
-18.71744482127478
-2.7835526163933917
-2.8784841073626772
0.9936825805802907
21.469162412515864
1.5447178209579506
2.5869127239616185
2.8274297501589247
5.678296942454549
4.100383855546015
7.576750054461088
-8.314058113857604
17.89240031484231
4.5268652706526895
8.74485904176823
-0.5049684613001117
7.608786585302686
11.956909854512658
0.09407966911342966
-4.066925669205363
16.5314540029057
2.9376654960971122
6.400710601592812
-3.8820209991696792
-13.931622430232556
3.781817561631324
-6.055318956493961
-1.7657518721032073
1.481188942174661
1.6113168550068198
15.584265816655257
-9.734593435169726
6.893257089814159
16.208535538903842
-4.656737446338877
-2.781932001028013
2.956443174962485
0.23262107364199244
13.577425186252011
-2.61693960048238
7.27883016644085
14.304442382497257
-6.082603977682662
4.001301752910639
4.696263613449197
0.06831273554687864
9.099530667683318
1.4887137803217054
0.7532573128391107
13.734172019078207
9.572687413790021
2.120624816729514
-8.393431916052284
-2.2097350492563304
14.052740624707045
0.07616250626511223
-12.44317216261562
-3.8128411819199863
7.16084778802254
4.229150118549861
18.74683012426109
10.322268372981405
-2.75272212582122
-1.4632050677540689
2.1455518775837894
2.1096631600443567
-3.2946156820449697
2.984142587947088
-2.2759408437625344
2.936422898109932
3.8357997850530925
11.66008712861219
-17.839458974910716
5.464707852642616
-6.027887542105449
11.563205318225307
-10.320843969367814
-2.34286256371055
-10.395098344865218
0.8266270234256763
19.78592663265407
