1.6731887802398508
1.4884746957544044
2.0001893987461057
1.8200886111234567
1.3121984078717408
1.0450305184504218
0.8066520058582589
0.9245579226423412
1.4464624450031542
1.342214099262597
1.4985904905939254
1.7358499973813457
1.4536632040316733
0.94731864806126
1.50875109142564
1.484634311558321
1.543210686723378
1.1106832003178915
1.4148823167362707
0.813139100201479
0.8687866109946547
1.2208361774715009
1.5833679199204052
1.5409667170884223
1.3204626436369769
0.7312461579928343
0.866537974990425
0.646539322261421
1.126417724277544
0.7186687242587273
1.3633005734412627
0.6998679596889844
0.8766756468320003
1.0404683254178047
1.308146126639493
0.8709629418938614
1.1346431524414902
0.8965955187482855
1.223459193834237
0.7653559253599388
0.7392365407722644
0.7111082065869601
0.5295533370027877
0.5581565093267136
0.16220426742111044
0.15828516932006045
0.07541000267802042
0.1182465860857971
0.7151445139040611
0.3028080241043526
0.40521121318023884
0.5434901159628849
0.9906632267284722
0.6575033520504088
0.7610509044505847
0.3990217774439576
0.605432077085618
0.7297968784566791
0.44086037902369773
0.7115790778012712
1.0490304654861966
0.5588738373184757
0.7021564602713937
1.0763352074924049
-0.16564258753478384
-0.29213259052612467
-0.25715931802158426
-0.30501073355667097
-0.4246475629051892
-0.4372594244089552
0.1307765209930639
0.4929424626303632
0.5105722285579194
-0.3157295472498955
-0.05165725661881057
0.09319919315648705
0.13773554337367033
0.3343410061090899
0.7989254871330563
0.3386173467865378
0.38832583875421345
0.0793175695417966
0.7624661940873931
0.520073221211399
0.7552177930464379
0.5186948551026326
0.4641468022875585
0.5920372045666679
0.6054511302523271
0.8372948282525875
0.8595870200227996
1.130610679005462
0.927679293290771
1.391949973682099
1.2150466459702176
1.3259651912475425
0.8981353778163375
0.7348910315419827
1.0031834879116848
1.3793171957603023
1.449929634701552
1.4955040601054064
1.0874882820388694
1.5053135506395947
1.0892252978532364
1.5338227269390519
1.2798285887902119
1.7904383075883097
1.5737799477292644
1.9432459928916188
1.626808210900953
1.7474302592280273
1.806647160402866
1.7302352478452838
1.7396509198183618
1.2049725515020555
1.6057603555668736
1.30517165508866
1.3230051921913097
1.1864772876720218
1.2487192001909824
0.9880802326330979
0.5283209836917341
0.49693383492240906
0.37733968450749716
-0.2639962276324372
0.29171173375584947
-0.05922762669262076
-0.9612247919752822
-1.089972845101411
-0.8028908039181732
-0.4494370239370821
0.5577637736514347
0.9889706260795286
1.3147858297632047
1.3496111382075364
1.5722990305100206
1.6596621148255526
1.345850788003402
1.7328520199789097
0.8331899721193538
1.4032229437241528
0.9314081355912663
1.0911027279377334
1.647189122412914
1.452764685626439
1.4357992617550912
0.8649454175789886
1.1825738974081905
0.9986646131847536
1.2219331997336365
0.9273204585330693
1.2380284487049906
0.895976069964493
1.02346936341003
0.7585116351031043
1.2808703940464947
0.5975836368439299
0.6710417486852431
1.1596704234071638
1.6131043839460815
1.013356239379013
0.9597590150347248
0.5581485045973942
1.0104939748869575
1.0154815471526708
1.444932316203347
1.1153756020839498
1.2493501297604215
0.9828427387669166
0.9415498282558448
0.5902278146197876
0.5353556664383181
0.7601183551133723
0.5246110990545153
0.8272440046410323
0.6273153169062291
0.5652655971557231
0.6247476926938721
0.41790487344587085
0.5971678380042843
0.06522384520144639
0.25839100903375734
0.2587634441220801
-0.5168469492492822
-0.2022813915731133
-0.0020607679878370706
-0.54237967703089
0.25879125183398055
-0.22898838434176053
0.18420044872220304
-0.2434245128877434
2.2603283366350655
1.7779227284792987
2.4415741792875494
2.311586058787394
1.8875089515235364
1.7248226950479502
2.018319630615468
1.6373864424486368
1.3059560918439286
0.8754754584367842
1.1228042994665006
1.114138511995184
1.0937667143962706
0.8031237311882623
0.573047640772079
0.31107852057916496
0.3974772506585811
0.5086440625793309
0.3218498494784337
0.16136490721893743
0.09481926173370452
-0.028673875710588527
-0.30624647406053523
-0.3626264989162188
-0.06630354290850066
-0.23282544442692446
-0.1644859628868608
-0.13138309755895952
0.055991349829011564
-0.33405805746974115
-0.23875701987969467
0.04519752659869872
-0.24974625110137968
-0.04714798546148594
-0.1399640005353223
0.012887191704247819
0.13969252703307658
0.06301353828100256
0.2811195532668955
0.4553572924717743
0.4194573246745704
0.46543867985570603
0.5145494475780084
0.9291867893555324
1.201567511383466
1.4495831076145111
1.4502226226937298
1.6239249066531762
1.747073271848093
1.6324035459404294
1.7859784708823325
1.867661647797173
1.719595895783253
1.7072769413779316
2.0053012493132045
1.815527723008523
1.8825129617651402
1.7372685262057657
1.3263048173337206
1.3632051504816736
1.578731900239279
1.7313522652037843
1.6490956897856957
2.0313832301092734
1.4416925432642342
1.8916904725455168
1.3019672741397081
1.0609508717066103
1.5648449621998284
2.07719229925138
1.8621365093295326
1.928253191590375
1.6966363063465284
2.1405985693258476
2.1447704425131997
1.9128528997680971
1.7599700140352452
1.8802526243489286
1.8549190982575254
2.225054593589661
1.9587642267847607
2.0697967910713815
1.6189863473635453
1.8783301191291624
1.519688415381222
1.3391370316935929
1.5488500441009516
1.128245855495096
0.6186552558340351
0.7884184531787167
0.6166211311818961
0.9421549832847106
0.30147317590137596
0.8357384441736229
0.6541105729784479
0.5132906786422495
0.19706981850249258
0.194691099041016
0.22462767426104976
0.48531297816221236
0.0703870305149417
0.4654030398238247
0.22078028947052597
0.3551771179667691
0.20057250608509683
0.24919249825416936
0.417773609411494
0.14182279867658176
0.21731422750344384
0.17592441557444868
-0.1807144295826695
-0.15888262930017302
-0.3457385016782066
-0.03946659043023036
-0.13718870800021046
0.20320717202621455
0.03258126120752172
0.34643993688515107
0.02039684425160255
0.01850526180313971
0.004913328609807643
0.21613236170859262
0.6035911179518718
0.7091255578409955
0.21498127424107163
0.5668767663791435
0.46288199462790625
0.09421116582812605
0.8454244690450328
1.4394985904914877
1.2950751101155384
1.5349473794534385
1.5303416226128284
1.8537908632545426
1.1126169624710236
1.5264122331842764
1.502317993901912
1.089477339592657
0.588740661964632
0.6641983029125527
1.1425292851577447
1.059951227518869
1.0366729271423483
0.9251139862777739
0.8030059359252554
0.4932696637836034
0.8503985122249765
0.63004370337417
1.0164288157832553
1.015164243302157
0.34301680956748704
0.8197321565353453
1.0386231638220553
1.3348496617619996
1.3662195616159243
0.8836098933787264
1.2425465949804397
0.833857082629512
0.409322573879687
0.40071149924141564
1.305207592096438
0.7663557451944744
0.6577737223921728
0.49364991517713613
1.1581342859576012
0.9259771937456087
0.5553233188049564
0.542705244055077
1.149639831060902
0.701570668655326
1.2966602440780441
0.5137615166597121
0.9782787231559936
0.8649608722850984
1.4250192482692607
0.9028604813760644
0.9626187965829958
0.7793986803942272
1.2077385445198747
0.6857402673410236
0.5638019718255664
0.39970371783300085
0.6284465294810444
1.4424956886486187
1.1958047354520782
0.550163573597711
0.9831061493513564
0.6259079137051775
0.6487988026539541
0.2947831903897085
0.3649880474384591
0.275828316041723
1.5201585644217284
1.6914182823686983
1.5085840527628223
1.930028898905837
1.2220183098580797
0.5194104504666575
0.40717646244156697
0.05973068824413629
-0.13283933004603704
0.14784965363656769
-0.28442921080010913
-0.554566159464986
-0.0010189030049123134
0.37865455724077324
-0.13135874719539942
-0.076947605877852
-0.041042922568802154
0.5044403648289733
0.5232275633796378
1.092818062933888
0.5727883009081944
0.859142980299566
0.7537121350281847
0.7018646202057007
1.048112060633305
1.38212240593379
1.5600556477527623
1.7697894108002066
1.5930548781322795
1.8084194879765676
1.2355624787272395
1.4949311099629499
1.3197764553325408
1.6420927839071413
1.749627230533476
1.870822978425871
1.2919853650081687
1.3530791656954295
1.3050745050966077
1.6230207345068077
1.5478286392755742
1.2731257817265103
0.7640878843644011
1.1823135352355287
0.9486312820940496
0.7484739816906946
0.7758626337113212
0.7982001687237441
0.33639245281881014
0.7889046453121071
0.5130555056509458
0.7064574602937163
0.9626023481258712
0.8708955615621891
0.7460775307164617
0.45409560336806537
0.6198333607475374
1.036470934177694
0.4393392175333322
0.5498045943551365
0.896190428854331
0.8983389089511209
0.5523659059930079
0.5926570920631468
-0.27783744956998474
-1.0430766209642772
-0.6326440384544534
-0.31489184796020386
0.0630936870136821
-0.5719398349691938
0.4097818141018202
0.3850041748740137
0.20546815325409037
0.8661071463803386
1.277012327267839
1.4809919748987654
1.012760071920131
0.48466599668741545
0.7186027737116398
0.46373258202283113
0.25132115632681074
0.5595940678129141
0.08764424758286508
0.49600154666788543
1.118778078218815
1.334539174348938
1.425138500944569
1.2399957141763638
1.1958416571130315
1.3605411613973046
1.0039151565930071
0.4647900021104298
0.5483828683637838
0.5653282391169665
1.3958344201971538
1.4054623706163512
1.1084570251964458
1.4792060260871196
1.2029965513571224
1.2093433867722465
1.331306597496649
1.2139987182751557
1.1365406952907027
0.6532883345804867
0.9140291677839202
0.6066060879659597
0.24783528099798052
0.6636451264127253
0.6476658841666243
0.6071374311955122
0.141324837759087
0.3680283265971817
0.5945383274114685
0.3629625501554467
0.7674028586379004
1.0335498613938734
0.5224370323077738
0.8758140481384223
0.9146577189656304
1.1950388747263938
1.2769964543156314
1.1183927221753556
1.8010906566655367
1.8202960871330225
1.7224304502113434
1.2152730547251087
1.8230266357826848
1.5622239571055414
0.4512251067013262
0.47360765858264314
0.23848647117307134
0.2890098622351363
0.562329060548501
0.29406672962801417
0.4661694951965897
0.4162745827721168
0.7408861126332853
0.8980234441894739
0.4322789791144864
0.679525556043662
0.2258407986341114
0.6071642742096597
0.005649054757690268
0.4613874576320356
0.5348219635654684
0.5801654350100373
0.045973389986589445
0.19197101696445623
0.1834494173888641
0.011709701279381689
0.24624631475469944
0.5877388513831017
0.36846845598862515
0.4622107466836051
0.2485543898593936
0.27110939131057116
0.7190779369215137
0.9093567587430046
0.8860453105440971
0.7895546694584042
1.0970544111266427
1.2961533465341266
0.8837002948930316
0.5906146109965223
0.6881553520502726
0.7663629289216015
1.25317951392538
0.7763338008121164
0.5946246816338312
1.1851349431468257
0.9879015949397316
0.6481946331535443
0.647860683268549
0.7576277444976196
1.2968887068358523
1.2513983161718656
1.2848321483681509
1.1124612199920547
0.7811957580647624
1.1662957848919815
0.8657100157629029
1.5364535527160612
1.2125307601016813
1.7713942716199347
1.4884842262859261
1.4118649409641575
1.9326451262884097
1.5615807907189503
1.1560503026877884
1.9340922801283453
1.6816199079015661
1.460388246441644
-0.7570611744590767
-0.15510664003147148
-0.24152603608470263
-0.773695249844172
-0.41146505141942985
0.9578554456831647
0.07185564621354039
-0.13468444702608867
-0.3705061633968747
0.25664230255271625
0.916797489672159
0.2168611329755659
0.6873060067479893
0.28198834132582146
0.48325060182377694
0.6712921854080267
0.7168683496466179
0.6262867904347569
0.7595407754342087
0.7326263642083539
0.6672082990806504
0.4789121788197609
0.6220214484918052
0.5550577103472318
0.7505606438483352
0.2948527807394276
0.38448530784912793
0.6979853256384219
0.1599734763942426
0.24093077015584272
0.4929667324264709
0.7437758113206877
0.9487987044450734
0.637560059211704
0.7650325035836459
0.8205822547409407
0.5523463512072199
0.5291629796497623
0.39034481878239013
0.710126754119396
0.7773866403555564
0.5143740992566425
1.4026246721949165
0.8562889506088195
1.3388548666068496
0.9519497066103526
1.1796621417146118
1.156917989274955
0.9831046609656028
1.3484352874570391
1.3286308157535673
1.1113004763221255
1.2389009607234247
1.2548232937256019
1.7262343412112093
1.4254185655289324
1.7650219082573415
1.687275857547661
1.4713389077716255
1.8511307346059853
1.4558310013826536
2.2672284204644853
1.4925556500976915
2.413710799162134
-0.4922493287656741
-0.5240985915878894
-0.6716147650163985
-0.3663605835505383
1.1202079569738035
2.410025639314649
2.1234990411208954
2.188610328177039
2.0559891428517454
1.5165250396509653
1.545885894692408
1.4442260182988744
1.9531753326287122
1.7400868286490212
1.9208266185939247
1.7800246060275613
1.4019192987692497
1.4775353191866234
1.455928410894845
1.6351947723932807
1.207206405059999
1.4282845536008344
1.2335395466011403
1.4067361327122356
1.150771142050732
1.1224889027864233
1.0152491463225117
1.0860229849728311
0.8495678738206345
1.170305638100302
1.112997129918962
0.9179502209809512
0.638788555223261
0.965224276848805
1.0536752092043504
1.17717573640072
0.8837127471023166
1.0318653691803077
0.8006640135132298
1.0395308676090376
0.953842432668495
1.2512724606033887
1.2208035391188132
1.5784496939084978
1.5319420619658222
1.2618052180309165
1.063195167793931
0.6414113170300036
0.6173799042109943
0.46267986684978585
0.20352343107001636
0.316658049963874
0.18049035904446648
0.27273211562564
-0.10005602953642011
-0.4336040292789312
-0.12128860417955686
-0.16625595240029936
-0.7381435799845499
-0.4012735792648501
-0.7857769855867391
-0.624115163013076
-0.9042150996503124
-0.8225970922037937
0.9293301168824203
1.3198828379293572
1.897723557706354
1.903292583346193
0.6072098137749219
1.3786360622495464
1.6056665709762545
1.426761986795219
1.3662346718504652
0.8821710760870437
2.3965316066464686
1.7110925443746667
1.2531790538411043
1.4059144465127074
-0.25687423439421125
1.1346588097269343
1.0568002397831937
2.1561810198985105
1.6321737842855544
0.9068775948637214
1.0232052993789356
0.982192896279123
0.8793205982740891
2.0977819855776687
1.8912376471676937
-0.621997136324564
0.5601472310292802
0.8040639933007059
1.4294087483884519
2.12421819620287
0.9139736417692705
1.1961269095187543
1.249149149697507
1.4327755828289148
1.274424510132123
1.742203925975066
2.3553881217860493
2.114783188290154
1.4783859698225863
0.8262670278077713
1.2522345774247776
1.4079362258953283
1.5682806589560438
1.9779961211019959
1.4230540207763334
1.3219626502975237
-0.03707404740598449
-0.19312509595271166
0.5759360871994338
1.3122156871191633
1.7753485050838194
2.199169358520495
2.0301619747701825
2.22776349509761
-0.8518819010288758
2.07396735198025
1.0165551945611455
0.23219592981268097
1.378989177737243
2.1293139699365486
1.7643473807398473
2.1181016379412156
0.7745139045065124
1.39353452980594
1.1438135971091645
-0.10800542294087456
0.23977916817833222
2.6550252579408795
0.5268792635443756
0.3833907726894993
-0.6224159677079372
0.7866232889919905
2.168123767658113
1.4329110376811154
1.8975994762173702
2.161903495469311
0.32498157334355665
1.8773244300543965
0.5017714068371377
0.8272814777810971
-0.200374074790291
1.1859600176200569
0.6768937897301922
0.7969931181247388
2.2716103997743695
1.573965085868913
2.0605588281161222
-0.5936189512161009
0.4396490927610216
0.4103514392834715
1.0313158345215163
0.4659322267884814
0.6134546274432993
0.6423089870226724
1.4139666771048633
0.8724822004456987
1.8052332731444782
1.913387479739814
1.233170839704749
0.7559303161907115
1.0816130447595576
0.8554281827643005
0.4303428001583145
0.0335298018512742
0.6899769353521769
1.1971293456244014
1.4534626231147025
1.2913801564918104
1.5603916335054668
1.7844761437703989
0.22308154890124482
0.4322114520456109
0.6007286424108982
-0.4045075629014595
-0.12825200526886918
0.7701724959504563
0.5232650916447334
1.2291440454983007
0.5259110769406494
0.7376085018313008
0.4222433237798028
0.6788780275230343
1.5676472987511931
2.481838526700593
-0.2991706027045563
1.2934035811287448
1.4725706129533276
1.501753055821312
1.653715761778784
1.3384315314020352
1.4254467394614374
2.7718111995875905
1.3505741294539164
1.9155235636509813
0.9073028732418733
1.308073793753311
1.0712488187243352
0.9304031196965972
0.9989453579605604
1.6011624354083378
1.291708696792432
2.0130162023932816
1.3342300169290646
0.7083449209300572
0.7440623346584669
0.7803270969789673
0.022754406947965482
0.38350292899230953
1.076277848517407
0.916919917404808
0.7203185374348514
1.4067218529271783
1.4580225198515258
2.093908423867746
1.3995861887008747
0.4414222870277906
1.0885047470245048
0.23484897343881292
0.7060690567863345
0.3160067539891803
1.0348956703119292
1.0918907510677447
0.8059525502658023
1.3754353878781558
1.5440888519746598
0.9704997016852763
0.14733921432634897
0.7352323634556179
-0.22440283655123958
0.15724577862653047
0.0702628967426656
0.44706274744262103
0.8938747619438482
0.5203863942437917
0.39831694492471414
1.4421021900662638
0.0010452648923743454
0.6412864104008976
1.3478618532564566
-0.1632724091436767
0.4183888988493071
0.6277132030432379
0.16308309351695943
0.7958162144204091
0.365792376930822
1.1961491535029596
2.18655190276915
-0.1806155333287247
0.653919382755314
0.5549095990946927
0.363960285284343
-0.13158305665541925
0.025070992274471803
0.1763903124103505
0.20072027979490092
0.8985695662867829
0.0781883069393583
1.303462802998007
-0.11396731547617663
-0.10231342020130069
0.8197399537520202
-0.23446446931392054
0.19860749244282225
-0.06426234416508386
0.30479694125168844
0.24481982451009787
-0.29567842280366136
-0.09681502710102682
0.5510930874713166
