0.5068186288906821
0.5858812492656782
1.0248229193351182
1.164914203839614
0.7677182503551034
1.0510687894312898
0.288909533492554
0.29000682135543343
0.687994792438264
0.9982220846416537
0.8042372684205243
1.137475538781805
1.0060981649412422
0.64167913943384
1.1916545428809024
1.0650988095383658
0.9376449529342747
0.5228863176055969
0.841287424560732
0.22805659963471014
0.2512670506936507
0.8644312838052648
1.1600070318513083
1.1396675332113877
0.66539800336153
0.3005885446803842
0.7159147124267851
0.4740800362704364
0.7443488569858172
0.30746895869038915
1.2010752743007247
0.3932798053272395
0.4815096604179684
0.8347630578253318
1.0526424891610104
0.5588513705734073
0.9843978992970286
0.9330120481855884
1.127143133472453
0.6424880482218399
0.7622351523510176
0.9236279783181243
0.8914098079922801
1.0057998408418112
0.239128516886314
0.5946486202132536
0.43842894311029645
0.3688303195002831
1.17681385858781
0.7253380899467843
0.8584781860206772
0.5318572690830459
1.196615938878178
0.8764648749312813
0.9219573757246844
0.33425545912159027
0.804963071367889
0.6217229651329829
0.6872146348111213
0.6727364840656048
1.1723116562705387
0.4424241870211746
0.42441370719015836
1.141236755925089
0.9986987024800099
0.8621487919882873
0.8962992757844723
0.6245397173520365
0.30687666948677084
0.35272319022742327
0.7930152844931895
0.9094107430684146
1.0231108954769073
0.34086219153348085
0.5105460855959348
0.7290135232983961
0.44850913916765256
0.43863107627971865
0.9906525222968471
0.3057592803640281
0.6719457864678106
0.4028036632466614
1.1644628184450154
0.8200192051706547
0.9824142058817644
0.7929004177846133
0.4586016643596761
0.3916100959969331
0.30239765340710245
0.6578668008283618
0.3702699601878692
0.7193664042159684
0.3185767847140235
1.0842216709933694
0.5451277576198716
0.7979995423768431
0.403254854255527
0.243908947420758
0.5464185013041916
1.0309754061720189
1.0612447652619283
0.785195876291213
0.5071376761606471
0.9289922102230861
0.22779013331876818
1.023661525380707
0.37101527930063205
1.0326281738980272
0.724543457058209
1.051280237976952
0.8714042814917566
1.1769662029402677
0.9946590454367079
1.1184930730106
0.9571661902340334
0.3654067991781522
1.1912630575584204
0.7001113863253736
0.7171899629165674
0.7935641356867755
1.0770184268553311
0.7833046123172263
0.587665110274834
0.560197003114378
0.3872257218878066
0.3029676439552027
1.00760937072015
0.7971917322627073
0.38265662298594383
0.23205498186165074
0.45993242020560576
0.6891890880051185
0.8961296019535163
0.710095174011284
0.7236992352376241
0.7640843305109395
0.9257065183144002
0.6846660351258308
0.4440934375970853
1.1053588180924732
0.2893596765899866
0.9768600786576214
0.34046557893784146
0.8223324769963751
1.111251777674925
1.0309428339088973
1.0266501365329064
0.7325705061405532
0.6207184539174105
0.26467711931564164
0.5922249418797372
0.5241382782396469
1.090032043441217
0.40539434298900634
0.5758932943608572
0.2843588898864951
1.0484764049726942
0.41743650579127434
0.3366038414534316
0.704321555024201
1.10984795554544
0.3665375136312714
0.6358756491945202
0.4281978997018381
0.5392187173963732
0.5573214995618208
1.079869622675787
1.086990234621543
0.8075828776613563
0.7886351494787056
0.5059285116391224
0.2584966685498436
0.22321276363812514
0.9119928803672097
0.6945637689142475
1.0160934830458037
0.6506978888978717
0.583731543381973
0.943727566193219
0.2521323522515049
0.5924007281828367
0.3865496381923508
0.5086811706964861
0.884079483864955
0.35078091399754174
0.34812072316100107
0.7567616274869227
0.30880846469372125
0.8223995789391183
0.618900691632729
1.179204699865761
0.7401276137720822
1.0266327764087488
0.3129636187896354
1.0380760393655333
0.7562169928549713
0.3365391596413103
0.44026514203440537
0.9648105458028211
1.1730393869105602
0.9349160568355044
0.29050432586543495
0.8298334969911274
1.0567940376464604
0.24007764511659072
0.48360149133764047
0.6753512998454579
1.120100350741624
0.3328572354963186
0.6313936810326953
0.427332287726333
0.6408586830749275
0.28419044370427843
0.8586192626870608
0.23696008099845164
0.5635668215759363
0.691312218580359
0.35158266343474986
0.6731686342049371
0.7096308274940331
0.929946099829503
0.3937689706133316
0.3693579383188834
1.0689306226403819
0.2408056865098316
0.8188278404051459
0.5661847541525776
0.7423547546727602
0.8924515799878994
0.8643368862517273
0.4061578912458823
1.0844488536126797
0.7119618330980262
0.8509084319466289
0.736200679678783
1.0625519783388622
0.6310221022772949
0.7656133320162202
0.5963708341643726
0.7435134623676802
1.2038311045884083
0.5499115173990043
0.5737841046908247
1.0083784319424827
0.4666672439250722
0.38458515118665537
1.1368996772949447
0.611818919149435
0.7131073326747253
0.780360112045418
0.31527730193530257
0.3750928334456054
0.8592092149908801
0.628605285643251
0.3949580484457018
1.0883511114266469
0.43690025016371126
1.193932802006156
0.49689124273232554
0.8805903495003291
0.8701961042963771
1.1459765565810565
0.6559614678601934
0.9341993134039797
0.4673222494654393
1.147917923748199
1.0464876006472705
0.9422305812365095
0.7457074536331971
0.9579573717667802
0.7589114074626488
1.1485464721086316
0.6734112757982752
0.7217402937868933
0.3643399000359331
0.7579687324043491
0.38935123119936943
0.4970011497476736
1.1516051579236202
1.0859219084339133
0.3051651311613719
0.45481370649408104
0.7555286528668079
1.1133833504568693
0.2678360013371808
0.9163434322387867
1.0005602152045001
0.9299412124408213
0.32437687562385653
0.5124604574413327
0.5178995529906314
0.9880900608067913
0.4595942376902479
1.1968928857339747
0.3391815100304516
0.6615933272590612
0.4118123417809181
0.30026948288270017
0.8808482744902604
0.37827114734191225
0.4831944534176735
1.055399967173442
0.2966745515854392
0.24747359235185887
0.3004265892196645
0.5840938905404467
0.759821701018522
0.4835653090393834
0.3694038000788782
0.9570297107498502
0.5429108682620705
0.28566977875490407
0.5952169528047554
0.2868771358595543
0.8683284228110761
0.9795398847950574
0.35602337352654745
0.5233930098967166
0.45281666448799374
0.2679085962387149
0.2522476153068647
0.8301241321553494
0.4865998622747884
1.1503080448674785
0.7086076508920265
1.2008715466568787
0.4206643836974875
0.9959526469592759
1.0210926552071156
1.0572255510427493
0.3773676360319389
0.6073705067402991
0.7561782879052625
0.9557377386642703
0.9542659534064677
0.9853557445902109
0.4687796507173537
0.20432588295724985
0.5987459831704768
0.4361440624528069
0.6381200928564227
1.1178329071682067
0.3629997974436041
0.9864788789626856
0.8906836520474455
1.1253643036191299
1.2012745325423695
0.5858446135917426
0.9736704484469254
0.6908474822413203
0.27764469537634145
0.46450532482074547
1.1551204375338382
0.7855784402465082
0.5662036814962054
0.4214726005585161
1.0676852740079477
0.9551171546269044
0.21501854618628724
0.2695628339999803
0.9426263185277624
0.5632064978272328
1.1843959707051168
0.4606716241324643
0.7009640503291941
0.7274168890734816
1.1822820943944237
0.6473874600517885
0.9562471276250815
0.6976464313630927
1.1829212772295488
0.41015034805100536
0.4118178672239208
0.2790553320371488
0.5729066765289161
1.170181473609457
1.1543311956040097
0.4161604230930622
1.1371930473888754
0.7043160233621517
0.8174013505248414
0.5821485696021027
0.5865715556958173
0.8170421891819502
0.42032053230736466
0.7298337267762267
0.23711577963781613
0.9118110601957916
0.4160833094219496
1.174803159759795
0.8739159593306101
0.4138076004311064
0.23695988936484355
1.1300717305320584
0.32054865342880423
0.2074733455152209
0.5597108897861554
1.0219387266929951
0.4171526118334956
0.34184620723216996
0.2309046101910753
0.9772141985863751
0.8310738671895797
1.147660928343339
0.399156776591729
1.1136667543440486
0.7799672807997013
0.3132267323374247
0.2420149010079759
0.7749371020587235
0.838266859912771
1.0234451852129889
0.7146959325737166
1.1172262728726308
0.4625361656943233
0.6874969192222317
0.5882093575414633
0.9935602256046315
1.0369176811254024
1.1292620162309615
0.6387654332220835
0.6370710564102672
0.723674182630045
0.9112848280010786
1.0130733220999495
1.0354846660954857
0.32435351750800345
1.1341163593104149
0.5483266458126204
0.340267781754807
0.6444990465568682
0.9067323902756372
0.39328849265530996
0.9331134145137163
0.27136597557224423
0.25512679129378113
1.0289195735751882
0.7726936859959723
0.5538919594117859
0.21367410977333878
0.7275760439467862
1.0401681930970956
0.769574243413808
0.47281751003921924
1.001843389571256
0.9703477026623846
0.4189043478469312
0.7569676529196405
0.9946198429719597
0.26204831214877805
0.733063123161068
0.5948640958895647
0.946571364860308
0.46648314492480647
1.1276364424285523
0.9372122891501606
0.5069280211376085
0.4938746103150818
0.7037792562191814
0.9873572184382926
1.1202398157300792
0.28342381435294756
0.5917687210135323
0.7046975642176161
0.3140639138964014
0.8907987807452618
0.21425418197179624
0.6291289644217685
1.199316345206483
1.052397384375911
0.9194257603486853
0.49730330609304874
0.7251543539546483
1.0496786778439777
0.6771810069112157
0.29335120056576725
0.2343316850037199
0.22301109256396012
1.0011840327245585
0.6228912688713447
0.4403391791112875
0.7171654780284233
0.5636316137030001
0.7602517506930453
1.1161771643514906
0.7499446597802111
1.1590922456729327
0.9119365428984993
0.5243854969648076
0.7763112859456265
0.2734398600217867
0.7835308960422669
0.5651614992088169
0.8234755068441206
0.6073262677834005
0.747023579069011
0.4941766854477288
0.38896979561108735
0.8220681240178969
0.7304038233709267
0.38979182062172324
0.8194996800731149
0.5778818961745289
1.125361029865296
0.8538099094397609
0.48737928798073654
1.1831047300570943
1.0978223698786067
0.7175608751516391
0.27116543556398237
1.0935165819086332
0.5058361513830191
0.6657088125232561
0.8606629642952777
0.5642704008966536
0.420683776886972
0.7094659102474303
0.48485174831400907
0.7068739306726934
0.7369072474851117
0.9752675755810207
1.1147128998996916
0.5109614763551081
0.8128561668047964
0.5064740527831618
0.8231012870754739
0.280726323898203
1.1553387445402294
0.7831538139902234
1.0665151785228946
0.40007083028836465
0.5026610069327133
0.41460294097857564
0.39239004746483275
0.251327974171001
0.5483322335686358
0.36842919193224044
0.5591876804648344
0.27815672505499484
0.37088527851786623
0.6580137090567758
0.866942157796357
0.6778065717958558
0.5779847770128237
0.8612004226619487
1.1350107911912952
0.5826057447668016
0.3493839205828546
0.6992958059163024
0.6782770013672895
1.1672096643958358
0.7120262395479029
0.2233955998626691
1.1547890087027082
0.9431251387843929
0.571270736138813
0.38861198877124825
0.35352712486366444
1.1362574546234676
0.9494685751555907
0.7974503262798913
0.7601412147251103
0.322182698315149
0.6667706518602364
0.44079361497759584
1.0784014512338063
0.660522764380496
1.1134217406440527
0.6503914165724708
0.5820157925334672
1.186562575988028
0.8197484383152105
0.24444309415738644
1.1317263369355
0.8236032770381865
0.6683676292260744
0.2265131374465792
1.0418565641516533
1.0617204631463377
0.36750950985678066
0.6085269289311425
1.1957666837577392
0.5355517917972328
0.7162074238209617
0.23840961897658655
0.6035861506791543
1.1826706048974922
0.3413906675094469
1.1657181296393904
0.3160761082145005
0.38324843246809115
0.9856414364016267
0.7428720040704362
0.8474717941556724
0.773500890846142
0.6876566197735355
0.8351505239428167
0.47195754566423764
0.521589066105973
0.2156736148552223
0.6673806941396699
0.3960670246785365
0.4902401215559822
1.1058264210941315
0.2841277340247211
0.4760403386425912
0.4823759404820932
0.5517093061710678
0.8373326090288187
0.4386679988567165
0.5416793357510139
0.9239225890888374
0.8067970666393662
0.5418153381207553
0.4972680241335141
0.8429835142401214
0.2750325920841446
0.297267083466906
1.1979722158736363
0.3601403667863208
1.15201998590612
0.6471923890691723
1.1962060670932009
1.046322991289665
0.38298735006353235
1.1493618542590955
0.9519124678397723
0.6137105508981686
0.7991860343565502
0.8231944355640934
1.0209882885940778
0.741629703796931
0.8616216121318305
0.6985778641701011
0.4656268178383408
0.9922458407407447
0.23589769245110123
1.0332155027593142
0.25912578493728883
1.1467864830236736
0.9240053812893698
0.7831394209073508
0.5413565445568254
0.8115687179883264
0.3500602272010489
0.8917745051087307
0.6629911063387784
1.0331860698099484
0.9123921539545983
0.3968271993047443
0.6338335272900119
0.8074761665321404
1.0868427730715107
0.9662415208972341
0.9243707536144266
1.0441032557771728
0.40119293369455233
0.5203392095379831
0.6092889125650411
1.1555431866735462
0.23835348298126127
0.3869739194516131
0.34349790822888426
1.020371362127314
1.1235975139099632
0.4366603110056385
0.3047473345559226
0.3908058537645327
0.6861342952590307
1.1018078063634418
0.72502988004929
0.5877609321204107
0.21036884621025065
0.3328914482597882
0.7899551488878189
1.1877565446416662
0.2387793911718579
0.533221565284653
0.22043403870628664
1.006474844799387
0.39231032685631995
0.5263401641780894
0.34347126505500225
0.8551577905807994
1.0168847024150771
1.0370792230132706
0.8312601280148533
0.48101163568972216
0.5302614773494343
0.32303524692616015
0.6498687630239458
0.2984817259293371
0.30286971062263035
0.9263809963344292
0.5083612118849711
0.5319341526830981
1.1974037357027003
0.8473347362022485
0.43817723984203105
0.9216097178268923
0.24699084177764422
0.5496149858887291
0.3443666785285777
0.47788653687830446
1.204240209147553
1.204240209147553
1.204240209147553
1.204240209147553
1.204240209147553
1.204240209147553
1.204240209147553
1.204240209147553
1.204240209147553
1.204240209147553
1.204240209147553
1.204240209147553
1.204240209147553
1.204240209147553
1.204240209147553
1.204240209147553
1.204240209147553
1.204240209147553
1.204240209147553
1.204240209147553
1.204240209147553
1.204240209147553
1.204240209147553
1.204240209147553
1.204240209147553
1.204240209147553
1.204240209147553
1.204240209147553
1.204240209147553
1.204240209147553
1.204240209147553
1.204240209147553
1.204240209147553
1.204240209147553
1.204240209147553
1.204240209147553
1.204240209147553
1.204240209147553
1.204240209147553
1.204240209147553
1.204240209147553
1.204240209147553
1.204240209147553
1.204240209147553
1.204240209147553
1.204240209147553
1.204240209147553
1.204240209147553
1.204240209147553
1.204240209147553
1.204240209147553
1.204240209147553
1.204240209147553
1.204240209147553
1.204240209147553
1.204240209147553
1.204240209147553
1.204240209147553
1.204240209147553
1.204240209147553
1.204240209147553
1.204240209147553
1.204240209147553
1.204240209147553
1.204240209147553
1.204240209147553
1.204240209147553
1.204240209147553
1.204240209147553
1.204240209147553
1.204240209147553
1.204240209147553
1.204240209147553
1.204240209147553
1.204240209147553
1.204240209147553
1.204240209147553
1.204240209147553
1.204240209147553
1.204240209147553
1.204240209147553
1.204240209147553
1.204240209147553
1.204240209147553
1.204240209147553
1.204240209147553
1.204240209147553
1.204240209147553
0.41381817119063036
0.3585808455615751
0.7799136717409216
0.4323078010646847
0.8886934161000677
0.6175474315334949
1.1761573143997595
0.34716566887504796
1.2001308690638866
1.0431875241905912
0.376947720366549
0.6742087243388654
0.5970957768191659
0.3361109436520906
0.9518832667605526
0.26537577648329913
0.5890590221664196
0.2933291688849442
0.6396766664895371
0.6814262912208707
0.7659030336753534
0.9159712901557517
0.33730287377846113
0.7807116345708922
0.7166123863629743
0.3009060494278428
0.24316014496592303
1.0666176775779646
0.4915033318193982
1.0779072138699164
0.7204701000436087
0.6696067864017433
0.5414840564116778
0.4227783397362359
0.8479097879112452
0.9978173103616294
0.26011597476113396
0.884646069023757
1.079097287962402
1.016267733268995
0.8572770402200727
0.944840834260509
0.7716815739765059
1.067940408641168
0.9116965701059472
0.9702677385452121
0.3861350725834338
0.5961912117177895
1.1345304155857563
0.3439669957340765
0.24474307642341966
0.7773363056825695
0.25326619342718826
0.7395916239141327
0.4331401019952569
0.6951043443821144
0.8632726737558805
0.3390509497169818
0.3829056854781767
0.5820435958761685
1.0933818080097908
0.5475180678126841
0.3351124185283354
1.1014798173306377
0.9615239741337616
1.1693216604052676
1.1047112951249554
0.7113323559301794
0.6024964192042582
0.5752644734136523
0.773493446336569
0.23613957502972713
0.3662163070424129
0.47995815550220045
0.5632925970189783
1.0031340573023095
0.6599920393986153
1.0942495633485647
0.5201061014163204
0.5489914317611495
0.3730628910580558
0.3148210372309037
0.3081022354187859
0.3270098904409733
0.5785619648298064
0.5698286278582474
0.21759731987109943
0.7747659257941699
0.43019672399077824
1.0125051029065306
0.9674990264595382
0.4763237898668259
0.7561528471495018
0.9853577917557031
0.2138668005499098
0.7255088226982891
0.485576674047514
1.0976866002929908
1.0980282887926187
0.4248190030359569
1.121604322864194
0.45397130104624284
1.0502281326689944
0.3104294114324284
0.5186799541408162
0.38500715552281584
0.4056274169777978
1.200253066082801
0.21957818456561462
0.36983874080834456
0.36144376670566514
0.5046607130674
1.0468322303609903
0.5189485892828327
0.7718716110735051
0.4548876931618654
0.7407232909526216
0.6700137027344292
0.39686072202441447
0.44465593399672776
0.8240713571384573
