20649.464282600693
12056.917695108392
11575.74899037632
11309.611874848579
11218.215794258189
11194.200747249235
11186.894421150391
11180.088482228304
11168.351168849318
11151.692470787293
11142.980764011269
11134.730372935634
11126.973242884074
11118.337197503482
11110.200995332236
11101.958185781468
11098.199026366092
11089.332341689853
11075.420271531535
11059.507396763616
11037.085118386534
11009.88429047118
10955.325758342824
10874.20808077679
10008.982829825727
9830.677225603542
9564.805927773894
9354.4816704241
9306.473409568544
9276.538055565303
9247.18602512182
9218.427575176973
9187.870004896447
9156.679577623172
9121.49924442961
9084.505740992576
9038.027697436282
8987.27059584192
8903.837084968163
8803.498661376652
8592.382402105204
8566.10564523864
8539.255073867696
8512.802127516408
8485.041257613597
8457.066027863964
8426.541792794851
8395.222737463107
8358.672760195936
8320.477381619634
8269.213411847313
8214.125271473993
8105.538214146201
7972.740722571887
7810.329924084227
7621.48862832205
7597.834780946128
7577.688185928364
7561.159040980967
7545.514248330609
7531.818691954088
7528.298852890723
7476.873583038931
7441.618628452062
7339.652072057485
7233.919450625721
7173.027275088048
7148.545945585248
7144.162252299209
7099.292673976227
7081.550711821407
7072.218190878364
7070.529038707656
7067.421819022048
7060.459473393765
7058.57631478026
7055.339758881508
6878.9773581818745
6876.683768867221
6872.847906810188
6867.3393523395025
6806.254801961631
6786.853117805728
6773.70801007631
6762.916715782549
6760.88880978524
6757.355223607196
6751.418713800657
6693.682929742148
6652.484050573742
6626.081587518221
6612.554576340373
6597.864931502823
6583.543798719063
6566.372135563564
6549.073006533973
6527.000049162349
6505.007242408011
6484.009820030912
6464.994971635809
6455.373782154325
6447.331175919713
6445.353621722951
6425.17881887828
6405.049520922952
6401.6901534871895
6310.272622741048
6215.710938991444
6198.162742064022
6190.905443679486
6187.684695655323
6180.709303021899
6172.187227968976
6165.910564455111
6159.538099821455
6154.279487233629
6147.87545839017
6142.531244600819
6136.758359415932
6131.7652557745
6126.573053577529
6122.0079492189125
6116.572227740587
6111.80621510144
6107.217663323972
6103.117214771633
6097.9472942444245
6093.38941481868
6089.195684943532
6085.434087234718
6080.45698017139
6076.0732161994465
6072.208022296083
6068.764609347685
6063.892064073899
6059.645431284655
6056.0921841820455
6053.004806936358
6048.127551408247
6043.986391688754
6040.7447802508605
6038.106131638249
6033.07181025912
6029.013699287525
6026.081965594167
6024.061010400548
6018.642216205419
6014.658026831595
6014.0478900284415
6013.240925431504
6011.771828550218
5953.345958359091
5951.127864391492
5949.161715565119
5948.564344435312
5947.722281477912
5945.390931497735
5943.687541891775
5942.760624095459
5939.438280534005
5937.759608729441
5936.731355712209
5913.6315374353
5892.450276268773
5850.488540691881
5823.179403099696
5821.097755791968
5819.004402677273
5818.387092665885
5817.015292031809
5816.044275011984
5815.18311162529
5814.361716478786
5813.6215316589
5812.570658365092
5812.089747394498
5811.489539085412
5808.9880709202525
5807.487173842548
5806.2371141942085
5805.169399517452
5803.469356814244
5802.472143269581
5801.2277428975
5800.727228247496
5800.033928007824
5799.140608850485
5798.650955346133
5797.99676228185
5796.308664013113
5795.925549771045
5795.51387394962
5795.057031396016
5794.50334050555
5792.985477200125
5791.345297083482
5790.479330493172
5789.724333210719
5788.961289819226
5788.272162395014
5787.574732070327
5787.0236007396625
5784.74969240673
5783.151561203495
5782.218570251831
5781.43988800686
5780.479771182361
5779.6885622361215
5778.635456065385
5777.7857782432975
5776.430923762487
5775.284577526777
5773.563770842278
5772.913695182325
5772.326758188853
5769.9802889527255
5767.608079242481
5765.667147763884
5763.686948650624
5761.979305873376
5761.6178304996965
5761.234838933142
5760.821060118855
5760.353710656386
5759.730088492117
5759.126745947327
5758.594365925339
5735.295971510361
5681.052561303344
5674.098703348925
5665.248648961812
5661.957529895665
5660.080728886779
5659.644999956718
5659.132488024962
5658.423580326208
5655.98756107084
5654.600551801543
5653.187561947601
5652.223157732427
5650.911640509425
5650.417116656308
5649.669736728469
5649.027428344064
5648.531375471779
5647.7432556177555
5646.590826300402
5645.803829406524
5644.217248596108
5643.733004267236
5643.300300780766
5642.728405908083
5641.963776206409
5641.422140190224
5640.6296206401885
5640.107562116046
5639.112771337658
5638.539195353679
5636.998830591618
5636.642541421809
5636.261402312275
5635.838552506253
5635.421112370287
5635.037693510778
5634.436449540448
5633.0089717263545
5632.287550222175
5631.903392122872
5630.886224245167
5630.299719895413
5628.861951484903
5628.230056462164
5627.894078569019
5627.188671024788
5626.852039922185
5625.7953152982145
5625.130564666746
5623.7259198433985
5623.053649513827
5622.752536968368
5621.7728756098895
5621.197413562435
5619.748895414273
5619.286552323091
5618.977424259187
5618.700349744095
5618.371865420615
5618.097802699914
5617.5242113389695
5617.25518906817
5616.65833241382
5616.397760753378
5615.680751958111
5615.3911150247095
5614.388581738615
5614.065977080678
5613.794180017421
5613.598624202347
5613.275536432137
5612.98889675719
5612.774500118324
5612.454990158059
5612.200100130832
5611.76828891758
5611.47845112801
5611.190027713814
5610.874490051137
5610.641252678329
5609.945229231897
5609.686371503356
5608.7696691649035
5608.451888072286
5608.170864198544
5607.900800033343
5607.590674214311
5607.3738420545205
5606.614270306592
5606.310274121649
5604.905964903136
5582.090248207351
5560.525662415715
5559.191564676868
5558.682461370149
5558.134472507354
5557.8460107575265
5557.612000677716
5557.374913629433
5557.2759416641575
5555.407559633938
5554.215498480374
5553.4648196786875
5553.167109251647
5552.387584712638
5552.071484300806
5551.835543235501
5551.762745720785
5551.243770723748
5550.998469855194
5550.763499071907
5550.540894240415
5550.321374410656
5550.109187815972
5549.898763416966
5549.694536430436
5549.491775421909
5549.294524678034
5549.098593418452
5548.907623837912
5548.717860222039
5548.532526618715
5548.348301542599
5548.168024267097
5547.988762612368
5547.813008618758
5547.638187083193
5547.466479106209
5547.295630230215
5547.127543028555
5546.960249886882
5546.795405325324
5546.6312970204
5546.594704637992
5546.31548745981
5546.038455467361
5545.768774643939
5545.501120777393
5545.241109265005
5544.982976287737
5544.73269174421
5544.4841448720945
5544.2435187872325
5544.004497742884
5543.773312465424
5543.543607508919
5543.321482411481
5543.100721713721
5542.887129991381
5542.674795885429
5542.4691027406725
5542.264569961513
5542.066083279984
5541.8686691351495
5541.676687893198
5541.485700371791
5541.299551170134
5541.114325186903
5540.933384173167
5540.75330336366
5540.5770058810585
5540.401511853598
5540.229353466917
5540.057938728172
5539.889464369334
5539.721679975467
5539.556488335822
5539.391938451369
5539.229675900282
5539.068011769945
5539.036188858537
5538.783840689915
5538.533044175784
5538.289884073173
5538.048175156358
5537.814103163617
5537.581385140629
5537.356145279067
5537.1321656549
5536.91534638768
5536.69969866067
5536.49075938072
5536.282908682998
5536.081224079687
5535.880551565307
5535.685460047884
5535.491310763933
5535.302156786169
5535.113881710498
5534.930044795005
5534.747029580497
5534.5679402894
5534.38962110466
5534.214766862625
5534.040627797532
5533.8695448335875
5533.699126558879
5533.53140426744
5533.364301086684
5533.19957755333
5533.035431979895
5532.873388272081
5532.711885349226
5532.675934991735
5532.395709646049
5532.117153014543
5531.844326784616
5531.573104191882
5531.308461252856
5531.04534515958
5530.7890713214165
5530.534245752696
5530.286440475838
5530.040004867208
5529.800666505775
5529.562618973413
5529.331615806711
5529.10182594394
5528.878891847107
5528.657095507015
5528.441836490197
5528.227642917362
5528.019563833388
5527.812481874331
5527.611022952888
5527.410497490877
5527.215073318441
5527.020523861349
5526.830556103389
5526.641409258075
5526.456349501852
5526.272053859373
5526.09138947057
5525.911436131678
5525.734702458695
5525.558631478692
5525.385413103254
5525.212813455454
5525.0427413247935
5524.873247993589
5524.839332632865
5524.550654158175
5524.4354591242945
5524.1931221296245
5524.092518679187
5523.879219832031
5523.671659797427
5523.465064344553
5523.263746559444
5523.063334685948
5522.867715241519
5522.672942561777
5522.482483315838
5522.292812924061
5522.107001271523
5521.921924994748
5521.7402880556565
5521.559337432398
5521.3814463477875
5521.20419673728
5521.029666730005
5520.8557373065405
5520.820453412324
5520.75819156653
5517.874348562155
5517.518246924761
5517.433690638858
5517.168596829496
5516.9093031100865
5516.651345243947
5516.399355650498
5516.148646720799
5515.903960107309
