22271.338360422993
11671.217674471687
11683.25824728252
11257.83106060761
11150.819495053202
10908.312433166167
10891.512225157267
10737.928038065224
10706.105754962706
10254.017225080317
9951.012641440831
9466.476943284277
9252.856921642671
8428.845119650197
8011.485054503213
7489.531410806609
6959.746631542705
6723.33029138347
6645.856515049321
6422.776460554664
6096.058005596961
5949.758792300417
5837.009786097286
5704.917971325864
5547.080214366175
5504.33458525479
5449.901388398683
5342.5993339411125
5299.673744096718
5229.427132704008
5189.705806665831
5138.980766833464
5046.916568421692
5018.256807429129
5003.046472587088
4948.131896355188
4866.947955365731
4828.52293437971
4791.049659854571
4758.031053838422
4748.80134294176
4735.72692633972
4693.158783140155
4664.265001961835
4654.985382595108
4637.838658221055
4625.659145352119
4622.264820335097
4613.404362206726
4614.573041307232
4612.441350201094
4600.67766346324
4590.593392494453
4555.430878298519
4555.9650716495435
4539.575528378526
4502.310140484456
4496.453840095848
4487.2209833483785
4485.826715394127
4480.063245833919
4464.014442912111
4462.4844253635065
4459.536763581728
4454.483970252936
4452.780826258528
4448.802042537901
4443.719037944709
4437.183877837038
4433.8222568832025
4432.6091027052735
4429.418522323368
4422.429028522154
4419.1093795951065
4414.480495276869
4410.565595173173
4407.120304008797
4405.04042264494
4398.852580278351
4391.779070522049
4386.450994548604
4379.937278447325
4374.469569903545
4370.099834112293
4364.35163440773
4361.263064811455
4357.027194469014
4352.166274793944
4349.514768208416
4348.989825307578
4347.303332469199
4343.845786819413
4338.010814873061
4335.38508151054
4330.032994061237
4325.292247489439
4322.452107508395
4318.007667577069
4315.175061022499
4311.410053718549
4307.543374382758
4305.653217985829
4304.174064435013
4301.2498528260985
4300.724750414835
4298.357354134531
4298.088636981297
4297.790569939752
4293.374042794779
4290.880556554043
4290.887271573441
4288.203659937472
4285.26897806507
4284.2141737959655
4283.235460903237
4283.186722956151
4283.123022219234
4282.389652322743
4280.9376395548015
4280.548268010185
4280.349674748071
4280.367674305764
4279.516985756673
4279.604893427934
4279.479453974608
4279.963891828395
4279.147898241254
4279.515586024444
4279.093993946926
4279.767172556284
4278.96623815422
4279.914034117259
4279.630171268162
4269.730081718136
4269.650567504733
4269.617781466194
4269.183379062993
4268.752161774027
4268.425580625884
4268.11996715842
4267.805521257873
4267.550090164187
4266.835369253965
4264.362227783056
4261.99716707018
4261.84819683913
4258.300652671209
4257.058585085773
4257.325468885531
4252.801832551624
4249.504585195672
4247.044444770414
4247.040897812097
4246.937025759444
4246.364406920011
4245.648011227355
4245.234953098035
4245.196417729598
4245.210632944494
4244.085632845907
4243.072534015993
4242.589326590995
4242.600792499111
4242.139882439269
4240.959974945133
4238.985722447236
4234.7169607742435
4234.3362219293385
4233.523057607189
4231.299270265907
4230.895483636978
4230.174775033902
4229.774598504398
4229.512403527907
4229.268018779071
4229.112655976358
4229.070655070214
4228.789749353274
4227.544583104754
4227.182186779613
4227.082966240922
4226.906338402692
4226.4118745972955
4224.460310546958
4222.513591933926
4220.6878739319445
4216.817357826121
4215.497095505434
4214.217026092724
4213.581843198027
4212.431509948566
4209.985117136781
4207.575940368992
4207.105448828823
4206.625819191976
4204.187426549541
4201.523994371031
4199.8329430606045
4197.592226875643
4195.675716480203
4193.9366024375095
4192.632949319733
4191.340266740897
4188.422447516434
4188.464133977531
4187.654912325074
4185.830588034075
4185.328689878175
4184.593903560953
4183.871505230982
4183.545851711064
4182.766082725133
4182.191458141905
4181.544225529859
4180.793343716168
4180.4871725970315
4180.23385326159
4179.758029997766
4179.782841328377
4179.480274069505
4177.693691234332
4177.524463057674
4177.283842848223
4175.623498645444
4175.097731182994
4174.7183527674815
4174.303831481064
4173.767498263177
4173.229343487398
4172.774137699125
4172.445420294033
4172.107109664109
4171.847193169125
4171.477614517012
4171.022797138397
4170.570791146834
4170.274989505129
4170.016507034995
4169.728670229995
4169.53344829207
4169.104443409273
4168.844565214086
4168.642259890174
4168.336716487806
4167.845547718281
4167.123024591503
4166.3794608942335
4165.99754407326
4165.282626273112
4164.7379974344
4163.206009749855
4163.328326780113
4162.870672943869
4162.924394516902
4162.6720868183265
4163.377804010966
4162.484344407968
4157.834356491783
4156.598008816612
4155.93622019099
4155.513687606728
4155.253023644426
4155.08207033866
4155.118658374869
4154.474267627357
4154.404346917822
4154.075845837335
4153.993316549142
4153.956007182218
4152.273739729
4151.784338200013
4151.527231979327
4151.311719276736
4151.046076652567
4150.836300284739
4150.711516711658
4150.782395639226
4150.722750733396
4150.3825982470025
4150.310504442735
4150.06794964858
4149.712076989129
4149.441623271475
4149.247616774928
4149.159194021099
4149.157222983926
4149.1166166429175
4148.9992961018925
4148.954831028591
4148.862227745134
4148.498808813229
4148.370166164861
4148.401932180984
4148.322657007833
4148.148972913658
4147.864889912127
4147.285237350838
4147.075996057336
4146.859241810337
4146.918560348126
4146.217332991687
4145.353232011761
4144.9248938306155
4144.468032073599
4144.216938266125
4144.065234301915
4144.0937013838
4144.075391791365
4143.75133041631
4143.788778125786
4143.5271739479385
4143.634747627485
4143.701082605453
4142.992918770534
4142.688971510192
4142.566676175726
4142.524741648158
4142.5149754135455
4142.475012082734
4142.407543166388
4142.383572270192
4142.408592106218
4142.2720381115805
4142.104310441087
4142.031477343491
4141.911344436911
4141.699834166697
4141.689633910259
4141.678590459092
4141.573211860151
4141.524815050278
4141.433298476091
4141.3268353829635
4141.075808332862
4140.747416744408
4140.548907532774
4140.370679784206
4140.268761498273
4140.21138143197
4140.183064589078
4140.140544435321
4140.043855732805
4139.905868303132
4139.905984396734
4139.89711818538
4139.826392950212
4139.77611259368
4139.700104009979
4139.648006319733
4139.622267530048
4139.526535442286
4139.413035411963
4139.302156980911
4139.260167852435
4139.225732007132
4139.2906159658005
4139.076826047938
4138.061199804684
4137.030129100507
4135.9622127230905
4135.455949420424
4135.211129014161
4134.376690503243
4133.961954542221
4133.697815593962
4133.231515485113
4132.889239878414
4132.755828352867
4132.623511130866
4132.485087747415
4132.400275430632
4132.335181934467
4132.325894870471
4132.280577221861
4132.131232452472
4131.958324420103
4131.864928928005
4131.682372227219
4131.519853986332
4131.479389810912
4131.400982289813
4131.311938952574
4131.327271190466
4131.233106264066
4131.148420440396
4131.1705967973185
4131.012647554615
4131.056040985442
4131.001603049236
4130.984807793495
4130.963564744346
4130.9526855687745
4130.941810577767
4130.952981824573
4130.94390715018
4130.981012805336
4130.975051243141
4131.035039468346
4131.028653322474
4131.128336811723
4131.114953634879
4131.29010355872
4131.273421306148
4131.574044242969
4131.561567281338
4132.042191384909
4132.039512106767
4132.791062971855
4132.79592349747
4133.938851611592
4133.951352663605
4135.7136284081025
4135.732873684811
4138.389312904674
4138.422685964231
4142.511999450383
4142.5573759828385
4148.633402094623
4148.709547877407
4157.9720274461515
4158.065605076043
4171.380935384052
4171.53767864721
4191.233913221816
4191.395818855311
4217.7339504207275
4218.01022214524
4254.303507421606
4254.495002077432
4296.389765574372
4296.766009723343
4347.359593096536
4347.410417772194
4391.990137662864
4392.368843788554
4437.6584723777405
4437.418121685062
4461.369936445014
4461.701621892744
4484.157433482907
4483.7201340555475
4481.426090928862
4481.714150881786
4484.18091579043
4483.712417185714
4466.189280822093
4466.421010453927
4458.764664766742
4458.34613019599
4435.663630101463
4435.831291825408
4424.4334598039795
4424.086917701478
4401.22052150126
4401.331186177143
4389.111873037155
4388.836273485762
4367.711339558064
4367.778345061241
4355.9386147398645
4355.724913256346
4336.92716265536
4336.963663918252
4325.972281021149
4325.809399731413
4309.387229380449
4309.403838178432
4299.421727192554
4299.299042380264
4285.096322337284
4285.100768967219
4276.154929831922
4276.063228647454
4263.855224396847
4263.852757624973
4255.909230573686
4255.840951968893
4245.390356471549
4245.384328155805
4238.3805935093005
4238.329746470262
4229.4096966469215
4229.402114989781
4223.2626513747855
4223.224606151569
4215.627613169107
4215.6195920433165
4210.264050302411
4210.235298040049
4203.775979411697
4203.768072373714
4199.115943511471
4199.09386801589
4193.608896560029
4193.60132917699
4189.5747618468
4189.557440893432
4184.904251062236
4184.897073115474
4181.422595938293
4181.408636472166
4177.4636146912135
4177.456793791015
4174.466325819784
4174.454731455156
4171.1112486228985
4171.104723529175
4168.5360960009075
4168.526162849867
4165.692630146834
4165.686337984611
4163.483473229971
4163.474709544188
4161.072747098124
4161.066634831007
4159.179483866618
4159.171549222702
4157.134306463022
4157.128333771815
4155.512645273218
4155.505305489578
4153.775944119068
4153.770082250407
4152.387056382932
4152.380150820285
4150.910487026744
4150.904716265495
4149.720584232166
4149.714002582595
4148.463299301384
4148.457606393322
4147.443168265892
4147.436834398593
4146.37073286549
4146.365108912661
4145.495256091996
4145.489116990066
4144.57869714351
4144.5731360650825
4143.826379242598
4143.820397508734
4143.041357022864
4143.035854506759
4142.393872627226
4142.388021451035
4141.719963393285
4141.714516222527
4141.1617371005495
4141.155996890488
4140.581816042495
4140.576421661205
4140.0996405297965
4140.093996654669
4139.599354299311
4139.594010554098
4139.182049264557
4139.176490542499
4138.74936775731
4138.744072741947
4138.38747965908
4138.381997340276
4138.012317112293
4138.007069079433
4137.697857937995
4137.692445016174
4137.371754053727
4137.366551366275
4137.097976176606
4137.092626920392
4136.813828790593
4136.808669896319
4136.575032391483
4136.569742023425
4136.326873970394
4136.321757396009
4136.118243341231
4136.113007814758
4135.901054642634
4135.895978992941
4135.718519667004
4135.713335511376
4135.528074627311
4135.523038587466
4135.368194050409
4135.363058260253
4135.200930844212
4135.195933186864
4135.06079419279
4135.055704148977
4134.913708157363
4134.908747751838
4134.79085349028
4134.785806905662
4134.661408282128
4134.656484095892
4134.5537534097475
4134.548748284199
4134.439807278394
4134.434918388998
4134.345592291516
4134.340626881702
4134.245336971262
4134.240482571335
4134.163076300034
4134.158149098764
4134.074986347855
4134.070165751786
4134.003428852322
4133.998538570896
4133.926219694015
4133.921432344483
4133.864315490456
4133.859461046046
4133.796908693311
4133.7921541683645
4133.7437816463525
4133.738962155227
4133.685276241152
4133.680554260245
4133.6402012415965
4133.635416011922
4133.589850076003
4133.5851605104435
4133.552234356502
4133.547482887964
4133.509424704041
4133.504767582893
4133.478792578861
4133.474074561764
4133.443030301651
4133.438405823174
4133.419010837678
4133.414326155662
4133.38990757574
4133.385316118895
4133.372224783714
4133.367573518208
4133.349487732404
4133.3449298693195
4133.337952923373
4133.333335360971
4133.321376835559
4133.316853344923
4133.315882902533
4133.311299542149
4133.305343998655
4133.300855884309
4133.305861364655
4133.30131293251
4133.301312944001
4133.296861452767
4133.307887037439
4133.303374496174
4133.309356564198
4133.304943207666
4133.322106646493
4133.317631214093
4133.329694179488
4133.325320757846
4133.34881342585
4133.344376592706
4133.362691222518
4133.358359851799
4133.388447952534
4133.384051502097
4133.4088611431725
4133.40457428503
4133.441601107038
4133.437247138376
4133.468869324008
4133.464629818292
4133.509018970009
4133.5047099217245
4133.543538811753
4133.539349912831
4133.591609418708
4133.5873480963955
4133.633857597482
4133.629723014099
4133.690450184399
4133.686239787312
4133.740987233283
4133.736911167723
4133.806798074232
4133.802642223116
4133.8662723746365
4133.862259567835
4133.942098930417
4133.938001695008
4134.011250820811
4134.007306594252
4134.097997824444
4134.093963747627
4134.177663405608
4134.17379370674
4134.276348712625
4134.272382832287
4134.367462954656
4134.363674395061
4134.479222705808
4134.475330565713
4134.582821185444
4134.579121076453
4134.7089136046225
4134.705101259158
4134.826132191716
4134.822528568117
4134.967939198552
4134.964213199711
4135.10001063878
4135.09651227191
4135.259036190405
4135.255403557343
4135.407282466333
4135.403898853127
4135.585146334182
4135.581614490493
4135.750965308919
4135.747706633496
4135.9493906362395
4135.945967317112
4136.134235294097
4136.131112352654
4136.355028031444
4136.3517211465405
4136.560376330021
4136.557400410644
4136.805394359715
4136.8022118041
4137.032707583096
4137.029890286933
4137.303817141893
4137.300766548458
4137.554484572164
4137.551837563086
4137.85350154605
4137.850589963812
4138.128769399384
4138.126304074573
4138.457383180605
4138.4546166882865
4138.758266202811
4138.755993281554
4139.117944410404
4139.11532765489
4139.445119477063
4139.443048492239
4139.836992759939
4139.834528430854
4140.190675143119
4140.188813851364
4140.615402965882
4140.613091221746
4140.99520807957
4140.993561796921
4141.452828562508
4141.450666446274
4141.857624613331
4141.856195512661
4142.347394565692
4142.345375444752
4142.775154903399
4142.773941303018
4143.29538962261
4143.293502716089
4143.743056983886
4143.742052699124
4144.290983158102
4144.289213217774
4144.7543615330405
4144.753555352657
4145.32599991001
4145.3243271345655
4145.7996920845735
4145.799067448779
4146.389788937027
4146.388189178493
4146.867198560329
4146.866733523353
4147.46922522525
4147.4676705453585
4147.942640341007
4147.942307865973
4148.548877515398
4148.547337105706
4149.009647347187
4149.009415982756
4149.611365021682
4149.609806464329
4150.050173384228
4150.050008289987
4150.637908040467
4150.636298825786
4151.045135318459
4151.044999612615
4151.60905432143
4151.607363511925
4151.975207647929
4151.975063958475
4152.505538663784
4152.5037385193655
4152.821718165127
4152.821530251485
4153.309210163286
4153.307277584396
4153.5675708475355
4153.567305148393
4154.003946552538
4154.001864165523
4154.198112443378
4154.197739404318
4154.57647034078
4154.574227123706
4154.701861031555
4154.701356092678
4155.016989939371
4155.014581332649
4155.07102921179
4155.070373387876
4155.319608558879
4155.317036081197
4155.3017988537
4155.3009789008975
4155.482471754941
4155.4797422089305
4155.394334185419
4155.393342371765
4155.507655230569
4155.5047796134295
4155.352549520412
4155.3513830965585
4155.400822479634
4155.397814755116
4155.183672806913
4155.18233325414
4155.170703187907
4155.16757904347
4154.897662193752
4154.8961543659425
4154.828454601161
4154.825230317673
4154.506539509156
4154.504870751569
4154.386970382251
4154.383661883077
4154.023702018695
4154.021881345425
4153.860195025911
4153.856817161934
4153.463264687841
4153.46130206742
4153.262490564502
4153.259056632119
4152.839472208557
4152.8373779750145
4152.608088002647
4152.604609481191
4152.166205526391
4152.163989938962
4151.910641771512
4151.907128240136
4151.456594549991
4151.454267483527
4151.182892823433
4151.179352029533
4150.722737387389
4150.720308136411
4150.436436653678
4150.432874667417
4149.97551868916
4149.97299586632
4149.6815854367105
4149.678006871878
4149.224514287796
4149.221905793757
4148.927309927815
4148.923718181892
4148.47796683074
4148.47527987395
4148.181245004843
4148.177642506041
4147.742816679894
4147.740057823497
4147.4497433513
4147.446131785752
4147.02477301856
4147.0219482458215
4146.737962728185
4146.734343241494
4146.328411955756
4146.325526743341
4146.049974588231
4146.046347958085
4145.657290554224
4145.654349945246
4145.388883969392
4145.385250741829
4145.01406796791
4145.011076632337
4144.756952790205
4144.753313390162
4144.400626882872
4144.39758917657
4144.15572082431
4144.152075635081
4143.818190542387
4143.815110558058
4143.586120243856
4143.582469665038
4143.267432067325
4143.264313669574
4143.048581246616
4143.044925734525
4142.748574051018
4142.745420915781
4142.543127240052
4142.539467330457
4142.261477647879
4142.258293279531
4142.06945913295
4142.065795452426
4141.8057206491185
4141.8025084093515
4141.627028630106
4141.623361901202
4141.380665051196
4141.377428171964
4141.215101123573
4141.21143216502
4140.98551457947
4140.982256175594
4140.832808914758
4140.829138633197
4140.619363101727
4140.616086183515
4140.479195617642
4140.4755250029475
4140.281234765563
4140.27794224754
4140.153252752902
4140.149582869134
4139.970116868084
4139.966811577736
4139.853949479051
4139.85028145425
4139.684986405226
4139.681671091263
4139.58025638398
4139.576591405511
4139.424831135439
4139.421508474648
4139.331164225526
4139.327503529326
4139.188666037383
4139.185338642218
4139.105698345024
4139.102043210794
4138.9755458339005
4138.972216257897
4138.902929517426
4138.899281263073
4138.784574229001
4138.781244975669
4138.721981751732
4138.71834172719
4138.614910459643
4138.611583987205
4138.562037657037
4138.558407240734
4138.465773571364
4138.462452298788
4138.422341698114
4138.418722295609
4138.336444820294
4138.333131135133
4138.302201823959
4138.2985948599935
4138.226268603354
4138.222964864414
4138.200989643754
4138.197396562659
4138.13465206387
4138.131360608435
4138.118139482625
4138.114561746004
4138.061063676115
4138.05778682204
4138.053146462422
4138.049585543961
4138.0050309132275
4138.001770963534
4138.005563727849
4138.0020211119145
4137.966137147996
4137.962896391857
4137.974998962429
4137.971476140036
4137.944017854416
4137.9407985697
4137.9611102393565
4137.957608702673
4137.9383561763925
4137.935160628141
4137.963601233844
4137.960122472265
4137.94887788152
4137.945708320904
4137.982215856304
4137.978761348399
4137.975345726113
4137.972204386114
4138.0167322797
4138.013303486973
4138.017553186159
4138.014442278287
4138.066956300661
4138.063554660184
4138.075317574324
4138.072239280747
4138.132714145419
4138.129341055056
4138.148472532228
4138.145428994094
4138.213844549773
4138.2105013585415
4138.236859816034
4138.233853125833
4138.310190166923
4138.3068781620395
4138.340320410699
4138.337352594866
4138.4215883003835
4138.418308690363
4138.458684921703
4138.455757928102
4138.547860885586
4138.5446147839975
4138.591763310431
4138.588878985672
4138.688803841585
4138.685592247062
4138.739333951432
4138.7364940217685
4138.84417575815
4138.840999534751
4138.901132083455
4138.898338131126
4139.013686039311
4139.010545893706
4139.076837824661
4139.074091261394
4139.196982623036
4139.193879085052
4139.266063777306
4139.2633658180885
4139.393639439538
4139.39057283728
4139.4683425293415
4139.46569416385
4139.603143852514
4139.600114289786
4139.683114288661
4139.680516252046
4139.824884366348
4139.8218917016
4139.909714911394
4139.907167654461
4140.058138933516
4140.055182761158
4140.147364773738
4140.144868435908
4140.302064289085
4140.2991439205125
4140.395158851244
4140.392713233087
4140.555686771041
4140.552801221615
4140.652058555421
4140.649663096579
4140.817895092067
4140.815043071436
4140.916885772434
4140.914539531977
4141.0874356449895
4141.084615555345
4141.188319676943
4141.1860213203
4141.36291080317
4141.360120740445
4141.46489680017
4141.462644590039
4141.64278081762
4141.640018578961
4141.745014900883
4141.742806697519
4141.925369630986
4141.922632737933
4142.026940896537
4142.024774166719
4142.208875062424
4142.206160780745
4142.308823318994
4142.306695153363
4142.491383552338
4142.488688926358
4142.588709301233
4142.586616438286
4142.770889513769
4142.7682114072495
4142.864566141202
4142.862505002417
4143.0453192165005
4143.042654355719
4143.134307166971
4143.132273899989
4143.312558741188
4143.309903770811
4143.39582143254
4143.39381196217
4143.570485573997
4143.5678371080485
4143.6470066128695
4143.645016697062
4143.817002938929
4143.814357619637
4143.88580417465
4143.883829464494
4144.050075980598
4144.047430532494
4144.1102357989375
4144.108271902412
4144.267768570053
4144.265119855582
4144.318439787916
4144.3164823360385
4144.468279542998
4144.465624609528
4144.508706305084
4144.506751012823
4144.649977050122
4144.6473131758485
4144.679510066043
4144.677552789167
4144.811429839576
4144.808754566439
4144.829539369632
4144.827576161839
4144.951434206795
4144.948745367936
4144.957720328937
4144.955747484503
4145.06903570672
4145.066331443517
4145.063235504845
4145.061249598367
4145.163544861553
4145.160823632367
4145.145536213831
4145.143534133051
4145.234546316874
4145.23180689486
4145.20434835142
4145.202327311756
4145.281901381812
4145.279142843507
4145.239671471882
4145.237629032101
4145.305743868383
4145.302965581045
4145.251771529892
4145.2497055947415
4145.306469757728
4145.30367135466
4145.241167661935
4145.239076478243
4145.284721218351
4145.281902571539
4145.208613834696
4145.206495979843
4145.241365839342
4145.2385270306
4145.155076135479
4145.152930503146
4145.17747197332
4145.1746132655535
4145.081706745246
4145.079532524529
4145.09428126208
4145.091403065989
4144.989815648461
4144.987612302348
4144.9931793921405
4144.990282239242
4144.8808410529955
4144.878608293993
4144.875666030844
4144.872750548645
4144.756319533351
4144.754057299588
4144.743325010577
4144.740391894265
4144.61785680214
4144.615565233605
4144.597795407062
4144.594845403994
4144.467099775515
4144.464779187941
4144.440744427045
4144.437778314808
4144.305710643782
4144.303361512398
4144.2738423877245
4144.270860965561
4144.135343356623
4144.1329662905655
4144.098740442765
4144.095744518286
4143.957622838692
4143.955218564766
4143.917051131935
4143.914041512715
4143.774127165539
4143.771696513467
4143.730331905983
4143.727309395867
4143.586372721259
4143.583916605271
4143.54007170082
4143.53703709807
4143.395802234723
4143.393321646499
4143.34768034106
4143.3446344353915
4143.203775694057
4143.2012716878135
4143.154480742995
4143.151424316741
4143.01156384404
4143.009037528647
4142.96170361426
4142.958637442472
4142.820344054431
4142.817796582941
4142.770484373787
4142.767409226448
4142.631198239455
4142.628630806259
4142.581862060792
4142.578778704582
4142.445112656524
4142.442526488541
4142.39677990241
4142.393689101042
4142.262979179616
4142.260375528764
4142.216087298746
4142.212989817687
4142.085597813291
4142.08297795706
4142.040542868036
4142.0374394751
4141.913680194866
4141.91104542735
4141.870818419316
4141.867709883426
4141.747853856574
4141.745205485204
4141.707503503865
4141.704390598298
4141.588666970054
4141.586006313625
4141.551110410698
4141.54799391339
4141.436593440535
4141.43392182499
4141.402079390673
4141.398960082689
4141.292038168314
4141.289356922351
4141.260783995066
4141.257662662464
4141.155342319032
4141.152652771951
4141.127536347693
4141.124413777909
4141.02678850621
4141.024091985525
4141.002592276671
4140.999469260794
4140.906605802283
4140.903903628568
4140.886156253568
4140.883033582191
4140.794974463191
4140.79226795034
4140.778385995706
4140.775264457349
4140.692030403474
4140.689320850556
4140.6793967852955
4140.67627716502
4140.597869230956
4140.595157925186
4140.589265352134
4140.586148430661
4140.512549975729
4140.509838185453
4140.508033425188
4140.504919973619
4140.436098390986
4140.433387363697
4140.435710864713
4140.432601643213
4140.368509866631
4140.365800826234
4140.372278380622
4140.369174136021
4140.309751948503
4140.307046091812
4140.317689888825
4140.314591349701
4140.259766482398
4140.257064975412
4140.271874442018
4140.268782318845
4140.218471349599
4140.215775325702
4140.2347378493705
4140.231652827945
4140.1857619231005
4140.183072476853
4140.206163916108
4140.203086656015
4140.161512113667
4140.1588302999535
4140.186015386163
4140.182946517363
4140.145575173016
4140.142902003608
4140.17413458038
4140.171074699365
4140.137784212704
4140.13512064871
4140.170343793463
4140.167293459782
4140.1379524816
4140.135299432683
4140.174445482021
4140.171405215184
4140.145873412168
4140.143231733929
4140.186222207128
4140.183192482741
4140.161320570643
4140.158691057454
4140.20543650322
4140.202417749305
4140.184047390751
4140.181430773613
4140.231830567319
4140.22882316202
4140.2137868671825
4140.211183809769
4140.265125917775
4140.262130185539
4140.250251193393
4140.247662288015
4140.305023007101
4140.302039216154
4140.293131368201
4140.290557132424
4140.351200851124
4140.348229210793
4140.342096872215
4140.339537745906
4140.403316710969
4140.400357369838
4140.396795394251
4140.394251734737
4140.46100589495
4140.458058937579
4140.456852700906
4140.454324781596
4140.523881677984
4140.52094712451
4140.521872642285
4140.519360651043
4140.59153541967
4140.588613224746
4140.591437421396
4140.588941455883
4140.663536947926
4140.660626999162
4140.665108050021
4140.662628120096
4140.739435138105
4140.736537257341
4140.74242513928
4140.739961162565
4140.818758864074
4140.815872807909
4140.822909967384
4140.820461771062
4140.901018228113
4140.8981436896765
4140.906065900725
4140.903633222644
4140.985706196237
4140.982842804522
4140.991380203391
4140.988962692803
4141.072300540462
4141.06944786814
4141.078326171081
4141.075923391119
4141.160266234756
4141.157423795616
4141.166365689312
4141.163977120409
4141.249058143364
4141.246225401861
4141.2549521236515
4141.252577166289
4141.338124161254
4141.335300533282
4141.3435335929225
4141.341171575109
4141.426908627777
4141.424093487301
4141.431556554156
4141.429206733054
4141.514856089712
4141.512048775352
4141.518469665198
4141.516131236493
4141.601415325451
4141.598615145752
4141.6037279099855
4141.601400014047
4141.68604355361
4141.683249794015
4141.686796869687
4141.684478599578
4141.768210842166
4141.7654227695275
4141.767157176436
4141.764847583215
4141.847404553983
4141.844621426747
4141.844308919785
4141.8420070240645
4141.923133822715
4141.920354895241
4141.917776071493
4141.915480871199
4141.994933915891
4141.992158447619
4141.987110789282
4141.984821265953
4142.062370485502
4142.059597744055
4142.051897474801
4142.049612605767
4142.125043535733
4142.122272804805
4142.111756626973
4142.109475390611
4142.182591089152
4142.17982167395
4142.166348259111
4142.164069644768
4142.234692440869
4142.231923673993
4142.215374910483
4142.2130979266485
4142.2810709595715
4142.278302203464
4142.258584208479
4142.256307887954
4142.321496371197
4142.31872702356
4142.295770842962
4142.2934942496495
4142.355786485787
4142.353015983183
4142.32677797397
4142.3245002121885
4142.383808316024
4142.381036134385
4142.351498061284
4142.34921827736
4142.4054785880735
4142.402704246926
4142.369873064754
4142.367590452959
4142.420763651876
4142.417986714294
4142.381894043899
4142.3796078507385
4142.429678791305
