0.08902148609395004
0.038363966118887205
0.0007769900651768607
0.05551783222425249
-0.1687337682065151
0.06456398874195549
0.08510817367824115
0.09436565744001504
0.07266457300566988
-0.5888173722876602
-0.7734905562365383
-0.6539240372518348
-0.3355853773287211
-0.13353296147124927
-0.03255775322287701
0.006920699798931403
0.018462811509062375
0.16783860321760813
0.2653327257238919
0.25746550994831197
0.3011481021882159
0.3460906760243937
0.38844473611238967
0.44289889950660644
0.5113494682976552
0.6758237636421515
0.9736031746720775
1.1249038858332225
1.2792068933678
1.2947150617849617
1.2005526883870539
1.0588528127733507
0.9967804249218157
0.9900259899036575
1.0346481313892177
1.061318199776028
1.012665472450114
0.95453308622199
1.0698490465322423
1.0965318985324857
1.104707584301084
1.0697416174106145
1.0293554844479273
1.0893168993350029
1.1311552814013235
1.1836455152633993
1.1328983312500045
1.014505700624087
0.8788440289915053
0.7742896153402608
0.6677916829590551
0.5882998793995193
0.5616850265224222
0.5852634455623353
0.8272855247431906
1.1964771309721738
1.436591567353754
1.4971934395022883
1.4860393685017026
1.4550119304550801
1.4591322255286054
1.4617052113331475
1.3769234823870997
1.3543901813808183
0.6719385622414427
0.795324206793027
0.8441043380703964
1.1085050436389945
2.198765428524325
1.2155963972064143
1.1482739985933141
1.141653797512091
1.2520460430561728
1.497128781662977
1.54435453375232
1.49507922593798
1.4266855594183563
1.3655921388444123
1.2692006506453273
1.1879785405024264
1.156000471258921
1.0653431633487398
0.9629088710701844
0.9759436309461733
0.924557577872087
0.9016687283042131
0.8931331785749939
0.8512385723769431
0.8194999569932125
0.7845856339524053
0.4346880230500459
0.09034436970008304
-0.0638970516206878
0.07164410888854725
0.33432121899845213
0.4541011597230324
0.3998356528075038
0.41299163328295835
0.40330423352366274
0.21118100162496958
0.08847003901845618
-0.017493061030580605
-0.23434247488405183
-0.29875105702873356
-0.27622683941113474
-0.1708387252478632
-0.19063093796846836
-0.15490670719434152
-0.17233311662258594
-0.44585556166357065
-0.7091290720500711
-0.8118658882215061
-0.7207504455664384
-0.49409083004239446
-0.1336050287282755
0.14670975330975533
0.4885250628020211
0.7647166039134049
0.7985573893543217
0.730266260555059
0.7620245528415058
0.8583552693418302
1.0472699309172426
1.2809180975744696
1.4467377851890604
1.5533750205687624
1.6739454454421288
1.6749186351811791
-0.15302969640231126
-0.15552331166875114
-0.16132618162522777
0.04581606038113604
0.8242540053981349
1.2635130806328734
1.2839593422937263
1.2904475587450563
1.2596623738760402
0.9591257090800274
0.9349877919218184
1.0412045801927101
1.1425602384375704
1.1797116295091608
1.2039181147330262
1.2034804240429453
1.1662246565909924
1.1547821627146486
1.1281621824918617
1.1104863935216076
1.1128718971202654
1.1120362784697284
1.1106572367900156
1.1082563214709868
1.0873833301856846
0.9840831772948228
0.8610049403434978
0.796479777887263
0.7983287061806068
0.7667919362026082
0.7727138200769663
0.8601438688327696
0.9024119131874087
0.9184151476170347
0.9292943921249801
0.9342053739412308
1.0033521092291444
1.1352417529987708
1.1533219162996409
1.1569636113532078
1.2075005045817557
1.2128815049731503
1.2110577087022727
1.2177633491506945
1.1798416759695491
1.066768057478685
0.8805199959401453
0.7309346000138529
0.5940009188436539
0.4059407434868066
0.2000956847205505
0.04022647489177393
-0.14170623650848096
-0.3810079893605261
-0.6919018751755807
-1.001790463170844
-1.2440150294925458
-1.3776225432212836
-1.4691719406337103
-1.5435753680992914
-1.5633626626355905
-1.5690753633080166
-1.5387698958066474
-1.52429071667017
-0.15750083894828687
-0.23642850408435653
-0.24941084903164837
-0.16117455575757958
-0.610888965522269
-0.30091434335195566
-0.14631615272760112
-0.1271428782158133
-0.20388449469443795
0.026232427409990357
0.2090462403706033
0.32851167149180505
0.314684440632622
0.34969140489956696
0.45647289863471613
0.5513673375567367
0.6564277357163677
0.7423532793853965
0.7577233662956053
0.7626535655381517
0.8543948232885692
0.9723030412975797
1.033261715542872
1.0488040056766248
1.0133035005942934
0.615220471661736
0.33746937022437584
0.27933874112498835
0.3590366806375385
0.43486547782699464
0.5492318588947446
0.8651198886860175
1.1262979905400776
1.1239765879232686
1.0187468466538976
0.9564961500724424
1.0089380190478927
1.263344522703519
1.2432933618935542
1.1399221372380448
1.3238030686372837
1.2269095300151958
1.198366885811905
1.1998350778593496
1.1535745520418657
1.1596803703301493
1.3450284752965842
1.5772724693462246
1.6755318446638106
1.6558130909279574
1.579704228972466
1.4278488347085327
1.2694574433011931
1.0589197873588312
0.7451978876335174
0.3320301246008256
-0.004758103238362844
-0.12987348606552937
-0.1982753274133192
-0.2654198741140925
-0.2686172159971504
-0.20553405671465969
-0.11520230383532795
-0.06989373579035014
0.5759656438475281
0.5390989333893083
0.4628173485664741
0.3125840922265744
0.23473686499531826
0.5226753073751037
0.49027817799251483
0.42864769745702297
0.5520219267558483
0.4535899672628349
0.25380516432796474
0.21517667618560696
0.3018960526413221
0.42568976143707465
0.5717800341036016
0.7334436752926293
0.9906246509675464
1.2161830878236202
1.3653940539524227
1.4448523053426465
1.5982539612028144
1.710304336233935
1.7791491641218757
1.80104670881295
1.7394395643727143
1.659719223618234
1.4499631978615615
1.2494958130450917
1.373525207383046
1.5209939919716633
1.5326926224926902
1.6015162763111477
1.6425742936468253
1.667161752684701
1.6362791642084475
1.5319457872514737
1.413697698013042
1.2324368709175504
1.1368666367227598
1.0920848775910805
0.9355383036397648
0.9472645722114574
0.9903294660372426
0.8397829320835849
0.4218797586025197
0.0054949403846677085
-0.3049896747871849
-0.4034672433837031
-0.5451600768049093
-0.6370916178447922
-0.6556110194080297
-0.7111611135340399
-0.7099187315577983
-0.753976698498939
-0.6942650280867656
-0.4972387404904389
-0.2984503141917158
-0.2117463538392039
-0.18844250036008253
-0.21322971923900755
-0.34092348232729347
-0.3539227377754453
-0.3769975035158832
-0.4143356203120374
-0.39496202357157156
-0.4904297509081918
-0.482470303657647
-0.6995321290189543
-1.0943263600582485
-0.011781666141357693
0.07666266015432431
0.0398111338211856
-0.0819095119124384
-0.1626427698478537
-0.26578476458707295
-0.3714812665799064
-0.3854222288721692
-0.3725096584440894
-0.35055307973157196
-0.3605310704373222
-0.3728067572572958
-0.32784161144828206
-0.3027422129346888
-0.3664544044032784
-0.3542048624642614
-0.2998452246537299
-0.32165054668703585
-0.4026214397109428
-0.41381547180183575
-0.30668811701573695
-0.0861186703305248
0.07424275281154309
0.07933169834986165
0.0904090160826139
0.058604462107195415
-0.07415540076060272
-0.0985439060715761
-0.13730286135654882
-0.2136003281390586
-0.18315638712622853
-0.19218597329818066
-0.25371239009399565
-0.25867915586424417
-0.2599289843571869
-0.2619312088069681
-0.24226201343203352
-0.2132884577127864
-0.19745770101442042
-0.07230166893820791
0.17300845045628796
0.49228784718432533
0.7458752590642098
0.9524004561834924
1.1820831338706967
1.4376119508076388
1.6411129117338614
1.7931434106446544
2.0226960061276302
2.285391952057661
2.47225836446255
2.579357992103294
2.5677721936841436
2.4809119916154985
2.3794163802166755
2.2109035633033383
2.1207570434992196
1.9733232189925696
1.8902492695408617
0.5726838915188269
0.7766050504482966
0.8575320195013355
1.0086546047109837
1.0103926685262994
0.9924162883018419
0.712900600442988
0.6201624468237048
0.552546835116799
0.6787682259960246
0.903373513996465
0.9826971383349214
0.8856730841465192
0.767853242630887
0.672353719393029
0.5876333751062187
0.3974968381305816
0.09669127785778522
-0.09058574333070311
-0.047458644869773664
-0.1780106151241092
-0.39437261898355863
-0.43722189005283285
-0.2925015272320008
-0.17074841944522856
-0.1062566325350547
0.10964269214422577
0.3488740876401783
0.27116348561748765
0.09066758046076492
-0.005094138465979804
-0.039382708619435984
-0.06395303975408016
-0.0135901599895954
0.17996400345651234
0.30916105052787946
0.5096712505116476
0.8060047363312101
1.0507917578720434
1.2347941402702272
1.3403841422993097
1.207704184800991
1.1749957020428814
1.2869304181079533
1.5448339175022103
1.9841275687930806
2.3459200394435515
2.416436455413198
2.431812941717712
2.2544790411210025
1.88385871007701
1.6394698268720063
1.3690069959353037
1.0593969829015242
0.756906810543285
0.4004482731670739
0.05318848049871813
-0.10051414809488533
-0.2156811845466998
-0.2836316534884195
-0.21011225067975112
-0.23681424182371297
-0.23475015307332464
-0.17751636110534474
-0.17304479076060222
-0.1614265239028966
-0.19136756414041584
-0.02180884107187925
0.44181781779346047
0.033773761234734315
-0.005949637934605616
0.08435288452046485
0.24581423675559738
1.2279819554110005
1.5004862136396928
1.3657021944754877
0.9872619493432315
0.7491667276323835
0.5704455125900985
0.5120704516070178
0.5086007475414963
0.4727082118863431
0.5210096897444596
0.6161237900540153
0.6526467550395098
0.639357265728193
0.7075920263300056
0.8353082860154719
0.8854947206457947
0.9475263517779121
1.0954890792850083
1.1518153362274597
1.2366680064281024
1.2805025598427509
1.3411696434968963
1.369340950513843
1.3808805715878167
1.3923959990472505
1.4115128684926184
1.428877413505588
1.3518259318698647
1.2309182583616345
1.2836304391287066
1.1910742729280714
1.085813686773764
1.0630455989816177
0.9788418565591397
0.9202866179730049
0.8813847480627724
0.7300833632571886
0.38300774265100224
0.05272962304020658
-0.26607626377327875
-0.5884340014726309
-0.9380941062552796
-1.0882656074871817
-1.1229001965692809
-1.0441125957378858
-0.7133952287630109
-0.18550333113874598
0.25267097032423025
0.45845852622785016
0.5850466450121121
0.6980329565172271
0.8928985018109283
0.9706535969678348
0.9955098962675072
1.0533650621920216
1.5689183155556516
2.874042022666214
4.63068470636115
1.7802259052370262
0.7870506658815986
2.7284690311600315
1.6907121586688567
2.0120479362208936
0.7056508434861057
2.812914397460424
1.1455921896052517
1.9622236135726219
3.7664521565504185
2.178579855938851
1.3981896180358362
-0.18025299515102575
1.8086867730681502
1.7050115157063206
1.379122983731948
2.1002844942529566
0.7013202934953574
2.0786327713575856
1.5350211496959112
2.8451566151389636
-0.7017832482714866
2.185716411080275
4.6745471377804995
1.474854444256983
2.91071338150283
3.7940862755996627
1.3158244494982203
2.7287228807760484
4.2479136292054855
2.3795433031423285
-0.776748433999355
1.9326174833408925
-0.3561151474161735
1.0958163052251526
-0.06121699308088736
1.9943989111447173
1.1119840565651526
3.319084269894429
-2.066566673942268
0.5645245911177167
4.37915453306116
0.7288769880132477
4.189950118609562
-0.7251760899604677
1.623415855740505
1.9292453777002256
-0.25065884489724105
2.184041422230156
1.3488398129682773
4.750269069872432
3.9904474969075645
0.22770896041804192
-2.7528002018043503
0.8785985206344242
-1.0079185508629924
3.9476721580667844
1.4112266948748873
2.837121156941675
1.455981574829208
3.881517393034092
0.2007926189497211
1.0665644555441418
0.0002586865427835651
1.1106585108882059
1.3762234794559238
3.289476199454609
2.6154222863568335
-2.603109060321163
0.9140722150261313
-0.9717663420504097
2.3970227702112794
0.1591384478425179
0.13450703028341623
0.5790434920292257
3.634214010648168
2.0520230113223112
2.020638842410476
1.7890424310076325
2.8530529168146286
-1.702658075310645
-0.21262722611029725
2.76002675854278
-0.17450053413441044
1.248224831797847
1.4618167214829603
0.19388444299152752
3.161051765191908
-0.13478423853472507
0.5779939338649563
1.6881008622407674
3.176354901769794
-0.47123207772188974
-0.10840884720000687
0.8000293031577405
1.6466596906965676
-2.1069413977338325
2.89758855797028
2.361488533451707
0.6422260276358716
2.597901588037927
1.26860832783522
0.1812081593234611
1.1914354714886985
3.429434717502674
2.598213338254593
-2.8090527753111583
-0.45031750911909507
1.8534055669682448
2.003694497741205
2.2503965718690395
1.8606896826272472
0.7943026187534779
1.5566228654545986
2.392387817898047
2.220826485469771
1.154665827415077
2.9677531907327848
0.07064711846859169
1.5154034351506926
1.7964482071335965
2.5336609829084877
-0.7434164844955466
0.8911349002926781
2.599466631504496
2.0381383609364594
3.7829675898462805
2.874049806652279
1.2584185985082874
-1.7934660885932499
2.1361472050332613
-0.4620920093087487
0.1293895951434607
1.7432715887114263
1.543888130810186
1.2109136376815965
1.6003231007147998
1.6835691334027765
0.07503895502118108
1.5681720446343164
1.6330984203493055
2.051927570201001
2.1396584091102806
1.548063847535086
-0.03380897946621237
-0.48891927721545747
3.2435730636536304
1.029161701416167
0.5982415863246555
-0.13772317176498625
2.8319860813792865
1.2181801720340306
2.2838323266961784
3.13403865545649
1.5830301555726023
-0.8586653620529479
0.15411151940886242
-2.0181457947518715
1.6661937072097686
2.1848315884334735
0.46254910862004645
2.5783594145846136
-1.688638644162672
2.6344713529335113
2.458822693782081
2.6746949800028648
0.2059009267555538
-0.1740360779657925
3.5692767266964585
1.9580968535567465
0.7381731445783065
-0.09462058116552516
0.7977351905102161
-0.6180811017541925
2.225261466152089
1.8699509541508266
1.2992071932450602
2.2820948308942484
2.4288221142437476
3.4416278899748183
0.028509695228274897
0.28337359543805435
0.02441781765234462
1.763073940131184
3.122103002857768
0.15124899876195447
1.6444443068574652
-0.8593835952979143
0.46263739108212343
2.2156807839730166
1.7966815348488614
0.49166351306985423
2.6016778722694305
3.64610174270024
4.068903817001384
2.0068891931887105
1.5821725763253178
4.084615401455859
-0.41683330298785304
2.746283124458214
0.06970969562970569
0.7301392680830479
1.2563007924156087
1.4633746191331365
0.5517087967902345
2.2126732143950254
2.008489167183816
0.716262155979011
1.9298561689389926
2.1027919178075054
2.033772027715134
1.1670787606782014
0.6547209743004354
1.3047973920650642
2.7177318321972344
-0.47826781478283587
2.1217649776854266
2.3984340162173834
1.0056843029584956
3.0367608008852267
2.3120781753692348
2.0139399761716024
2.5415414946845303
3.0151125763699578
1.5414189019385687
-1.5053054830020027
1.8325342511377651
3.0252968870998487
0.7278351424323896
-0.9467444075793701
0.7682037768150487
1.572229834274896
1.1452851370473427
0.5204205854224764
3.220152261641023
1.0204432215533301
4.24646446720158
4.208890617896871
1.008556016151709
-0.9593675548874193
0.9614763790261817
1.4089850766351142
2.246725997945989
3.0837263094198
3.081490234034025
1.0931997582555706
2.813169875380035
1.4254921162916223
2.2745739150027307
1.0783032607816152
0.8303393888913182
2.077582775546253
2.7652665179436227
1.222789885747417
1.213741918765246
1.344985626252389
1.4627103183814718
1.5093485106090627
1.5465540426308098
1.5430944988523878
1.4843530238832354
1.440034962920728
1.3507999150176497
1.3463581177479618
1.41029135031274
1.416780769802891
1.3230461329966008
1.182139430041029
1.1342183328063578
1.024772388835108
0.8593055138677536
0.8507720931517186
0.8610763333605637
0.7526918121716121
0.8328942183848673
0.9477569419240454
0.9256397058075284
0.809756143127672
0.667405629147748
0.3828129646975257
0.25696509864529665
0.40316995330798167
0.42393965236109504
0.4428766410424843
0.3820227737905816
0.3125469882082351
0.2250722354250233
0.1290525198356323
-0.008957431238539605
-0.0210162452824164
0.06884040765587465
0.16011275568771516
0.2519840452690307
0.6736829682764714
1.1010738021643958
1.1314528295195168
1.1608356300805531
1.3001845957108489
1.248220579863049
1.0863612521652333
0.8133270305456266
0.37580858320422467
0.003260949016048387
-0.17776945006313932
-0.2494457942016528
-0.30793912148687996
-0.35661826130450114
-0.35226053050790435
-0.314891381311109
-0.31387719960724386
-0.33703598865217305
-0.32242445837383366
-0.274314076753728
-0.2854703994089883
-0.22289112943198497
-0.27476449689648746
-0.3021086665706396
0.7467208260879685
0.7548580273210994
0.7426246506842219
0.6797335131445894
0.66046551341425
0.5612101120330918
0.45455514206314085
0.5448935896060937
0.787922333410458
0.6989790315780131
0.681016655612267
0.6383932143457214
0.6101541979160297
0.7113436810121478
0.8233585809133028
1.0964443041047123
1.231186399847524
1.2227568068009924
1.2433455998137144
1.4368019481404757
1.4944121937408614
1.6454897887605098
1.819873354830173
1.3663977448094742
0.9528359227321365
0.6086734406800994
0.25752857006205726
-0.10466945971723965
-0.43440798708397316
-0.48571612823433746
-0.28253179721430915
-0.05347194026053774
-0.02680103012652361
0.14433302842649995
0.3170625241030882
0.22346048426700554
0.05475262152041211
0.08601459305776367
0.02627568569450324
-0.10809986733726945
-0.13983751341297282
-0.014418046091005235
0.03772824137082116
0.24085195260051082
0.6782610588739977
1.0836008699217947
1.394268421345138
1.5118824568795677
1.1575473054720435
0.5811068076189084
0.35757202339938726
0.33001405043542925
0.35715358932768515
0.44687048808664215
0.4829605268916993
0.5261427462106321
0.6491690417298318
0.7287055516931045
0.8103424908945075
0.9121156050736987
0.9435459307746779
1.1973616535473237
1.3089426932736812
1.3540153697053507
0.36471856922815904
0.33678449640568164
0.32475209568287283
0.3770614174175242
0.5126176042771998
0.4424153805679056
0.38448757757587687
0.28101615197575047
0.17397193545295508
0.3114662734875089
0.4491036243494036
0.6316152353825875
0.7076911418443695
0.7574303737543671
0.5966651677070153
0.5362062354036804
0.4894969172740574
0.3039303137538367
0.6095010642803252
0.9519714885621744
0.9503453393536918
1.094983545479198
1.282426872656523
1.6747558806160043
1.8774493394906309
1.7037955125659516
1.1275408413573749
0.8078237302268337
0.7123102385409174
0.46882158556852266
-0.060814105360276295
-0.2674555491742549
-0.3456261028529023
-0.5042832075521008
-0.5066692683336909
-0.20986701830286397
-0.008230155651594687
0.09569376992476096
0.24867749300332967
0.5349307422233015
0.7032191619732235
0.8097007032581632
0.990098413354076
1.2064208353807968
1.6178026301204633
1.5556423373744594
1.422760057030097
1.2773837981224416
1.0198350258504043
0.7662698462997595
0.8555967981862374
1.0167245359315078
1.0623985398672309
1.019967068606849
1.0538425491908106
1.0967357507701192
1.1101912399186888
1.0043777097749975
0.8696688766421977
0.8539298423556801
0.76248913231636
0.6186124240219103
0.5764325041519957
0.5837215262747205
0.003754412654003685
0.008807938979576695
-0.18358498121526928
-0.16430227862815405
-0.12589829231283797
-0.11575924052854779
0.5520601570075222
1.0902527758812455
1.0195009330545726
1.2178953318591637
1.3023767093030512
1.4654513991014788
1.632629728115326
1.5918180678451503
1.4811855913053473
1.1415433322300244
1.0899508723462776
1.1565906054995048
0.9620689319685324
0.6831663180982386
0.45525135574272263
0.1274503991569356
-0.0031507293529039466
0.23025375249069543
0.27498777300173305
0.3767070215852864
0.5562019637553822
0.5775318194432675
0.4837484051811166
0.5775071154454673
0.6265967550419931
0.5664387409562348
0.5232967638935461
0.5125823879849674
0.6586959876064263
0.8846394415627781
1.164387392911344
1.1965116852378548
1.1781230896133421
1.1771594760118673
0.8282910170965974
0.4440137179755286
0.4346770107851224
0.46114359195777976
0.039243441537293165
-0.12510820362866995
0.054757801761965146
0.1546068132081701
0.3529919604465952
0.42748824686799053
0.7910221337869602
0.9433547525576732
1.1339880187643423
1.2298733265153927
1.4097780971894285
1.4929423855549775
1.4967670581405115
1.4283822814763178
1.2547001429925098
1.08293149829443
1.0271814397783454
0.07174654939286476
-0.13475639917783472
-0.19542464101311657
0.9581992904086925
0.9719113635598681
0.9852787641884748
1.0072979286004102
0.89026026233925
0.9681780736582755
1.2577329086161628
1.3579209680188735
1.2548280750433602
1.2321195809457384
1.1437424917380656
1.0671851978087477
1.0095815207568952
1.108851924673563
1.1219758034741816
0.9355811162772311
0.826988993508714
0.7937402081891785
0.31519908763544996
-0.23824693756982562
-0.4529354090653018
-0.6543767120175319
-1.0002370775437122
-1.041943766529723
-0.782058659649892
-0.5437131900654995
-0.3455734790351742
-0.008536147831319183
0.4512451592315847
0.7220493775027625
0.86368211008975
0.8179228653522084
0.6426030223223584
0.4292939584787261
0.20795774319190513
0.08286928405331229
-0.021367886591836287
-0.057123623285116235
0.13716001466894615
0.3971702554346616
0.7956928172845834
0.9962912075623965
1.0782968113526707
1.11606719969233
0.8179215077027361
0.40645662605146293
0.0649946768815388
0.15486123503581156
0.6357124869497947
1.0210111228915675
1.2331963819982412
1.2361762751703775
1.1558496064014645
1.0322826983650835
1.052777139981343
1.0527775609990278
0.9397186314030749
0.8951953011279653
0.8424616256539479
0.7815703637079175
0.7900548050987406
0.4907186358431899
0.3959769423201243
0.3137449214559052
0.3345962746647524
0.3011976041560575
-0.004507034918171946
-0.1141770371029947
-0.08148009205567773
-0.17315543324260602
-0.03111494569722271
0.12683305463710517
0.2520155594828099
0.30419885015911496
0.30383964834930705
0.3579109320174672
0.365894305354367
0.6195294878271936
0.8275500528218029
0.8744416090903221
0.8307545745276008
0.7541492203185973
0.8024479822350092
0.9655590881201143
1.0362149140380756
1.019406373914992
1.2623842303372428
1.322968943256582
1.4734860004564698
1.4953106931088829
1.3584521925016433
1.3178826345627406
1.4287436590182296
1.503153919425768
1.3756643081476365
1.1775270052310778
0.9577455792443674
0.9080472361977332
0.9811765685244118
1.3675404867024623
1.5416060436250514
1.6671949793702996
1.8702430227621933
2.075742550686956
1.7255515890678497
1.179371465610577
1.092120936929468
1.1672654689891946
0.903028140126511
0.7230306040299327
0.767394148943803
0.6280503765166399
0.38216656275375704
-0.02827220564256514
-0.14669778592324675
-0.18820763266148047
-0.1489646296905214
-0.1622794269462206
-0.03205355244057661
-0.009279102548845728
0.02282694061781657
0.04041642743426435
0.06123220185581105
0.11807090575794092
0.23623460328321663
0.090583653967987
0.14064171446346183
0.19550284504608337
1.8743593391860527
1.926629893667272
1.8743008403768318
1.7977800931689993
1.8597067465696207
1.86828384716152
1.249964899567014
0.5251205088855082
0.409671195687835
0.34838039308364266
0.3869341399349345
0.475010644613599
0.5192907867831991
0.2574901895421576
0.22523667990918783
0.22508594216299485
0.22631227613855745
0.23389586165553222
0.40700873896167256
0.49157663794813267
0.3905669404111672
0.37144643865187643
0.42283457138112673
0.487358832702389
0.3905191115148021
0.365923856334377
0.46929339757365285
0.39384016878921935
0.227772958886058
0.051877841645105914
-0.15278767430834714
-0.36020124753607724
-0.2050095863626019
-0.029429006878449855
0.13793963054522426
0.6033624491864689
0.9935966428418425
1.0470961720905247
1.0334567884910355
1.0145991538002894
0.4573231735436763
0.013193396384307981
0.1094742475061738
-0.018383060470169604
-0.11342846738015001
0.08542640034244586
0.21353565665005703
0.07485216977407454
0.10274730597778936
0.17695535127594966
0.27069579140084504
0.32618211360430377
0.38870362124309943
0.4518134257089271
0.40770327323934585
0.3406665572138175
0.3670338587358536
0.3753953941868721
0.43317065808458505
0.43948931994763984
0.6859581941169233
1.5790541292862121
1.6036739347146778
1.7049244116554303
-0.3291861572131351
-0.21898055515328133
0.18841129196212184
0.3486637780490872
0.3100109926247953
0.31388810379627213
0.35202176768471816
0.3244917211732951
0.07939076309296067
-0.15260681890771338
-0.1682895762226963
-0.19621843027049046
-0.2795347211883453
-0.4401784095690176
-0.6150812659863084
-0.735831731813096
-0.7753374654011386
-0.7801339141977836
-0.603049557820908
-0.4574213233524526
-0.34390490345102986
-0.36947792265743884
-0.5379484977184723
-0.3697418982282028
0.09699174170213308
0.3787914627597725
0.5672446062205455
0.7874779051814867
0.9122558087246939
1.0301455707519185
1.1871998394706607
1.3672436088018989
1.3825017514474947
1.2503242037768079
0.9175614749986318
0.40677261075515825
0.11113124056233713
0.04413678578755199
0.06213434211787627
0.034698399507492796
0.4611816184523631
0.9704447987022037
1.0898191853306904
1.1670716433022106
1.2949899783485928
1.2488894506849308
1.1444466998164553
1.1541669045896554
1.2065793366886401
1.2967182332978002
1.3236318932712128
1.357610139292585
1.4024443434688703
1.4358359372354985
1.609991277728179
1.6517383422009346
1.5568696855325912
1.2031919935997764
0.6421767989730793
0.3860374189616804
0.39626507193626864
0.3261744316504617
0.2939716110846916
0.23328158296300333
-0.21386557041854273
-0.20755977328656314
-0.29319883090995164
-0.321575722064342
-0.3701114213182938
-0.40552754675504504
-0.2707302466543648
-0.07950335787019798
-0.03976632773685519
-0.08222367306831907
-0.21741374042190237
-0.27261861118286124
-0.2807236395033285
-0.02839548723296023
0.2157640513581029
0.3609828607505648
0.4419548067287193
0.5964572069647841
0.6253045868950473
0.660371481608198
0.8942502899111578
0.7483047517291079
0.3977811085184841
0.31407845937992607
0.44825132891837255
0.4578273498012476
0.48724629451129714
0.648074336128
0.8200502761871327
0.9309848392676536
1.1105950856014009
1.261462030234166
1.219588080963446
1.267362777495418
1.3569279828346408
1.4674320036261888
1.4260531092264654
1.4581708037238488
1.4874015361369104
1.6248490965481204
1.669632800456159
1.5994026546091626
1.5317013127362191
1.650399590916865
1.566115244879152
1.479615751436761
1.4808339072362187
1.4992172087909472
1.3307423676039574
1.0963144870314774
0.8623245037093163
0.5777853571166587
0.38440990987474155
0.20779004593813377
0.16039995693633008
0.08842318842364272
0.031021526136856208
0.054963039793471016
0.06599709220252999
0.13978692811426627
0.20211563424245302
0.13532484074358353
0.24513279905992708
0.22760971636939314
0.41574241050986044
0.38592949190737047
0.40079461968611896
0.321427531272137
0.4842339171581489
0.5183583411691807
0.34698184262069454
0.482600923740704
0.5481121214527344
0.7012092992989325
0.7491025969516706
0.7784298853631785
0.850694738787245
0.7685026134821943
0.8093428957498006
1.0485928504834467
0.9108860619364981
0.8011642231594631
0.8746145978498447
0.7387544729364158
0.8019800749332446
0.9462497589371586
0.797872191552111
0.803295854703401
0.7970720349357665
0.9478488795547139
1.0978983591801017
1.0781616755247616
0.9926141056589873
0.9504488366901492
1.0253928085734423
1.1610863088140981
1.3770132204322634
1.3697464804565191
1.195244202298113
0.7136549009398525
0.5199192812894613
0.42088452720743225
0.05378767996232471
-0.2615552045062141
0.13410491374647177
0.5811916621131116
0.3837331991105431
0.13831912220927053
0.16182087245170904
0.07874408937896438
-0.09350377270261363
0.041355959607878065
0.3667931233745846
1.0387305189588476
1.1245101649795057
1.147446546097682
1.0367629718117497
1.0292127359567684
0.7888296131711756
0.7275123344041726
0.6438620275950936
0.6976082389235824
0.9799242331794975
1.1116682925631884
0.5333214492739375
0.3485945447065775
0.4550020396237088
0.35622964008082075
-0.13859410835990443
-0.1216396517602206
-0.20058237723598085
-0.22471627498180166
-0.29506125613846235
-0.41691479318841834
-0.18119312340586213
0.28136978954932806
0.38799722453471963
0.42119529844937
0.42194286397972675
0.10911526203939587
-0.12658785144846052
0.08314883312618268
0.4925503224614536
0.8803769487924061
1.2495973772333924
1.6371325073910648
1.4999647787859984
1.4545712646503972
1.8974190017604815
1.5881497689755149
0.8893691214855884
0.6224883145725673
0.7663707347408371
0.6946040393601699
0.7681754444624012
1.025754249384492
1.115281407966043
0.9949948300043093
0.9761473212222275
1.2277189698760103
1.2625027406567462
1.3789678025600516
1.2772031317946146
0.7824097292505376
0.3807556980915366
0.28676333138088783
0.2924690202894818
0.08271897511638542
-0.0007555455978574213
-0.05182222020863846
-0.23328481211884772
-0.22959294093704977
-0.2907431589200652
-0.36625038825786016
-0.4419495130348357
-0.2505308440880986
-0.016626445076997568
0.07661830840998311
0.1482712492693503
0.2535087875955181
0.4186598184888662
0.5874989035309173
0.7542448424236584
0.843399669928721
0.9082889260171392
1.046917433379487
1.0671489575135047
1.0594742504592545
1.0851423105612643
0.8927773560149699
1.0600613514718542
1.0166369706315077
0.35118334987715727
0.3253279480274756
0.7356171364512859
1.0549688787919866
1.0065002433661767
1.0716694964037212
1.4233934065216045
1.8081919933499815
1.7898395499965587
1.6114289285255519
1.5655576383263363
1.3833212729225155
1.2771169655427634
1.0588542347498298
0.6179176705725324
0.4354507185797479
0.3582844852060678
0.3614652045155593
0.25611277196036075
0.29457095530244265
0.32902333139617534
0.6907118584735178
1.605378736131416
1.4474066667831262
1.0570460359641611
0.963114065909556
1.055629460198799
1.0572669123451317
1.0263391473653387
1.0044750083586274
1.0211414724927552
0.941331802558952
0.99780148464698
1.0350595850991813
1.1911552766794435
1.31825580340047
1.3477213944710975
1.251580818688248
1.0789954991317845
0.7649373467587981
0.3669135238277615
-0.02790402525148262
-0.32575507209665594
-0.6092584930100784
-0.16759920310139975
0.19339332005466175
0.23542012708511217
0.27881242851046334
0.15254986894772382
0.07084174860943741
-0.029958242003368527
0.07053874041455596
0.17673004143625448
0.2752737200694766
0.2263511063052464
0.30339050422743985
0.4124825055072567
0.3759223766036293
0.3374016348981392
0.39696561926508817
0.22481518225458894
-0.33029296694820165
-0.4437141062734605
-0.34296788822308477
