1554162265.267429
1554162273.445755
1554162281.935158
1554162291.197997
1554162300.636264
1554162311.935167
1554162322.226647
1554162333.226671
1554162343.08566
1554162353.326386
1554162362.13667
1554162373.470063
1554162382.483876
1554162396.25571
1554162409.140583
1554162435.296516
1554162445.69553
1554162456.927954
1554162481.132942
1554162492.246474
1554162517.674598
1554162528.251274
1554162552.945309
1554162563.065848
1554162574.610845
1554162601.133144
1554162626.038763
1554162650.525549
1554162660.568773
1554162686.956632
1554162697.058845
1554162722.38738
1554162731.945398
1554162745.338854
1554162771.307576
1554162781.154975
1554162791.334017
1554162817.039874
1554162826.3831
1554162837.958852
1554162864.198186
1554162873.722717
1554162887.196026
1554162912.059117
1554162921.276588
1554162936.801365
1554162963.935383
1554162973.494702
1554162984.168019
1554163007.03876
1554163031.698567
1554163041.504106
1554163069.417765
1554163095.277243
1554163114.763282
1554163139.605435
1554163149.823459
1554163171.044433
1554163196.358483
1554163204.55892
1554163215.747415
1554163232.318425
1554163258.203715
1554163266.952322
1554163276.64741
1554163300.852856
1554163310.661662
1554163337.638516
1554163347.804382
1554163370.472622
1554163395.220698
1554163405.024184
1554163425.987155
1554163450.857558
1554163460.597358
1554163471.114723
1554163496.541774
1554163523.138784
1554163537.77344
1554163563.682687
1554163580.950721
1554163607.097391
1554163617.002957
1554163635.925232
1554163652.445179
1554163677.381942
1554163685.790796
1554163707.943479
1554163733.019661
1554163750.352506
1554163774.383286
1554163792.947986
1554163819.387342
1554163830.68307
1554163856.070229
1554163881.627684
1554163907.830236
1554163934.001715
1554163959.060347
1554163986.341862
1554164012.114415
1554164037.37368
1554164062.374826
1554164089.282715
1554164109.756409
1554164135.601242
1554164145.21595
1554164165.669054
1554164192.446639
1554164208.168525
1554164220.344361
1554164237.165035
1554164264.436514
1554164280.777375
1554164304.879877
1554164330.083284
1554164340.86912
1554164367.518033
1554164393.782014
1554164419.384548
1554164444.869021
1554164471.941133
1554164497.744031
1554164522.517195
1554164549.648658
1554164575.385554
1554164600.795235
1554164625.27663
1554164650.733942
1554164676.333464
1554164701.122743
1554164710.920856
1554164737.162369
1554164748.022122
1554164773.713363
1554164797.474329
1554164824.53936
1554164850.731787
1554164875.790875
1554164900.293885
1554164927.360337
1554164953.687165
1554164979.250561
1554165004.526103
1554165030.842758
1554165057.018753
1554165082.303997
1554165109.197659
1554165135.23273
1554165145.517705
1554165171.318252
1554165180.266159
1554165207.431623
1554165232.674563
1554165258.062084
1554165283.504693
1554165311.322985
1554165336.985708
1554165362.281776
1554165388.263483
1554165414.801365
1554165440.218839
1554165465.195553
1554165492.750672
1554165518.669983
1554165544.308403
1554165570.32625
1554165580.506024
1554165605.907362
1554165616.954259
1554165642.838354
1554165652.906097
1554165680.061355
1554165691.534441
1554165717.436448
1554165728.147603
1554165753.455282
1554165764.706015
1554165790.831186
1554165817.119075
1554165842.730285
1554165869.493555
1554165895.748857
1554165920.903858
1554165946.434073
1554165967.756826
1554165993.180133
1554166014.575467
1554166041.183448
1554166053.978492
1554166069.437192
1554166094.945748
1554166106.588863
1554166132.06221
1554166147.389481
1554166172.423073
1554166186.730207
1554166210.46949
1554166221.329498
1554166244.924003
1554166270.961103
1554166281.961198
1554166302.405387
1554166330.27425
1554166349.508637
1554166375.188987
1554166389.309717
1554166407.041565
1554166423.598923
1554166448.205211
1554166467.851996
1554166492.3162
1554166508.999045
1554166532.903145
1554166558.393854
1554166572.181148
1554166597.401614
1554166610.657034
1554166635.473066
1554166650.295999
1554166674.853141
1554166686.483545
1554166712.204212
1554166724.469219
1554166749.218526
1554166762.377256
1554166789.083072
1554166801.217544
1554166826.576077
1554166836.373684
1554166861.368524
1554166888.559804
1554166914.427366
1554166940.041868
1554166965.606842
1554166991.860864
1554167001.505301
1554167027.24973
1554167037.086783
1554167049.286482
1554167075.265192
1554167084.834557
1554167110.468693
1554167119.02349
1554167143.262
1554167168.10793
1554167193.161727
1554167202.455831
1554167228.009992
1554167255.727082
1554167268.447507
1554167294.053352
1554167307.95517
1554167332.942232
1554167346.786395
1554167371.526337
1554167385.080677
1554167410.59715
1554167435.236152
1554167461.993912
1554167483.028703
1554167508.397703
1554167530.532024
1554167557.114725
1554167569.324138
1554167594.948926
1554167604.763748
1554167631.686573
1554167656.025513
1554167680.373629
1554167701.362983
1554167728.605767
1554167751.005434
1554167776.359503
1554167792.505154
1554167818.787452
1554167837.725146
1554167862.658845
1554167878.619318
1554167905.491864
1554167917.364187
1554167935.979849
1554167961.249974
1554167977.913008
1554168004.652612
1554168029.41192
1554168054.985565
1554168081.051129
1554168107.752483
1554168132.406817
1554168157.421482
1554168167.916794
1554168194.202714
1554168204.203301
1554168229.390955
1554168241.233283
1554168265.908047
1554168275.545309
1554168289.756295
1554168315.166579
1554168338.15168
1554168364.70196
1554168380.135892
1554168405.727431
1554168416.50424
1554168442.098654
1554168469.438285
1554168495.536801
1554168521.087142
1554168546.347362
1554168571.15141
1554168583.198349
1554168607.757298
1554168618.683701
1554168640.979202
1554168667.304833
1554168679.325027
1554168702.284786
1554168728.288911
1554168740.738809
1554168763.456858
1554168788.875076
1554168801.240827
1554168827.343708
1554168852.590194
1554168878.809793
1554168903.46538
1554168926.882055
1554168951.909561
1554168965.308984
1554168990.239853
1554169016.387157
1554169042.573343
1554169056.759938
1554169081.961213
1554169093.053607
1554169120.030067
1554169131.469616
1554169157.621696
1554169176.401045
1554169203.044002
1554169219.941901
1554169233.553526
1554169259.711398
1554169268.835317
1554169288.951471
1554169303.024899
1554169328.794638
1554169346.063073
1554169371.005007
1554169390.023153
1554169416.494272
1554169426.835222
1554169449.277981
1554169474.856757
1554169487.108312
1554169509.776917
1554169534.535244
1554169545.296096
1554169559.261185
1554169585.345603
1554169610.936992
1554169631.168867
1554169656.505743
1554169668.166649
1554169687.164023
1554169712.788648
1554169737.651827
1554169764.415461
1554169779.489522
1554169805.048132
1554169816.419118
1554169833.681519
1554169859.657817
1554169879.152867
1554169904.917774
1554169929.614786
1554169956.241481
1554169979.759969
1554170005.828391
1554170016.004537
1554170039.642711
1554170065.441969
1554170077.377356
1554170092.637794
1554170118.164661
1554170136.384782
1554170162.235871
1554170180.17658
1554170205.911286
1554170226.773991
1554170253.001669
1554170268.889851
1554170294.297638
1554170310.698263
1554170337.91319
1554170354.911173
1554170381.176613
1554170405.620291
1554170431.483594
1554170441.894842
1554170466.990914
1554170478.024301
1554170503.993152
1554170515.113137
1554170540.557951
1554170565.854413
1554170591.037038
1554170618.203349
1554170643.394817
1554170668.793723
1554170686.495962
1554170713.834059
1554170722.931477
1554170741.561352
1554170755.789881
1554170780.71543
1554170808.658471
1554170833.620339
1554170859.298925
1554170885.144796
1554170911.36634
1554170936.137441
1554170961.587484
1554170988.237186
1554171012.914576
1554171038.275803
1554171047.620955
1554171072.953299
1554171083.799049
1554171110.11387
1554171120.797989
1554171133.942514
1554171158.943154
1554171174.267151
1554171199.238738
1554171212.58401
1554171238.288496
1554171248.016249
1554171274.763204
1554171300.801664
1554171326.065833
1554171352.213069
1554171376.516155
1554171402.828182
1554171417.969071
1554171443.330842
1554171454.084204
1554171479.276561
1554171504.887794
1554171529.923765
1554171557.806416
1554171583.259053
1554171609.04941
1554171634.429588
1554171660.862838
1554171685.356835
1554171711.31039
1554171721.542473
1554171748.855756
1554171757.614183
1554171783.125354
1554171806.760342
1554171832.722856
1554171842.363152
1554171853.801393
1554171879.027252
1554171889.557165
1554171914.38299
1554171941.072286
1554171966.213525
1554171991.681182
1554172001.751009
1554172028.763978
1554172050.188845
1554172076.301238
1554172091.387146
1554172118.714422
1554172128.743322
1554172155.258355
1554172166.259338
1554172192.371861
1554172204.666071
1554172230.203331
1554172241.057616
1554172266.763322
1554172291.40775
1554172317.681065
1554172344.150478
1554172354.26165
1554172379.205523
1554172390.018091
1554172416.853157
1554172427.228621
1554172449.730903
1554172475.565039
1554172488.834596
1554172504.87787
1554172531.310598
1554172555.611377
1554172581.802554
1554172597.358963
1554172623.093981
1554172637.610742
1554172663.719331
1554172674.933357
1554172701.253635
1554172713.59791
1554172738.872162
1554172750.297741
1554172777.249912
1554172788.17327
1554172812.436193
1554172838.207336
1554172864.47262
1554172891.41398
1554172899.977632
1554172927.014068
1554172951.8069
1554172979.388988
1554173000.591752
1554173026.779795
1554173038.733492
1554173051.615984
1554173069.876467
1554173095.101313
1554173111.349874
1554173134.765168
1554173161.411849
1554173172.889273
1554173197.342006
1554173222.985
1554173244.338122
1554173270.374547
1554173283.492538
1554173308.658847
1554173321.524504
1554173348.704687
1554173369.57468
1554173395.112897
1554173414.382735
1554173440.021279
1554173452.687766
1554173470.834346
1554173494.580907
1554173510.961677
1554173539.177038
1554173556.890057
1554173581.888878
1554173598.748547
1554173624.576294
1554173636.88347
1554173653.988635
1554173680.481337
1554173691.942832
1554173707.804973
1554173732.830612
1554173745.320412
1554173770.717608
1554173794.991374
1554173821.209647
1554173846.113031
1554173871.285076
1554173895.230279
1554173921.776242
1554173932.876576
1554173958.246531
1554173970.157423
1554173996.169473
1554174007.269896
1554174033.689641
1554174058.231592
1554174083.950946
1554174096.251817
1554174122.236326
1554174134.542045
1554174159.475033
1554174173.089062
1554174198.811391
1554174223.120627
1554174247.841707
1554174273.253226
1554174298.646811
1554174322.961321
1554174347.866947
1554174361.201958
1554174386.196191
1554174399.251471
1554174425.460593
1554174448.219131
1554174474.007423
1554174486.097081
1554174511.348539
1554174537.096557
1554174563.677751
1554174589.587932
1554174614.783151
1554174624.962176
1554174651.364306
1554174662.399784
1554174687.588103
1554174699.913411
1554174724.715214
1554174737.658834
1554174763.702013
1554174788.198194
1554174813.629311
1554174839.802523
1554174864.610691
1554174889.958254
1554174898.114119
1554174924.965501
1554174950.356048
1554174959.36049
1554174984.976364
1554175011.525054
1554175037.276589
1554175062.8066
1554175088.15017
1554175114.721768
1554175124.455761
1554175150.212292
1554175159.839812
1554175185.540662
1554175212.460783
1554175238.036802
1554175262.884522
1554175288.91989
1554175299.360137
1554175310.291395
1554175336.094703
1554175347.284797
1554175372.892358
1554175383.53706
1554175410.313441
1554175436.713173
1554175461.717264
1554175488.834424
1554175514.378918
1554175524.660635
1554175550.170934
1554175560.189552
1554175587.741548
1554175612.500592
1554175624.12643
1554175649.648385
1554175660.163158
1554175672.655544
1554175698.949908
1554175711.483235
1554175737.508539
1554175747.63905
1554175760.321625
1554175785.641942
1554175798.426932
1554175824.030835
1554175847.961509
1554175873.887334
1554175898.957579
1554175923.823467
1554175950.394407
1554175961.115681
1554175986.428832
1554175995.815048
1554176011.000034
1554176036.929194
1554176058.866047
1554176084.701353
1554176104.100777
1554176130.575591
1554176141.462718
1554176159.929983
1554176174.164408
1554176198.226192
1554176219.786033
1554176246.296589
1554176263.296124
1554176288.276685
1554176313.817312
1554176340.536098
1554176366.384995
1554176375.455731
1554176401.253355
1554176412.526304
1554176438.402245
1554176463.365907
1554176488.277842
1554176497.848046
1554176525.632793
1554176551.32399
1554176578.016076
1554176604.90363
1554176631.037419
1554176657.167041
1554176682.772841
1554176691.600878
1554176717.873088
1554176743.376724
1554176768.876986
1554176795.231764
1554176821.296536
1554176847.637712
1554176873.453252
1554176901.744591
1554176911.883519
1554176938.577397
1554176965.132171
1554176992.288936
1554177018.281643
1554177028.870092
1554177054.743987
1554177065.585392
1554177094.108924
1554177119.693654
1554177146.519597
1554177171.969043
1554177186.314124
1554177211.44845
1554177224.057215
1554177249.520641
1554177275.52515
1554177300.039287
1554177326.022338
1554177334.735881
1554177361.077584
1554177388.079375
1554177414.050311
1554177438.48408
1554177464.725126
1554177490.640966
1554177515.760839
1554177524.949759
1554177551.411424
1554177578.476903
1554177592.48072
1554177618.232903
1554177632.053073
1554177658.625228
1554177673.378073
1554177699.02073
1554177709.29233
1554177735.211946
1554177761.893985
1554177781.491809
1554177806.98536
1554177825.266364
1554177837.468533
1554177863.915448
1554177881.059275
1554177894.255102
1554177919.241202
1554177946.467955
1554177971.870851
1554177997.296518
1554178024.160149
1554178034.912304
1554178061.022758
1554178085.878972
1554178111.847179
1554178123.660585
1554178149.645099
1554178175.743403
1554178201.999574
1554178229.887908
1554178255.646624
1554178281.030833
1554178291.663343
1554178318.699787
1554178329.986325
1554178341.527176
1554178367.681575
1554178379.450812
1554178406.026667
1554178430.965302
1554178457.136413
1554178467.155152
1554178492.121902
1554178518.659017
1554178543.361346
1554178568.669293
1554178594.310475
1554178620.264972
1554178630.528518
1554178655.92252
1554178681.050641
1554178706.865099
1554178732.443262
1554178758.218574
1554178784.540313
1554178809.70243
1554178835.971116
1554178846.928899
1554178872.164299
1554178897.511553
1554178922.463305
1554178933.09231
1554178958.347478
1554178970.157604
1554178995.537741
1554179004.858671
1554179030.556238
1554179056.501481
1554179084.229929
1554179108.877859
1554179119.261664
1554179144.96357
1554179171.728198
1554179197.120111
1554179221.865752
1554179248.029269
1554179258.737977
1554179284.758849
1554179310.692258
1554179336.519997
1554179364.148368
1554179389.343632
1554179415.814556
1554179441.444045
1554179453.035705
1554179478.851013
1554179489.423327
1554179501.261264
1554179527.053852
1554179539.250725
1554179565.020038
1554179590.335708
1554179616.354047
1554179634.048288
1554179662.331901
1554179678.991697
1554179692.806684
1554179718.478282
1554179735.799836
1554179750.30801
1554179776.456518
1554179787.706583
1554179813.078456
1554179824.913436
1554179851.094491
1554179872.395647
1554179898.129548
1554179920.050138
1554179946.945492
1554179965.771298
1554179991.36921
1554180003.767382
1554180022.426666
1554180047.236788
1554180064.659167
1554180089.666989
1554180103.122854
1554180129.240469
1554180139.796794
1554180165.131699
1554180185.374736
1554180212.91189
1554180231.595787
1554180257.024024
1554180269.207758
1554180284.984764
1554180312.501969
1554180337.262269
1554180362.31989
1554180375.197565
1554180402.159118
1554180414.870909
1554180440.733265
1554180454.005258
1554180479.97404
1554180490.281563
1554180511.817425
1554180536.503962
1554180549.458522
1554180575.455359
1554180589.465629
1554180614.695142
1554180635.308137
1554180660.349345
1554180682.386949
1554180707.085856
1554180727.479493
1554180753.487063
1554180770.179225
1554180788.316008
1554180813.400315
1554180829.85062
1554180854.538303
1554180866.850126
1554180892.313248
1554180902.208525
1554180927.635219
1554180954.408704
1554180979.942609
1554181005.488161
1554181030.841309
1554181058.093295
1554181082.737426
1554181109.135236
1554181135.271591
1554181161.507479
1554181187.442188
1554181212.773541
1554181239.735798
1554181265.446748
1554181292.270069
1554181319.277992
1554181345.55075
1554181355.618234
1554181382.556559
1554181392.703236
1554181419.678034
1554181446.398781
1554181473.75038
1554181499.854601
1554181527.599209
1554181553.423618
1554181579.4137
1554181605.946303
1554181633.176473
1554181659.199217
1554181684.784748
1554181711.301047
1554181737.322426
1554181762.760517
1554181788.418831
1554181816.028553
1554181830.626852
1554181857.301432
1554181866.198311
1554181878.18915
1554181905.781393
1554181918.579134
1554181935.289448
1554181960.551269
1554181970.856735
1554181982.49121
1554182006.903345
1554182032.014739
1554182046.104192
1554182063.951813
1554182089.478879
1554182107.524054
1554182119.321454
1554182144.565123
1554182154.966006
1554182181.044252
1554182208.076821
1554182233.488098
1554182259.247945
1554182285.256393
1554182301.99018
1554182327.542175
1554182345.382512
1554182359.099393
1554182376.253498
1554182402.192933
1554182421.182279
1554182447.79584
1554182467.793007
1554182494.349864
1554182510.280984
1554182535.682981
1554182562.80349
1554182573.985649
1554182600.137895
1554182611.352799
1554182636.894936
1554182663.353738
1554182690.328636
1554182715.428087
1554182724.922139
1554182751.14322
1554182762.112308
1554182787.52388
1554182814.019539
1554182839.388586
1554182866.190718
1554182890.770201
1554182902.110288
1554182927.630664
1554182938.132358
1554182964.738562
1554182990.424807
1554183016.040631
1554183043.014068
1554183067.857654
1554183093.241219
1554183103.786554
1554183129.605926
1554183140.379079
1554183165.748666
1554183190.861317
1554183216.343365
1554183243.365774
1554183268.846026
1554183293.2138
1554183320.173049
1554183331.384544
1554183356.544664
1554183367.562258
1554183393.093576
1554183404.108847
1554183431.434339
1554183456.563468
1554183481.901891
1554183508.095223
1554183534.412422
1554183543.087862
1554183569.443014
1554183594.420256
1554183622.775738
1554183647.792636
1554183673.658222
1554183699.589668
1554183725.614707
1554183734.396951
1554183760.245811
1554183785.544606
1554183796.141771
1554183821.519797
1554183831.710309
1554183857.287143
1554183883.428655
1554183909.988839
1554183935.319711
1554183959.839558
1554183985.413121
1554184012.08813
1554184037.304433
1554184063.090712
1554184089.999375
1554184099.778513
1554184110.0719
1554184135.628923
1554184146.617276
1554184173.602506
1554184185.269415
1554184210.573273
1554184221.022345
1554184247.105747
1554184274.22921
1554184299.664653
1554184325.622546
1554184350.598208
1554184360.279903
1554184386.973709
1554184409.169464
1554184434.358455
1554184447.708297
1554184474.049657
1554184483.791743
1554184498.371496
1554184524.619255
1554184536.069265
1554184563.317905
1554184575.093478
1554184600.139606
1554184612.632348
1554184632.853414
1554184659.668668
1554184673.189272
1554184692.103538
1554184718.353958
1554184727.96225
1554184750.787807
1554184776.575765
1554184793.368013
1554184814.942299
1554184842.362777
1554184860.911369
1554184886.051393
1554184896.739765
1554184913.366627
1554184940.971977
1554184966.065476
1554184992.207957
1554185003.689109
1554185030.385713
1554185043.611715
1554185069.013892
1554185080.152974
1554185106.740959
1554185133.669188
1554185160.161653
1554185186.899995
1554185196.282258
1554185223.770892
1554185249.688201
1554185275.160617
1554185285.905867
1554185311.855196
1554185337.496657
1554185362.431801
1554185387.378447
1554185413.362038
1554185438.662397
1554185448.470665
1554185474.464774
1554185484.725343
1554185511.929562
1554185522.188561
1554185547.823271
1554185562.141419
1554185587.894817
1554185602.63985
1554185623.31975
1554185648.442909
1554185663.783281
1554185690.404955
1554185715.758575
1554185740.063605
1554185750.634164
1554185775.782408
1554185787.926218
1554185813.911679
1554185823.18256
1554185847.559559
1554185873.205315
1554185885.722253
1554185911.507185
1554185922.695141
1554185948.208963
1554185974.694803
1554186000.065424
1554186026.211646
1554186051.411609
1554186061.013334
1554186087.280807
1554186111.846184
1554186136.60883
1554186163.376879
1554186187.448811
1554186212.735112
1554186237.089563
1554186264.20417
1554186273.44722
1554186298.496553
1554186309.508056
1554186335.464256
1554186347.51116
1554186372.608425
1554186382.040492
1554186406.252855
1554186431.798374
1554186443.753684
1554186469.833552
1554186482.050234
1554186507.69628
1554186518.394226
1554186531.010979
1554186556.510375
1554186568.429858
1554186594.21889
1554186620.892088
1554186647.176509
1554186672.494174
1554186697.016625
1554186722.675288
1554186746.491857
1554186771.634516
1554186796.769623
1554186823.691553
1554186832.24303
1554186857.320946
1554186882.660221
1554186909.528111
1554186933.720004
1554186958.542957
1554186984.000736
1554187011.090204
1554187035.173903
1554187060.713574
1554187087.55779
1554187113.337682
1554187122.693146
1554187148.13461
1554187157.127225
1554187183.018301
1554187208.143764
1554187233.145987
1554187258.381262
1554187286.105498
1554187311.156629
1554187336.241449
1554187362.85082
1554187389.188233
1554187398.136935
1554187423.471695
1554187432.721866
1554187458.207011
1554187483.53062
1554187508.584598
1554187533.614091
1554187560.050262
1554187585.174403
1554187611.203176
1554187636.336647
1554187663.211839
1554187687.696185
1554187713.468146
1554187723.593392
1554187750.838835
1554187760.458792
1554187786.468845
1554187796.236867
1554187821.028595
1554187830.579514
1554187856.877116
1554187865.770085
1554187890.42376
1554187916.191758
1554187942.910636
1554187952.686341
1554187977.42908
1554187986.923398
1554188012.705733
1554188039.49771
1554188064.278649
1554188089.00948
1554188098.529265
1554188126.238132
1554188151.591931
1554188177.116974
1554188188.469639
1554188215.372449
1554188227.933773
1554188253.073229
1554188263.830798
1554188289.846835
1554188301.03691
1554188326.920088
1554188350.896806
1554188376.618614
1554188387.278666
1554188412.036985
1554188436.614673
1554188449.107898
1554188474.630005
1554188502.319592
1554188527.20784
1554188551.667404
1554188577.786369
1554188594.888357
1554188619.594932
1554188637.236837
1554188662.885511
1554188681.669143
1554188695.714083
1554188706.883082
1554188732.72834
