3.8960545175620007
3.642434285717856
3.8043342253928563
3.5025802048258305
1.553629155832854
0.7036139661996207
0.597378839029136
0.06125102760038297
-0.07913360342969084
0.29888852185281695
0.1591078295617736
0.711803401683037
0.5975200403605997
0.35159175776733725
0.607880923588945
0.5969646089803444
1.202607917528977
0.8199750440349218
0.6476329396726496
0.8777896742677165
0.7643713976585305
0.8845493347416583
0.6493868095355282
1.0200908075316208
0.5576243513546191
0.7562027631801819
1.0782852440493456
1.201945540123819
0.7557972551547724
1.1348424236118628
0.9218427250860847
0.7889956124580589
1.3893901288522479
1.3303508444253895
1.312366961830822
1.1940005568666439
1.1182351787701867
0.8633668570781596
1.2179058909390819
1.3260048754143985
1.4567961696332647
1.1753120505751569
1.6648563117595017
1.550188153609186
1.0572213851247265
1.7457562162012392
2.6907937709629417
2.9070909446109594
2.918368585246835
2.7906418697008366
2.514792742341798
2.9075423562232423
2.687173401083612
2.9286493461564724
3.1021881044512845
3.8679594460872018
3.9536585830145494
3.708706249326132
4.0304670040266934
4.285067241520716
4.322773112321381
4.223700544305894
3.8273990307850423
3.8290954646383932
-1.0601816038467606
-1.4804502579213676
-1.661452510885223
-0.4579454873952704
2.860973589194598
4.186610385748623
4.045892182911774
4.457567142706061
4.146441241002634
3.833142070432996
3.960909969592606
3.9504560504939286
3.4454486038989427
3.401621168289078
3.94894403072352
3.7711578633633014
3.1864606986165516
3.2823852203340214
3.1329149810971857
2.5369673706720954
2.4705227782008854
2.6642840769435714
2.57748244343064
2.1583968388030996
1.6459678287757649
2.0427879577480645
1.1748902273825348
1.1559457946072198
1.398114579213409
1.5458906589972903
1.3923255145222733
1.3147079359708493
1.7179097266801666
1.3613217728633404
1.7473556829166454
1.658560028420216
1.8125315306745906
2.0416382306093754
1.8316773350813425
1.7050154162249895
1.464981328193748
1.6925808371392117
1.8783918068980685
2.0044435998767893
2.2186034731324553
2.9653798148524526
2.6865264049142756
2.4224198800695684
2.087442884762776
2.0918416648377893
1.6984475201948146
1.9948544571167126
1.6219438450766026
1.1204292726628589
0.45063116984780377
0.002864300842401105
-0.2353180158011257
0.03527341205182271
-0.18262424560111123
-0.4492489111796968
-0.8650635764842459
-0.6635002995709542
-0.19056793843332512
-0.6903969397240585
-1.5720056178162294
-1.511296672742005
-1.5822468968376802
-1.609009096954632
0.4966330323737312
1.0323182264857773
0.9830703463780244
1.0057269545551069
1.2724897803971182
3.8818580215087515
4.016196308687201
4.272546402689799
2.9843957779309243
2.0730377272446825
1.643137903639745
1.5297355572397573
1.8051818196186895
2.0476008946885127
2.291087443071452
2.6124793965706
2.699764141625502
2.76469586771481
2.9697055723282917
2.77140023483273
2.5945763654112475
1.9762238962369019
1.5145230540274084
1.3060802094427302
0.9956725103298609
1.0747725978027904
1.8375931933655727
2.6861804647109526
3.4396407548696417
3.121503171492735
2.929971667858589
2.8321642466803993
2.453035480402703
2.0253273883506493
1.99076717118206
1.5501180412417903
1.3357630386577917
2.0310457667679978
1.4587482119748558
1.389049008141932
1.7887127412505732
1.783960945939213
1.0205289102162909
0.6982820998523676
0.5833560079316994
0.5293792190025025
0.25590736789990326
0.42869056202733224
0.4959573021384975
1.23217321873604
2.040860468320352
3.197409804295291
3.6199002464310834
3.802427171720822
3.832121173016879
3.4744376329968407
3.734129958945119
3.461615863293197
4.0287879378384055
3.9680453004703398
-1.8971054961340181
-2.715528762455417
-2.5796836135345385
-1.721114954763089
-0.37901423824975566
3.278950906455038
3.4094806467505463
3.7697095715023803
3.090186137481013
3.6339231778249004
3.239339742791394
3.7123653118516993
3.5847599431175676
3.006655845972197
3.0491105552066555
3.2171364301893925
3.0933407317786674
3.1166476393632787
2.9283447157128517
3.0570490839776503
3.2834033782672445
3.111637967606925
3.3349628251649315
3.2917973818837187
2.668959553525832
2.7379004468588093
3.4478965521962355
3.239882296988756
3.3084137524206922
3.2371440619329075
3.0699851480647187
2.9686644318279862
3.190653927877173
3.182402163574365
3.015860824954831
2.759796262013446
3.1392115588775362
3.36686890963242
2.985127930655671
2.9076009309691058
2.6134184284397595
3.093125924968514
3.102571499046808
3.0199294815389313
2.360870360048829
2.4135196073687775
1.6698746438572198
1.6571052543741471
1.4650122686824982
0.41909679728097077
-0.17814428987726788
-0.13706473938347205
0.20254506692314778
0.21990831283120574
0.022435411480415543
0.5186837264462587
0.427047607127832
0.3251020998057151
0.8274815042019197
0.5560398318974881
0.21547294554982888
0.696065219151492
0.5450891487804931
0.4196122331815886
0.7572192039824668
0.8732316975984183
1.0656102105621068
1.422589345180599
-0.1058768376322109
-0.12966218017230174
0.38572065504467806
0.19474751000481638
0.40578957685784117
1.2292886121829467
1.282389524693206
1.5931475342782042
1.2794760658099826
1.2907111402863503
0.8741337281660772
1.4858748454285209
1.8733494648231626
2.609155495423017
2.9255816530112977
2.7774965452255396
3.096008567826486
3.4991561846147667
3.2434346754777748
3.957952618921279
3.8938335168041127
3.4860933347114917
2.7374347429520536
2.2061097097280036
2.273680630099645
3.2500865599533073
3.589041341764955
4.236032562396422
4.176462333932564
3.8568438509628757
3.7895932811779676
3.7344823785275585
4.006432439935722
3.8791835557624688
3.2811438825714982
2.867782330644218
3.2146960117040253
2.6473825225408625
3.1243243049092726
3.3096258965226855
2.0292395358151962
1.612081225829567
0.9444256491348219
0.8392690999555558
0.8402137700386559
1.1044677135597363
1.7580711149906434
1.9228691812362424
2.520897607192109
2.546913090414842
1.9140473624878707
1.6915940568223335
2.2688120472178874
1.9072927567967906
2.3465348132254915
2.387249367415225
2.6668412704520326
2.5773940544278844
3.431252121260068
3.6682981827617493
0.680264547163795
0.8029651790518917
0.8805264750505116
-0.17447330011204734
1.9721964572373354
2.983249934662391
3.2658690533434798
3.120745305219654
3.91696012716364
2.4394991486474105
2.423341444147825
2.4498391395888146
2.9384674952428096
2.829782922783821
3.17058776241821
3.028732386239862
3.4615778239155386
3.5588343275177676
3.437557028288292
3.539941331150784
3.0488225461870226
3.8086115066592976
3.54126278296506
3.387545371019188
3.3096496746392132
3.1116403237506756
3.305201583418389
3.606565982077307
3.307104198668607
3.558256083586526
3.320711077476312
3.748870291681816
3.4633522181552734
3.8832454589464005
3.5705058568634027
3.788738613501166
3.90136243273872
3.5338269496185997
3.8637899317736744
3.3517179736208123
3.688466407891073
3.4504484278282437
3.406107470168306
3.0546435929222198
2.9315049880672537
2.4519103428736853
2.407975528601648
2.286232015010489
0.557747855953495
0.7001513237399625
0.11366640859506653
-0.1091734552372084
0.3697151944357857
-0.2048235864318554
-0.0655842465146748
-0.13423950181263467
0.3204681979466241
0.06525954873805984
0.28017526877254983
-0.2971976181039419
0.14340215878593196
-0.555565881847014
-0.5752838121575183
-0.38501422907258065
-1.3647401732076925
-0.8263697473793911
-1.0261004310533197
-1.7885653811116549
-1.4013620028481664
2.847528499234314
3.2449734979975946
3.3055543162394185
3.243320974753719
3.490818455351606
3.010906514318838
3.440737063689746
3.2539836153785733
3.4895885630590917
2.8765319230103
2.874364869752912
2.7522131419444325
2.7454826408920696
3.0388735771821382
2.344054929412032
2.6916634360264426
2.8731680989388027
2.4236717740631373
2.295759194596705
2.3651775432280417
2.3035657776259497
2.318308179127548
2.5254188054130755
1.6446422888412868
1.9406612824948577
1.9854404077135674
1.8306281956827228
1.7907129186604953
1.896584931680186
1.8099249370135697
2.11092205923462
2.0549923975515725
2.500648383413455
2.3703200767665384
2.4922622064256883
3.158827828789764
2.984575654340012
3.0119429525404984
2.7500059523637894
3.196673421550579
3.586724608458333
4.088184319156098
4.1156574003647055
3.977080995950361
3.4608096071091845
4.27872263706679
3.8221738263967757
3.547224868990057
4.011723061156089
3.5024961387005686
3.7596843191838256
3.178519378526486
2.257564619473784
1.5519260234345384
0.3187383954125323
0.5166442588202221
0.14527585847275917
0.1158692085290837
0.013601667127846695
-1.7836058076677361
-1.4228870679749874
-1.6887924303834405
-1.0644572414876114
3.330943641577813
3.9829144015574047
4.101266783663086
4.100839304494312
3.397384899860429
3.577770562001619
3.8672383910583754
3.803683716420956
3.5871938856463395
3.422419384402629
2.795069440384152
2.7169885702386916
2.5816371384166947
2.2905891030578456
2.4731706503819564
2.487341151003299
2.4996576994878645
2.27696579394284
2.3759962205190313
2.3614349700123043
2.566161305720769
2.284858767240617
2.5422739654727575
2.876350372328717
2.867720913244592
2.8550718327965074
3.102062206632809
2.8255182888135577
2.8536231587716197
2.8536090829324765
2.7938982766422837
3.1085609771283944
2.8859479591634605
2.8344946204077495
3.443342061609687
3.1794793383056406
3.3633808393038724
2.865858954091426
2.989063703812273
2.834325395230777
2.7594691121358292
2.138559274381902
1.579754533577405
0.30298932736644096
0.4506665383015245
0.3820367123953621
0.634414658006648
0.6227629954996025
0.05055156589529885
0.038474787994424685
0.45290009208118626
-0.1703219281765356
-0.03490155124886805
0.018355524895433097
-0.5522633993534793
0.10914752520511312
-0.05887502642156536
0.048088633304726174
0.11956886660795053
-0.20687928527485186
2.8091416953957715
3.043987160633932
3.593883277006435
3.7181734582093857
2.2242141728075357
4.034374517821014
3.1398451510298453
2.9521133050780595
2.884940108713601
2.3209079511066935
1.9079768459749906
1.9658078952380258
2.4466028828080173
2.5230628455588913
2.588425771626444
2.8075914476872077
2.953180254347196
2.7131148086953023
2.5175604841149597
3.32495680110475
3.2717726487537884
2.4237919026610917
2.2789615166884833
3.2247352685714334
3.6765337634201813
3.2357364669512103
2.933619335634104
2.697633618213517
3.058312236479794
2.5419934093751912
2.8640520534267067
3.0439719240874212
3.235752004821303
2.881553274519852
2.990083310493191
3.115153757036689
3.433235950416211
3.4066838743267276
3.1250634214454807
3.579192277512055
3.400739349605064
3.391252017759746
3.577908918751931
3.891804142848501
3.421587599000447
3.3737390653183237
3.398391771185278
3.284871477311027
4.123207352761629
3.8178590609016836
3.356218731240391
3.602176469051908
2.6562995892722485
2.3651110773933555
2.1996173050769388
1.7557376699896972
1.1777743946950587
0.8886606276148625
0.4792735315204541
0.5817192535698046
-0.08144124386433566
-0.23975889282696478
-0.07104129535169967
-0.20342246725671817
2.798360454997597
3.368922786590419
3.756454548702798
3.1140463649188472
2.49551936525176
2.515182941215658
1.4413968799774497
0.886875185664837
1.5215829812650734
0.9772860021345435
1.3669439212128554
0.7969594401652051
1.3096124926223887
1.5805629843203972
2.2226264621961715
2.150407405120887
1.768061009407316
1.2603728420894156
0.9008942614390124
0.9072721274185664
0.7021660056881153
0.27184693018300454
1.213081438723669
0.9580201451336257
1.4113511447496894
1.8587809759316776
1.9421516033594357
1.9470691646631912
2.206668958251336
1.499646289814952
1.336929944937724
1.1883104695587112
0.5073932490823543
0.6200584131393182
1.4433436817322867
1.6252427491492512
1.4050408671424894
1.083555829539914
1.6993580116903986
1.8349295790202442
1.9907282854495016
2.160289114101376
1.3267879878792748
1.6067713840164541
2.70269100229959
3.5010375179459126
3.5358857471842042
3.2606476251312047
3.304582598924244
3.5921736917341502
3.447257950732931
3.096035473704233
3.873876163784375
3.7098238031002126
3.8208637722107874
3.672241311940444
3.805929204324791
3.6274013890329373
3.083181337359297
3.6865531499866417
3.1147966239667064
3.487210445487649
3.3548111271148056
3.0824855395203254
3.5342695587548456
3.6577378634077045
3.4491524549819736
2.644685998079182
3.6355133569342213
2.6592396705646477
2.3152547466180358
1.7149098028261662
1.8704847874743225
2.612050718061359
2.397433903022894
2.016925835422749
2.3792273553805883
2.367086457960306
3.0028486505563707
3.4094173397860734
3.5668413733518234
3.3031802023760903
3.951755778244902
3.3554878549839615
3.4785191587399096
4.124287709439038
3.3992370811670964
3.801429904738464
3.559271678245301
3.1827908864634766
2.3533168511179223
1.684054432411968
1.8511773280284496
2.516584431179203
2.576260124997059
2.9656703970660874
3.2486273219889417
3.79549604902082
3.716290737056165
3.3421122272165973
2.9747295539618297
3.4671628955929545
3.4622830491159347
3.5622305273984067
3.5623046385253336
3.3851338598181453
3.8149126096111674
3.3233952686864145
2.8268490075853707
1.9836633834376647
1.6943826718361281
2.1163249140914404
2.2728011428903443
2.4968186960575665
2.1683724598973715
1.7755212992718514
1.5970107735846137
1.5537705374164827
0.954283207292503
0.4182434110892494
-0.14225784743643702
0.07073444119086277
0.15766172360219707
0.11289107215721199
-0.1425116392999251
0.24344331111718093
0.3757200300735795
0.5913865420571276
0.8184841455151843
0.6114063241854939
0.7036820964368533
0.5377008854437288
1.2692480500144694
3.072078968858247
2.3549398016497727
2.0129079184900354
1.3382647370652807
0.003311393945547796
0.44331792015838906
0.21614575398630181
-0.06659583869497762
0.7201509766477283
0.6311962205721398
0.5860751731994558
0.49584939527340577
0.17811713754010508
0.08561446617877104
0.655468660975951
0.31838346371143866
0.1826256132675971
0.5244082859837398
0.5865182992338452
1.0028955025756063
1.1873395846409278
2.524663429082479
3.3500673612622784
3.822449247996573
3.434652483096
2.9226175067099858
2.5372396858880166
1.9007771809911977
2.153408728383204
2.4536194536388702
2.672466183733386
2.6212699673961373
2.70859790391699
3.1547142510671393
3.5929163898703265
2.919932156811973
2.7856505126410394
2.6100789417706554
2.643348143002526
2.407770074203032
2.9252473857397012
2.999899786418829
2.61999142849848
2.0174631299128274
1.967136154357122
1.9219619063664337
1.7441044754441979
1.7915105117302392
2.0467675528721343
3.1470605085370424
3.509968036184982
3.5668569269343218
3.9232625839062703
4.204866607037311
4.143451559095972
4.13661555950824
3.780770243901128
3.3728106850543966
3.1913930187268646
2.0000983946348736
2.4658179823865316
2.431007127180905
3.8954799327861687
4.669395115367442
4.400868863085625
4.170925400286804
3.739522129638468
4.100120478614095
3.2305689214213182
2.6271264359590547
2.83679755674437
2.7746613016877757
3.2330217638440533
2.3682613013356755
2.124987680684987
2.322171029717664
2.5244599471615654
2.0949640831272016
2.7760288295542064
3.070712973837598
2.742977609932957
3.2458880703083346
3.1564347168404128
3.341715367340732
3.6658691960867134
3.6523895585141033
2.86163991395579
2.6710988065089807
2.520382382027023
3.149852345801326
3.308039567360877
2.691801262571561
2.6895574007229963
2.8336994594447624
2.2281659821805793
2.2816169056490065
1.9440806098805306
1.378888934217857
1.890766868840874
1.2125187030842233
1.8709501606856633
1.6791869471014418
2.0742528312437236
1.4792659414545708
0.6635642546422615
0.05962935535427575
0.07869486693884847
0.28999193425560715
-0.11463342877659623
0.13489047901048004
-0.02168628503020441
0.6129932890193722
0.6785841033681099
0.19425728086740435
0.21646370265059361
0.37469131665584093
0.1795109515158203
0.1721654870700399
0.3910816208290723
0.5188030356442598
0.27428084403792163
-0.08317435014470226
-0.024792228333056984
-1.956476614268825
-1.732561563243768
-1.7646179636333397
-1.8726564449313499
-0.6677441375831862
0.5793183027804623
0.6014460699393773
1.1000580936247888
0.9999622924507355
2.2401722086548737
2.7336387901474803
1.887999879582648
1.2584533758534706
1.342860085492205
0.7881251392032019
0.7539074832934392
0.3757918360139269
0.6342378723958584
0.4679192573280733
0.5341992819252025
0.8282029081619776
0.6313218587838941
0.3782377526322793
0.39165544669951097
0.4847631435823527
0.5022259987306782
0.6402791883654079
1.1769702011092038
1.496865342753426
1.4810948786781504
1.420076500607171
1.3818502759074947
1.152781616955706
1.49261827300985
1.2673080559466332
0.9249597684089891
1.0484077970026935
1.3132872437864427
0.8138348467862638
1.3981560206213313
0.851332346315562
0.6343859363264629
0.8236521789264057
0.7192842875470389
0.6410950051614844
0.1739431074571451
0.6602827519508306
1.5706630283869665
2.416181064247756
2.666336565412729
3.0121497443072056
3.420912863780285
3.4472476448488076
3.674095171672448
4.228449829501402
3.8881589438935555
3.8176981409470194
4.400097743196682
4.16570886039442
3.692480211115462
4.181821739223054
4.223895156607657
4.113318789020095
4.261871268106388
0.40737948206453056
0.526498886901806
0.4877340281875288
1.2779873741277215
2.242583344388966
0.8905066390129799
1.299353644768058
1.7267105580647666
2.024652539627978
-0.358340114973827
-0.46072660051730063
-0.6684378074909391
1.0059251574848476
2.1129685511892524
2.423164610401083
2.337083203599574
2.226131319249958
2.6832455881246893
2.2834251481389862
2.120557311737147
2.296572340201702
2.090598524195577
2.4410531000709614
2.2163094621816657
2.4487048586738744
2.882091973164906
3.4045157177419427
3.3138972573024787
2.9806343825111346
2.975959130312089
3.1517522580522934
2.6038089622143046
2.248281111278922
2.2532350178859923
2.494152965496726
2.11909670512172
1.9340774135485084
1.8921043937544562
2.107837480643861
2.465120524995429
3.4021250290088987
3.3208411034970506
3.256761168081241
3.4845733743195164
4.302167611961654
3.9466664822005972
4.180374446947543
3.847215810279938
3.904980223102847
3.371277017994856
3.3744156403908114
3.2238179942531002
3.361213693866286
3.236597030312718
3.5289901344321803
3.2428812792102315
3.519037011551337
3.6252077473642528
3.441757739994346
3.553238369667661
3.7040934633447296
4.066927812569052
3.3556887630242747
3.8423727337876046
-0.43657732200280724
-0.7501169491509282
-0.9265854162267527
0.22946243911978983
1.0510545864468293
1.5990715010404823
1.8659184467016472
2.122525945208408
1.9395339509255571
3.257772162808542
3.6760241870547454
3.579516379562875
3.801230417724566
2.9143198576889153
3.5318234716317605
3.170726937965662
3.190761123168436
2.655939985940388
2.649779359994775
2.8362706980985033
2.8137751307801757
2.9993415799379637
3.282762093381563
3.0865143495274707
3.4640721562404373
2.665387851512445
1.6227242745891637
0.9293404976313967
1.5148275759542031
1.7598084370039107
2.680492423308068
3.24793318417497
3.971551643990935
4.134893028765641
3.273630092316649
3.2166905248641937
3.0882507215153563
3.7313633584164565
3.588301251361514
2.45444628158981
3.1998289926114936
3.0190731423585695
2.48586414214296
2.4690689038162845
3.074994016015195
2.243907895663225
2.4449602458986597
2.8124754434800794
2.6925598711530006
3.1514736136155066
3.3559563843309514
3.153613907629787
2.80483346701602
2.3937430518111276
2.190200997514621
1.5975936138829099
0.9715694346757212
1.1158956756024991
1.235513484135202
1.891359668272463
2.008498270601975
2.46714506929362
2.3433806673852615
2.1091391613012127
3.889761087486607
4.032544490179725
3.553416909484268
3.5927149896233876
3.9123367231661974
3.5505717170664055
3.416397200437807
3.603307640866435
4.110602451378449
3.993723453162785
4.132835834947168
4.227034543319772
3.790174335137821
3.586105498060843
3.7715542898557057
3.625368641434038
3.902234498696513
3.6575510412621344
4.118561949783299
3.4204490575777053
3.630674014098819
3.439664199320398
3.4001841722929558
2.755987526679493
2.83633108161641
1.9789585149861184
2.2085020569893197
2.4223315266389864
2.1517954713288523
1.865074783223412
1.966455486075011
1.5357039763979854
1.8500113363626185
2.7001760204751615
2.431377763785365
1.8908694652605544
1.8169880808968033
1.9091093415863394
1.6324084802620205
1.3212387640576582
0.6280733758960411
1.1405548876890326
0.8036443611113752
0.24768843577249466
0.09112163940261667
0.7072461821434752
0.6697168744663479
0.948428103445129
0.5658693244949663
1.2672014952355843
0.9239749088502666
1.7573596098858768
2.53018340336838
2.455074968473738
2.6473007772991686
2.386575262154902
2.648066673376519
2.494580293732097
2.882160078990067
3.46287255694584
3.112101691267167
3.25736161840143
2.9723350896182072
3.082768348557337
0.9300628968286122
0.7433456530354696
1.1482385180348156
0.8057132821378078
1.5395708159958956
1.5037382944250923
1.3573067655955116
1.878409049981584
1.5614743870833914
1.692839866492859
1.6337078698950824
1.6564229652510045
1.9636941225561915
2.690734622769308
2.4755477117634435
2.9972963768224616
3.5555509033808494
2.902888311135284
3.44885735889463
3.0595454741122667
3.4233916206412984
3.434344425419427
3.466536246007636
3.0906486995257345
3.0123700190902434
3.3188037337100496
2.459526215188089
2.2167878483945023
1.3077994345832302
1.7333251482702132
1.6262904292401945
1.8016433535412217
2.3268894607289003
2.549268331837105
2.9067821484992327
2.7369580077052746
2.2741068601007894
2.874032991036404
2.9547676044970053
2.871113812171959
2.4234962844329018
2.547825748141056
1.7096729774813493
2.3612612210787343
2.239545320271936
2.425832919548875
3.408094904534776
3.373783698739375
3.2745974554643063
3.524755892793696
3.198623739295729
3.2709198228183185
3.7016039204467184
3.369333610606152
3.6797773626759853
3.24141734144719
3.866981221966819
3.8974104561265492
3.196592538456448
3.4737385689073657
3.08818828760465
2.7153609257468996
2.343061171790151
2.018268844221947
2.146458879517583
1.8668798200403107
2.774797456096771
3.4602797968271535
2.855064468598474
2.6919722640253227
2.9719213870196652
1.9549934861418397
1.7327951229355318
0.9343813020478514
0.6744056336294905
0.6849459960335108
0.6536614940603029
0.4906015560989417
-0.11262866632152839
0.35682973312973265
-0.7120193035468193
-0.20456110012622442
-0.6793930432659648
-0.4810778885604735
-0.4684771549633558
-0.013487538537569772
1.423589937297883
1.3265080471148596
1.253171443014045
1.8967513998038252
2.3305477262078456
2.350270042535877
2.8669638598743434
3.1723248781789812
3.1047881431377253
2.7150331597436645
2.5165785828173686
2.5950015685042436
2.84576484191592
3.7784129069996832
3.903863647257339
3.752018120072984
3.625976843400779
3.9631400356457487
3.7963036248847777
3.423914874106005
3.732319439451702
3.4796016183823166
4.019617717542312
3.687331422850026
3.882294124692511
3.8522657437959777
3.4707866974403356
3.85498144359119
3.9864211722112572
3.8288332402147778
3.277182738070436
3.255587838470631
3.3381583019614856
3.073040442300016
3.290978880027758
2.506000300430151
1.7301929595279024
1.7012128561833177
1.9300974279551522
2.5729467549283305
2.2042501150577114
2.16342206147818
2.2671909015782408
2.715403339767579
2.820515239144678
3.160092992492199
3.0209672291744436
3.275524221596256
3.1425187936621537
3.5755154851664477
3.6026394841809597
3.1279581367567912
3.49518215192177
3.6915259960781364
3.2280037717472436
3.323347630355681
2.5771424730087276
1.598122840979624
2.074804951126868
2.160500032246623
0.676501445837962
0.9152141770351253
0.7560221148342875
0.10463999307130825
0.5372043797369167
1.014577451716165
0.4822408686637478
0.20969429536118447
0.5415008772842371
0.2864603081631814
0.3590247832983522
0.47132397211576404
0.606628416299421
0.714096885163104
0.4346816511699861
0.8355060872217518
0.9813910450029277
1.0623947895122952
1.3665156612578404
0.42772938480484507
0.8432896863727869
0.6373336605290042
0.5708485158442731
0.8389594166096032
1.1917953341831182
0.4237868096010442
1.5443611348944606
2.3864043889504423
1.9608614092643577
2.8041336375403363
2.913836868393355
3.576387240508612
3.5010654965027412
3.552722140741212
3.742119720356571
3.657423623716349
3.4782553039430395
3.9637084863635423
3.4811235067355644
3.5078029286348356
3.5190659569841536
3.618193847163427
3.7500197793496515
2.9128469199142537
3.086413143949521
3.538956204215126
0.46355963952107365
0.2243447158042759
0.4269199677093422
0.07313811997370265
1.0105222234228648
0.31658843533205805
0.616822280089964
1.4025523361504801
1.6146838404466661
1.4713459060426624
1.510393117493127
1.4352485041563476
1.6242429975288784
2.0398909277303505
2.331417471832328
2.4819912828603474
1.9842364318633217
1.773912961277167
1.7278099687747972
2.0173404029841895
2.083405626148084
2.7518520233896386
2.7706011871815375
2.6800026791271927
3.054529210960239
3.2551123711857675
3.165067480034092
3.442722003292743
3.556840663236336
3.8809854388762113
3.6188478003833247
3.550043482576123
3.790551466457938
3.808930804716003
4.005557594417198
3.820949279638703
3.5810601559876503
3.2863959129185463
3.3480110449239002
3.2573720081832325
3.016127933248135
3.476016639264043
2.6007484007875847
2.3011939990470105
2.0877342799697702
2.482433680953416
2.052487088983963
1.9652878487129162
1.748461062659061
2.1158686054963662
1.3469650498376107
1.6325594059396245
1.1756870959076833
0.858339989848278
0.9540314021045413
0.9824512045149495
0.6884464661187044
0.9562677389617974
0.8598672993990378
0.7839736193724971
0.5173796125576101
0.43061137980924563
0.9521813461272337
0.6531793855916542
3.28641323436315
3.247091553377502
3.7573334921135393
3.765540024491799
3.838977482806894
3.700881523532541
3.2906022704085487
3.026087051447767
2.3933205604113685
2.484406739121222
2.372087344163561
2.794053991941481
3.2429483439420532
2.877187373612129
3.2414637017057215
3.6805157447695054
3.058845286999919
3.1148393177705116
2.9175756842827583
1.1538219727973864
0.5094607510783093
0.7283414171539022
0.29656552558404076
0.09423352953242677
0.03657649978498624
-0.2248228839237804
0.16152128251602646
-0.08401617117820422
0.4100805902794729
0.4967566677425833
-0.1831566782115275
0.14236264288726788
0.07136845861004262
0.5741662901827278
0.0453034632276406
-0.07132135861051553
0.28641320023687666
0.7904972075037326
0.04168415775438096
0.6373939722191144
0.40403920691653994
0.25483946151224424
0.20885883112382198
0.3712264038101535
1.6617114624688112
2.1408846913727326
2.012628780425831
2.194782948216206
3.2837558918997
3.2990890906197166
3.268417388132703
3.875167238677526
3.499430050633608
3.7183615131516516
3.2371664502220843
3.3121855894966226
3.3866501405887495
3.5739704758437005
3.1643781256800327
3.3621340080484954
3.2876269117495305
3.4188600377050107
4.058696554732982
4.015605803331239
3.4884150110906775
3.457311750069181
3.2760301937448406
2.904402348064433
3.3352298680247348
2.7378635374932463
3.3136574720241803
3.6276921786903475
3.4160118139658224
4.26411536598624
3.593662155665024
3.4681624009826613
3.6790529721155516
3.950427053236719
4.137912435502884
4.28522895171782
4.25821341362114
3.5563563670935157
4.18902712548387
3.7492453895792504
3.1958298221710666
3.5739747224000027
2.638634212831751
1.7667131866247405
1.3783912771833262
0.8921349883583235
0.7836825745350412
0.5441171437604404
0.653828791420328
0.24659604198140825
0.6814218284145827
0.4872395930459515
0.42083838972799026
0.22562024213159912
0.555136142191441
0.3299377369150486
0.7723665914850596
0.7021908205307845
0.7036709150875027
1.14102385644921
1.1938307115345774
1.4619612232108286
1.685696187583087
2.4961173312244016
1.3066634533727919
1.080617196714377
1.2275906061449615
1.0180060476846133
1.1431222748817753
0.2972559233922723
0.5842870662854176
0.6415238298635565
1.1019938270622613
1.4836180107145134
0.8350927496513243
1.0277566296896308
1.7891829931205194
1.4706751581270887
2.1988931120081427
2.664753990700626
2.757002277002014
2.810373382863861
2.3479577732254007
2.356055541581476
3.114752023332281
3.3314054026674786
3.9864096851473674
3.873287588901162
3.451650445151904
3.87325275588405
3.860520766302975
3.3371024287911655
3.4339709063982107
2.644857831305985
2.714441988942872
2.1174618845305786
1.620116050629434
0.8003193482828282
0.7636604983584276
0.2877835663605489
0.7349897635137915
0.938541339704533
0.7895002163158189
1.0606188280556725
1.3258077102380754
2.0762158740431444
1.9192620521404318
1.0814059699804561
0.919137655146085
0.4428060812199745
0.11288915427332893
0.9904210584907082
0.8300875603323422
0.22910504217156819
0.7339176252336499
0.8103456708883197
1.3317011326268542
0.8319167019793149
0.8587099822970446
1.2885331059955825
1.146106568918788
1.116647212813099
1.3503258546008687
0.9395177049560492
1.6643181861543332
2.173360088426507
2.7035548599656716
2.7959136268900076
3.0317382434288382
3.7968565918867703
3.4425900655605055
3.84181477384576
3.8341058818193403
3.760432070729102
3.4784559413883986
3.4644627170864117
3.2331197082396272
3.271318176288902
3.5634507854226616
3.1850181052823867
3.0548928894124012
2.940502758749007
2.929488213220431
2.3891209589943507
2.746993788469375
3.286499502448274
3.128379735439168
3.1643843863822996
4.299752685576648
4.2252406386032275
3.5882319377618037
3.7979840287354656
3.727511988689917
3.6853875775536107
3.4520549166546144
2.8685832250409224
3.592126215886891
3.488839775130862
4.056276661091257
3.755650639703415
3.8952968811796853
4.219358023331779
4.024481294911405
4.041791915937225
3.785540040511029
4.341672819122294
3.4306427322207553
3.824249146407375
3.2976566270203502
1.377118239853971
0.15250869343381593
0.1505159683064387
0.6467751774214376
0.7697412899891898
0.33266062061073454
0.25842491683524915
0.6594457500139621
0.6449732371413689
0.7019138312373178
-0.002548844127474489
0.17074587613141382
-0.025233910357794744
0.1400357943439311
0.6224765261477593
0.40667684321016145
0.5850618281234403
0.9600276425614231
0.966318736072962
1.453091348189463
1.4396116182391758
2.3926572917320597
2.732247588495737
2.0655940343911143
0.9311786110792911
1.0927303661645602
0.9285964481708537
0.7417783230164953
1.1002118653328734
2.273294856740661
2.3343011510436855
2.224817370281438
1.9413835724796296
2.963563399194928
2.7332377809825648
2.584997808383604
3.0057250034013734
3.3475397207352953
3.0787064947972884
3.1270593741413877
3.132851464869785
3.111727134289781
2.9390473721694375
4.389841497391104
4.258668407104362
4.069362340962301
4.291185892921276
3.7709388953207914
3.980630016784567
4.2346412281928885
4.10408640841434
3.3523703715056934
3.74785894474084
4.208064881912702
3.8690058584812563
3.636389764427109
3.899327973012904
3.8401117771299993
3.5735047246718157
4.061342766646458
4.114575631001433
3.9582502936241237
3.390426209202387
3.3243764952377357
3.1555445643237
2.864281705434434
2.9569356377514397
2.124982195842614
2.2556223668542708
1.713808564440607
1.3348335569187035
1.3351640633156467
1.4416540723886875
0.6784533972001476
0.9960905193231784
0.7347339047050502
0.36390711050490615
0.31336387118103476
0.2306058325820078
0.23939911803387773
0.33857240926225507
0.855166442062566
0.4676386040432932
0.7153432816543626
0.768931382029145
0.7793255752583526
0.7113136749981633
0.6825480764088959
0.43211858110035944
0.15962001531395742
0.010646159654193708
0.27301535982446024
-0.2629708367321321
0.5096016859317049
0.4925731163442929
0.43255935137317914
0.9451404983615417
1.0409150301364245
1.293776730571246
0.9529236660272048
1.416180740996473
1.5913429175308818
1.3439063610537143
2.4245526519653
2.5935294033314324
3.1211625936427274
3.1240144514816435
2.1535488618670415
2.0504402960904446
2.350768018393773
3.1240456972607276
3.5096647590576233
3.4102628560033437
3.1963630002781183
2.01519973800676
1.4922055328540338
0.6912710017139374
0.3009616753411736
0.8900292428323326
0.440874425073797
0.6095563295403955
-0.02947849531921178
-0.3229195498087691
-0.7028918625657636
-0.21132505954846828
-0.0665231706404939
0.16790905201255157
-0.29154435328907535
-0.5615673473050485
-0.1548901712116759
0.5579926397158643
1.4633970913099361
1.9962097894385324
2.815888536048257
2.8945087051846308
2.9908610075833044
3.5198661059826635
3.6358229183493784
3.79404457519196
3.3814318997150696
4.033384843713217
3.821029231765949
3.406425245200888
3.806992065457378
3.258369805251257
3.3976136358008895
3.122726240300326
3.1389882529763815
3.1205996469653843
2.8833980189851536
3.0056056650786505
3.0318768195916994
3.3560705065675287
3.0503487102659594
3.208844330153775
3.1958110347333175
2.7515972467866296
2.2621302373900907
2.4062298601185037
2.284268411187378
2.3828131397657604
2.6361871156180134
2.729245868664694
2.381989784682651
1.6369748688605679
0.5808619112985242
0.4420156905822748
0.45493776588977186
1.9002054828984642
1.4910229704478029
1.4531822759859543
1.5594160281535498
1.5340823182674967
1.3264582019796773
0.8420175510522095
0.7076545225718607
1.2332258656693333
1.9733079960463733
2.0206308014401824
1.857155491608759
2.476655820139413
2.360887267762903
2.7238392858024243
3.260461546910982
3.8354215131243237
3.4511169618940185
2.256381144624948
2.174223018851743
1.6078522479417392
2.155022891492878
1.8018609142627793
0.911747117949315
0.9312891545184158
0.7906027658287755
0.8822107051180699
0.8416458162946615
1.122119751360185
1.19241861486732
0.9087374335494445
1.4469262373807514
1.274622861171643
1.778900337739399
1.6094293590703876
1.3737479209155736
0.9833046602054633
1.059901403413852
1.497258505263492
1.8690423351703969
1.8514691804453083
1.4187674940584498
2.479030736208963
3.299114069392011
3.4710072163803183
4.035020891186075
4.072058791127279
4.045283525584538
3.4859876461805244
3.8913942728449893
4.126673733914933
3.7953450556230686
3.8870649161164783
3.9579581125662315
3.4787416004623344
3.9125323912430945
4.089171536899232
3.5750062501980477
4.290769674411546
3.76196285364422
3.5296867788942032
3.1765497585868547
3.0041559869748498
2.0704474837360496
0.578290264169698
0.0946473329375587
0.3600380015107935
2.082300877356674
2.380046160759967
2.735736413355256
2.749067057889494
2.4611830898521982
2.450686151382529
2.878319207768047
3.427444255315858
2.848279883476127
2.861457064492139
2.5220858269429693
2.2687651399080955
2.519693608917948
1.512821341144224
1.3075648844682144
1.1090563578798096
0.9550880026587122
0.7552987765792822
1.1379728153535156
1.7817036590012274
2.329034782967902
2.867141401922231
3.000989905506633
3.1364371311496253
3.090030661938293
3.3882273177577433
3.500138970605316
3.592003801993035
3.5961451930179176
3.0778227287963755
3.47853825570401
3.4824344295551337
3.257417525814329
3.247740127225331
3.1823223886947596
3.138386607907637
2.9900185185376262
2.917920489155734
2.627018898789313
2.944511645408354
2.848522892529009
2.677387752537249
2.6264329840642686
2.041267051044532
2.5897424813015815
2.3602767911345914
2.513684523640226
1.8537704847103726
1.341487156135384
1.38857175275136
1.638351141575873
1.2365138527638408
1.236074485300593
1.2152615017249662
1.0646133027071267
1.439229482590297
1.1936164690395856
0.5294904757014599
0.756941225552617
0.9397726886549501
0.9277892733286094
0.3556595693093055
-0.033094090362718
0.15301829059538996
4.023661214204036
4.136451911612443
3.8343819250650006
4.336421000524826
3.775270537105302
3.9408769220994317
3.764371066636708
3.8625972392417216
4.110752986728783
4.201776836397288
3.980560282396885
3.8432573519655495
4.098467309147999
3.2351429046136766
3.3577591747956936
3.7662525610797837
3.919418740888833
4.048352907946649
3.4454525240392706
3.593738206016963
3.777405206114315
3.82667036426309
3.4230734143116646
3.2391283907854396
3.2243692132245303
2.5009182503323397
1.3705149381809822
1.0930648320774616
1.1297707735665272
0.9365886249323229
1.0421493663088226
1.009686083956584
0.9087851924666508
0.7733338929005696
1.0427517130360637
0.7304191596769509
0.9312495172146511
1.192681332800561
1.0950850197711888
1.2252529922931017
1.431042101340779
1.4657335827519564
1.523909406504557
1.6457128134596273
2.0195701947319384
1.6436545648139205
0.8700251841291403
0.2717639829299079
0.8325689121682925
0.4093002992405294
0.8484230589515984
1.0357167543630823
1.284636733195979
1.074781903923738
1.2475121684137849
1.725789617909291
1.6789885165098768
2.1292955972179772
2.3829148630350905
1.9039025658400683
0.700915298346492
1.855754964302089
1.5207052417910154
1.2260002291415388
-0.7298668058141354
-0.3691809563461683
0.04813609224449261
0.19009544228601877
0.032131465624508825
0.2533900254456397
0.3424524389132673
0.5234997112336691
-0.024448645368385303
0.09261530195220335
0.18061669977965733
0.04311857217160288
0.3304429575867773
-0.39880357301367547
-0.5393238567803341
-0.5313486172447273
-0.32365501202307706
0.14836215027218586
0.48216169555142474
0.7053924033335155
1.4495192469262215
1.2816889886522422
0.05198752936015896
1.0363830469997803
2.090611156140843
2.1152257065534
2.235253336208678
2.720871794689116
2.4813176358034417
2.4995843644683005
2.7021945331981057
2.9484559503920975
3.2656016730331694
3.032824034663282
3.00800262061426
3.140863259998915
3.6277395144673004
3.9518433678896177
3.8744923721624573
3.4310304798466826
3.248872400655216
2.833457665250993
3.2111218364159564
3.630626855100547
3.7819452243337746
3.8249148079653095
3.7884228683212706
3.603333225733562
3.9293711378040594
3.846823120706864
4.121413068547371
4.262547006066905
4.155775865761377
4.1502171589047485
4.225109517639179
3.78933693589067
3.752222230621334
3.73338839879535
3.295655658311289
2.862283149979786
2.693793310888257
1.8532663181864995
2.2575715295438252
2.1717369801588866
-0.176527637122966
0.20216978525757312
-0.05148602703211632
0.06907034504109949
-0.03826907686276017
0.3329572009677878
0.31844792960585233
1.8494602856161857
2.6125931732391297
2.5463709292914585
2.7454775125991784
2.5030725821602795
1.9737850436144861
1.919335008093238
2.410869196811165
3.0953932827965644
3.2169985480086707
3.166869239803017
3.1923240943368705
3.2688348729966834
3.7551087203681917
3.084595177734934
3.9345366192959044
3.493974965187713
3.183776162422935
3.2708135301932697
3.7015604500233157
3.796975695750027
4.041513876833006
3.913929786768106
3.7792185779393592
3.977263071633399
4.202639521977753
3.6944268656298154
3.3993378973003545
3.762012514921496
3.319772334892597
3.619065140499837
3.4002699862968884
2.775178270896602
2.4625509836008552
1.1767336270138464
0.9109409248807286
0.7808806426393184
0.968814587901978
0.5723321475222222
0.4185156341586076
0.8121807388335488
1.074606050499755
0.5018181200608737
0.8853787912390992
0.366407937665109
0.6839193294130372
0.984400519661353
0.9825176412415634
0.8609572209098586
1.3733512379734214
1.2156478358545788
1.620549715848634
2.030273155874567
1.9617822897312163
-0.32638774156250777
0.2407103621976582
0.5589805858910442
0.25790991170208677
2.321795874549791
0.09257193869792019
1.3475058013383612
3.085509207768912
4.029150304815911
0.22221618527299958
2.850286655086373
3.4774133122575392
2.7510361654436783
2.459696922402373
3.4693818980655737
-1.0522491264470186
-0.017387756263334695
0.23259522570279123
-0.3787754060329431
3.2475796784821793
-0.07349077922115388
0.25870822859230014
1.5737182698542074
3.31336702971278
0.24686130434696954
3.347878329325865
3.9344604824803793
2.5095911034627782
-0.5226824211246295
0.29283411889104083
3.8017626712956227
0.15034489530805828
-0.3642817611242873
-0.5198685558983561
0.13310697254537004
0.6545703521932759
3.2883963688142868
3.67655125337191
0.8224697632171104
3.4174497786812204
2.2268396140095956
2.4405380508646592
2.615742684137318
2.682075748403085
0.2316988296458834
-0.9139830676550371
4.008607373357793
-0.3367716728995825
0.8472557192586357
-0.8402729946072851
-1.5194648459361955
0.1431470958229428
0.5297695274627469
0.8919196803271524
4.051286988738555
-0.9651755683393212
0.44630530299967275
0.32282204645443
0.4673721326632683
3.9415092146681774
0.1228639298534002
-0.7589957627488733
3.1822638712273705
-0.7256956855126244
0.253894049911138
-1.0475173487630123
0.4692790944199021
0.48528061815582124
0.10672034820446562
-0.03762053154927386
3.0149019502462044
-1.3848967515615036
1.7617993374169443
0.3298895536170282
-1.5806790000393822
0.36833254206527033
1.21747974683985
0.10306496238010582
3.3404491145923636
1.8783599475412942
4.100279617499818
-0.38519008503797003
1.892508000305515
3.315334987401393
2.1009695253013603
-0.02977866507148687
1.0165159272427555
-1.0365624961959037
3.4482835550106694
3.333145295375632
1.1848103786094477
0.557893281046511
-0.4333320277453044
2.7528991879169618
1.2853233509028164
2.9705999936360037
1.806155604803992
3.0408374357207215
-0.3014407576980325
3.6311477991199257
2.921441091644086
2.05834596041509
1.1123429017287294
-0.529540280748226
3.398144115532768
-0.36168204018543504
0.03131915042201794
0.7629066087748338
1.4840986948150001
-0.17056132901634352
3.259690579863193
3.3302826303593256
2.2003913532605788
-0.5546192297115097
3.744775910933139
2.6538670484243334
1.225513639114913
2.176870637613542
0.6185928704277314
2.2825906081922613
0.2116344062502995
4.238203596412639
-1.4164303857531166
1.074064376077667
3.164268255786647
3.921016676883933
1.133917123379734
2.003565618668144
0.8501400268617607
1.0725831392460858
2.880529541389436
