22271.338360422993
21591.93561405612
13273.949134251436
11922.848935416709
11552.502768199256
11271.38090777318
11204.249185223258
11179.487230770479
11160.687541111773
11145.70364840005
11130.519564022836
11115.919758678232
11097.865370842794
11078.232928198604
11047.360897510358
11009.650735879253
10915.963468595346
10459.726969386482
10386.586937468901
10313.23526880083
10264.050343866462
10212.926266336852
10163.414063858647
10109.595974547776
10052.915608897054
9986.128090270997
9910.771880856633
9804.186947996683
9666.40438554252
9460.402226328895
9409.99575600265
9359.51069126559
9310.798844695893
9259.348664560306
9207.324104659969
9146.826815902865
9083.351243564823
8989.8885993621
8884.22176989311
8610.673989811492
8584.569982695439
8556.702890168084
8528.434625648091
8496.350364533677
8463.127183227169
8421.086047193367
8376.546847128433
8302.588729072444
8220.683966345792
8067.01836017685
8048.645844827391
8030.06498391331
8011.8963361194155
7993.241507817039
7974.736522881803
7955.355230562162
7935.921179309186
7914.973203174172
7893.776473222881
7869.870551038453
7845.456568399426
7815.598262134733
7784.7334076358775
7739.5407309165
7691.713788634037
7565.6683438952505
7407.6682958722
7303.823632890098
7210.520988886979
7206.929637867649
7203.151951949211
7182.4845032140665
7165.098433143819
7159.639164154382
7101.856618174444
7047.335569452358
7041.928380999933
6994.219777488289
6953.284851429349
6949.286545954211
6942.339898835801
6875.880874135264
6816.856355717151
6814.084593257709
6808.859313226936
6799.817882715011
6770.3818117309675
6740.15131548339
6696.975242176919
6653.4766586544565
6648.121359114693
6569.536383061481
6502.048421208092
6499.880468252827
6497.116823367829
6493.55319122319
6489.237249504374
6448.990886058816
6417.254927115502
6413.236802502071
6406.599119186818
6349.37417186442
6312.833870548784
6297.555106757719
6294.235545035401
6289.883238205363
6284.9425308853315
6246.081176291377
6223.9737185067825
6212.427396776775
6207.4363713396515
6198.696813614827
6193.035707386846
6185.1367710744025
6184.1006235871355
6182.720864105869
6180.324970417764
6173.999820978345
6165.91294098534
6164.760070081007
6163.080550802041
6159.298823550933
6150.5118239972935
6146.964274397208
6137.9472625585295
6132.920696380401
6125.884240407946
6119.134453848641
6113.05840321096
6105.375913561787
6098.556975805583
6091.157419479286
6084.604607786698
6076.781917260263
6069.942557593691
6062.110856047754
6055.31185738857
6047.259696862977
6040.341395620955
6032.215271205164
6025.288306093152
6017.031771336794
6010.055949187876
6001.719756205231
5994.734015350932
5986.296534082581
5979.289103069512
5970.759255876376
5963.741578942336
5955.100097761424
5948.0655217126105
5939.302940985463
5932.253096997193
5923.3498663491455
5916.280928652574
5907.2229119011
5900.135686347359
5890.907953371441
5883.8033001885415
5874.39716625909
5867.2795670153
5857.692308518091
5850.56855699854
5840.80685067677
5833.686284325075
5823.768970046509
5816.663527766823
5806.621677919704
5799.54376740994
5789.424407057872
5782.388681783551
5772.247638289485
5765.266431866378
5755.17275845966
5748.262051874163
5738.277535671413
5731.4469370725765
5721.641171880015
5714.909181382359
5705.317309000746
5698.68590956093
5689.363250134602
5682.856713676838
5673.785236859707
5667.386204009781
5658.625125880929
5652.375058243499
5643.8286415660805
5637.668030768452
5629.458575881048
5623.480034460212
5615.373298185465
5609.425764549831
5601.727406768785
5596.037781605717
5588.213463416244
5582.42474014915
5575.218385661177
5569.893475699044
5562.071705460403
5556.387502966947
5549.698864271922
5545.1112143310565
5536.591547467238
5531.2141226907615
5524.9017525927675
5522.449304264623
5518.92169853153
5516.476205302054
5514.554818623657
5508.147156722263
5502.877583795443
5499.545279217622
5490.1036042318565
5484.1284503039105
5478.355659044985
5474.315377378429
5465.887990640737
5460.244403551331
5454.073954243076
5449.711717267506
5441.731587968283
5436.356258031046
5429.920476906301
5425.59961039029
5417.532328599156
5412.670748978269
5405.920005535114
5404.160165518863
5399.556283779865
5397.402634082456
5395.483017288452
5393.52816030803
5392.609240557801
5391.008482435373
5388.3940799538905
5378.497374536798
5373.055738042437
5367.124134330246
5363.1948927189205
5355.175006509369
5350.153125835891
5344.084769339005
5340.313423021529
5332.004152203301
5327.375737293723
5321.937590808996
5318.489847818482
5315.089469578613
5312.576179624267
5311.893774470301
5311.087067370973
5309.9562544759965
5304.091166276193
5302.049828414658
5300.307602772004
5298.785444937307
5297.679880600198
5291.417140143956
5289.900982875478
5288.995337491194
5287.119705348145
5285.429527818559
5283.876805466296
5282.415435366074
5281.458809735257
5278.768436727484
5276.300067427577
5271.348457957546
5270.505224491557
5269.930432783169
5269.2979843868425
5268.5658888707185
5267.58794724914
5263.65926831167
5261.181731949084
5217.429247902427
5169.70152368689
5168.526670609743
5167.728228190484
5166.364601355818
5164.018891895606
5152.820260655678
5151.252922609235
5150.152717713088
5148.908156795644
5147.816045926436
5146.630473747249
5145.580839006762
5144.536678167292
5143.6162014253005
5142.232556583662
5141.581483539472
5140.796389917732
5137.5283738409125
5136.083927920274
5134.164130033723
5133.3371219984265
5132.760207459187
5132.128776963464
5131.39200289993
5130.249304960094
5128.09458266369
5127.07503306118
5125.902602519333
5124.895007482714
5123.7504096666635
5122.763037017603
5121.697074445484
5120.7632166729445
5119.868738983486
5119.0705879050865
5073.789550000465
5014.328059567303
5013.489643678194
5012.7827818036985
5012.104543840818
5011.477722458156
5004.292727257271
5002.103765893585
5000.961660347868
5000.275608415979
4998.984424391578
4998.472264520883
4996.159312440645
4995.623643142958
4995.1148179168895
4994.560814330663
4994.021133403751
4989.032256681325
4987.0505118987785
4985.375257176569
4984.60791736993
4982.798158789612
4980.499267224236
4979.300189991756
4978.743459747661
4978.199711335589
4977.860290650274
4977.037661420025
4976.725059369373
4975.712719348322
4975.378525179683
4972.883267598065
4972.365053210289
4971.832290535863
4971.286879613155
4970.739675437147
4970.245452729985
4962.14276721979
4961.593172519639
4961.126704941297
4960.219198141479
4959.680893536889
4959.2126206283465
4957.697354699044
4950.390467475889
4948.892127399257
4948.364371030615
4947.830219437116
4947.323002521461
4946.7736437475905
4946.287429283445
4940.380428844272
4939.818693736153
4939.223343063854
4938.581898518592
4937.868780262794
4937.1090126014105
4936.095591687367
4935.710290471156
4935.350188268404
4935.0106341099945
4934.652348259387
4934.321147794202
4933.9551174233975
4933.626918285003
4933.259754619137
4932.933596253455
4932.566554620469
4932.242434553749
4931.8754980398335
4931.553374547609
4931.186574499125
4930.866430307555
4930.499766045224
4930.1815810660955
4929.815056357253
4929.49881211118
4929.132429263492
4928.8181074287195
4928.451869155778
4928.13945198965
4927.773360773212
4927.462830991301
4927.096889183192
4926.788230002813
4926.422439713515
4926.115634827421
4925.749997919122
4925.445031481731
4925.079549549503
4924.7764061564685
4924.411080526286
4924.109745190753
4923.744576925372
4923.445035057985
4923.0800249610065
4922.782262347649
4922.4174109753885
4922.121413756624
4921.756721428658
4921.462476082391
4921.097942891186
4920.80543621306
4920.441062037996
4920.150281127182
4919.786065642254
4919.496997883565
4919.132940572989
4918.8455736259175
4918.481673789536
4918.1959955731345
4917.832252340593
4917.548251022535
4917.184663360361
4916.902327346667
4916.538894067562
4916.2582119913295
4915.89493176287
4915.61589247574
4915.252763828123
4914.975356390977
4914.6123777255825
4914.336591400667
4913.973760996627
4913.699585243043
4913.336901260221
4913.064325720753
4912.701786213759
4912.430800716698
4912.068403630975
4911.798998175447
4911.436741363391
4911.1689061228435
4910.806787337932
4910.540512647192
4910.178529558191
4909.913805914629
4909.551956103017
4909.288774157295
4908.927055127843
4908.665405684444
4908.303814862505
4908.04368887145
4907.6822236128255
4907.423612168513
4907.062269760065
4906.805164098491
4906.443941759639
4906.188333252282
4905.827228142708
4905.573108297873
4905.21211751465
4904.959477967723
4904.598598557051
4904.347431077892
4903.986660023549
4903.736956501998
4903.376290745489
4903.128043200824
4902.767479625715
4902.52068019466
4902.160215643436
4901.914856584108
4901.554487850929
4901.310561538706
4900.950285374909
4900.707784299057
4900.347597416327
4900.106514182623
4899.746413248538
4899.5067405710015
4899.146722220611
4898.90845292649
4898.548513752643
4898.311640777536
4897.951777338973
4897.7162937236635
4897.35650254717
4897.122401440137
4896.762679016786
4896.529953671487
4896.170296459829
4895.938940229537
4895.579344661317
4895.349351007264
4894.989813476467
4894.7611759533265
4894.401692834386
4894.174405104613
4893.814972732941
