0
0
1335053.1812488742
2120809.369940979
42016381.393799976
145048352.85646263
133628019.91583185
121205082.84496866
111837101.34873182
96319963.88290577
88212325.89424801
97864571.41762711
96770739.66921708
95581203.48171975
95259175.39480925
94473634.2649552
92424974.53497544
89971002.6547213
88441098.9602167
88493649.49949966
89688600.38514732
90923029.90071268
91568061.28348729
90776223.35569364
89353124.12030423
84515402.18492855
82449302.21513407
82621129.83404711
81500446.90056181
84878256.29197872
88694524.72780785
91197148.37392402
92613872.53488882
94403168.9648929
93541493.76794948
92386212.40472592
92536307.52031752
95492992.76458947
92765462.67461792
91606617.42026606
95466696.8415964
97481388.97416347
97063412.8311777
97439339.34363712
98553286.29089977
99822517.53931484
91654617.35228457
85505795.47929627
90058320.7118557
84289626.00596327
79895855.52612898
79699864.6717987
78733794.30203867
74847101.68590894
70064446.06827892
66723000.99214724
66107731.395917
59983573.31647835
50317225.283659786
41009222.89276867
33275288.894296046
31270531.374152698
28837916.859650493
27938546.949400436
1.4663207643439788
1.642924671516946
1.6589097832333743
1.6455508262396052
1.5947733814957403
1.46203297141609
1.1752464270569531
0.9829652902830718
1.0524475698013913
1.0244973492903817
0.9349437853361592
0.970398588313717
0.9571847556798175
0.9730588094068892
1.0130837498318954
1.0870058073467095
1.191215769063941
1.1635698258521725
1.1503221841660174
1.277806863352745
1.3036407017936755
1.2494385805575738
1.2810793469588757
1.379739000066517
1.3996608965307185
1.41872867476917
1.3609337137214899
1.2868037086537578
1.2941218064918933
1.4199360349137016
1.4996511017915608
1.5295166838210237
1.521548470714564
1.5987872818653586
1.7006496484242244
1.6206981440821329
1.5875232429491675
1.536636489588887
1.5486117653584464
1.6195141223011902
1.531658042406964
1.4560397034869181
1.4656049169782717
1.4203178690102547
1.2458101644626673
1.2234697735496043
1.2599602832894008
1.2946032247597987
1.3305233690559615
1.3439625208772223
1.3261267021714942
1.3299756803683627
1.3684603126276542
1.339077785483425
1.339534261299761
1.3597389576087704
1.3945769036205677
1.4317309040111157
1.4558594049674753
1.5020520172057408
1.5104519669250533
1.512997861831672
1.4839664048614678
1.515793421088649
0.22826851215047647
0.19947414344716655
0.21530699836657297
2.2299878371267803
0.518244568740532
26589274605673888e-294
16434374764783744e-230
7733510024536426e-204
9318307822536985e-131
4732150316991237e-54
17549836779900857e-43
0.018948702591947395
0.28842378594122
0.36392129746881113
0.39204830077661407
0.19960896321993715
0.10082436822246736
0.1373794534129784
9937426942195007e-20
10526448894833745e-40
6621614288476907e-49
30742669413596086e-21
0.0009068636629878103
0.02476745052059586
0.3140518602005256
3.84635682481287
2.62184977010048
2.0703271226936946
1.653282822367255
2.730122320436251
4.202990207701545
1.9144955890409852
1.4101761725292397
1.1360287622643959
1.19835121792107
1.1180974174702596
5.950748364239669
6.880516084412847
6.358489085221802
5.331440719692886
5.582939215679081
5.4512523242988
5.362420435985363
5.361516743656513
5.385849956165783
4.818909604610477
3.9867559599258886
4.609011910536158
4.863629270097205
5.067128413104884
5.920830605031236
7.318316883065695
8.73654155739972
8.904825044071233
8.229867771676725
7.049513304170391
2.470023465119486
1.9344257430562788
2.0430450962737665
2.4023576482965203
3.2320387676914906
3.061842396854695
1.7314625152765635
0.7943405317696913
0
0
5e-324
0
5102279319984103e-22
0.7398835314702058
2.6280655702557545
3.4747702404462
4.026832005963488
4.6266652805363275
4.9877162008524385
4.779992417040189
4.8064563860562535
4.819847484609043
4.762063557428448
4.82680064175868
4.9706808732852155
5.197769808651377
5.135636862285983
5.061908635898138
4.9318372970799444
4.903735290623652
4.937324278962325
4.9690903438096
4.744319676135091
4.852311263362732
5.041056114756917
5.031524682279582
5.028633896543499
4.93434376163452
4.848356411355802
4.71827360009959
4.802519480722405
4.871319116175803
5.076176122487568
5.114904332585561
5.186057101656458
5.069565267179393
5.278681426705253
5.399552036834672
5.134155914080686
5.016740677125984
4.971702826288244
4.656429470166918
4.382985155630567
4.075754353009893
3.683924261779049
3.113245762526524
0.00014188127344621007
5e-324
5e-324
5e-324
5e-324
5e-324
5e-324
5e-324
5e-324
5e-324
1e-323
1e-323
1e-323
1e-323
15e-324
15e-324
0
0
0
0
3618933807325243e-61
0
0
0
0
859738.3303850422
1051727.1658695107
907296.8878449148
484860.72983742005
309907.95612838055
217678.86867192175
213627.02562613602
259438.8728398127
259154.69304925005
294583.9311926546
326219.0252884424
345913.594741624
361953.4627042219
386410.30481769925
410846.89043241634
399549.8709540635
11215362967282052e-160
1939754346544507e-324
1e-323
5e-324
15e-324
253147399155574e-209
346823.4911088914
497755.64926638454
505955.2272916793
450598.7333305934
406579.4060787221
9285255278779665e-78
2788053251409237e-160
906428075225603e-139
11107495401927119e-172
22976684992404872e-270
3921981022353127e-250
9951489448425427e-279
3e-323
1e-323
5e-324
5e-324
15e-324
35e-324
4026271484639657e-232
26230066174366466e-187
1698196785467939e-144
36439280965741686e-107
2315500320682923e-71
21558559852757494e-33
2.038724977634829
309964.6424400872
367290.5007652565
398257.0838058131
420791.6087375853
413907.27301762527
453744.1346037606
568777.153068645
650128.4284339742
0
0
0
1.3066837553880364
6.192198433415396
5.751840074498264
5.862015481149587
5.9007904143399506
6.043727824150643
4.252296399342534
4.088706231335823
4.4440689027923685
5.26240202305851
5.526330066403215
5.692232843430174
5.697123442957527
5.539607612671219
5.484763969642471
5.252991203307456
5.094223490406653
5.109227168654803
5.1144849805987285
5.062049121597303
5.009193296268374
4.994029255593677
5.164434333824093
5.480222540105467
5.442744201268452
5.6594183829095845
5.495106691459149
5.299430624797326
5.074191807351823
4.749585965555187
4.827246823266492
4.940801619916111
4.990865082954972
4.94703355905539
4.910919264755357
4.833659620788554
4.846966268440737
4.806223683374331
4.767241920525039
4.859262145230365
5.028775880526876
5.179644182973353
5.436302563803884
5.67186703623795
4.792273466198152
4.1211088625332195
3.206991351936257
2.2678795447369366
1.1923227699151457
20075450685741848e-67
1978334008150435e-104
2901170511806982e-138
4515571500972209e-146
10714691103118293e-120
8363452209864841e-157
4001840999488276e-139
8459280867041105e-66
9011638576496006e-47
40792482277174555e-52
2703439095522787e-58
4924480049809614e-58
0.01790372485730086
0.018049770798216704
0.0171475321019436
0.005692809594771712
8717707910650537e-32
6457630344014856e-31
11343409311876555e-75
7881928869929194e-33
1655781333062231e-34
12589592772649944e-73
6593103152673928e-58
9096614289170587e-20
0.005975435135099038
0.015507298027462497
0.018603151406945177
0.023693409266839178
0.029223623911718233
0.03315017395948851
0.03808707810084267
0.04037833457741816
0.04357888775642565
0.04601565781277008
0.04565521014749556
0.043354699079396535
0.04494432060017209
0.03247154864676059
0.04438010613060007
0.04418947390173679
0.049089020292133176
0.05223319482514998
0.05217602812670339
0.06269884150262672
0.06724629362404487
0.06857429344440448
0.06899716504182918
0.06378836073744874
0.04658519591610101
0.04444346911547214
0.047381364901114324
0.056720086265353624
0.0675681336614777
0.06687123752352321
0.07023025622420488
0.07469780510702936
0.08120543718893325
0.09437786320363277
0.08406709615825957
0.05853110614454464
0.04568200716374177
0.030259395438843005
0.014038318890901104
1896954934809219e-170
4120661757779846e-220
3752694308849384e-182
14958371771914494e-88
0.014838707364394887
0.041861106552838805
0.04303353474250339
0.042035329401273136
0.03681262642776843
0.031098609266663406
0.03170210127916997
0.03467659269182544
0.0431680846634104
1967094753157573e-97
0.011761635495706078
28970144647968855e-52
0.04253011605998615
0.3606053591713956
0.37412990572136795
0.3653489000460782
0.3678984289367928
0.3699876768301173
0.3331827470977421
0.31370018343410194
0.3362994991047397
0.3417333591722204
0.34318251240889724
0.33687404324402515
0.33115462882763613
0.32373114308150674
0.32294416342113935
0.3151862463267674
0.32419431478321886
0.32957268340791923
0.32894882841075596
0.33364873657487976
0.3278617055826248
0.316111240251271
0.30150304127342026
0.26126845325437853
0.21810070891244024
0.2181113030057586
0.24455394496902652
0.2847459129908407
0.31886054008575626
0.33089511680595673
0.3247122798631537
0.31296799269475667
0.2882640737853343
0.25824127948879166
0.2536981202196877
0.26755851670525
0.2528679824240142
0.24493908681187496
0.27542565297285526
0.24679484005593466
0.24477470332264503
0.2153726278437476
0.1219971675552261
30423426789737696e-324
10701014252317128e-303
4338477686894097e-49
0.052601708283323466
0.079647242817235
0.11793716287949463
0.15858510867022024
0.17981056710675644
0.1744213385512959
0.16001253861737885
0.1642226589337802
0.16166574321706909
0.16200284871689238
0.16700969642646954
0.19121804335650522
0.2006741930556565
0.20529841239237637
0.21597053815979075
0.07813877733126316
0.07681053582346586
0.07958844983073335
0.0630701186904485
0.01984171426764697
0.014111565001486701
0.008275277876610043
10807073608922217e-119
884849039696529e-207
1275577522924552e-153
3980732376456604e-212
1862598159934571e-207
10157756043757727e-295
11466084578206613e-302
1291517e-324
64e-324
38561260562832866e-257
4708965307556467e-120
0.06621617961465259
0.07490089678708621
0.09635024231502715
0.12518150942122558
0.16033705104657198
0.19897031976377696
0.22038903963773415
0.1275392390607108
0.19357674477296902
0.23058424329959518
0.2761786192536421
0.2867037010757694
0.27531113930475776
0.3490743066565611
0.36414892778200975
0.3709797627342218
0.3681208178016596
0.3453487986029634
0.16708155019873747
0.10742081912027023
0.11824091842855987
0.1225726879821081
0.1324363110772343
0.12385802418830753
0.10282924942948508
0.11702344970281212
0.14646036927031209
0.1706309415557218
0.19633279421345157
0.17150621524960455
0.18573436569477453
0.1874042233620166
0.2011644989597772
0.17571311125562977
0.19317724370281908
0.2567803652054147
0.4001595725065437
0.5626531940140616
0.8018464373136752
0.8622308743565652
0.8883974037533875
0.9211944588839636
0.9572965881677064
1.0043576166836787
1.0426836124135703
1.076705297610107
5e-324
5e-324
5e-324
5e-324
40370388776038505e-262
15467485796177645e-25
19187915930779797e-21
2266942051599371e-21
26462663279086894e-28
0.010281322323301012
0.013631418882856022
723011251196559e-43
223683599423455e-58
4334331114957372e-65
13716392496513232e-97
6000502276395247e-130
37314910136839737e-178
32356631537084503e-212
6785766936449192e-234
3766655223738728e-263
4114451325042378e-268
596717098862378e-252
9683722410698115e-259
61980509152698884e-280
1121365607472073e-262
5742545490305263e-247
42663846098476866e-241
7916609650723904e-238
11965193932145355e-216
3988694721924478e-165
9657639142738457e-117
4808935059163545e-111
15021417210401827e-102
4531503046429318e-115
683137093678445e-134
2474605986457637e-155
1591763755390562e-203
4700537334164136e-187
2861197089493577e-193
1981680334579435e-230
16426547033044882e-211
23265102319190982e-158
6366592386520066e-157
19363446449273537e-141
11440479235635763e-126
4276003426078491e-60
0.009073466781560333
0.016799935368156115
0.020403027039249216
0.022609147451618142
0.02392290140851222
0.024065905089234226
0.023612122180424612
0.025688263119344825
0.028359315158823555
0.028538160608248018
0.027535853449878328
0.02839081928844387
0.028538930456181798
0.028741004731282403
0.028780879692085013
0.02786327159003305
0.027513998993522398
0.027297821144090725
17.07887939033624
13.432106627173983
13.664814360640985
17.42546614206116
13.155136336692147
20.565875810302106
29.172298811159813
30.34137792159544
30.67887826250624
18.961349394209783
18.182767063707093
25.60394468371765
33.615758296543945
38.490947180730544
41.49522283829274
39.760325535512045
39.65000024641092
42.255882560207496
40.36578678958873
35.734139505571356
36.84291155978669
41.26832818106174
42.26648157504828
40.5873940439983
39.69005293069967
41.58604055383787
32.46297640679848
27.81758249480678
28.318434910837198
29.342036565275947
31.74484055491869
30.675582355098467
29.702492272552796
29.38520927871124
27.19296356523436
25.00528663057906
32.36106579999759
35.44383931230197
29.65006594774212
30.163785588101966
33.853942630611805
32.26044992010912
34.9658395281213
36.48701566123525
35.731771223300655
33.604819979426196
31.523510291204314
30.306525531094994
28.90687508568974
27.71054056857872
33.01287902499059
34.07179243627572
35.075835560676424
30.684930850891757
23.577732801788198
15.706731369506413
5.546526874523875
3.9484034867936226
5.770789028708178
7.509730351447422
4.059000669413746
6.754093227021902
11.231333051337463
22772590519672842e-50
3624092643239341e-83
3854000582458917e-72
246544491370.6818
66741982115504115e-53
0.565037787679073
725.8667696854433
12918928792973207e-38
0.12482894987525917
18534129214163422e-33
2557684920294892e-28
0.00697687393592232
28510359830263837e-38
6332328631590318e-29
35201821229032237e-82
3786104702204887e-34
11794961367690195e-26
58993504846402515e-74
2639.3234815228852
0.0064581628709482536
0.07526662568839683
0.0013399642830807222
8462282936248375e-20
63099920577520.31
31359070548617247e-62
20412930204786453e-49
108143414585004e-27
1186321796611615e-51
39637566427008e-21
9103239557527242e-39
33235309465839004e-41
34223856144707627e-30
6608399269702639e-121
0.00026884682625749005
147133019.5356339
1307922200818087e-47
4760798452967683e-129
0.09395963016702355
16784114911683642e-315
2207636136270339e-150
3467670487188435e-66
30165871506799177e-80
1e-323
0.013086460627472067
9160.349332096153
14140604255325857e-58
31678490357575575e-27
4344178233263751e-23
1574.277222806446
15e-324
25269499673653556e-47
9046291280441816e-28
3692544839892739e-22
534.2587259242167
17655727406336363e-73
15861916800234905e-126
25346527083848953e-46
2.094781627229173
1e-323
5e-324
5765888810144464e-79
5e-324
15369753815165202e-26
10221088342860572e-35
22814861342522696e-250
105250.40044892517
8730291246200182e-49
6614371680635474e-46
10769215144843501e-31
11.566556729221883
16139484544293755e-201
1258039120983295e-175
19754407433593912e-281
229.39916488480466
0.14413669427848377
4766031553089664e-106
1.0009914140958898
0.0011765453782771648
1225268633821716e-49
1e-323
248011883077.34915
0
1.2946502056821108
0
64472566232189e-44
48630861020499085e-35
26785119751078005e-250
8192566634680924e-28
5e-324
21314128487779476e-62
12441228096039057e-91
528098933214.0764
3040903452365262e-41
5543427302.915159
39058454591286464e-30
27724760875197786e-30
0.03114648783357206
21271986055066531e-23
17673028490741197e-85
959913049237764e-38
377297760114243650
13.834662505111678
7018547542546603e-49
11059208236208778e-66
103093847046.96188
5310651450.216299
0.0009742622198487704
58.52463943637025
6933640316.618136
14530581113662693e-66
240622354262539070
187593675497.60883
24525565.41185957
205262738058728e-37
5795.681486404793
9239634883731587e-32
2994826610066259e-30
0.07281399870518075
31287510716563394e-59
2094948843921222e-22
49.79438050457999
8057837574095976e-27
6596226166462385e-162
455.57081755105077
21551.29283306451
4855064272490275e-67
0.0009077699475877871
10679844877678284
0.000537180911445053
22329.223096677095
18856498814715007e-29
54902.54173973221
21413176923415938e-160
5e-324
21249749503655985e-38
11858033667253492e-229
2994620252082403e-194
30815987197587825e-192
2539592821043801e-43
24932696825455387e-310
7061768389687728e-117
53745076883868465e-283
7928495715.570362
12988168252399936e-32
1175287930475585e-70
3860620997391088.5
5462701445043541e-71
3254483321961119e-26
26612704712594044e-27
14356612512764246e-29
1965195700653.3123
0.6805156009334177
318127543643112e-66
5958.833478389853
22075854136905783e-39
8293.990130477461
7840491594110875e-22
12436783885308519e-140
465.3150077629927
1812.1150778299377
0.015384350614848464
1887013944608458e-20
78.80540762719912
9086339193860163e-66
22984445576955274e-85
4150773192175052e-41
1471.8845494500738
182353525477700220
14033364655639208e-71
4943471375149576e-126
2761681338495606e-154
1936666302362027e-21
10559481290703818e-37
0.00036701365771991555
205021.66862944557
5344636457105363e-285
17607577581609115e-22
25792771049588966e-218
15669291141921906e-283
17.529347021171684
6197828632196572e-21
9760232580996664e-25
773511005966451.2
5672538328624561e-95
5180388755123958e-313
24538884862652987e-323
6065538141751708e-58
16864405441612593e-63
5e-324
1e-323
22.205137176785467
744721.5912902987
22287435502463676e-40
3951117152132.443
3900222011319931e-210
15e-324
36326.0185526957
5947038252821111e-21
18672065775097426e-114
1788749452572014e-35
1302755638932.8997
14527673326565174e-72
4483688104784126e-42
2946642656177492e-72
0.04353922465331618
0.029988626837540434
4984056531021269e-40
18983217813081875e-66
0.3234409249250485
7126805058486845e-28
