1553909932.122954
1553909937.693514
1553909943.274034
1553909949.235212
1553909954.960477
1553909961.616883
1553909968.02707
1553909973.615131
1553909978.753219
1553909983.792503
1553909988.8398
1553909993.769004
1553909998.742347
1553910004.199275
1553910009.946516
1553910015.366758
1553910021.517592
1553910027.416208
1553910033.743149
1553910038.948099
1553910044.202784
1553910049.432556
1553910054.601915
1553910060.032931
1553910065.317935
1553910070.738306
1553910076.304049
1553910082.987783
1553910089.42542
1553910095.826443
1553910101.365298
1553910107.157722
1553910112.415342
1553910117.654342
1553910122.909112
1553910128.301349
1553910133.718794
1553910139.237857
1553910144.362392
1553910150.004822
1553910156.353267
1553910163.110437
1553910168.738891
1553910173.95997
1553910179.235197
1553910184.612373
1553910189.942608
1553910195.30945
1553910200.78231
1553910206.481887
1553910212.538426
1553910218.756993
1553910224.766836
1553910230.929183
1553910236.457811
1553910241.737014
1553910247.007682
1553910251.989979
1553910257.05104
1553910262.16161
1553910267.624293
1553910273.268508
1553910279.471362
1553910284.989707
1553910290.472059
1553910296.609397
1553910301.856563
1553910306.967284
1553910312.452779
1553910318.086013
1553910323.58191
1553910329.210414
1553910334.869836
1553910340.557969
1553910346.688416
1553910354.298809
1553910360.812393
1553910366.898918
1553910372.132457
1553910377.492606
1553910382.925501
1553910388.284843
1553910393.79725
1553910399.502632
1553910405.248001
1553910410.953106
1553910416.658081
1553910423.317476
1553910430.199115
1553910436.114714
1553910441.531589
1553910446.78919
1553910452.019597
1553910456.962242
1553910461.945917
1553910467.502546
1553910473.678638
1553910479.267122
1553910485.123922
1553910491.166522
1553910497.630305
1553910502.808528
1553910508.038396
1553910513.757926
1553910518.883178
1553910524.449184
1553910530.06187
1553910535.756222
1553910541.323425
1553910547.212564
1553910552.973339
1553910559.816633
1553910565.991253
1553910571.193417
1553910576.993699
1553910582.052052
1553910587.292093
1553910593.103417
1553910598.618441
1553910604.089516
1553910609.728823
1553910615.681392
1553910622.21573
1553910628.523571
1553910635.103377
1553910640.613063
1553910645.991735
1553910651.399723
1553910656.771363
1553910662.135576
1553910667.428651
1553910673.056954
1553910678.209603
1553910684.360107
1553910690.893335
1553910696.942836
1553910702.491924
1553910707.832524
1553910713.273887
1553910718.507996
1553910723.562222
1553910729.052118
1553910734.5654
1553910740.464135
1553910745.829862
1553910751.871868
1553910758.600081
1553910765.136756
1553910770.220272
1553910775.542404
1553910780.966172
1553910786.149915
1553910791.498349
1553910796.663243
1553910801.699135
1553910807.328429
1553910813.064351
1553910818.627873
1553910824.849661
1553910831.140435
1553910836.316566
1553910841.655047
1553910846.853841
1553910852.241854
1553910857.517842
1553910862.832141
1553910868.055336
1553910873.997448
1553910879.869832
1553910885.607548
1553910891.723743
1553910897.588046
1553910902.724978
1553910907.937145
1553910913.172317
1553910918.681668
1553910923.974474
1553910928.976325
1553910934.172941
1553910939.601074
1553910945.707492
1553910951.849776
1553910957.552551
1553910962.93556
1553910968.33572
1553910973.600499
1553910978.899828
1553910984.171512
1553910989.520795
1553910994.672899
1553911000.010321
1553911005.282726
1553911011.011917
1553911016.963438
1553911023.156977
1553911029.023684
1553911034.51461
1553911039.758946
1553911044.870948
1553911050.146387
1553911055.578565
1553911060.85971
1553911066.550022
1553911072.017161
1553911077.999723
1553911084.272069
1553911090.976953
1553911096.64479
1553911102.217162
1553911107.554595
1553911112.783431
1553911117.953035
1553911122.931668
1553911128.230226
1553911133.836463
1553911139.152823
1553911144.991024
1553911151.491932
1553911157.908728
1553911163.017119
1553911168.153591
1553911173.710008
1553911179.253586
1553911184.485153
1553911189.760635
1553911194.825087
1553911200.468029
1553911206.122007
1553911212.150879
1553911218.217122
1553911224.381915
1553911229.730283
1553911235.092059
1553911240.38003
1553911245.771574
1553911251.30999
1553911256.851516
1553911262.07077
1553911267.212055
1553911273.146007
1553911279.438851
1553911285.082471
1553911290.84835
1553911296.422695
1553911302.189948
1553911307.77125
1553911312.98836
1553911318.195817
1553911323.556216
1553911329.362606
1553911335.306812
1553911341.424928
1553911347.820099
1553911354.487222
1553911359.981504
1553911365.339841
1553911370.505688
1553911375.919831
1553911381.584615
1553911387.717357
1553911393.181855
1553911398.733948
1553911404.116053
1553911410.113568
1553911416.662144
1553911423.00833
1553911428.692774
1553911434.58771
1553911440.19587
1553911445.610741
1553911450.967762
1553911456.676044
1553911462.217613
1553911468.102956
1553911473.949736
1553911479.811564
1553911486.029229
1553911491.850801
1553911497.331804
1553911502.773452
1553911508.063638
1553911513.696604
1553911518.931096
1553911524.236489
1553911529.556557
1553911535.175267
1553911541.46957
1553911547.446691
1553911554.123894
1553911560.182637
1553911565.4758
1553911570.394684
1553911575.323306
1553911580.594524
1553911585.332378
1553911590.635469
1553911596.194781
1553911601.64012
1553911607.552029
1553911613.987695
1553911620.090029
1553911626.052341
1553911631.369395
1553911636.722834
1553911642.074328
1553911647.391221
1553911652.353496
1553911657.581369
1553911663.413598
1553911668.884459
1553911675.044975
1553911681.704581
1553911688.289987
1553911693.590068
1553911698.750082
1553911704.089854
1553911709.473251
1553911714.969635
1553911720.253798
1553911725.158168
1553911730.82613
1553911736.586855
1553911742.37071
1553911748.74061
1553911755.424836
1553911760.663761
1553911766.201126
1553911771.444896
1553911776.549169
1553911781.810337
1553911787.01447
1553911792.098303
1553911798.387641
1553911804.114212
1553911809.93554
1553911816.242956
1553911821.977904
1553911827.533461
1553911832.891206
1553911838.183072
1553911843.425482
1553911848.810929
1553911854.204709
1553911859.549543
1553911865.05363
1553911870.675933
1553911876.640813
1553911883.122622
1553911888.928296
1553911894.141205
1553911899.273068
1553911904.562858
1553911909.655194
1553911915.009681
1553911920.278632
1553911926.293732
1553911931.587732
1553911937.962965
1553911944.399602
1553911950.633422
1553911956.245652
1553911961.522365
1553911966.933873
1553911972.263046
1553911977.425332
1553911982.574303
1553911987.623134
1553911992.960653
1553911998.543033
1553912004.482193
1553912010.405334
1553912016.880937
1553912021.885741
1553912027.021809
1553912032.376215
1553912037.525332
1553912042.671091
1553912047.869513
1553912053.235215
1553912059.140809
1553912064.807948
1553912070.387917
1553912076.663743
1553912083.011802
1553912088.086682
1553912093.327696
1553912098.614689
1553912103.771624
1553912108.925305
1553912114.110694
1553912119.54086
1553912125.194602
1553912130.905778
1553912136.682359
1553912142.595289
1553912148.308445
1553912153.447537
1553912158.801012
1553912163.867511
1553912168.86192
1553912173.984961
1553912179.437671
1553912184.82337
1553912190.576336
1553912196.602908
1553912203.002069
1553912208.836323
1553912214.38751
1553912219.706824
1553912225.214921
1553912230.48421
1553912235.88364
1553912241.12969
1553912246.223144
1553912251.955488
1553912257.563471
1553912263.693976
1553912269.46497
1553912275.921416
1553912281.397777
1553912286.655357
1553912291.898754
1553912297.233084
1553912302.551495
1553912307.962119
1553912313.150798
1553912318.917468
1553912324.652004
1553912330.463998
1553912336.379449
1553912343.178861
1553912348.432045
1553912353.829287
1553912359.109537
1553912364.296909
1553912369.458638
1553912374.755387
1553912380.13092
1553912385.842472
1553912391.504081
1553912397.160481
1553912403.306169
1553912409.791346
1553912415.327084
1553912420.981555
1553912426.32972
1553912431.698998
1553912437.344091
1553912442.636748
1553912447.978475
1553912453.578599
1553912459.52721
1553912466.264301
1553912472.492278
1553912478.327382
1553912483.568072
1553912488.927728
1553912494.228667
1553912499.521182
1553912504.836908
1553912510.120491
1553912516.139593
1553912521.645668
1553912527.883451
1553912534.00876
1553912540.478239
1553912546.288609
1553912551.754314
1553912556.934462
1553912562.19166
1553912567.762958
1553912572.978096
1553912578.157583
1553912583.593689
1553912589.400891
1553912596.230031
1553912602.365373
1553912609.587158
1553912614.750082
1553912620.330297
1553912625.698335
1553912630.948988
1553912636.71952
1553912642.178353
1553912648.029771
1553912654.066319
1553912659.912711
1553912666.111724
1553912672.821676
1553912679.975621
1553912685.149801
1553912690.803094
1553912696.212558
1553912701.586227
1553912707.273156
1553912712.562192
1553912717.911216
1553912723.736854
1553912729.758687
1553912735.705992
1553912742.098786
1553912748.517659
1553912753.760424
1553912759.051021
1553912764.328986
1553912769.915368
1553912775.299009
1553912780.70676
1553912786.572596
1553912792.866787
1553912799.126969
1553912805.02852
1553912811.498425
1553912817.758109
1553912823.234211
1553912828.55799
1553912833.957342
1553912839.673735
1553912845.441285
1553912850.971091
1553912856.845309
1553912862.51267
1553912868.875269
1553912875.212728
1553912881.775799
1553912887.515206
1553912893.027534
1553912898.479823
1553912904.175224
1553912909.878079
1553912915.004989
1553912920.453055
1553912926.273706
1553912931.89343
1553912938.185135
1553912944.479073
1553912950.938117
1553912956.308021
1553912961.977368
1553912967.511135
1553912972.788412
1553912978.201083
1553912983.508917
1553912988.765857
1553912994.94404
1553913001.356263
1553913007.457712
1553913013.79842
1553913020.345573
1553913025.726512
1553913031.36051
1553913036.73042
1553913041.878396
1553913047.34554
1553913053.170686
1553913058.899697
1553913064.835524
1553913070.984931
1553913077.368029
1553913083.776471
1553913090.319527
1553913095.787789
1553913101.2267
1553913106.825944
1553913112.110512
1553913118.147366
1553913123.705611
1553913129.50439
1553913135.142056
1553913141.208256
1553913147.575361
1553913154.065578
1553913160.16238
1553913165.653208
1553913170.873877
1553913176.241623
1553913181.847065
1553913187.078569
1553913192.515094
1553913198.215672
1553913204.027706
1553913210.072784
1553913216.813466
1553913223.017669
1553913228.542806
1553913234.075106
1553913239.521324
1553913245.050695
1553913250.437286
1553913255.774957
1553913261.027605
1553913266.509033
1553913272.327726
1553913278.301388
1553913284.619769
1553913291.150331
1553913296.387696
1553913301.835382
1553913307.119278
1553913312.715418
1553913318.355186
1553913324.009773
1553913329.63277
1553913335.568586
1553913341.417818
1553913347.477396
1553913354.245265
1553913360.303514
1553913365.637196
1553913371.245815
1553913376.613452
1553913382.070231
1553913387.725835
1553913393.055773
1553913398.81565
1553913404.287312
1553913410.29431
1553913416.356704
1553913422.295188
1553913428.96188
1553913434.373133
1553913440.347513
1553913445.6432
1553913450.994636
1553913456.443976
1553913461.93913
1553913467.682692
1553913473.275156
1553913479.979158
1553913486.489984
1553913492.480114
1553913498.213017
1553913503.570273
1553913509.090705
1553913514.568282
1553913519.969255
1553913525.468449
1553913530.689929
1553913536.017465
1553913541.559307
1553913547.802126
1553913554.45444
1553913561.016767
1553913566.383523
1553913571.611468
1553913576.953024
1553913582.280801
1553913587.63354
1553913593.116183
1553913598.534062
1553913604.465094
1553913610.425954
1553913616.667021
1553913622.658368
1553913629.168197
1553913634.250534
1553913639.513394
1553913644.933393
1553913650.3413
1553913655.461065
1553913660.710207
1553913665.893892
1553913671.310796
1553913677.017807
1553913682.828922
1553913689.127904
1553913694.994494
1553913700.186256
1553913705.341244
1553913710.431341
1553913715.842732
1553913721.086726
1553913726.558199
1553913731.928968
1553913737.461764
1553913743.331569
1553913749.334513
1553913755.465872
1553913761.655795
1553913766.70978
1553913771.90613
1553913777.055043
1553913782.191083
1553913787.618018
1553913792.659166
1553913798.076217
1553913803.631658
1553913809.957963
1553913816.457648
1553913822.873765
1553913828.318786
1553913833.611197
1553913838.889074
1553913844.401053
1553913849.985042
1553913855.07861
1553913860.189097
1553913865.864736
1553913871.143766
1553913876.959317
1553913882.89167
1553913889.298026
1553913894.528351
1553913899.668613
1553913904.962151
1553913910.148878
1553913915.507463
1553913920.91761
1553913926.460591
1553913931.961345
1553913937.655102
1553913943.360075
1553913950.010363
1553913956.488514
1553913961.979666
1553913967.387209
1553913972.722625
1553913977.748763
1553913982.819007
1553913987.890607
1553913993.231183
1553913998.736816
1553914004.686097
1553914010.583461
1553914016.344194
1553914022.496106
1553914027.885022
1553914033.2897
1553914038.539782
1553914043.589278
1553914048.766213
1553914054.208376
1553914059.530178
1553914064.811782
1553914071.003017
1553914077.018079
1553914083.144764
1553914089.22768
1553914094.440116
1553914099.882263
1553914105.175604
1553914110.830637
1553914116.687856
1553914121.871703
1553914127.289974
1553914132.836098
1553914139.070773
1553914145.182314
1553914151.206836
1553914156.895238
1553914162.24399
1553914167.486764
1553914172.809346
1553914177.800645
1553914183.101531
1553914188.605474
1553914194.002823
1553914199.466803
1553914205.633607
1553914211.28962
1553914217.365707
1553914222.869869
1553914228.516182
1553914234.056332
1553914239.762232
1553914245.220306
1553914250.34038
1553914255.642847
1553914261.089709
1553914266.947827
1553914272.468292
1553914278.444515
1553914284.761511
1553914290.127223
1553914295.746216
1553914301.127518
1553914306.69359
1553914312.331952
1553914317.509433
1553914323.189115
1553914328.576278
1553914334.552664
1553914340.225072
1553914346.452409
1553914352.620963
1553914357.886296
1553914363.268624
1553914368.501618
1553914373.837183
1553914379.09792
1553914384.368216
1553914390.070803
1553914395.609305
1553914401.727101
1553914408.341814
1553914414.863487
1553914420.833449
1553914426.21931
1553914431.635973
1553914436.769651
1553914442.248579
1553914447.404188
1553914453.048421
1553914458.876914
1553914464.878448
1553914471.085718
1553914477.206728
1553914483.612266
1553914488.724006
1553914494.219909
1553914499.766459
1553914505.161751
1553914510.490741
1553914515.681769
1553914521.029632
1553914527.267038
1553914532.700403
1553914538.230451
1553914544.53717
1553914551.022843
1553914556.481455
1553914561.89309
1553914567.449804
1553914573.041734
1553914578.528114
1553914583.814983
1553914589.280427
1553914595.123979
1553914601.231484
1553914607.510954
1553914613.925862
1553914620.745602
1553914626.262352
1553914631.712324
1553914636.977209
1553914642.51737
1553914647.850197
1553914653.337926
1553914658.570734
1553914664.338611
1553914670.07841
1553914676.809313
1553914683.143093
1553914689.627755
1553914694.742126
1553914700.143451
1553914705.944879
1553914711.193737
1553914716.383749
1553914721.639272
1553914727.335614
1553914732.733141
1553914738.787347
1553914746.080473
1553914751.973146
1553914757.672907
1553914762.846723
1553914768.04059
1553914773.6429
1553914778.877668
1553914784.08087
1553914789.186904
1553914794.811048
1553914800.394295
1553914806.098538
1553914811.786197
1553914818.042745
1553914823.100893
1553914828.161964
1553914833.23229
1553914838.489788
1553914843.731663
1553914849.369894
1553914854.234007
1553914859.57996
1553914864.975135
1553914870.467094
1553914876.523447
1553914882.360856
1553914887.297805
1553914892.452987
1553914898.048211
1553914903.381528
1553914908.563787
1553914913.840062
1553914919.005794
1553914924.963673
1553914931.132694
1553914937.082074
1553914943.063127
1553914948.898758
1553914953.928013
1553914958.919599
1553914964.026813
1553914969.664956
1553914974.843995
1553914980.0256
1553914985.425296
1553914990.909604
1553914996.621756
1553915002.550959
1553915008.054665
1553915014.029231
1553915019.395595
1553915024.338887
1553915029.408623
1553915035.164451
1553915040.555538
1553915045.602839
1553915050.960253
1553915056.232671
1553915061.690686
1553915067.716793
1553915073.960414
1553915079.566712
1553915084.753577
1553915090.360903
1553915095.648726
1553915101.036833
1553915106.669618
1553915111.730538
1553915117.334965
1553915122.640927
1553915128.920752
1553915135.238514
1553915141.986567
1553915147.500621
1553915152.893544
1553915158.168013
1553915164.161862
1553915169.25935
1553915174.252256
1553915179.363186
1553915184.710479
1553915190.175618
1553915195.781415
1553915202.155648
1553915208.09712
1553915213.496136
1553915218.637441
1553915223.732887
1553915228.820777
1553915234.327168
1553915239.629673
1553915245.214273
1553915250.670333
1553915256.46748
1553915262.789489
1553915269.468354
1553915275.613189
1553915281.026986
1553915286.358146
1553915291.692866
1553915296.844005
1553915302.172162
1553915307.437624
1553915313.045148
1553915318.616318
1553915324.878387
1553915331.473708
1553915337.211505
1553915343.348988
1553915348.815029
1553915354.431697
1553915360.048934
1553915365.083043
1553915370.401084
1553915375.824867
1553915381.532409
1553915387.112949
1553915393.176919
1553915399.754129
1553915406.253044
1553915411.744166
1553915416.940463
1553915422.156338
1553915427.496246
1553915432.938007
1553915438.725511
1553915444.287862
1553915449.969409
1553915455.854405
1553915461.876887
1553915468.347369
1553915474.363781
1553915479.47297
1553915484.726942
1553915490.321098
1553915495.884011
1553915501.13328
1553915506.448481
1553915511.543403
1553915517.014274
1553915522.866719
1553915528.311583
1553915534.861047
1553915540.75164
1553915545.896629
1553915551.04316
1553915556.059066
1553915561.501044
1553915566.881939
1553915572.207889
1553915577.465478
1553915582.676661
1553915588.339535
1553915594.344496
1553915600.514702
1553915606.365099
1553915611.715287
1553915616.7835
1553915621.889328
1553915627.04159
1553915632.871225
1553915638.457018
1553915644.277562
1553915649.485595
1553915655.360991
1553915661.252573
1553915667.175138
1553915673.15736
1553915678.151466
1553915683.886753
1553915689.212619
1553915694.361526
1553915699.790428
1553915705.105706
1553915710.481635
1553915715.908213
1553915721.881152
1553915727.72219
1553915734.311418
1553915739.781629
1553915745.181907
1553915750.684783
1553915755.573192
1553915760.864926
1553915766.688324
1553915772.18272
1553915777.719151
1553915783.547336
1553915789.43019
1553915795.457047
1553915801.974706
1553915807.628553
1553915813.186909
1553915818.788386
1553915824.310588
1553915829.608675
1553915834.987252
1553915840.44583
1553915846.354441
1553915852.215748
1553915857.776491
1553915863.507267
1553915869.64952
1553915875.140747
1553915880.4977
1553915885.666258
1553915891.057218
1553915896.936915
1553915902.154557
1553915907.627985
1553915913.428281
1553915919.586886
1553915925.803568
1553915932.187579
1553915938.045803
1553915943.34045
1553915948.514626
1553915954.044368
1553915959.779678
1553915965.125464
1553915970.1423
1553915975.853205
1553915981.252972
1553915987.479933
1553915993.30146
1553916000.528065
1553916005.908327
1553916011.062632
1553916016.159601
1553916021.422377
1553916026.838332
1553916032.110619
1553916037.205228
1553916042.859081
1553916048.646299
1553916055.042894
1553916061.406197
1553916067.856792
1553916073.312645
1553916078.487893
1553916083.60115
1553916088.855406
1553916094.218636
1553916099.848685
1553916105.151185
1553916111.109121
1553916117.114952
1553916122.787501
1553916128.965135
1553916135.376993
1553916140.751422
1553916146.286589
1553916151.786213
1553916157.108446
1553916162.88273
1553916168.06525
1553916173.526309
1553916179.289938
1553916184.951904
1553916191.095156
1553916197.005397
1553916203.251906
1553916208.981158
1553916214.317006
1553916219.712988
1553916224.707189
1553916230.031001
1553916235.601896
1553916241.2713
1553916246.628445
1553916252.978023
1553916260.076798
1553916266.088983
1553916271.765858
1553916276.941468
1553916282.436671
1553916288.033493
1553916293.376471
1553916298.927716
1553916304.129821
1553916309.796426
1553916315.544935
1553916321.733255
1553916327.512358
1553916333.92931
1553916339.202932
1553916344.600401
1553916349.908138
1553916355.152339
1553916360.447771
1553916365.926062
1553916371.167522
1553916377.091953
1553916382.810303
1553916388.520891
1553916394.577701
1553916401.449305
1553916406.878507
1553916412.057114
1553916417.281816
1553916422.644563
1553916428.380203
1553916433.646656
1553916438.997299
1553916444.747391
1553916450.647159
1553916456.566629
1553916462.553232
1553916468.562158
1553916473.745986
1553916479.060822
1553916484.338282
1553916489.577198
1553916494.774164
1553916499.886169
1553916505.219288
1553916510.925118
1553916517.157585
1553916522.767762
1553916528.804892
1553916534.52715
1553916539.739863
1553916544.965123
1553916550.156525
1553916555.263763
1553916560.559967
1553916565.736091
1553916571.825234
1553916577.667218
1553916583.62739
1553916590.288269
1553916596.474469
1553916602.264629
1553916607.256436
1553916612.538899
1553916617.635804
1553916622.911222
1553916628.337089
1553916633.462839
1553916639.228911
1553916645.007115
1553916651.004671
1553916657.078271
1553916663.425613
1553916668.843303
1553916674.105503
1553916679.627249
1553916684.828533
1553916689.922736
1553916695.326207
1553916700.587617
1553916706.1707
1553916711.815481
1553916717.591435
1553916724.079022
1553916730.311664
1553916735.600301
1553916740.793174
1553916745.930708
1553916750.995584
1553916756.194908
1553916761.28015
1553916766.800738
1553916772.618761
1553916778.390077
1553916784.33431
1553916790.21799
1553916796.495334
1553916802.300724
1553916807.750435
1553916812.922363
1553916818.049115
1553916823.218501
1553916828.398887
1553916833.813834
1553916839.294343
1553916845.492066
1553916851.717232
1553916857.807153
1553916863.648321
1553916868.928509
1553916874.508735
1553916880.170942
1553916885.47408
1553916890.746884
1553916896.057411
1553916901.956471
1553916907.3143
1553916913.419401
1553916919.774556
1553916926.055999
1553916931.802039
1553916936.764024
1553916941.895378
1553916947.292712
1553916952.491958
1553916957.822597
1553916963.031965
1553916968.633994
1553916973.860844
1553916979.453984
1553916985.417848
1553916991.775309
1553916996.888251
1553917002.210937
1553917007.184016
1553917012.273376
1553917017.643447
1553917023.029222
1553917028.29813
1553917034.343132
1553917040.431575
1553917046.435464
1553917053.007571
1553917059.186778
1553917064.670831
1553917070.357133
1553917075.778409
1553917081.083709
1553917086.353995
1553917091.698224
1553917097.074436
1553917102.583004
1553917108.804982
1553917114.538684
1553917120.369975
1553917126.626944
1553917131.889675
1553917137.692045
1553917143.174921
1553917148.674907
1553917153.85803
1553917159.561296
1553917165.140537
1553917171.126045
1553917177.67271
1553917184.490958
1553917190.757313
1553917196.904302
1553917202.297442
1553917208.058021
1553917213.416525
1553917218.894821
1553917224.45886
1553917229.760244
1553917235.335232
1553917241.123423
1553917246.906222
1553917252.997961
1553917259.702874
1553917265.362866
1553917270.961995
1553917276.377507
1553917282.184313
1553917287.67595
1553917293.137504
1553917298.447231
1553917304.105982
1553917309.956124
1553917315.747906
1553917321.93977
1553917328.399202
1553917333.985421
1553917339.338551
1553917344.500439
1553917349.727839
1553917355.260668
1553917360.608524
1553917366.184396
1553917371.745269
1553917377.766069
1553917383.839025
1553917390.638551
1553917396.815576
1553917402.14095
1553917407.741259
1553917412.853032
1553917418.098514
1553917423.169887
1553917428.429361
1553917433.950193
1553917439.642256
1553917445.58645
1553917452.071027
1553917458.341671
1553917464.601731
1553917469.715098
1553917475.439884
1553917480.848813
1553917486.626322
1553917491.971284
1553917497.2796
1553917503.141672
1553917508.74866
1553917515.214423
1553917521.225413
1553917527.781666
1553917533.463054
1553917538.953378
1553917544.5067
1553917550.129853
1553917555.468986
1553917561.075451
1553917566.546013
1553917572.376328
1553917578.359006
1553917584.400945
1553917591.017431
1553917597.84485
1553917603.481908
1553917608.961566
1553917614.282565
1553917619.352821
1553917624.445728
1553917629.552941
1553917635.010081
1553917640.785707
1553917646.305989
1553917652.427683
1553917658.889758
1553917665.40717
1553917670.6948
1553917676.08464
1553917681.106106
1553917686.315551
1553917691.265816
1553917696.575591
1553917702.123219
1553917707.904653
1553917714.293966
1553917719.82279
1553917726.534217
1553917732.298648
1553917737.575775
1553917742.955084
1553917748.479146
1553917753.684781
1553917758.88185
1553917764.060726
1553917769.21581
1553917775.089029
1553917781.128746
1553917787.433246
1553917793.410252
1553917799.001906
1553917804.354296
1553917809.831158
1553917814.929074
1553917820.613079
1553917826.171558
1553917831.385673
1553917837.032616
1553917842.501742
1553917848.526042
1553917854.690097
1553917860.756426
1553917866.70062
1553917872.105739
1553917877.905332
1553917883.608706
1553917889.274348
1553917894.878077
1553917900.217661
1553917906.154821
1553917911.908731
1553917918.084178
1553917924.681565
1553917931.469813
1553917937.182609
1553917942.648929
1553917948.130136
1553917953.668453
1553917958.713888
1553917964.055743
1553917969.262265
1553917975.116787
1553917981.008862
1553917987.002165
1553917993.230789
1553917999.190339
1553918004.78947
1553918010.224296
1553918015.657448
1553918021.132612
1553918026.7827
1553918032.207835
1553918037.496385
1553918043.300052
1553918049.222118
1553918055.406561
1553918061.779015
1553918068.185703
1553918073.555341
1553918078.675195
1553918083.98211
1553918089.034703
1553918094.289512
1553918099.671933
1553918105.350744
1553918111.027356
1553918117.141992
1553918123.686166
1553918129.611679
1553918135.709516
1553918141.371771
1553918146.794187
1553918152.30156
1553918157.515079
1553918162.693756
1553918167.510421
1553918173.607195
1553918179.493673
1553918185.204874
1553918191.888525
1553918198.273444
1553918203.549189
1553918209.17126
1553918214.356862
1553918219.596043
1553918224.829548
1553918230.037481
1553918235.104652
1553918240.683995
1553918246.437459
1553918252.493587
1553918258.580563
1553918265.043191
1553918270.398524
1553918275.923578
1553918281.421632
1553918286.577997
1553918291.75558
1553918296.96628
1553918302.280828
1553918308.089128
1553918313.690966
1553918319.45039
1553918326.359654
1553918332.703802
1553918338.423518
1553918343.676023
1553918348.87421
1553918354.556325
1553918359.81055
1553918365.417988
1553918371.015597
