20649.464282600693
16631.43452914222
11676.128941998273
11262.676458466081
11206.330025410307
11155.811672136344
11068.535940233345
10927.122650199111
10673.800315711736
10063.56418102624
9873.268251627032
9382.073032329063
8796.435576088425
8510.622902101912
7880.4141982287165
7605.377996805688
7299.498349589832
7021.716120775227
6551.965548170706
6212.024982934756
6033.272236889533
5859.223745853966
5723.795259662998
5680.716853563243
5587.492163597861
5546.4014250458595
5501.168146235887
5463.102426859301
5424.86304046367
5393.941991859554
5372.069810753349
5339.179409185644
5319.056259996529
5302.021584928871
5289.442529031138
5275.970433305664
5261.607274797935
5250.845087909763
5235.148997948546
5226.037310282622
5222.915048833832
5210.963942051751
5208.321495030423
5205.03641866125
5203.203220079469
5197.555931441892
5194.037245381803
5190.650140076366
5189.430651751125
5186.239898326504
5183.479777635293
5178.942458927285
5174.530056374857
5174.001281354157
5168.374719500674
5166.903116348286
5161.10270819817
5160.362401595011
5152.213736429378
5144.081083374185
5142.862065495125
5134.019598872041
5131.2328228654915
5123.67985008506
5116.587467478637
5111.12977247114
5106.328643976954
5102.569539813529
5099.189207750752
5096.519080419731
5093.9608539670335
5093.739417236629
5091.567458548609
5091.089896318548
5088.9653858912025
5088.462925897399
5086.261297551283
5085.664970716582
5084.170257638473
5081.8530446467585
5080.219095091933
5079.030117999563
5076.844553456609
5075.389344681529
5074.382189614169
5072.3779894397785
5071.0679984514545
5069.981399345697
5068.7045774097205
5067.566303025261
5065.096707492099
5064.7261070952645
5063.759819343731
5062.583155485009
5061.785007763791
5061.08562237023
5060.42894611446
5059.840470491417
5059.273200238493
5058.738920497013
5058.226431090722
5057.745005103728
5057.278369701576
5056.831825667327
5056.394086239462
5055.974597873807
5055.557840121418
5055.495325103718
5054.670762774049
5054.356711693613
5054.126973377159
5053.7353866080875
5053.65652590295
5053.264251315428
5053.055422267569
5052.691771028215
5052.380672318639
5051.99625550938
5051.6601603464405
5051.252435830621
5050.905992512958
5049.929934955226
5049.758924052866
5048.894613026454
5048.791511568982
5048.626581115292
5048.495761177041
5048.253791766194
5048.050457771841
5047.842910342897
5047.69852142619
5047.5523340316095
5047.466943539528
5047.2446459087205
5047.08162141671
5046.9461061898655
5046.907627979877
5046.771474760322
5046.652144622236
5046.537299262613
5046.428350277773
5046.313073929156
5046.20330787967
5046.081051741959
5045.964928982583
5045.826187581283
5045.772008233633
5045.673146087771
5045.577720825233
5045.485109183082
5045.395458959945
5045.303767635436
5045.214594433574
5045.12699445637
5045.041074792197
5044.946964057365
5044.936270238169
5044.849962922537
5044.765092636854
5044.681366465397
5044.5989397152
5044.517461502461
5044.436744526027
5044.356335139764
5044.277978860296
5044.200303873349
5044.19428539093
5044.0617410361
5044.018180967219
5044.002550794331
5043.919283480048
5043.910715922558
5043.834580683752
5043.764318455329
5043.677177527577
5043.655748064943
5043.578980834663
5043.571596686268
5043.459953025803
5043.423287543097
5043.349031441568
5043.275410021881
5043.202885134318
5043.13272540305
5043.063237541831
5042.995867147522
5042.927182761939
5042.859119099656
5042.792176450719
5042.72499325275
5042.660551002447
5042.585423769157
5042.573965334968
5042.50896852333
5042.439489204278
5042.414955534896
5042.335884845408
5042.268122805121
5042.132222798518
5042.052728561162
5041.981504315528
5041.911539425527
5041.845828533485
5041.719359457308
5041.6778222490675
5041.646123692426
5041.576279443448
5041.507725321819
5041.453804382561
5041.364537575944
5041.322599397619
5041.249589392848
5041.222094863133
5041.129293056228
5041.106790554787
5041.041101087242
5040.943022529345
5040.877869316759
5040.813980058806
5040.757622790822
5040.677598929867
5040.661573476066
5040.5996519407445
5040.521025373462
5040.501039942656
5040.436566017293
5040.375720665392
5040.3168367288845
5040.260546274079
5040.205034325007
5040.135697645715
5040.12245964548
5040.06789747239
5039.982128103414
5039.954769366881
5039.897765262118
5039.817781946834
5039.782079193081
5039.722525081264
5039.707768284656
5039.574561190685
5039.5024244125125
5039.469312138472
5039.405964964404
5039.392421356043
5039.33964148112
5039.290910574239
5039.240808798867
5039.192564871871
5039.14391325352
5039.09709576243
5039.043135707427
5039.02876497288
5038.976671450874
5038.962577238889
5038.897427880646
5038.8668093928345
5038.778667337195
5038.732572056865
5038.68960714934
5038.633788711302
5038.627527951425
5038.5766640785805
5038.529031285089
5038.483106212636
5038.43849016057
5038.394104401507
5038.35039105207
5038.301536356097
5038.296978023522
5038.253315339717
5038.210055782905
5038.167092060519
5038.124648934779
5038.081834350124
5038.04019007597
5037.993963295352
5037.988255687216
5037.945809723733
5037.903808195863
5037.863303901952
5037.819596672098
5037.815538966974
5037.772203759794
5037.729069578291
5037.688198175639
5037.6475996106365
5037.607474678909
5037.567500134364
5037.52577964584
5037.484667414041
5037.4447689731915
5037.40455621777
5037.364677191593
5037.324318227061
5037.321522326138
5037.268824666991
5037.25221855314
5037.21022202739
5037.206071071098
5037.158694751202
5037.149683262417
5037.110310733777
5037.0698359081125
5037.02710838394
5037.023602423206
5036.982642167235
5036.9772960212595
5036.927388177538
5036.911088666689
5036.86429428735
5036.850479067598
5036.722432697363
5036.65198034866
5036.62506102054
5036.574566287409
5036.560212152883
5036.5135379091425
5036.46781429385
5036.4232649172745
5036.378937347916
5036.334946353727
5036.288868087488
5036.2863990484775
5036.23178428135
5036.214929480798
5036.167532281509
5036.156568930788
5036.079831219033
5036.035801355584
5035.970156958613
5035.940103777409
5035.870975623428
5035.860282470955
5035.799504974676
5035.7528875580865
5035.708239176221
5035.654387993703
5035.600852279464
5035.550034992611
5035.536742417204
5035.48484157331
5035.47640883767
5035.42518508045
5035.388305894019
5035.258114262518
5035.1374300831785
5035.124147458059
5034.7784421226415
5034.533076827008
5034.3977517953645
5034.322726014659
5034.235004929415
5034.157476758037
5033.92033088513
5033.903858305605
5033.679295455429
5033.592588599368
5033.575854472732
5033.513175035701
5033.424211434919
5033.400968728932
5033.340310331359
5033.21226341295
5033.129668861102
5033.08955321351
5032.89007127937
5032.802054592327
5032.69539992514
5032.523212476117
5032.409435432209
5032.301274526875
5032.294030687274
5032.192037669068
5032.10149696909
5032.029494696806
5031.959785960086
5031.891576426143
5031.823778862917
5031.760710485039
5031.696018174545
5031.631718079923
5031.56843363103
5031.504569021704
5031.440510093096
5031.373115674639
5031.361455295994
5031.269233628681
5031.234169071391
5031.15548240816
5031.13340227489
5030.98887253725
5030.930209533152
5030.905060502432
5030.81993083812
5030.802554425064
5030.628497510992
5030.528960342089
5030.4473066298015
5030.366563757704
5030.285551255411
5030.188698692836
5030.155890294536
5030.0494366834
5030.00268172769
5029.8990935916545
5029.889182616541
5029.794726632285
5029.686033972207
5029.6709692655895
5029.576530416675
5029.448054020706
5029.415268967369
5029.316031044222
5029.187666345229
5029.062565835819
5028.889533962172
5028.727176948421
5028.514373408918
5028.5014524515145
5028.31405903976
5028.07245822104
5027.983366423671
5027.838573133597
5027.564112129563
5027.408284728665
5027.300607730923
5027.141893946127
5027.068426101448
5026.993927667313
5026.85655284561
5026.764502739832
5026.636524404084
5026.585986094014
5026.473427303145
5026.437346470813
5026.309440799596
5026.249030888129
5026.115574273477
5026.066879530596
5025.956999420902
5025.848952319281
5025.744212923427
5025.63475067936
5025.527574182133
5025.426854058449
5025.331557652438
5025.2176436198115
5025.199882936849
5025.097658593926
5025.084695622465
5024.949731352974
5024.913353228453
5024.810366279112
5024.805985345771
5024.662707795785
5024.6230629931515
5024.51650013552
5024.407410759231
5024.302558380657
5024.205823127164
5024.106216147859
5024.10085328996
5024.0064711945215
5023.914080553761
5023.807412458342
5023.765930176879
5023.6061943239065
5023.473978257065
5022.740754528156
5022.574401297745
5021.83372982389
5021.6805785897195
5021.668178488727
5021.510081307459
5021.400450568966
5021.291378402695
5021.189231463695
5021.087724899164
5020.991177264753
5020.86557772559
5020.833469804436
5020.688025857917
5020.633876599329
5020.529186601395
5020.429185065279
5020.333982708835
5020.240833949237
5020.119557998377
5020.0922029591065
5019.984228612276
5019.884743571218
5019.791008783601
5019.7016010164725
5019.588582982619
5019.5628161838595
5019.468027884372
5019.461855791977
5019.35249580443
5019.324799035923
5019.232588978789
5019.141991333731
5019.039079375613
5018.939731497858
5018.83524822079
5018.8009619099885
5018.677819249518
5018.616516869796
5018.496071916992
5018.477956751327
5018.372644418999
5018.265156560404
5018.166625588069
5017.972474340325
5017.846443196737
5017.750851021835
5017.7413995113375
5017.638429345255
5017.538539354849
5017.445790448237
5017.359073519414
5017.23759253731
5017.200742725378
5017.109759961456
5017.028259230182
5016.94163773842
5016.856186110186
5016.772534003904
5016.692633518669
5016.615050277918
5016.538018204531
5016.462408345194
5016.369445689599
5016.352120082385
5016.246291268273
5016.214058778647
5016.13039159566
5016.049060890796
5015.970212965092
5015.962859722392
5015.881652596687
5015.802779768549
5015.729359233836
5015.65741596785
5015.54780633941
5015.512214129776
5015.439445851796
5015.370284349992
5015.287722039416
5015.212559188435
5015.137117676622
5015.063755838275
5014.987752410973
5014.91410762498
5014.845785508929
5014.779310286196
5014.684845489196
5014.648688606831
5014.58035479574
5014.515024614193
5014.452698058832
5014.384883125727
5014.380222506458
5014.317775967336
5014.238941554983
5014.223738469204
5014.151079552596
5014.142272290395
5014.077738348778
5014.016120576981
5013.940491001318
5013.925399872569
5013.858653488961
5013.7932818415065
5013.732529131882
5013.67194576635
5013.606255780163
5013.543423402767
5013.484851963847
5013.42648735465
5013.369932259052
5013.314590569485
5013.249979094542
5013.240498159253
5013.184972293072
5013.130965725217
5013.077032485741
5013.023770596263
5012.97131209036
5012.913908395999
5012.90918959193
5012.851289518339
5012.797967319764
5012.728903057324
5012.7059366605135
5012.646746128907
5012.590645998673
5012.535695698984
5012.481127435111
5012.425405578234
5012.408938536466
5012.307168305445
5012.260943292816
5012.195168206752
5012.185673835456
5012.1138346239995
5012.076660577694
5011.975819203883
5011.947740291077
5011.9095859835315
5011.827687630893
5011.791323673688
5011.745612477339
5011.67328372138
5011.6566316102
5011.596372960431
5011.590881736448
5011.528776830929
5011.515786280328
5011.464796873902
5011.413370836689
5011.3629768486335
5011.314327056766
5011.262235733952
5011.213622272208
5011.166091554408
5011.119982140576
5011.075118787839
5011.017042247497
5010.99282031735
5010.854892144363
5010.765668190177
5010.745245976742
5010.690393313571
5010.667412013689
5010.61449672926
5010.594113819388
5010.540203034606
5010.517306715668
5010.469181891315
5010.4543639078165
5010.1600970878835
5009.980080000217
5009.942249783723
5009.875601582401
5009.7898813896145
5009.715004640666
5009.598367409412
5009.549426821127
5009.498969040012
5009.44717019748
5009.443617204121
5009.39585673392
5009.353339599327
5009.31322269383
5009.274916486109
5009.237025316663
5009.199769790814
5009.158534761959
5009.153511068043
5009.107422886969
5009.096314147397
5009.046582026007
5009.036512847522
5008.994111714835
5008.990309494399
5008.951372490182
5008.947449665999
5008.907374235144
5008.900685824176
5008.845500204919
5008.827889158993
5008.789158853199
5008.749245591284
5008.743699326324
5008.706335652569
5008.668775758469
5008.633541484067
5008.598023646199
5008.562800910148
5008.561415107286
5008.527433180274
5008.493598654518
5008.460337191692
5008.426882269208
5008.3937147566785
5008.360962347909
5008.327354998409
5008.29423185673
5008.262472060778
5008.230578891857
5008.198885186007
5008.168202536781
5008.135135989194
5008.102740804812
5008.071356904212
5008.039899208392
5008.008447773656
5007.977644209168
5007.934856891478
5007.921189649294
5007.890820948517
5007.859135557947
5007.827233442072
5007.795416403445
5007.764172653249
5007.733069031069
5007.701004664783
5007.634803449867
5007.603177921636
5007.571125017162
5007.529821899124
5007.5171983860555
5007.483022019757
5007.476917500652
5007.438312765058
5007.422457451538
5007.380414912913
5007.376723198522
5007.359533487141
5007.320006956155
5007.311196782747
5007.27688181521
5007.272040479837
5007.220638100975
5007.199288842862
5007.194909835774
5007.160091828218
5007.154969891218
5007.122765892296
5007.091427927827
5007.060375084972
5007.029555713516
5006.999805749895
5006.9703523814915
5006.937261924497
5006.93479913182
5006.904688975348
5006.873605594759
5006.870178169614
5006.838456188296
5006.833889880986
5006.8032665535975
5006.772891387619
5006.735579144566
5006.727663485534
5006.697434581523
5006.667966454235
5006.639203051744
5006.607675632813
5006.576837995885
5006.543465230816
5006.536588696405
5006.510639719551
5006.472011940661
5006.458543713356
5006.427921481608
5006.4217278774995
5006.378658136686
5006.356466945918
5006.304582383943
5006.282342932433
5006.271577372827
5006.22230000783
5006.193316778939
5006.161771022676
5006.158867902979
5006.13091451767
5006.104505755598
5006.079034823821
5006.053515782441
5006.028475201804
5006.003607481364
5005.9778937059755
5005.952285582987
5005.928037810331
5005.901114255706
5005.898877834544
5005.875854077015
5005.757173626951
5005.664284403117
5005.6599863782385
5005.631920256554
5005.627437968385
5005.600551455433
5005.574259710606
5005.545341852735
5005.540314879809
5005.514301144284
5005.488722388345
5005.462959175605
5005.462107677585
5005.438177985051
5005.413909274609
5005.390056533919
5005.365732817464
5005.341662041974
5005.317894334938
5005.294513292028
5005.272404142758
5005.247080660693
5005.24318812721
5005.2214578941985
5005.200064405788
5005.1752304062975
5005.166847104181
5005.1112616475675
5005.069016730222
5005.04488427445
5005.019661601579
5005.018545101388
5004.987999123622
5004.980856617389
5004.955262751167
5004.952064575433
5004.925231949193
5004.9202699698135
5004.895198613879
5004.87178197739
5004.847450397361
5004.823419511493
5004.800150675828
5004.797954691565
5004.772196690169
5004.747746192517
5004.725483539749
5004.703175841363
5004.680958693507
5004.659496985158
5004.638690626837
5004.617743992206
5004.596963606842
5004.5754578269025
5004.554573475361
5004.532303221812
5004.529663563385
5004.508648279844
5004.504533980464
5004.455565445552
5004.434593939595
5004.42644493802
5004.401672790313
5004.3964945789
5004.37085610593
5004.362612180291
5004.337668535243
5004.33378403357
5004.311027778907
5004.309269911945
5004.284412681428
