2.3508749252008685
1.906913032393617
2.005054340497262
2.2782542606767757
1.4266661526936215
1.6615603236492678
2.0373541847966656
1.7084875792719074
1.6226660077152089
1.5740998171503393
1.3909145946163202
2.188707138787577
2.0548003904688663
1.5437620765683842
1.9105808454790294
1.618106450453781
2.3324768596509187
1.7891030963913501
1.5164366200527304
1.497965036651508
1.5178337039731646
2.3590033828226322
1.770646310720663
1.9305971250686824
1.4635662575126394
1.8340774772359656
2.2561576815270072
1.7038293911820412
1.7950926415257185
2.058627896863614
1.4864266407394615
1.4729949307147112
2.2567743291763884
2.0514242641519016
1.5483069261451652
1.8710147152128342
1.6152838531399938
1.6757689681145211
1.422657291952716
1.5687332520334596
1.6319967502989348
1.5079016489519435
1.9929280569223942
2.334377620711042
1.5138187040961593
2.3102572487183295
1.9058229578299828
2.0019951280580717
2.248865694060173
2.2319992090303047
1.649477775529477
1.9401350270624085
1.522533358511256
1.7034453762206199
1.3812923843590093
2.075235116066307
1.8621356728865106
1.5540331155565834
1.8301618061696336
2.058757120592116
2.1736414900799614
2.0226112838039727
1.6296036439307642
1.6616658902330255
2.207936455096914
2.0816071799733584
1.7757086564415743
2.310908112090743
1.6723142214539666
2.0173080249102937
1.7662054525123496
2.3408403239779565
2.010672093702036
1.961883918765293
2.1188249017376766
2.1544079285065165
1.525400809943569
1.4032602633835793
2.104978485651688
2.0956397536899383
1.528140696730519
2.153850774463888
2.116483954928026
1.6924416369717492
2.093987704623877
2.3301491936514256
2.153462589348478
2.0298814432294257
1.915564545617677
2.238579289043048
1.3714918737518504
1.6394972778488743
2.1979607469094726
2.2498729783642206
1.8725131809853788
1.5658367251609078
2.2101998268712126
1.5120108153500336
2.1529611883487387
2.2995725807612
2.183673113017927
1.9788451363764792
2.130727367393704
1.7192558937926194
1.5893452629646145
1.9153888574088056
2.2327178364759748
1.477236706270167
2.1575359704457213
1.8471820610611367
1.607648480053976
1.7535861706663132
1.62219733621782
2.3472857688769477
2.106141145471481
2.0437304702706314
2.3211943735569536
1.7414834249952569
1.41684618711886
1.5355783594012693
1.6081089258381533
2.1821167835753545
1.8835949492856348
1.495651080454677
1.4554207248340683
1.4751303775030964
1.898983463248577
1.4606168048773365
1.4485970748919899
1.8946541422890804
1.3732553035560628
1.696507581835369
1.818988779173083
2.0498687014908312
1.7577909786782973
1.5759927831152178
2.0403611043603904
1.7795082114019298
1.7661026132644764
2.208874613099822
1.535009528593003
1.4428109740300217
2.0501970065033466
1.421445102391351
1.7585260529476183
1.3954292396697558
1.5147217774754036
1.385293994818041
1.5280023826496556
1.7996697102128785
1.4785388736176464
2.058827811595293
1.9707745896893398
1.735702534983489
1.446121374440412
1.736678003140699
2.302800623471686
1.47372789893002
1.587212034767534
1.3793013840563741
2.180487946671156
1.6023332867034357
1.488622698057647
2.3271073185049445
2.0434245133071136
2.017016894321933
1.702175117455165
1.7701671899454985
1.462777647387517
2.249332912218788
2.0586889346172534
1.6045928601318726
1.6284912726705196
1.92467466507776
1.9459705239325422
1.9599737266434951
1.8243855743206807
1.9078667781859369
1.376293646405394
1.8970971143829871
1.5715646933034166
2.0339199864378563
1.8670180104251022
1.818695051169461
1.7616120208392916
2.0400289387393347
2.2773093721112856
1.5021182451824449
1.8721882738651412
1.4933915437099496
2.277936188702562
2.3105074601359195
2.1846944159375012
1.4304382154986923
1.459845849000402
1.914409093399427
2.116868801798648
2.011816219078185
1.6231994521162751
2.291256619883819
1.3720035519222604
1.8685711692495135
1.415375373818058
2.1857276678590765
2.1237510175155143
1.4312315963310738
1.739215616839527
2.082701478233794
1.9747906175175896
1.9618606934613747
1.5216174976044068
1.8036396486435053
2.0244885825262635
1.8192745640634245
2.151001811878531
2.113577545860074
1.6644537177531964
1.3662385370808727
2.0023837513478515
1.7875839895812933
1.7737338246788759
1.65295923005608
1.5389941257315274
1.6724101062693804
1.9600394581407241
2.0681403480646727
2.059858901082118
1.5373379773604938
1.8092717042706892
1.9501563049929305
1.6899492962385012
1.576014567030818
1.3955715552756376
2.2839716455779944
2.2181067003699964
1.9807963600384855
1.68437729319617
2.103565323414319
1.592031112090756
2.0831606679141217
2.2373974597979047
1.99806091383967
1.558687001043517
1.6471451919845206
2.1309235814887644
1.8501988262500029
1.3926372839223429
1.8292677375563318
1.6228835675172644
1.745726331944842
2.3197770331627345
1.8980861339046065
1.9160997945185432
2.243529437822329
2.2126566355386963
2.1668418258199638
1.3912421575426785
1.5677994231894603
1.9811821891511623
2.252973401389596
2.289751752661431
1.5442217555978042
1.7061060862854736
1.583847686800977
1.812072454984887
2.193252252503309
1.8110866412537827
1.8778117002075116
1.4854734242593552
1.7914889597568358
1.3811107640137559
1.7269117770040463
1.6524963800608568
1.9635781110519674
2.1999101112650363
1.7594584887215465
2.2199199617602177
2.310111921388778
1.3794126400536066
2.1056743537524403
2.029708295486521
2.252798614302924
1.8817189316838843
1.726347690595312
1.7376924527932478
1.9866235995614423
1.8921853830974478
2.26748612576839
2.169844005527839
1.805577053939949
1.7295551067676453
1.819349866496804
2.1510235624378686
2.157101096148028
1.8106580744123402
1.7739182995592342
1.9712638824254634
1.4675597221018284
2.0208752873815032
2.277683012169463
2.245029422405987
2.286559738601153
2.0778567414202427
2.1859996424073422
1.4674864718611276
1.9467491247232864
1.7575946881399938
1.6834534322151
1.8386343507168665
2.2673488087230993
1.5155094906952749
1.640778463488102
2.307825781521975
1.7220182685591543
2.1673048805114377
1.6154265211252476
2.085929168904063
1.3981287807977922
1.821473294181273
2.324789761495034
1.8318407643776051
1.9545232481401318
1.740249777737387
1.691155725664175
1.5802806531375009
1.5906035933764842
1.6649238826754649
1.8942717212327524
2.2333540562863083
1.6858813870430225
1.9264698680280756
1.8391331615166964
2.156706524280603
1.5655730685072107
2.1289388391337623
1.9804098217868236
2.2490968032830843
2.0097143705343155
1.8929359191381965
2.143610753573094
1.4275634348221036
2.2894223158913793
2.1369032248955304
1.7938455728488263
1.7723748073264334
1.3780248770809445
1.7736523961782797
2.0537865840396927
1.5093415642785923
1.8680611422744848
1.651996876068323
2.2028523623023073
1.8473691414881146
2.258847259466011
1.8765439566511575
2.1114798894809685
2.274308788367508
1.7930783866450797
2.185711262125083
1.6316753869796286
1.9764533955270907
1.7485434519032175
1.8699885792002988
1.6668072664758447
2.146895173585981
1.5669035886989588
1.8545482566500078
2.3351253679876574
1.427255256027848
2.354420113688268
1.902049899422036
1.6566582101703886
2.357625619302906
1.5801159818343453
1.626324066487563
1.6088256013205027
2.126243421560033
2.0911375044659555
2.256620350022554
1.5885597411753174
2.3383572010217386
1.3786585849232313
1.43323327782754
1.6805817082725696
1.8120835770879617
2.228068154373691
1.4598686821058975
1.6920772114640759
1.3667185927826824
1.7762055837483706
1.633777455301229
2.2098448342807604
2.0525217923763863
1.9516318764758165
1.3649822933811369
2.0400587098373575
1.9951493038854933
2.034362187914737
1.5594356365876607
2.114070284659532
2.2466380142656193
2.1915970716165303
2.162678577845677
1.391415318585189
2.1745607012678114
1.9156774480827914
2.3183420102894146
1.6468873246806883
2.13303421690141
1.613036903476216
1.4044612443480333
2.2058038117363683
1.5040620453456188
2.119025047270039
1.8475430743100778
2.1628122918824175
1.6588126509690313
1.7615911047805948
1.6108851406549014
2.196104934096952
1.894396723601217
1.8394223065310613
1.538407452142441
1.6569839972172982
2.2552365215128884
2.277524030824232
1.839436944269824
1.39073820286329
1.7548866342308558
1.962616788220598
2.196252402037314
2.060037796849471
1.8651975122148687
1.3592813101013737
2.3017551136305396
1.8465124114881146
1.6463974820386047
2.1506781501826477
1.6942836943184625
2.0858458218707088
1.8237041851257105
1.549932667561127
1.3764537938474066
1.470526826025311
2.3427507870512714
1.8130324928225217
1.90216785904129
1.8836691443315043
1.759606992420222
2.276136411294611
1.8038826535037347
2.118249227527765
1.6529331317216518
2.1613765649454315
2.1253299803429893
2.311806788511245
1.4374183211923177
1.618375524542759
1.8568250470336491
1.9710142448718224
1.9481629090396955
1.7402747601613453
1.3605511708718865
1.5982196741875438
1.6668699929559256
1.5707843251894036
2.0142925056154337
1.997872801731465
1.7632456279412299
1.709235795616171
1.8394019859646125
1.7145629164559402
2.001950348880719
1.5099671992776755
2.0160555637222846
1.713366370465113
1.623897049554238
1.6796130683063226
1.920697885601577
1.755913701834166
1.9131966888814955
1.8952367207718523
1.9855797400151054
2.091978669949721
1.665956622410952
1.4078228213252801
2.2799980056082627
1.7909663203141866
1.9691151008490428
1.4591684523685649
1.645451405301129
1.4576975147926994
2.1410972315509946
1.8548565886316035
1.9825218323632672
1.4115977349088538
1.70170936503155
1.9551895881186092
2.174939037436823
2.2105897500026632
1.831348365495927
1.6428839390598482
2.0557442779136386
1.5907491534036353
1.8035081834501359
2.100914395634812
1.4208918845963476
1.903025591534513
2.02720731564377
1.9318132746010577
2.0866551556743573
1.8063690337206002
1.5073730532268563
1.4651520611032054
1.7029452748057607
1.8969446784516655
1.5645208688930148
2.2581293234990487
1.6148486078381177
2.1279075263849196
1.600460220576313
1.9199408091599253
1.9496756562054256
1.5213508368915694
2.0693565042830473
1.5200508506301842
1.7663668892770141
2.210435252047919
2.243828086901318
1.595693900367554
1.8960081682065284
2.0812221986494723
1.8536355812400425
1.449190700971931
1.5524037549494605
1.7636428141816893
2.243663493312622
1.6451834342647516
2.1213451560893715
2.0671370404655196
2.270609155263255
1.733915331645058
1.677502793422438
1.9599697963833078
1.9269465734849796
1.4966342605256988
1.408958200160838
1.6995367894730942
2.14994039137318
1.712379610972875
1.4223191675884868
1.9377637646240462
1.6870714670317366
1.6969031253589184
1.9937003583056663
2.3561890337710607
2.108091727287587
2.1761343292667337
2.0979910797749635
1.5268466543327246
2.358684344446549
2.1579086603634643
1.9089347302274335
2.111720007406521
1.7597817674740905
1.4629380505582208
1.847240489278041
1.6674943830873168
1.8843103422501932
2.019767589587165
1.4215822049430515
2.133779453492024
1.804338879087604
1.4753753824133111
1.816705494218083
1.7334684360278156
1.5919335031328699
1.715613802638957
1.9429790938503984
1.591943546055995
1.5529851180739247
1.5751722704095483
1.6914844206939206
1.446519290515643
2.022697368635782
1.5045365654521694
1.9572502030691405
1.4045616243293475
1.5753118769571344
1.386060998212918
1.7046839882260958
1.9968116661152013
2.178250042671629
1.9043567719104988
1.647633349385483
1.441583803200376
1.4285311088847374
1.505487880788167
2.3073897174293525
1.7073271176843232
1.9893091121542594
1.9283449592954742
1.4812747104854296
1.394133754205248
2.286938430772408
1.8459427735036649
1.625973393731754
1.918029471562419
1.3934395120486682
1.4065849483144064
1.857775436580416
2.3305607293528037
1.8964177851772437
1.6851053356427639
1.9443645605338526
2.019319309816707
1.5794699496526776
2.3562143252167576
1.6902870239546537
1.9767696566405735
1.6658416401216274
2.2403055099093194
2.002273912153544
1.6077623691441212
1.6548422376430083
1.9741530662668487
1.9961280829672274
1.5264089045749747
2.325398194878395
2.024897210803346
2.000123977278349
1.9259597857370248
2.0446605510861233
2.0090276776722065
1.4540552788299368
2.1792820304944454
2.1220761819855314
2.2870263485790976
2.2822051154108216
2.108137916284954
1.8649950680968153
2.2494006490711054
1.831208869190381
1.8723747326532645
1.8916421243674264
1.5166048520346267
1.98384302189332
2.1179519399454896
1.5171344217686304
2.3480097842079752
2.2700375412828993
1.929565528525874
2.0720053134834746
1.3796578847188825
2.2396508522216525
1.943748054984561
1.7694754999284246
1.3864568038185716
2.1538320075444375
1.3664032356645055
1.5003356092152176
2.3349622576191873
1.3743003298006984
2.115022443180717
2.156777649565563
1.870454896615677
2.057507053752084
2.1488930135390745
1.7908387627983657
2.333812295953634
2.2529297211300765
1.4476027908108589
1.74256910023279
2.242667717415002
2.1235489020092997
1.993191586386366
1.5390632941061384
2.352232203560201
2.0891654720715156
2.038742780961339
2.1934548269808354
1.642652345229999
2.3522358880505476
1.5595253742638053
1.9114091614238446
1.9653578315330218
2.22793773214968
1.6058915266650768
1.6830442665259078
1.6390080280202963
1.6889592588237916
1.5092352632692942
2.2724885345392156
2.133092529173209
1.844945472271541
1.8815738400119502
1.4202746540521844
1.9717668229021064
1.913500996511201
1.7189976441116177
1.6072365637672748
1.8512743716910183
1.7436296523403396
2.1466356895058447
1.9559036238498924
1.4377282962557232
1.7816161712882415
1.5487279706751964
2.0919039714741854
2.3389854673597963
1.7620839482927926
1.412060397729047
1.560505821497744
1.5364693983144324
2.1651082260947856
2.156758597810407
1.602118484427957
2.1410707094484347
2.302993629050447
2.279989033054901
2.2049398758655405
1.6381834547475045
1.3868284522647798
1.776300690645511
1.6416239979826217
1.7646572492922568
1.520888777581232
1.5809034854963158
2.21116305117279
1.9888659175655818
1.4113860255979067
1.7824395931315704
2.0950407823922754
1.6844575058284286
1.4610254175970627
2.0349346915723325
1.6337819336167079
1.964706389026217
1.5363806655969479
1.466062382055565
1.5081608413263172
2.0208265468066915
1.7023641323944043
2.2252912260839213
1.6517688247333866
2.0046077516371317
1.6168321141796258
2.1717271604814194
1.9181597866017777
1.7889797147055664
2.0343497634019303
2.2978796459652995
1.4627754850030852
2.0500124822880723
2.014324521423083
1.7902520703153526
1.934517708864159
1.6491157602026985
1.8955372230067289
1.5742062189577823
1.4585550018746518
1.8664842550551948
2.249650391254993
2.1208628174358752
2.250342957031064
1.8989469820806304
1.4768508814722536
1.4116613863043568
1.8896031555628974
1.932048980335533
1.5805627318018463
2.128396584581301
2.2703800438594417
2.332764300536969
2.160475160596137
1.8555143694939933
2.1008965106764745
1.691224990942089
1.366347440378104
2.0766856250429497
1.8337245430913705
2.3265788909208216
1.5972000616459696
1.7171446160116213
1.38343281087402
1.910209055495431
2.0835084354536777
1.8934884785521904
1.6624948801923647
2.180335513350505
1.9880083686551921
1.6214406719665908
1.6897286809612155
1.9331481388191911
2.128030219334577
2.018295224587217
2.2999131952736382
1.498769025455939
2.1761316094099215
2.125930043919533
1.6502098013175843
1.459922735849058
1.8054459819868056
1.3892362568053285
1.628145945248755
2.102234020529116
1.647182435784874
2.09798439465509
1.451962867885989
2.177133876556991
1.9793211612611579
1.6032817647073567
2.317418213010499
2.091736026524585
1.9591214870750675
2.0727895724563465
2.195796021109658
2.05086153170926
1.992851651655473
1.3630641501058722
2.208522094702991
2.2096033899024574
1.5285107081190568
1.9185631772533018
2.2154034935285414
2.157197356309024
1.7734176023001138
1.9780071989598524
2.268727008957049
1.9883496579239464
1.54751336745657
1.6626397078808088
1.6933808061661706
1.5563220500685828
1.8352626119362403
1.8636335280887713
1.8137867111643828
1.6448943840311048
1.4273398237971016
1.6448327132171647
2.0365148780420212
1.8196045448403049
2.008687911347995
1.8077578078795051
1.7885449031631124
2.1982576948707613
1.743086568942123
1.8533379415673983
1.6523874373202287
1.893968656141089
1.7669198049138848
1.6665365388977451
2.108918961722282
2.094679762162609
1.5057063709171619
1.406061017948748
1.5417718318290663
1.522925643006063
1.5588588333511344
2.15786173060972
2.3274776899899754
1.9496982194785455
1.3880447122831754
1.8721583405642948
1.7664800850236577
2.1239009459580522
1.6940851863318542
1.5671763789516269
1.53103076335201
2.259507767585064
1.473276007766844
2.3006775974539027
1.5984517475677942
1.379203772031755
1.5678261061891614
1.6257473507888687
1.846258144593811
1.4349145000169803
1.468927564254613
1.3961777835574158
1.910975692801818
1.9315196916697388
1.9752022822936375
2.1267188591579793
1.9258261945472177
1.8646555906786757
2.2113967150430747
1.885688930145692
1.6921385508493727
2.3040098908931355
2.0635089019065838
1.5627736537276222
2.192665105178955
2.1741708902447705
2.135728974876975
2.2734291479640025
1.6139287821478725
2.099412486474761
2.102527755772028
1.3990186078252609
1.4545529174222223
1.3645056645242475
1.8640507469091012
1.9962820528605962
2.1233686928039774
1.596572720282516
1.5506032421672327
1.370185648379506
1.9812151071774045
2.179242089007431
1.7351855385599206
1.4887485712578448
1.417855443591467
2.082340395279683
1.3613619847459695
1.485058658885669
2.2948435783557426
2.0070594379125772
1.4082672976209172
1.7865685020621502
2.1341541896459715
1.8931850779081276
1.8651283955648479
2.255568514683496
1.449964825616334
1.4811021227124095
2.2967652388640234
1.4304748389638207
1.7543177053271566
1.5262763054400028
1.5817873503160589
1.467422490157694
1.4808724183924888
1.8690529333425314
1.6814684736879224
1.7379436905374648
2.0361736150443024
1.6368413502862478
1.8024680363280945
1.4705838597732603
2.2951262209697494
1.8589613456962717
2.2463962830909217
2.0883680750810205
2.1865026063234043
1.9858248021076585
2.0073605103809706
2.1087868332466977
2.1387443552449543
1.863764415947941
2.130030825504172
1.4161223581214466
1.673455366210036
2.084342294390271
2.077367847433593
1.785882939510786
2.066779128025407
2.315209531162689
1.3768308034368821
2.0534625223880574
2.0807438319983644
1.5759497189761347
1.6725096485255582
1.6537241076707212
2.229483263735312
2.233418114523993
1.423620532228857
1.5550358689340755
1.466364859686952
1.922875504282181
1.9732950736974115
2.0027026966698718
2.268943068408692
1.4709757826249648
2.2616342048305427
1.9072270268495053
1.9222841881905466
1.5128311370810423
1.705237130550038
1.7058740368638445
1.7808248403961544
1.8610446512187873
1.6870439956208612
1.4152354542493244
1.723251315854983
2.135480394345543
2.078496102532856
1.5008868595132674
2.178911841614937
1.6267421802820694
1.4241706078216834
1.4646738889743318
2.1633892870121403
2.296137978606628
1.490176714259638
1.9293966989351299
1.8826665745946924
2.234122833680315
2.322228865766495
1.6005974022894183
2.201382037177513
2.162182580169547
1.6743277346123748
1.5032814331859423
2.2856896611178934
1.6279044356292935
1.9086140887234635
2.0905141993523686
1.394171572152537
2.1875955364624375
2.3133627858333474
2.0115661520393116
1.5288412115530428
1.557546413348283
1.4561139858531085
2.208598895524065
1.849150472941364
1.9106264183499855
1.9370931245421334
1.8142553853306531
2.2945580842369346
2.288185871854894
1.7509750887284952
1.89946099417735
2.268529884394037
2.2147021364180715
1.4750956796112447
1.7405113423198524
1.864731235788444
1.4417015593990057
1.4247389944545128
1.905006192248441
2.337404908580483
2.2577735925604636
2.3288016784556516
2.314481197782217
1.8053112213623383
1.7574695241691232
1.9385513199871958
1.5275535930217463
1.932004777086893
1.64411541861528
2.349816118155465
1.5554966595352704
1.9305670947641396
2.018872359760694
2.2547498541224726
1.750071625981537
2.1588639958123887
1.5740902545675262
1.507893854727086
2.192546623146278
1.4942733748091903
2.108612979514594
2.003200945377387
1.4601053725873285
1.7293005950401197
2.292260176722536
1.939129991922312
1.4012237655835793
1.4442403016811027
2.189938723606596
2.3092864561682918
2.140867306329175
1.5172042170490698
2.005033041579936
1.5494174157766074
1.6985918415816095
1.379969908849426
2.072087522494886
1.7024608339297316
2.052775100435979
1.5002111596817056
2.254413197471575
1.7711560723448354
1.8810550132195074
1.837505097488325
1.5832999833759358
1.7469454128590245
1.4824653525836675
1.6898966961105268
1.5931843472394058
1.545906143757529
2.2429943283259375
2.2063242348637355
1.9932474891442042
1.4526009434715497
1.9273939147505899
1.7365588913957446
1.3673336008302555
2.0217209104846443
1.3940322078408456
1.7153040877158021
1.752914590131808
1.8611751163381183
1.8017227757874306
1.685518273001953
1.7119143291982206
1.7928374233900102
2.0228519168250814
2.312309330726716
2.0608596519180566
1.6040587113032418
1.8345948242573564
2.294132899627859
1.3799247431989807
2.19850677355502
1.5095806623741086
1.7397473224008546
1.8204104718448373
2.115594113991786
1.5784076278532737
1.52833213269421
2.09232812862134
1.6480848436622952
1.4889670410247082
1.6059786000629688
1.495043705630909
1.7553626255217099
1.8523538696720763
2.1820015128314774
1.6715056847493286
1.796741720486986
2.1133690415851323
1.573982228022171
2.18978175381286
2.2787520625623947
1.953128812979438
1.40426295746801
1.8680697378041062
1.7544526129355789
1.985368902920818
1.398422367528417
1.5911324339518638
2.1522311707042427
1.988685051759944
1.7250227537594929
2.018228535395813
1.4846686012096733
1.4672195516103315
1.9510672074445345
1.6715977487343832
2.206946263002716
1.414153001321305
2.1608061856148373
2.1635285892187914
1.6349466861850264
2.0789597825249038
1.7486958311948868
2.2506255929860184
2.121358610240053
2.0274202325699036
1.87366697868181
1.638475976522252
1.5038106617348193
2.222325876791483
1.3882329145301817
1.4179584482549104
1.8588546598142115
2.2155479726977743
2.029919681133681
1.5472239045197915
1.5590503787895753
1.6734893559806232
2.1483495442917406
1.9272910342173752
1.5588065890633556
2.3000184756094835
1.4645615150917661
2.082732060716221
1.6599343310391148
1.519823865426221
1.503492898642291
2.046195953884954
2.2811240271408506
2.347537405629533
1.4599328980060315
1.65489353320492
1.4856720568032582
1.714576557789317
2.0743817721552014
2.100606340025867
2.1698408767913104
1.76386157166311
1.8889783494810308
2.2894293613748182
1.6215568456902452
2.0584789339276863
2.046464145075435
2.147657368028191
2.0747024348966425
2.266275983638743
2.3207301716245063
1.9084886629958928
2.087129764516017
2.0874277023276626
2.1529065871210715
1.6246960951565215
1.9058447667117147
1.7379477093931959
1.3656252955468622
1.8378794958746894
2.180289014055806
2.208586425199768
1.4182998632287842
1.7393077893915792
2.017628535811036
1.4514849473680476
1.6664350724335935
1.887037115724659
1.7631554066797483
1.6978316787123695
2.2601666219213405
1.7229868231360699
1.9139907367983193
1.9698561639814909
1.439364827296902
1.7150104530883554
1.7539996071039141
1.9741098954509508
1.828799062714375
2.0787348065821134
1.8235322084828534
1.9979557889466204
1.9128168455331311
1.4341344441630788
1.8698860611531183
2.144692240955267
1.9420238053511287
1.9126164043691003
1.8834003377720738
1.7437205118297556
1.6011191912479736
2.3156444518521337
1.7934000734055962
2.063838331983964
1.7984656987183056
1.3965367916445386
1.3909778670643034
2.1485885799556073
1.7065354012186693
1.3878410964980252
1.8265704142422656
1.4627597182330077
1.5673493299993229
1.4145142990346968
1.6830689107420194
1.651470681733912
1.4524710857079013
1.990738115309045
2.0231919262739444
2.1690863862428444
2.34676092042552
1.460106722888036
1.9672520778179627
1.4523399050952026
1.3861853380537297
1.5914180200752646
2.3511218831779863
1.5860368005293106
1.4079444603278635
2.3413333076434033
1.4313706839685092
1.9612906280024085
1.4165270044060432
2.0870451045858207
1.7431021713374177
1.7332241655249538
1.8766898625505986
1.8902480673456472
1.7963700862492027
2.1604214172807117
1.6836336777562764
1.8186865091804272
1.8749015356760363
1.9318948201583237
2.2309231850213553
1.516083149488307
1.7106134305972298
2.182159100513283
1.9455905368543693
1.772423851919585
1.6655545377128016
1.6966991746628874
2.205032531642843
1.4893802885660115
1.6001760032076542
2.252929874898069
2.0053953949123837
1.432528135784637
1.9669103227825437
1.8590257725418649
1.8651506010486951
1.9524912599856223
1.597481476923058
1.7049568758878
2.275539555957177
1.48897246673001
1.538358280592321
2.10237946748083
2.1511073592759264
2.245749550185163
1.4926803763373606
1.7980695881010806
2.1630884498872054
2.127259024461568
1.748047291769205
1.9052863677988074
1.813324377099819
2.116757853318533
1.5313187221295093
1.3858417831689156
1.773248564889969
1.7154703769366317
2.068961596925714
2.1105936041902384
1.7223496772938867
1.4169632587423848
1.7937772720548821
2.3432446044747994
1.5956045080551617
2.1119021814026215
2.1522788694901838
1.869968520311369
1.994278768708123
1.5174032474665524
2.294227414660519
2.3353770691648243
1.678686218034274
1.4525908630283773
2.09850234395719
2.26499773155813
1.408852099860081
1.7296378844972533
1.8896128746694847
1.5716336876397434
1.5515673568066137
2.102804995784734
1.703160199445563
1.4877135381896371
1.5968265230799157
2.3461661065789965
2.1784370064761127
2.061307382388176
1.8275087036874273
1.6379202773560397
2.1548117458357026
2.0637136480820564
2.00663872792899
1.8232712114080905
1.8156101946233814
2.040589566622655
1.5782086116727552
1.496461560387291
1.5516500032277476
1.3634994160356269
1.7251249803515614
1.407189559179898
2.001387654301795
2.2351318619421066
1.5689671577704727
1.8255120795666138
2.195150270399043
1.4963818365196453
1.4483901826524448
2.2441043455679597
2.2333667213919344
1.9181750847421675
1.6830691312697512
1.3686313481162695
1.8766581809887306
1.5425015686696626
2.2803278604403396
2.3465637231100094
1.609124308136476
1.815308249380265
1.6070683797209797
2.216321248643959
1.5593846653083023
1.4780929670245426
1.7025928430337536
2.2656090172919403
1.6230138802737173
1.9457145004842453
1.6810070927544136
1.4387197467842137
1.5526776617937985
1.8245004526034572
1.7573496104546207
1.825311672986257
1.728465065199712
1.6321241666396993
1.8747393693260612
1.6793446083275925
1.3619532643311907
2.001646238046166
1.5840562736648367
1.9042344071091695
1.558541620304844
1.5829869576366613
1.6086559084408123
2.059794055703174
1.7787492332219739
1.853959906410717
1.7698648333302003
1.4433487565575613
2.181108840359739
2.125122299788115
1.4534710538198825
1.534961362828285
1.720761914960245
1.717488418481315
2.224275562563856
1.5240355196794653
2.1714390436685687
2.1276454940953413
1.4679422735878045
2.3275043062217877
1.635413799758567
1.4319382198757378
1.7124070476136004
1.9669238147817076
2.0221321119042317
2.141127696488905
2.139002760709287
1.3794052166994952
2.2339786824027397
1.8988172354557333
1.421333952313514
2.114311371007879
1.4579630967005555
1.4719166319357642
1.803347497673653
1.7512502749928993
2.0910192644260426
1.8603687617380769
2.0387672997469055
1.4301860889951632
1.6295351800537454
1.3955632497763069
1.679534528070298
1.5055885018910042
1.77608499411482
1.5799912162240695
1.8377281875172287
1.8067136009144116
1.85354207731411
1.726198736068574
1.5062596837416005
1.623594339542962
1.4710683662348205
2.2575413879287822
1.5736069487389799
1.8466175506169633
1.7919909188230068
2.262137836770514
2.3049875297894675
1.5181775901294687
1.9177452153849788
1.5053527738752854
1.6404115447471088
2.3014953535758362
1.4999819497406324
1.4289298203982248
2.3068885020373138
1.4335805889859836
1.375296108192481
2.275000728348449
1.5679142922047435
1.9278841752118718
1.4070294343468144
1.6092087081624349
1.942008995772474
1.747756256760188
2.22424779997195
2.028028427996035
1.5798515979570558
2.019269829477841
2.2629086163039274
1.818808099447926
2.1630153737429842
1.7898852346065965
2.225609616640173
2.0151701916728526
2.054703541160319
1.5353058680326779
1.9341064024954853
1.373038064526582
1.7586274042566
2.060019907203797
2.2200683010200755
2.175606886982031
1.866373844391176
2.3291389273057557
1.9483454602913095
1.7846832673166197
2.18747742192972
1.807303471996318
1.5095505135431473
2.2624766248007826
2.3442116117730816
1.6272880668071523
2.0941002900884174
2.072026123060904
2.159235330825359
1.9245803203676202
1.5150200475398758
1.9349069355963902
1.924170052784496
1.9227715878385545
2.3485349155605326
1.676619942088965
1.5893253622032257
1.8114748199590338
2.3536568251476946
2.2619289831119143
1.6428514725266292
2.2033752770320194
1.710114126639781
2.2460601930198805
2.212247567306571
2.2090556783421973
1.8165217846723187
1.784578989371012
1.4005675284256351
1.5818969294708927
2.3103238138500934
1.6833547572535235
1.5276968722423403
1.708467985397249
2.2441213253957226
1.6508882725571348
2.001967850485239
1.8487567780151555
1.9419522036656995
1.8873729815323306
2.2933841127086123
2.1867557637832693
1.7517157377098618
2.2662699848260406
2.243518070819188
2.065344682083213
2.1674639344999753
1.6390865758147306
2.225040689117196
1.663126871119851
2.188658851692192
1.6494430169121372
1.8247779541320808
2.309031174409213
1.8828956681031694
1.8586863127874382
1.6572896004491353
2.2514783639568976
1.4612743787495857
2.1374447864808155
2.1492156173259738
2.2321512667224983
1.9841300244261026
1.7440851081368467
1.6250108233393192
1.62731421195674
1.6541305510740032
1.5651766062639614
2.318954575239591
2.2694253916422262
2.1650323068787425
1.3927768212486662
1.4859935935721487
1.440318403516314
1.5084111216795237
1.9814054501910188
1.5784163750981357
1.8372557100295048
2.308415655634656
1.6897988477790769
2.041408666830692
1.4417642826870218
1.7517548191698746
2.1002529602209807
2.2864763053453796
1.7007695804494007
1.9493101847922143
1.9948217397835837
1.4497725206631091
1.6304281158112635
1.7230129763635915
1.8840758528523447
1.58452209636584
1.3956664816140887
2.0121342078153486
2.1106308740949693
1.4656887357712758
1.8844301750642625
2.1641557202764448
2.1550608130084163
1.5356484162825164
1.7086953796397968
2.079173819565746
2.2302891395657514
2.3530262363772145
2.150849797267265
1.8588031013869635
2.3031015520750215
1.6735445666783588
1.8351649198955977
2.2095837820786883
2.2439555734150085
1.4108879682675486
1.9167442992178578
2.263799758837174
1.8037865928804142
1.5322833183395477
2.013780185377288
2.0545400019637334
1.4918094539232816
2.0240196929058434
2.0324025734723214
2.1076370195510337
1.4815492664225627
1.6360802182733867
1.787905537871936
1.8747065913665026
2.279484246554454
1.5901549408830373
2.3509250401851265
2.100309899115079
2.137931954190659
1.4943098077917225
2.342837811907224
1.4119902229209673
2.2076253258517045
2.1163780165859314
1.772273537593211
1.6313856080390097
1.5762914410262014
1.3903371822542905
1.6487888481671757
2.3536094773594844
1.6916428378880775
1.9191623126626498
1.9203527757737953
1.544386604962941
1.939989739052025
2.1312297185324183
1.9806587629421881
1.5451653968799242
1.6873324570055341
1.947139131030202
1.4954575447127714
2.278839600215321
1.9860332048977987
1.4309200549396508
2.0859749441427935
2.2079616065545684
2.2945770491022106
1.6345693488116848
2.0807129344008217
2.1812754716497236
1.4626719468321572
2.1369774331142675
1.6160613708610705
1.7640285435907728
1.7190299643108244
2.142718197976461
1.6927767180283515
1.457250450743441
1.9843826498766453
2.0914478276957773
1.708446250363912
2.233857161174031
1.692386992878405
2.0602431797893095
1.6880167341790093
1.5559378579295915
2.056630933794303
1.7342677514213285
2.25663875583454
1.4812726982177133
1.4274052941904998
1.4400900010977051
2.1076004562002435
2.2822633730795445
2.0904281124596658
1.6269835648824786
1.5606175107003937
1.3600836168815102
2.067002849216574
2.344891185144184
1.3776005486136595
2.1571059638858676
1.4320349655391846
2.1181691295876464
2.1169599442589737
1.7453760087665509
1.9369459648653617
1.3780261837165206
2.2527002571894412
2.05555204957234
1.6755568330043993
2.3585461112575477
1.6232769350531493
2.041321382353502
1.5411437992661232
2.3299798087241106
2.1790120475615327
1.654467836857988
2.2557711484868346
2.3570930989921286
2.3070029999976476
1.3875496797149298
1.952622827537628
2.1496648560839
1.9936270445397826
1.5936065981925567
2.182582806876178
1.6125502340922055
1.5412084951024048
1.6647203096976173
1.7045818472477172
1.4572967758567845
1.510812112622049
1.979720054091797
2.1751369843123167
1.610215888653693
1.8948000924036092
1.6605460528714027
1.7148878136023726
2.0491701001604685
2.1452929393679674
1.6763807675906177
2.100624895116218
1.5455628673659312
1.9544987277602266
2.0402360814182687
1.4209667675709472
1.4223874713590634
2.302484789914969
1.9592216505079585
1.3853232427077706
1.8909054250300186
2.286733111340196
2.068853122916947
1.4992378391256895
2.156509080954901
1.9609385962304637
1.9616036139571553
1.3829897083523
1.5363137019300468
2.2167394184183045
2.223478756566783
1.9484366574705727
1.6394054046605973
1.61454402539537
1.7896010650954117
1.3676705571923153
1.9499154429420322
1.5260293939341742
2.196471193916928
1.4899969614903106
2.302280513880646
1.7645286441369161
1.8668961156398236
2.1799891839548473
1.9989645890597927
1.956716628569972
1.7654234825361481
1.4695194832882599
1.9581359291018279
1.7441740939348085
2.277072573092811
2.138386421717974
2.1880524356044915
1.6304685688087666
2.0852542146716004
2.1942143985487848
1.9122185298218497
1.9922556511481384
1.947007955340021
1.367556516216172
1.8417703755267254
2.358678551018428
1.6390206356833656
2.2802909023501825
1.8008480793523538
2.0038470584434265
1.7131655965665837
1.4925670260031028
1.8034472569439601
2.2555229020689875
1.468966135768681
1.9512638297135996
1.5636594595100954
1.402527616905602
2.096094422960797
1.7584381142275347
1.48423254556462
1.3906248990966166
1.6849437098651026
1.9953779942286622
1.9308447323722733
2.0835952555330155
1.7063976513475805
2.1888311303930412
2.110013727859077
2.2077977022362263
1.6397953569242274
1.983747192638643
2.22692844583022
1.8000360607788892
2.0079452071341484
1.9211235252780299
1.9304862347046636
1.9753621502888077
2.0897300793874876
1.7035063209602144
1.540258511842748
2.107418525599977
2.3239295378281386
2.1054634083485566
2.2510796107817033
1.819677685704108
1.9716449062011854
2.358597035974308
1.5812909922532834
1.791799143659077
1.7187228974372115
1.596093702161928
1.3742009248967706
1.42813949300584
1.430264924468504
1.7876389395144896
1.5255932511830899
1.4774026461487266
1.9329280125210113
1.9791808106314064
1.919745179573938
1.6308050671688605
2.1018300505316843
1.7673724581445598
1.9007575841034985
2.153867082677835
2.3503977392637636
1.869051187868495
1.6141855244915155
1.765150051359581
2.1498247825343424
2.284990479696378
1.9001948379098839
1.3645162299111622
2.0980610934991777
2.2628685380602374
1.9231495931090654
1.794950698828446
1.4856519091506863
1.9661240864193097
2.0917501181245455
2.1082689957065632
1.673157270992581
2.2707583859415594
1.5241397021899372
1.700534717913304
1.6063359048695671
1.979765071367747
2.1887179961916714
2.3156287340489214
2.041685728714251
1.9143742719010206
2.313172296802066
1.4428335458259993
1.826752463367699
2.0773301627694596
2.1792051581106233
2.346844395414261
1.9909193307407396
2.0544939887418967
2.16151794230657
2.1766726320022984
2.1148987846527616
1.9054434904156574
1.8138777500163001
2.090627617503415
1.8621969583529068
2.2502347149992605
1.4706448864740085
1.728551708845761
2.0285213556468706
1.9117282502020945
2.2111992013023603
1.8023501216807922
2.054280962600424
1.765670397777652
1.5308668068630846
1.8465564957300364
1.6148115411730546
1.8029766069489102
2.2351415425856866
2.3397629982981485
1.5809580176749922
2.3383497983876214
2.0910165013536206
2.336468375183191
1.9820839104277186
1.392231652106967
2.1259449951401663
1.635504564249778
2.311745821615775
2.1966803310839422
1.7036980727438702
1.4318179990455622
1.8179792494511462
2.3058479489183275
1.6041970732833344
2.157863455064366
1.7381178220983875
1.6719122978655414
1.6295618766030249
1.7755636406209838
1.6153411593269378
1.8276037937258305
1.5169334957791694
1.8723919420963053
2.0419301427368284
2.1990246120351475
1.585272042760459
1.7858573653642242
2.0382067027843163
2.0614245761014462
1.5286418361619132
1.7376819929144172
2.117560638433949
1.717202917261905
2.214107323188322
1.537649219484967
1.4078467907141206
1.4115722352448328
1.821436192455332
2.3437643524830585
2.341052024063083
1.3737587674462644
1.969261623980643
2.3512524536234487
1.7599030869190744
1.7712951125703336
2.2533098653678536
1.8451717041618705
1.6831857482394088
1.3950855140031704
1.5700089573975007
1.4816496621484279
1.854024653962524
1.6009684079545083
2.3567886106469422
1.6570884828042436
2.160304165775671
2.2225175634419223
2.2147248802938235
2.2220924055174085
2.075125520537977
1.3937187887311147
1.9676604817825547
1.6279053412112532
2.08039456175879
2.1177659217259257
1.9998797555372285
1.737062655271743
1.6874097913091257
1.4417155411310831
1.7949918123418684
1.6945519268548221
1.8358364077417044
1.99865728091325
1.9210492191477009
2.087124588394586
2.1021153745456287
1.6103338267130036
1.7067866799680007
2.2328047007339737
2.1530504479272254
1.6836835303321838
1.9442026229345604
2.2027181164762415
2.1579264377556546
2.0682737154860473
1.4875330871802763
1.844228388295443
1.5066216605275813
1.923678541528402
1.3865253395102952
1.7957342365921483
1.473903427434482
2.119275102800603
1.8441879262642005
1.8129361069670369
2.039291210867795
1.9259907229648547
2.358061962071966
2.1703080221843933
2.122595273000872
2.029559740753286
2.27316866107609
1.6349879449289668
1.7911925132301947
2.060672551782447
2.319571217142195
1.6117100492715468
2.2455190254809505
1.9986797111983101
2.2656516376238574
2.1896628753749474
2.046799593005755
2.141868389497654
2.1854581442909264
2.060200433962242
1.7280194462765326
1.8809215786513305
2.312345849832996
1.6497578010762313
1.4397540609352344
2.0696843710489716
1.397150862765936
1.7809983823526716
1.8618657413942625
2.1973407998681864
2.186750864253177
1.5750922589201402
2.0437139612956066
1.9675342131924485
2.226854797077453
1.7893569176640607
1.5614146076405044
2.058449296419993
2.25535880979508
1.6280713573000658
2.3239192010816745
1.4245279729951676
1.4431271383340272
2.0788722049435933
2.231329356972516
1.5631751181308313
2.3268199039124395
1.9512241023573902
1.6961121654757536
1.4549504469400467
1.9830523767105102
1.691202803513345
1.7288195976576146
2.2775399201715048
1.6870217891350068
1.7542412765633464
1.7034853176365685
1.8156097134481426
2.106757312680476
2.0340985863012673
1.9953524769687498
2.000019928263264
1.9183095266463464
2.34074699695075
1.9286422894931199
1.8834343952519685
1.9642788191622986
1.9964719579313461
1.825462190927301
2.0269639032398676
2.201646800580604
1.3977225614514337
1.6291359754873442
1.9787855929380072
2.118947927744355
1.3821975726478144
1.842978770622221
2.309102986355406
2.0320956498522382
1.4695818038281814
2.069028831973678
2.0702490102410502
2.2887868970020255
1.6346733534676814
1.5730619767714975
2.1870404420467033
1.7192442850264646
2.050705519632566
2.253778465437195
1.5960598526599536
2.3389527276708595
1.5391597755826862
1.6081446272218745
1.8769648476050205
2.1353854084588164
1.7926903765612485
1.4305559203860567
2.138156476529107
2.0288553874467334
2.350559312004336
1.409154514672797
1.6166602309999891
1.4463177848137523
1.6814494625612249
1.6589561550685479
2.0278955298942667
1.794287596840155
2.032685420775348
1.762149262890698
2.2218099751137657
2.2548769195573004
1.857937393572195
1.5658583460275877
1.943998761232095
1.812583221434818
2.0789493910195422
1.3596935765455014
2.31806505750513
1.4613367917110818
1.6549724723626393
1.5717792115160827
1.3800053780740764
1.4083895985864563
2.0407193789297273
1.5715982569616056
1.5641425515506522
1.7610516427689435
1.9966278055010303
1.9916083416466615
2.2214688285140634
1.5654924088738198
2.2225811662888844
1.5791395719766619
1.7877440949562575
1.7622516353497102
1.536259934974215
1.859056695377685
1.6396556380896623
1.4147176934837202
2.162481024700894
2.215972588640009
1.8577650504172238
1.4829370459923723
1.5041307651528255
1.768421783595721
1.4219921095093424
2.315627229810666
1.5516856824474483
1.4963112566840078
1.4606173852880036
2.093085405582981
2.1628775052281988
1.729400717172424
1.4166162581969801
1.6188110651932541
2.123950889229056
1.4172539738929362
1.9114975789512796
2.0502061961350413
1.6489692247049195
1.4543575284150776
1.9543106061170659
2.150033483172858
1.4603109071744658
1.6414724932256273
2.1461965196005264
1.6739456754286437
1.7560787034718313
1.937294877671443
1.3973953703775788
1.9024257293447706
1.414541409517718
2.2844110569979748
1.363454118834692
1.8945759203073778
2.1075819210477036
2.1531661205894324
1.6623548813350106
2.015392683677463
1.6948814378848527
1.5204541721499167
1.771810013692423
