0.06498988579025076
0.07531217468586679
0.0441129271989089
-0.03688147065490763
-0.5195836565301589
-0.21601560368942693
-0.2341845021963017
-0.21110014401225605
-0.252844086929339
-1.003162765065375
-1.2369060383941908
-1.132166791856705
-0.8152491898035502
-0.6444303296489235
-0.5797667372665438
-0.5310521927794843
-0.5202543649396287
-0.33038522496213657
-0.20639358530536953
-0.19314857748183975
-0.1669211329472092
-0.10974472480997637
-0.04219218019483484
0.04528324276365568
0.13222482246819103
0.285482914080686
0.618136760771997
0.7966213290920368
0.892792914739018
0.9072015286198506
0.845500320621909
0.723515140768282
0.6685925847041223
0.6850968150909041
0.7760857014691686
0.8098852082555724
0.6999381575380651
0.584202681968702
0.7065464198815957
0.7162394890664382
0.7922751619415344
0.7744239774895381
0.6984627434378966
0.745644216137669
0.8835474956215317
0.9867014968755591
0.9735838680341996
0.8757320629501574
0.7399735795658302
0.6816542888859449
0.6347043095585115
0.6306328378621415
0.6831172443829377
0.8253862638073324
1.2151059521847911
1.7605629104805158
2.142653072038594
2.2083882559314842
2.206421416663216
2.1833585036502834
2.2899172968976975
2.334049242221776
2.2807277324440953
2.2790723795087575
1.0061466314752407
1.1314525189320617
1.1891704432311299
1.4911231988393374
3.0046353133025177
1.3891923962900186
1.238962054132537
1.1731296282591854
1.3110792431382392
1.502967424194034
1.5071617632335519
1.4621272904040168
1.4413112044660386
1.456464460620822
1.391436539733846
1.3369333383239186
1.363351544844435
1.2878196487765916
1.2093252841348345
1.2139948776037084
1.134502401045874
1.0611812296760543
0.9891690830876462
0.9362391333116474
0.8850298234790586
1.0068404205846493
0.7438787507255928
0.36964105012631954
0.24645858665568515
0.4832931828486494
0.6964000065028838
0.6905709987676044
0.561551609551552
0.5898043193401744
0.6167961437887449
0.2885893689644889
-0.005885602460832209
-0.2782817989792273
-0.4388961798775352
-0.5044720584610518
-0.6322059656673134
-0.39461245205082085
-0.5318294660761399
-0.4551586184074813
-0.52727154089179
-0.8224249462561154
-1.0972244858908882
-1.3728070353090571
-1.227847353728768
-0.9331145813164238
-0.5493996743329668
-0.28345626092943166
0.1871299459729933
0.5981826894731946
0.8455170144244757
1.1361113971774812
1.4324115615992914
1.701455425231898
2.007121323373386
2.4446560400519215
2.673489747518264
2.8775131098574036
2.8703261272693603
2.9262504065761816
-0.16063629971933374
-0.14720873383470215
-0.12710932785572188
-0.35661946543985473
0.35443411708370937
3.0046803783408667
2.8825200038469663
2.6566356259704493
2.381095285581252
1.4208780958753722
0.9484387008326556
0.8086379184011835
0.8423831732301013
0.7925164481589243
0.814062359991616
0.7989706319774463
0.7119021902909607
0.6922839409550742
0.6493070405787529
0.6095179355978008
0.6304283668414459
0.6305655765863499
0.6314265279900336
0.6147820862523103
0.5886790235935859
0.6318336473348287
0.716046366508091
0.807554712954116
0.6605335433670858
0.5503821897750458
0.4391713108503806
0.3127808826299933
0.2695740815662284
0.29774878189037196
0.34253837274488796
0.4680296693657414
0.5979913109901949
0.6674134501259505
0.6981805524234773
0.8231023339086205
0.7697009724303766
0.8485943618677624
1.0083513964482198
0.9677952838408864
0.9921226142559657
1.104618424043738
1.239984650044778
1.4211278232592968
1.5404940932353686
1.672429605039938
1.7543076715144008
1.8277820395184394
1.7044093291667206
1.436435135803101
1.0449922022376503
0.6222821873517401
0.22605354361700905
-0.07365283507734954
-0.4237940644960494
-0.6794953485166807
-0.9478090640937749
-1.1702365906622212
-1.2211836759869035
-1.3087090677993902
-0.8605235432210362
-1.0614166835560852
-1.070940931386866
-0.5704766019059301
1.1938183894250636
0.80120976183819
1.1611853177315266
1.34362891046747
1.401308569631974
1.2876068638810172
1.4158845616353855
1.7530186861833221
2.1587565769271
2.4240992121813827
2.4543744330871955
2.3917643751568494
2.3554047907168427
2.4177396511262934
2.4396648398419942
2.2895276656932952
2.2516996284585207
2.3216933047892416
2.217042132833682
1.9546939492318711
1.8157691548257544
1.7124363644116871
1.3137867702028028
0.8643189783383532
0.9185642359550755
1.118005004611409
1.3153772597648556
1.4440602925204382
1.4480562058084496
1.3860167951531925
1.1986401132862088
0.9436502760151626
0.7457378782989954
0.7480702189592545
0.6017757402062306
0.4522148525228707
0.6108100014343779
0.8681991702053475
0.6939230570479201
0.8787957515419716
0.8995467752003357
0.4201140502376694
-0.18618428660227498
-0.6959006343837457
-0.9652226839300038
-1.2724847252221283
-1.3371740463938047
-1.3985543754237837
-1.2609959157856814
-1.0624813751539643
-1.015895778469927
-0.9137220948624957
-0.7485468394197538
-0.6636765631317519
-0.49662736226070775
-0.3761391187019678
-0.27347023091853784
-0.07872463178385719
-0.04030863022760254
-0.010589899414835274
1.685024440653346
1.8624051780377102
1.7726753355528733
1.510964230637502
0.25629206406162985
0.5800466142040679
0.28436137942176615
0.07933635715426289
0.206234823797142
-0.3486707837641468
-0.6435273144067869
-0.5398081055841256
-0.29507022064280164
-0.08569056994518416
0.2347157444742848
0.5575103642387275
0.9358530179900878
1.2423142414390558
1.3797469320836557
1.5959720465186817
1.8347505626998315
1.9198653394738565
2.0906950161025812
2.325093476699737
2.3412941951237167
2.071119511999608
1.6667856018167388
1.38250538581048
1.4950305647315734
1.5610317921203496
1.5037751532429227
1.7576091242938094
1.8864383506460394
1.957446081043276
2.068380385103148
1.9588656682861938
1.974006594024085
2.0158033971342686
2.02245768822274
2.104763553392386
2.036575488215176
1.8650299996755608
1.9875679981793068
1.849019899649956
1.3730205146180186
0.9636761554764534
0.8965552832546867
1.1130690738281424
1.0293644336502519
0.8871839221205235
0.723903957072211
0.505471805390446
0.2719029456921649
-0.22281548997581196
-0.6145268198358046
-0.929308959110378
-1.0617500005170704
-1.090120568235009
-1.2718567704766972
-1.3181557355771147
-1.349938954203619
-1.4324520085166104
-1.2238972846676233
-1.1995741194332903
-0.6379450231247594
-0.7353720185314556
-0.7081315024498481
-0.8481337202948627
-1.560844189347354
-0.37904178120442755
-0.231444711270603
-0.2295645086515524
-0.36221883565811364
0.593957984720867
0.8856915553731652
0.6602929758184607
0.22602276795064494
-0.00462874287564632
-0.1083867152958582
-0.18879386601944625
-0.2584406113479929
-0.3894224488878132
-0.4586736768141455
-0.48844630559488633
-0.4627542523601414
-0.4090347613312267
-0.3886229519465807
-0.39733132704766816
-0.3735519868007849
-0.5039657202684424
-0.3978540906427954
-0.15140501864965558
-0.16546816889614335
-0.22174320404730694
-0.15913990404217668
-0.07817195578160593
0.05967026738065721
0.015661978341328132
-0.10672158600638465
0.02081414185394216
0.17982049942110015
0.3466611765445211
0.33575795175354767
0.2988922399220913
0.39035034291686754
0.2648091464069355
0.328984239513113
0.30689488275084115
0.4705729948340637
0.8552309945018305
1.370320977676138
1.8348562826640094
2.101478648230536
2.3011416334983603
2.4300942847219504
2.532940289211582
2.5181351442092454
2.586022936195236
2.5937352442955337
2.4323255400697197
2.2116051392300284
2.0921461475425223
1.9876199656459774
1.7988946495622502
1.6183284945736216
1.530630044617888
1.4834953351726592
1.405255007107227
1.2345742282515506
1.448649746000478
1.5313571077803136
1.557316833434195
1.0542302254585463
1.0026508655682367
0.6311244840966469
0.5085230066368209
0.48141711663180553
0.7064943030373879
0.934461486255651
0.9192359761830072
0.7962536454383156
0.7000515818146501
0.6587178547560348
0.5906643967090616
0.4359927026793107
0.06591252015805657
-0.1907489753680394
-0.13213211704951708
-0.27185490047558053
-0.5238546626636915
-0.5926844653621361
-0.5447373905572217
-0.42706181657494097
-0.32110281587021455
-0.050547500516148196
0.28610362108341564
0.21080146426829188
-0.04091461193357274
-0.1835878652853133
-0.32868245125976087
-0.4211113356292666
-0.4148376040159738
-0.26865251251551353
-0.01445206317568881
0.37746752840821185
0.7549903386877292
0.955414095631059
1.241665618585575
1.2912832124096179
1.022202224070699
1.18301783138215
1.2552074031565013
1.4419500464712427
2.0232791912237795
2.577834295410623
2.941926840619133
3.0434548814218503
2.9497656521269033
2.6970959261601144
2.572895822488296
2.32118780376918
2.0577534036425496
1.6834729146161194
1.042809320508536
0.3976684426814038
0.18367156682857205
0.03814763031184655
-0.22757682586783298
-0.5231325578373619
-0.7684171629601225
-0.9038456224948725
-1.004898386799711
-0.4451658352209485
-0.43570544436925024
-0.46918243522378805
-0.19974911853819244
0.3548874369569528
0.34444665417558745
0.3561089668282891
0.4745964289668567
0.6300604631905737
1.712390026181786
2.037115713192822
1.8469220832295477
1.2497211977488238
0.8486393753772226
0.6630266068267038
0.6273250622926939
0.604960063114418
0.5272096982707212
0.5411624112843713
0.6421058534059169
0.7057308113764597
0.7268870407688935
0.8358721381283116
1.0090127404721907
1.032392806471186
0.9245561163095786
1.036694644680384
1.2372833965323178
1.3538925397894293
1.322046890927022
1.3926620790959485
1.566886795637045
1.7274426114083228
1.784063575024347
1.7911899065128007
1.9129418622800072
2.0279232203579878
2.042303002580968
2.035684842821425
1.8926308426212701
1.7907501567739323
1.5803998552366576
1.5764289466609842
1.3294018798986098
1.124509797561355
1.0520773446281275
0.7476242027060211
0.48261119805506114
0.20534379322965515
-0.1196674913498151
-0.5577905423490228
-0.8104912114677143
-1.1129302491985917
-1.343084165313027
-1.361345719249944
-1.3962673208604324
-1.339699755016829
-1.3612843223138325
-1.3763293238660417
-1.4406061133354513
-1.352047873138533
-1.3516596510673415
-1.3542687349353721
-1.2939087139020382
1.3220541475166971
2.221092287573149
1.8798509030598463
2.645356714440279
0.9919854484789314
1.023851534503199
1.158156474644559
2.4733128151267723
0.49660957888778584
2.524578758305001
0.5237168707153215
1.729177653804318
2.9491357579293305
2.4444089575824464
0.8056568883616452
0.1788569080800776
1.9094718808575608
1.606927919434147
0.5722339529963528
1.3760023281327387
0.9935347912964771
1.5860921121094835
2.1634726699701656
2.3761485815000096
1.658628427396551
1.4392916409136756
2.7270283637061636
2.7818607112188327
1.2529841504407022
2.2056965180553716
0.8082533947955116
1.7393961945713299
2.843369656380556
2.0546759766434617
0.04834494921542964
0.20233679509514887
0.6743089709195421
1.5931337407017683
-0.3396472343610589
1.2330671719692985
1.6658200515958363
2.9552974602894446
0.2556471706757443
0.00530167439636826
2.4758645107014448
0.674667308716737
3.1673842362408475
1.4414231371367647
2.2286869970287455
1.160315599609524
-0.36755649309020205
2.0978400824156878
2.2334472121997533
2.5119780008897163
1.591086750562092
-0.1704766270889796
-0.3046834160793516
1.2907749103781612
-0.4861315970901042
0.4594230645256529
1.6469659394724245
2.4423973003713524
-0.24146439651832616
2.6239900506548866
0.8755455010235305
0.6561839222510228
0.9423533440796847
-0.7978688918883742
1.051568685980289
2.1745875856405554
0.9340759565427411
-1.3480880238037247
-0.021518168321282234
-0.9961939219819016
0.10564046846643055
1.4381397955130573
1.7364807212379758
-1.15487149112293
2.0737771098701705
2.1021802623615735
1.6737643565675688
2.036252365252951
2.6583075259722637
-0.607853204190623
-1.190830299102111
0.864399702502103
0.779181175108335
1.2563113764918639
1.3613687141985202
0.042798241527992324
0.5299891799545164
2.454906225236038
1.06216551111245
0.6143867409967602
1.9245349667713367
1.0082663408360768
0.851335271600329
-0.167250520385403
-0.13756856532875628
1.238295848581302
1.0959013187959987
0.4218645130850586
0.5326572294042206
3.358397511729203
-0.09017240099023785
-0.08180360206418524
2.043000396795888
2.8856491064387786
2.0895163132790744
0.4735432126550467
-0.5937413396914396
1.720236891557152
1.8301390246986389
2.9880150530605176
0.15926696416303504
1.6688901406893568
1.1442209113009791
1.445895387814377
0.5502313445418039
0.1649588491625755
2.513169795801831
1.1503109559357112
1.4995528409760404
0.7754503673111062
-0.2427534442167139
1.2397550704315252
2.5843539195348377
-0.05761956587839564
2.099656907791024
1.0668504262983702
0.6005447346429797
2.233612008219144
2.41756542587802
1.9808942474212943
0.7264669349778634
0.9549054640200011
1.5564457318147495
1.8928236330417012
1.7811877589154368
0.41180316545374396
0.380531203153749
1.5764700796416926
0.3463954602892569
1.1900303623850144
2.748280844437189
1.7521610615675574
1.7161490460786664
0.44344518665033966
-0.49938523356367287
1.6370135300109403
1.492961631659351
0.7162502200881623
0.5654103324256474
1.4853342387590258
1.6890484114406783
1.6564454770916948
1.9751466876127723
2.43685035482126
0.18449036927409942
0.2749908009263771
0.2666226045694971
1.4841755843601212
1.870777774123415
-0.7126878246927688
2.542301079593464
0.5751944313433441
1.1293029586191417
2.552039859719307
2.278210681389126
0.7502577689305145
1.2878458637565642
2.337593245411851
0.5771245347107803
1.6090644148842252
-0.5278892492513624
0.496873812157334
0.729229269234883
2.184445932193211
0.010291190158200502
1.6457290160392786
0.4843128116945943
2.8996394986087983
2.4918709766046416
1.0241430514709504
-0.10543771229509627
-0.25489093501856275
-0.10661775428138336
1.6482272667390512
-0.2198884249039755
0.7164012310465497
-0.2625792771366375
0.4241569226721112
2.8363860183186924
2.6991359641899186
-0.4607447268381879
2.2717813349443507
2.766179304380133
2.271088822950831
2.420562818762397
2.569930366888266
2.434784181087077
0.8533532082607556
2.9560735080729197
0.6341893429991708
0.3567141857211959
1.5762923102638071
1.5319655553770966
0.8458509765289697
2.0539679701045466
1.874643026133432
0.8282361878518794
0.9710866494114737
-0.6864761664666807
2.6746862472920023
0.602258910344294
1.6074248005970717
1.8760361127183913
1.4406990830336235
0.7872625202725049
1.787995026081346
1.7784922621331332
-0.6841241267533569
0.586620335990893
1.4583024064311072
2.179616934759455
2.796427753334892
1.860682426736929
0.2923404709530821
1.173690356850841
0.8910599341324428
2.7516564136316597
1.56614658009387
-0.21835459152598743
0.947649289676244
2.0406488419860054
0.9745431982626334
1.5205462662317761
2.3774701847790376
-0.15718884402730332
2.3585366703066946
2.304161999764365
1.2450930577820678
-0.5950625975575059
-0.019087456221184265
2.2358299785727405
-0.16895145515951168
2.9760211086591677
-0.2949961074540767
0.44188940982101454
2.3604852321951464
1.0066460434613216
1.924706988095852
0.813570574942768
0.5923682253433444
2.6128614279603926
2.8606941676383077
1.8581702424363333
1.7542799746548006
1.8022639016914237
2.1076275670088633
2.444538318980278
2.6242039691323815
2.4368468583232104
1.9797019315586917
1.9172193164745894
2.0338771084777707
2.052185972310972
2.425438998666086
2.712961939950223
2.6171292695472075
2.452810850734828
2.4270492590356194
2.3043873747270665
1.781548258053179
1.7679308968065344
1.494900762654332
0.9487996559497605
1.042649355493612
0.904546057461685
1.4211349839612006
1.3040649810039293
0.9268990606701577
0.3869673777427111
0.05304791785363576
0.093068288749903
0.13203692324080374
0.18333231230618754
0.14694987784043717
0.2504810038603197
0.1889957560671768
-0.008767800751175977
-0.4711148602109151
-0.4910146285865468
-0.24288345943047537
-0.035983559995376675
-0.028998688577416734
0.23596525835263765
0.8710399607610879
1.0640081260992174
1.0971131219966368
1.1948494061146104
0.822236937946863
0.6034113318913691
0.14972415285669013
-0.4301355694348224
-0.6725945861406838
-0.5460981580090963
-0.4150019923629389
-0.1695049417501835
-0.021020942518454863
0.15326491312658916
0.21598607570579795
0.20479538541375936
-0.02097186673922345
-0.1983788322945697
-0.3304585161619949
-0.46213375292583797
-0.176230084577576
-0.4021215028059911
-0.5242251581765028
0.6359490580138377
0.512331537326954
0.5584657920570245
0.7095042802191798
1.0476258167418542
1.0196730789194042
0.722024927298049
0.4907812278429114
0.44618560840846017
0.5503227097724377
0.7327941790353338
0.9586326953735753
1.151809266661054
1.2381429007123006
1.1539554437249715
1.3636439916230205
1.4372057073708198
1.221321764747994
1.3001188031112072
1.3752238908670862
1.191534913989735
1.3583212073762199
1.4390935077938967
1.8275844114645237
1.5711373634955392
1.3630836283696834
0.9490481978558838
0.5825945972640382
0.10988114060810132
-0.2503498648280132
-0.6046837164553899
-0.5138795698931183
-0.3721020071800473
-0.3505893040792314
-0.3405479230786184
-0.606861213239148
-0.7312557820301492
-0.674728675297166
-0.7270298540245907
-0.8675837286847495
-0.9180117343332712
-0.7196031999118402
-0.5696614377942629
-0.4800488979421494
0.21556782229844942
0.5406815967991918
0.6437706453125795
0.7264257387835763
0.7566780727901741
1.0223356525563416
1.5764610549259896
2.000679143803452
2.301309530308991
2.5304126795570743
2.6064991505516892
2.6403360062092887
2.7559290424307457
2.5521422639776263
2.3097282342316277
2.272878530500005
2.151002506285205
2.2803143236189554
2.380189552088348
2.3795605641661655
0.9896202922508098
1.0119713553749818
0.988100815153068
0.9117703191441621
0.760863442336099
0.5206494482362929
0.6670275476909905
0.8562210201208184
1.0145698983117928
0.8159860699470167
0.8664791342907634
0.8847010709838314
0.7255727101922578
0.5889990311810425
0.5001739775490686
0.31803764238232757
0.17126779418652047
0.2517149124015249
0.6879508342463094
1.317383698861523
1.5288981091193894
1.7412868071958567
2.1163441078122913
1.679952608991327
1.6182508637383732
1.3402532055663496
0.7645374585071267
0.38162391044900007
0.28612877255356034
0.06976193651599673
-0.20206404286844304
-0.28174367550819424
-0.5833134550523744
-0.7221952533232325
-0.34997586185633794
0.2767048635312882
0.5272409325564816
0.5149768913967985
0.6711249138894068
1.033917513659927
1.3894015409758071
1.4834499908741356
1.8754105314790297
2.1949293599064736
2.747515003974488
3.0720847106336944
2.807963127125059
2.9433887969121972
2.3761961406834016
1.5455372248722417
1.2810157352598504
1.120680020893034
0.8412053587918239
0.6991200947786214
0.6603251025566746
0.7288155761108827
0.7969398691430924
0.9186062865709855
1.018630682540579
1.1557991492449387
1.4001332834851603
1.1897919707441018
1.3097835936398075
1.4662783756330313
0.8290387943798312
0.7669714366291739
0.150854258987496
-0.12815118678232332
-0.1414063365502389
-0.2704989941890784
0.41986390270480506
1.0601465011685287
1.3902014101436244
1.9563017133140372
2.1083157306303804
2.2327404686631227
2.3955819833072445
2.452187706566286
2.7128061556211023
2.7675996687876516
2.780272633755812
2.8129051762187465
2.254993768098494
1.756096814762881
1.4058851627874511
1.013624378008245
0.8171475664346273
0.6645994561324835
0.330187404434106
0.1643947773704329
0.0721639817695479
-0.3019945533674106
-0.7210856975643096
-0.5239765470374501
-0.19407418159665468
-0.1163442446821267
-0.12731103782798947
0.08027914393177905
0.5665973422628051
0.7737810544850126
0.9849343198663245
0.9552390893063106
0.7345461084104388
0.5627161523539617
0.04936915202670029
-0.4356381372416999
-0.4187916430941906
-0.20590328671667726
-0.6419301549137745
-0.925016806370399
-0.7415592419413021
-0.1827426354671156
0.4157627343183291
0.6362181583128911
0.8339124088268535
0.9830841648456988
1.1530513111616196
1.375867292082596
1.5603354504707723
1.7066808084018512
1.8549094135322344
2.064121372030389
2.353092069761909
2.319201533219467
2.100965761352439
1.309849956404092
1.2052681084732078
1.1236124544436292
1.6258905699461077
1.8692222036550667
2.2857550854583644
2.3131269484007
2.151312705474952
2.22320237920153
2.100090843536065
1.872426012809789
1.6285466456691975
1.3481080735569237
1.209104357148272
1.1351925644868954
1.0387186296560467
0.7516408630962889
0.5861406459530107
0.41553490403371907
0.5427493592658582
0.6926256940696103
0.5463192638780171
0.1915627910883754
0.049386487459457645
-0.16389880391685244
-0.99720645643024
-1.3923383239922673
-1.2856373391835363
-1.470624412678365
-1.3908717944960167
-1.2697391019286084
-1.3495633286429112
-1.2116500864742332
-0.7315268880696346
-0.2897080699663699
-0.02794046161596756
0.033006112467834636
-0.1229953851993182
-0.4641750910001801
-0.6544071286952449
-0.6639464781498835
-0.6269420108255305
-0.6149410354149507
0.03706970334364105
0.8350973909031268
1.1713660601225278
1.5218327968484
1.7420613653410462
1.8735982366984536
1.8844667582873054
1.871488064465193
1.958216699748802
1.6865811242126059
1.5111669790470605
1.3044932238949087
1.0904308246271959
0.9338347299186642
0.912885965445261
0.8758820045256368
0.7609101240918938
0.7002429851990111
0.5274378115342756
0.43540151960971407
0.689032346200057
1.0596566006904966
0.8321808887606801
0.7490194993786965
0.7782928516957922
0.7821200728913621
0.6316584750542104
0.5673900721447741
0.6770260349985004
0.5825224353309058
0.08664892584368179
-0.34712636393878366
-0.22105223999982515
-0.4571173400883691
-0.5827548837584892
-0.5241385735667256
-0.5488646117870085
-0.4608509197887847
-0.15248758769678616
0.07332422527683623
-0.16558319321232493
-0.44674359946551656
-0.1942071548266341
0.09527495427371153
0.21141085915770097
0.4032389065289841
0.9280189713127778
0.9502843283681113
1.2867900677292619
1.6140758966420474
1.8313693177713855
1.9304856322493111
2.187375113108432
2.4697934776955357
2.705233813224935
2.492707599334766
2.3291798142174196
2.2878054510514954
2.112007557241796
2.165599195569653
2.138130424851364
2.185967738781591
2.2919203992604773
2.3562405816132124
2.1635608535649893
1.8779446856475381
1.722346587418724
1.4963271946114982
1.064241945360625
0.8812819706165693
0.7560820119556236
0.4262675989855186
0.10951376277956747
-0.05370531142205822
-0.4456187022064751
-0.6939015752941763
-0.786091830950557
-0.8215564098571947
-0.7494576109518719
-0.8138909462948302
-0.8820119619259156
-1.0121917258785071
-1.0774309587193793
-1.0053654893462616
-0.8177635368471556
-0.05550152514264645
0.12628423634579908
0.19727197831815146
2.3530372620189497
2.271902116551385
2.5444938164241253
2.7418506195089223
2.689271790664653
3.0410025733612156
2.676421063914492
1.9685187802909332
1.5922470478580748
1.4041702887041363
1.2729791877415215
1.2786954216989304
1.3066413502751135
1.3648878176917174
0.9944101362494298
0.6120133803946685
0.355406136575359
0.06430550942457589
-0.35458722863649367
-0.8523362501592868
-1.2445760732907287
-1.2595092341063971
-1.0814084549709104
-0.7646771616505231
-0.6721721885931649
-0.24619131880245593
0.08690598257318771
0.5820823550779723
1.4423429568357342
1.5964806409283352
1.3152142084560583
0.7623028853662215
0.6050300359911285
0.3202287902858439
-0.08331108822573262
0.09560988329109489
0.2976115775514469
0.35943516785177376
0.5809458660123811
0.9701295875167242
1.1770372232712123
1.2561473637265974
1.1604235862241117
0.763343873774536
0.4177195226783127
0.18682434349784335
0.035131597387425745
-0.27418486083156485
0.2134702869767704
0.9327701714515126
1.3333179031569338
1.3903076733841182
1.3557943354524011
1.1401327085262576
0.9220485084812533
0.7661472268721867
0.5805929149977461
0.42281489051999405
0.35381809138032955
0.3336054731411281
0.38505593630184526
0.8084798664084881
0.7864886941146658
0.8429935659375101
0.9380090799106756
1.0545755402746262
0.91688041255742
0.8575551955931718
0.9269846021971395
1.032587901604595
0.3851767544210209
-0.5017441822084231
-0.6339495930607097
-0.6081725805393782
-0.8521682213825988
-0.7661483989567123
-0.48286257865525023
-0.3506417643991771
-0.22098507386260433
0.04653438153759477
0.18567669776245865
0.12149244721650874
-0.0067778227843434576
-0.45457105893728367
-0.7142506494932094
-0.7785405876510688
-0.7417805165623611
-0.478217833801333
-0.6713820805713501
-0.6267958952681051
-0.20956336050659605
-0.10113507198835346
-0.2143196232533231
0.08192275841575312
0.5707873803184139
0.6691741789612906
1.0463442387571553
1.478203675647888
1.8191206372477748
2.341011871012215
2.634700285805896
2.70413052213447
2.484935892097171
2.499048387397098
1.4867072385696956
0.8400221300104063
0.9562749499004564
0.9294052220232725
0.6182893117409837
0.5959862973805319
0.8942149684040076
0.998168819449309
1.5135251187513752
2.2991706529732117
2.4718411355134466
2.4199542508647465
2.4691229447315868
2.3734668193221946
2.1857023335926367
1.9359524576318932
1.8280977658427262
1.587674339465419
1.3692855928700804
1.0931475101817227
0.9275842289714304
1.9720231442253937
1.7740120156840165
1.6315974758566107
-0.9865126965130675
-1.030201726809092
-0.5761757427365177
-0.2875029757207923
-0.3449782884467664
-0.2977814563045188
0.174303564790067
0.5112117883704177
0.1962175189407679
0.15137494928940645
0.3294175736849607
0.4657915789670669
0.44556689805285243
0.19750927025390524
-0.239867391774622
-0.6588795173920917
-0.8925001408614482
-0.8842534555784393
-0.4436403659223039
0.15072448963140025
0.32528071828157423
0.3856477135103958
0.4165305461874199
0.9788727133500228
1.6989169930091939
2.070586543831224
2.121739004769424
2.2265987691211033
2.3091305109947444
2.1894664519922613
1.8065375980388374
1.6677395642224917
1.464971117011009
1.168309304558664
1.0058583909666006
0.9269516497510575
0.9627945986620138
0.8840119029437401
0.8158932829413696
0.8124723432053094
1.198865284760967
1.3412650998351738
1.3349163018684482
1.337904658005343
1.6471239729125915
1.6544106141617838
1.6045095556243407
1.6891653555592843
1.362974111719344
1.116532186588472
1.2040399081605502
1.313049230703402
1.3773549480466933
1.4282071620292778
1.6772547153083857
1.8128670718914643
1.777722462773866
1.3646025535709707
0.8111091972835915
0.697883192969768
0.52469820761577
-0.3016053237225551
-0.21804429433786326
-0.14155720388767437
0.7281374244406065
0.6693800250562538
0.5684997992931359
0.3946182344351976
0.5141814317320831
0.5437457530431299
0.4495690670338299
0.9374383140360495
1.0144550441131306
1.0098877070137313
0.8408260086497736
0.6524663953507084
0.5987572386569424
1.0476248903825276
1.4318341853604895
1.646317868099141
1.8367306100536558
2.1048619425357353
2.2260664204241953
2.0041382566803567
2.4006845419559277
2.2133040514001903
1.11350931650426
0.7305415208621238
0.8327893273261892
0.8057035102643687
0.684842946221413
1.0311369167196114
1.4129971184502648
1.2016178396899466
1.0966793008252727
1.4016210359851378
1.451864968386984
1.2483008843164258
0.7093918893932386
0.2668651508677821
-0.01341651952851373
0.11689605949432755
0.3045774714695947
0.5259036669226467
1.4492384754164827
2.2307403294544272
2.1637090709983835
2.281343468788879
2.0674327986178587
1.905724397046346
1.7365610911259362
1.3504583271231743
1.2553667378973352
1.1750508618840019
1.2228514322341868
1.0564551568162637
0.7389105177043069
0.45842206729544493
0.17679080252813173
-0.04727880711807716
-0.2613120158430581
0.07892879047867826
0.388252248452195
0.5817942250421547
0.5460928351649537
0.261124722479812
0.46010590403281876
0.38004810336563344
0.9755695039659324
1.1130156971928202
1.0315860564820205
0.8652962566660434
0.7874972284630489
0.47399810855618657
0.3543736353510908
0.4037232312175523
0.43772837086572386
0.48060736172132895
0.8330909011949692
0.6919863866235147
0.3932383287118727
0.10128042512132
0.45766635813683054
0.8852026571221548
1.179491582388369
1.5904169839381164
1.8355543482470005
2.3728892679054807
2.8578523951382486
2.591892345638162
2.0220001416196696
1.7686361836532158
2.040980169620349
1.9438664819730929
1.890653173520495
1.748383365145977
1.247983020050842
0.7865328710281172
0.44426918253331127
0.590548876982228
0.6425431942091093
0.8608703930168812
0.9158523197597294
0.5686861096880083
0.39528523078755257
0.26223862187242813
0.1180974451026584
-0.2610470786814563
-0.40059097679244005
-0.5192822379837433
-0.4773299204039357
-0.40906014944394353
-0.23202128233067776
0.0011607774194365593
0.021289134040166052
0.24616295808866107
0.13700401479071966
-0.1912465508565685
-0.16349740460753098
0.1806837414416428
0.47950248837326914
0.8527169234720599
1.234815137096644
1.481323612781161
1.6800294325863383
1.7507223003084853
1.7306686352497875
1.7287189884570675
1.804661236637012
2.2513310700104685
2.462230005976013
2.4787582936583257
0.415288687447375
0.47131412189864746
0.5714017662095494
0.7655883520971053
0.7873953955902876
0.7156559544428394
1.4480018392281535
2.329120032866985
2.5189966594611226
2.4579941445853026
2.348254688338044
2.06972620501239
2.0087870766719194
1.9248500746226185
1.6398298178828559
1.706063908704228
1.7279655383799604
1.7462748155049697
1.2982313329059705
1.0083575702713559
1.041662654305221
1.3707304881302769
2.609427918823335
2.2045181261678337
1.3470937942959216
1.0433731990989357
1.0605451714579457
0.8831261658174797
0.7032097277068173
0.8510165142584849
1.133132871067164
1.143211810299163
1.304524734339121
1.5690136546252842
2.080685940595884
2.4019621214671423
2.447388376130784
2.338319907682975
2.1115636110303058
1.6873972000610686
0.6926813561314406
-0.2028621674704921
-0.7442071698136892
-1.0209742400964146
-0.5854675314281689
-0.2741089960829803
-0.19144545840943353
0.0773385833286969
0.21824338044987765
0.2679357335706435
0.0714574300042354
0.11312870043738363
0.26785382087683446
0.41376276787967026
0.2785832971771553
0.421227686381574
0.6453852703660383
0.8049682636255752
1.0695375805033618
1.225719506380588
0.9347022549835935
-0.1460536378234402
-0.3544786011478153
-0.33837869559045486
