1554389804.027259
1554389901.786742
1554389925.80476
1554389949.539842
1554389974.327597
1554389999.870601
1554390024.688442
1554390048.453364
1554390073.055864
1554390098.172735
1554390123.072293
1554390148.481094
1554390172.811742
1554390198.113213
1554390223.204647
1554390248.209267
1554390272.943947
1554390297.932745
1554390323.892301
1554390348.977946
1554390374.260169
1554390399.167306
1554390424.207905
1554390449.20116
1554390475.273427
1554390500.172468
1554390524.527357
1554390548.84829
1554390579.480792
1554390604.502143
1554390629.413042
1554390654.385536
1554390679.886401
1554390705.132446
1554390729.281951
1554390753.56626
1554390778.595911
1554390804.249699
1554390848.663791
1554390874.127355
1554390898.638203
1554390923.419719
1554390947.928993
1554390971.755801
1554390996.881739
1554391021.165593
1554391045.90166
1554391070.530784
1554391101.701027
1554391127.296157
1554391151.489387
1554391175.376359
1554391199.447589
1554391224.486239
1554391247.354408
1554391271.399719
1554391295.169281
1554391319.272908
1554391344.141618
1554391368.804817
1554391393.690215
1554391417.927543
1554391442.09904
1554391466.963642
1554391490.609358
1554391514.861071
1554391538.884034
1554391562.709056
1554391580.687087
1554391598.91841
1554391623.980759
1554391649.502759
1554391668.076082
1554391692.854491
1554391716.683355
1554391734.60999
1554391758.932927
1554391784.236819
1554391802.603513
1554391821.013488
1554391845.871282
1554391870.356797
1554391888.277703
1554391906.733315
1554391924.357436
1554391948.220292
1554391972.679714
1554391997.294203
1554392021.888354
1554392040.426054
1554392064.79666
1554392089.613391
1554392108.401473
1554392126.882125
1554392144.151353
1554392162.526971
1554392186.898774
1554392211.711012
1554392229.572369
1554392248.084013
1554392271.694836
1554392296.347339
1554392320.939409
1554392339.104604
1554392357.153461
1554392375.499276
1554392399.524624
1554392424.104011
1554392448.61987
1554392466.468996
1554392484.381421
1554392503.434124
1554392521.290108
1554392539.154364
1554392557.187775
1554392575.912635
1554392595.498521
1554392613.82814
1554392632.056597
1554392651.216835
1554392669.033638
1554392687.704602
1554392705.615678
1554392723.774172
1554392741.882366
1554392759.213716
1554392784.587362
1554392801.826193
1554392825.55367
1554392842.696871
1554392865.970051
1554392883.875861
1554392908.622904
1554392927.366218
1554392951.222359
1554392969.994808
1554392994.474575
1554393013.078647
1554393038.007798
1554393056.679658
1554393082.685569
1554393100.996372
1554393126.330036
1554393145.533245
1554393170.573173
1554393188.674762
1554393212.642758
1554393231.670979
1554393256.752552
1554393275.731183
1554393299.759854
1554393318.101198
1554393342.639976
1554393360.872147
1554393385.004486
1554393403.58842
1554393428.788063
1554393447.893398
1554393472.809583
1554393492.944627
1554393518.159326
1554393537.45487
1554393562.885618
1554393581.449589
1554393607.202704
1554393626.395014
1554393651.541569
1554393670.42362
1554393695.891588
1554393714.673825
1554393739.82676
1554393759.157885
1554393784.311777
1554393803.73008
1554393829.205483
1554393848.441211
1554393873.898465
1554393892.776894
1554393917.888118
1554393936.989895
1554393961.698305
1554393980.319114
1554394005.32673
1554394023.932085
1554394048.301165
1554394067.113772
1554394092.335742
1554394111.740589
1554394136.139598
1554394154.067688
1554394178.702771
1554394197.761898
1554394223.259493
1554394241.286292
1554394266.550561
1554394285.075059
1554394310.051853
1554394328.772354
1554394354.453894
1554394373.297636
1554394398.234463
1554394416.883986
1554394442.042272
1554394460.45824
1554394484.371698
1554394510.678937
1554394529.053443
1554394553.419338
1554394571.67246
1554394589.447584
1554394614.152551
1554394632.888985
1554394656.381966
1554394673.967339
1554394698.109174
1554394716.315101
1554394740.914459
1554394759.08254
1554394783.120842
1554394801.325019
1554394825.533256
1554394844.083661
1554394867.97984
1554394885.982714
1554394910.357635
1554394928.450454
1554394952.775035
1554394976.851701
1554394994.936489
1554395019.671076
1554395037.79866
1554395062.327241
1554395080.70453
1554395099.015401
1554395117.673731
1554395142.676241
1554395161.946107
1554395187.259877
1554395206.183853
1554395231.341966
1554395250.283217
1554395275.239256
1554395294.924348
1554395319.816357
1554395339.319529
1554395365.150724
1554395390.205721
1554395415.323492
1554395440.251668
1554395459.136037
1554395478.306972
1554395497.062302
1554395515.577092
1554395546.887155
1554395566.082569
1554395591.164932
1554395610.162474
1554395629.943958
1554395655.316745
1554395673.417375
1554395691.118837
1554395715.818827
1554395735.435971
1554395760.013746
1554395779.04263
1554395797.959406
1554395816.382189
1554395835.018553
1554395853.437514
1554395871.835118
1554395890.031094
1554395908.512533
1554395927.252852
1554395946.030455
1554395964.725191
1554395989.916582
1554396014.965566
1554396039.908404
1554396058.652506
1554396076.98118
1554396095.730664
1554396114.282792
1554396139.10803
1554396157.721682
1554396181.365309
1554396200.04866
1554396225.340084
1554396244.289387
1554396269.913235
1554396288.553421
1554396313.815994
1554396331.85234
1554396350.778805
1554396369.531502
1554396387.678449
1554396406.665236
1554396425.684517
1554396444.403816
1554396463.646365
1554396482.632498
1554396501.639038
1554396520.101022
1554396538.99143
1554396564.251226
1554396582.895124
1554396608.128194
1554396626.757989
1554396651.755877
1554396670.65144
1554396695.219866
1554396714.371707
1554396740.279246
1554396764.959958
1554396790.448111
1554396809.390611
1554396834.225989
1554396853.31367
1554396871.55685
1554396889.172635
1554396914.629621
1554396933.263224
1554396958.70888
1554396977.912144
1554396996.502818
1554397021.148468
1554397039.799976
1554397064.151128
1554397082.203012
1554397100.697268
1554397118.657439
1554397143.882568
1554397162.913127
1554397180.863235
1554397199.739822
1554397223.508572
1554397242.141054
1554397260.334619
1554397278.951809
1554397304.030592
1554397321.606973
1554397345.348047
1554397369.777989
1554397395.638083
1554397414.72075
1554397433.331942
1554397452.098133
1554397470.386421
1554397488.998973
1554397508.005528
1554397526.603027
1554397545.148168
1554397570.086379
1554397588.995488
1554397607.409225
1554397626.47753
1554397651.26649
1554397676.450321
1554397695.29638
1554397714.262807
1554397733.317924
1554397758.194617
1554397776.951438
1554397795.41484
1554397814.625204
1554397833.583055
1554397852.319846
1554397870.949194
1554397890.358719
1554397915.684293
1554397933.872879
1554397958.351123
1554397976.712804
1554398001.685423
1554398020.517098
1554398045.886619
1554398064.850527
1554398090.116795
1554398109.413
1554398133.958368
1554398153.154411
1554398178.259655
1554398197.214313
1554398221.298599
1554398239.471217
1554398263.93062
1554398283.018696
1554398308.120896
1554398326.888612
1554398351.733914
1554398370.562845
1554398395.051207
1554398413.487197
1554398438.545835
1554398457.746305
1554398482.496619
1554398501.522066
1554398526.940761
1554398545.83633
1554398570.848475
1554398589.82833
1554398615.15616
1554398634.022123
1554398659.717357
1554398678.508258
1554398703.298109
1554398722.026267
1554398746.66144
1554398765.451889
1554398791.129925
1554398809.837301
1554398834.81468
1554398853.688733
1554398878.490322
1554398897.31672
1554398922.392155
1554398941.503352
1554398966.518988
1554398985.373393
1554399009.488512
1554399028.009427
1554399053.495908
1554399073.043984
1554399097.47268
1554399116.703899
1554399141.688682
1554399160.371525
1554399185.258545
1554399204.418378
1554399229.628046
1554399248.148285
1554399272.126758
1554399290.693498
1554399315.601899
1554399334.526401
1554399358.806605
1554399377.742636
1554399403.003778
1554399421.633202
1554399445.895812
1554399464.678736
1554399489.589644
1554399507.978326
1554399533.195699
1554399552.020923
1554399576.662257
1554399595.679827
1554399621.072286
1554399639.875953
1554399664.513675
1554399683.59672
1554399708.141922
1554399727.026397
1554399752.453846
1554399771.676718
1554399796.879218
1554399816.384424
1554399841.039225
1554399859.926194
1554399884.274333
1554399902.615189
1554399927.040408
1554399945.807624
1554399970.474054
1554399988.614153
1554400012.829437
1554400031.695784
1554400056.933431
1554400075.404191
1554400098.790237
1554400117.10203
1554400141.287936
1554400160.587483
1554400186.064107
1554400204.888667
1554400229.065381
1554400247.879402
1554400272.812848
1554400291.397909
1554400315.431774
1554400333.284528
1554400357.468896
1554400375.430846
1554400399.408314
1554400418.017739
1554400442.612706
1554400461.59805
1554400486.335303
1554400504.974266
1554400529.795622
1554400548.776341
1554400573.341737
1554400592.176034
1554400617.808713
1554400637.131595
1554400661.757039
1554400680.53379
1554400704.781085
1554400723.881883
1554400749.150633
1554400767.912955
1554400793.295303
