2.0742433772616997
1.7441740578042297
1.9546778804651748
1.5166583433312888
0.87983699212438
1.7552467408795485
2.13791700521258
1.4965610941459444
1.4966463137425512
1.7381263241919065
1.5981984122793573
2.212257590193468
2.051228199115981
1.7090546608911406
1.9116214202866857
1.6107665681361276
2.364411004733807
1.911011738828652
1.6093706756865496
1.7734406382674377
1.7229058654622955
2.3944556952984497
2.061494411292563
2.249225513720246
1.676443280278214
2.082994805188496
2.4019888089779085
1.7076668967117172
1.7082936293607396
2.2330781566039746
1.8762165844345304
1.9184779165333952
2.6524619582688134
2.511905748603877
2.08369058881541
2.211927840668002
1.9785079633638083
1.9357069301804168
1.7701583807178907
1.8862990335357144
2.0113475749816616
1.7959840651501415
2.22311618019258
2.6942346926331378
1.6051241504247058
2.3646300518067362
1.9594743682515061
2.0916247804865935
2.3951766183781786
2.2137311159647184
1.7093902283051008
2.066028294257507
1.61525397826251
1.894679061423034
1.694178001581555
2.365223446259668
2.161527627999193
1.7640718663002966
2.055872832517034
2.363413125878111
2.313679513038013
2.2910784473989403
1.9054745523875636
1.8764670338621092
1.1837248494362085
0.8530381333809088
0.6108066148408856
1.4343221056039066
1.5901209265400083
2.353827764075073
2.1430374409851907
2.5377609740276355
2.260475811088209
2.2536748387677106
2.4213371868921745
2.3468954126269232
1.751106131074321
1.769532273091173
2.370893859949623
2.3323023918475374
1.77652619281501
2.4523750511533575
2.3877595599305157
2.076776442315726
2.4163370509996747
2.5290039636131962
2.532095658821159
2.414280731008425
2.1950597779859273
2.5630550438386948
1.5867977210220172
1.6951383658172545
2.1668235303159347
2.4532821191489456
2.2627363596545282
2.004411412748578
2.5983620068512883
1.9638524349288227
2.6651745725084517
2.624615060386071
2.5414913461556594
2.2716310551027274
2.4818400718417726
2.051189335687106
1.9806319619890373
2.232505747595536
2.507758610546468
1.8779664283769788
2.3213421049547
1.9637610109362473
1.6491465289075127
1.7969098903272072
1.7139262086458045
2.2092605502973166
2.033520265657829
2.0557900424423567
2.243028950747386
1.7148902212752102
1.4533342667478322
1.453052319130136
1.4696668155521488
1.8726579770838336
1.634159624608538
1.3668339238716756
0.9993474834967556
1.2448554954499562
1.7344166557771736
1.2023977525820797
-1.5597097232779027
-1.0956012854161292
-1.5504087792468044
-0.8520707827704808
1.0223788400924674
2.194289451315557
2.004513017840716
1.6580508410557164
2.1463570592564003
2.2595119619861275
2.299388489986056
2.617406803757321
1.8421400949719968
1.7888926290488896
2.233067686469169
1.5904040333469773
1.9341318668834815
1.6477965654740627
1.7739015091126222
1.7704200668503858
1.8488321875786708
2.025496476080284
1.9049020000443055
2.4708626302383734
2.2778929257339797
2.0436047740661363
1.653788817458777
1.7924220735512064
2.2556163505797495
1.7062279559223137
2.0408523210946288
1.907657265389126
2.6791735191756216
2.141943824776722
2.0747981781514557
2.735923983600513
2.4636887203120907
2.3419042330116575
2.113627368369038
2.1032884714447544
1.868045493756182
2.599655664247568
2.335271319106908
2.0005523937151137
1.839491696160223
2.0431220590456154
1.9343382879339566
1.939111966987241
1.8387901193297658
1.674468420168761
1.2211974298508186
1.806098562394379
1.4388544533037704
2.080198956263161
2.095020237223433
2.0383793987850245
2.0259880493064992
2.215822711872662
2.456192973922451
1.7712107399679524
1.9538146082340637
1.728244397172505
2.527426482344931
2.497050270088521
-0.6207959057232368
-1.3121831502372212
-1.2176593657825323
-0.33722627574201086
1.5070599353834488
2.3050041949211466
1.973941124732158
2.4809960700387137
1.596134785679562
2.305976509858592
1.8913102682632181
2.542205370076448
2.4235215362670677
1.7963186040010826
1.9552808805402708
2.2619971120736246
2.1346877381872145
2.1832993023941483
1.7321955380707146
2.1501062832647886
2.293381892994549
1.9513479658850346
2.5046528933406362
2.4749324813423508
1.9145887987587709
1.6716083683836618
2.2550067965152722
1.9411396009473185
1.8503927430427305
1.9382221635210508
1.9973372554455207
2.1719075170265443
2.414607466402963
2.5704656167606994
2.6281447030118397
1.9455094238353845
2.2380179952136587
2.2953631580296423
2.1188908579392667
1.9528023255238631
1.8221905655180661
2.629761642509701
2.503859412696715
2.3823270875093776
1.8976025494602546
2.276465482751927
1.6907031179530188
2.178555268371406
2.369984387298743
1.8894566503115555
1.478758041457306
1.6188588694841524
2.0199378878995784
1.9036913168274938
1.6194413973974062
2.051317408593262
1.8720542632199857
1.8787872776150785
2.446102946386863
2.1073531149518154
1.9112178683114316
2.372678516350153
2.340816532750501
2.222545950141565
-0.8340762672294296
-0.7062420418192362
-0.2597415169391193
0.7387163748522517
1.556929110847865
1.4117997533468951
1.7441741079596882
1.3707117526562826
1.6921548544253255
2.3213495213164244
1.9991475264362537
1.9075795821038186
1.5173824865768204
1.9845597566353237
1.4195070833847196
1.7164058004859792
1.6478875357535498
2.076539214115788
2.3006747595163852
2.0146974488187865
2.386234573510833
2.3608949234156036
1.7170586940851678
2.4576646693062023
2.285441316099947
2.532976494145733
2.05980127683923
1.6944389836423468
1.6384986661557377
2.1888524871001964
2.3270017877287117
2.7688263843629293
2.6211228847313586
2.3108443693139367
2.2967743856260476
2.1978392436132492
2.5464030850682033
2.461201643466692
2.1764056156145952
2.066533293366534
2.3415173772841653
1.7450679641625677
2.236091558873553
2.6475499750148246
2.3749814130124665
2.322047946716558
1.9677689941167713
2.0559594486432946
1.413241204838177
1.6741345474357907
1.66585597938403
1.6961968894320842
1.821195044603403
2.369630810219505
1.748663701423192
1.8399010309062926
2.51006833009697
1.8436252100691342
2.335912931164578
1.900679257341936
2.2037691016938687
1.6764653287121303
2.1482582578813116
2.581139679173542
1.8394845318428734
2.1026750463730277
2.0082507500442857
1.1984139162563487
1.9604709574569674
2.232876035348522
2.2843863599576375
2.400547032030897
2.7567135061280346
2.1247703142746484
2.3179904120423203
2.1263208055310687
2.4695716925775715
2.000313102704588
2.474187453929948
2.3118747398726134
2.5780454633416245
2.3753822475256303
2.2191728133425888
2.5786521494016843
1.8122037174717665
2.5255415764831675
2.5247292710059903
2.206191480181193
2.0858495847221996
1.7789391573686606
2.118374745712422
2.3314883984014565
1.729794777196159
2.209860482802268
2.118684296618562
2.6797231057628967
2.2690068972479103
2.742192047733479
2.4397387856551718
2.5140520187232993
2.699655796442768
2.1388507866450532
2.6120247343186875
2.0611118572141494
2.4325473339999384
2.149883386388285
2.2345332236907307
2.1209546768596295
2.4013085182236917
1.8031239171279805
2.0113270876974365
2.4502373081036795
1.5641945058342566
2.256027254270939
1.8267950630389018
1.6495320725874938
2.238590559392444
1.5624466632955762
1.7088754273373472
1.6176528443732567
2.112165542578193
1.9216020222586854
2.112675113439334
1.517710191144301
1.960831128466017
1.2239444661605288
1.2815536664025744
1.4289272649075189
0.9504580583822438
1.4490384109253855
1.0136344750157906
0.44435413463589746
0.7422900230193124
2.1969979775032535
2.0345700226124372
2.36458191628912
2.25867361867211
2.3582721398419504
1.7906021155854286
2.3191692393332737
2.230095862390945
2.394921569998615
1.792648405506492
2.3278939557393077
2.467680368886699
2.45804789406771
2.3888786191362117
1.775588507717583
2.48289417293135
2.056593764171698
2.668766197675049
2.027633182758484
2.395597328197309
1.9364840012261573
1.6510970042623752
2.333423171959773
1.5487579710203914
2.3701885520475057
2.283448449319453
2.639495308681949
2.094728061390062
2.26308676661263
2.189604701111648
2.603857785980709
2.3400616836037544
2.2110088708171207
1.9851131084085172
2.0882074220647704
2.72791851890631
2.6692151008919986
2.182471620630054
1.8326615174000918
1.9507314654811982
2.151945222560536
2.402961254111545
2.317720063447383
2.179583491686671
1.5381195708953
2.496105832163143
2.0801326479496702
1.7908577249905853
2.370317232790204
2.0088064770390424
2.3467439132478347
2.057481194068753
1.6539030930268652
1.4806060466133637
1.6260460250454962
2.2147126788519857
1.8483522942074713
1.9438323563948112
1.8416033879669078
-0.1850111348830213
0.4583745332019049
0.15355169771711072
0.6280095674782773
1.7651944311450738
2.568516019576858
2.5401546468209135
2.5748603074608116
1.7495802549155697
2.1023719462528065
2.3611029132440504
2.368504899703437
2.276557836245274
2.124456321132226
1.6270853509846053
1.8338490738539641
1.9003838378861575
1.8333781962646096
2.2321279163126273
2.3468394319329824
2.0625526465834176
1.872728096243458
2.179677721590608
2.076038128830116
2.2618441570790044
1.812387100664723
2.2156641652147475
1.7931295958642457
1.6078430773898036
1.8865862875264723
2.3090236898311116
2.1910803419669094
2.3099303842439336
2.3467168763295385
2.5036611396385124
2.444822062072198
2.0423208980638363
1.7032203042218421
2.642003326224968
2.121767488856118
2.33442259251325
1.7559067998775812
1.8956571634630546
1.800794222932313
2.2139560050512883
1.8647296286809716
1.9139183831325486
1.356125688785556
1.7150498942279238
1.7689517079531387
2.0476092409900204
2.1719434577588395
1.7085003564575418
1.6361857976453407
2.149099555347515
1.6034899923741117
1.7943475822881862
1.927212165789913
1.28986878531338
1.8795433764171021
1.7389295872807562
1.8369712789845623
2.0028301294091753
1.6370408051703893
2.311042063996177
2.3148089070686093
2.5893986460708587
2.5618833257710634
2.1246444576299415
2.969836642877623
2.276217153171377
2.6285954008656627
2.1531815702467925
2.34019026089605
2.32145823139331
1.7803363463679804
2.3877113344931273
2.0164097133943275
2.1737859724493327
2.596577691157259
2.626736337265116
2.01099635459168
2.255342442510358
2.5780210728231845
2.29169569810711
1.7055443077723127
1.9910184452280824
2.2377543512724043
2.620420362771309
2.120198518045017
2.5146437871239744
2.347872424823937
2.4671125298176184
2.0843531483222617
2.1718437230659875
2.4736510680648593
2.367949065503619
2.0108980125627776
2.0206079177536194
2.138831303045096
2.6353064813912086
2.1308415827842646
1.9162396566975433
2.4435527269699135
2.2203800107898877
2.1575280126424015
2.418182259475557
2.887171533372073
2.3933260700581074
2.4342528700898463
2.293969302922439
1.7321167138088471
2.587914216090509
2.190208036596749
1.9709057112487252
2.232765318860922
1.7507910071420858
1.5257628296462475
1.9752212297587386
1.6594976169173585
1.796258670053729
1.7709386499057216
1.2339666524304431
2.022137286775959
1.36721789428401
1.2522979385245712
1.6090051627323558
1.4155447734310498
1.1741385485600526
1.4377502434917366
1.9037023053737252
1.0916099294624164
1.377718388724146
2.002508003942043
2.1008080473229636
1.6949397212055966
2.305923501713257
1.840167545340926
2.2883387909012427
1.6154078131615517
1.7807000638915964
1.713323186961296
1.9305542691613917
2.2013131520683142
2.383409544979511
2.151541744760061
1.8610810642902595
1.7883657210900752
1.7152951437789599
1.64670995413709
2.630021992326659
2.066830189634004
2.261926925349117
2.256396667287072
1.7437109832566944
1.5601995984496644
2.374123365065323
2.1025242949413423
2.03777934895256
2.3563639166114814
1.7798115493642381
1.8555248875822654
2.3836322113318715
2.6835465773735923
2.280506370524584
1.9964887911369977
2.327868052978185
2.3863394052652454
1.992394082621477
2.6831934224096
1.974672401849547
2.370045302865264
1.8571629999298103
2.412383939279642
2.152612960413566
1.783540065550523
1.8625920355841419
2.0003522017682367
2.038507858084109
1.6292777596271695
2.344920498385135
2.1235833964689217
2.194615071973273
2.042623229734571
2.1318599779397522
1.9328526493994302
1.3945757249194726
2.18569990994537
1.7885121579706886
2.1665604507271814
2.1883983974115897
1.9101808855634745
2.0305445591919034
2.4857950448629746
2.1223614178930017
1.9440934833303445
2.038258434208992
1.8429950974390208
2.269762383398556
2.163490369188635
1.6596031858138036
2.5877356732185914
2.512252939606337
2.0335534628412693
2.203969555773076
1.6865814343302425
2.425649802058045
2.1414651067574035
1.9927226616699993
1.6745145774146097
2.419420998501202
1.7782580265651544
1.8477908443659277
2.540590807498617
1.7802860023799303
2.5305478483988786
2.4681378123784645
2.2313315079970644
2.321050888492245
2.221718175341344
1.7906105142682132
2.565439945759987
2.6758383333186018
1.935047915033962
2.1807834300549294
2.7428831251245738
2.702413140898773
2.3960200757829595
1.9717705796284501
2.707723102433117
2.515511454174435
2.447374117882251
2.650382029090989
2.026746111672069
2.6836484603671633
2.0094163041981026
2.116719291067687
2.093340932548549
2.2563545041389554
1.673392477497608
1.8067826555667197
1.5789068725841193
1.6326192197385667
1.4775868504217304
2.1221308620796897
2.1366427812669344
1.96180248320485
1.9069690580653564
1.3979579488620544
1.7774805819173412
1.7800614108301138
1.674772909575153
1.234341279157107
1.6828273763540063
1.625918003837547
1.9419244546140833
0.045393507719758044
-0.4502922987820395
-0.08264792793949303
0.17906858033879067
1.7567698701845456
2.6586696750791745
2.142435556927125
1.5559336757758677
1.7458335642986356
1.7272398338199186
2.3404689281460618
2.1481390436746346
1.6706250322079366
2.41427909231077
2.4065360807316885
2.3534529842528156
2.2851470915700847
1.842417958535906
1.589936164907778
2.1391097975428046
1.9070935529701019
1.8668653815646299
1.9070630155386927
1.9929646624785688
2.512321090817656
2.362171661739644
1.7395183578470543
1.9932675516194391
2.2523182524525156
2.060870462974197
2.0035955969105355
2.6091122171113454
2.1472205894696685
2.531064506579542
2.176269796423492
1.9296421366691747
1.9839597604286803
2.4027423292572694
2.176133101395924
2.658848820299144
2.1520935830150156
2.432080781727735
1.9879329855929186
2.673495776071692
2.208445975517802
2.0211626401145164
2.138731052636392
2.3250278332822227
1.509876881434186
1.8075169442604182
1.8955418310089756
1.7795081152786907
1.8706543678210645
1.7371082141916234
2.156489491632009
1.8374123555248159
1.7505688040051557
2.055293775330433
2.45623495345443
2.4183557624423724
2.3624957084925704
2.153683063662456
1.7542747321912835
1.627685642633152
2.2568159169156767
2.310589866468702
1.9723802586349055
2.5441097036847835
2.7550792072338797
2.7608415021451664
2.5921645551624253
2.119770890955436
2.446465656814412
2.0200543379412337
1.6802598083372386
2.2722911392693494
2.062238900195481
2.6968887407036712
1.875910024034226
1.9704177198212707
1.642649298647162
2.210934545865451
2.3380565700932965
2.283434847920175
1.993785720385121
2.3598320045179273
2.3563562822091386
2.019910011052031
1.9921028215119676
2.29793909465052
2.396679877443501
2.1123966672168777
2.335656524493253
1.7538092283139448
2.598743149054729
2.586163684784935
2.0578059148348853
1.9298743679932806
2.349084671970239
1.7486372186988703
2.0154934937224205
2.418625664800264
2.0251255000632455
2.452976632576333
1.8539785816179695
2.4939407658825585
2.2458606688048603
2.0093101921310925
2.4389404406945037
2.1257524976910434
1.8582488796514796
1.9581280110454935
2.1407264724786708
1.7471973349387424
1.8047910956111288
1.2541710638969632
1.9853050438501612
2.079529387827936
1.4808239719762757
1.7315662690263145
1.962724896557918
1.7408903230834827
1.4658487287752116
1.8216971587413562
1.8109630065714688
1.759832619079213
1.3611618495500075
1.3714891918084233
-1.0656147342132056
-1.1753827040329297
-0.8222846626356016
-0.5323164891097991
1.0531849484111808
1.8385744644739892
1.703758937165889
1.758028439427485
2.179471933899273
2.2926284827221766
2.529793715645495
2.1977026093553502
2.073882075537002
2.5108926133312592
1.8976688331666711
1.9777897418697392
1.7663044142108302
2.0723455755536397
1.9283829768495089
1.976014090203262
2.347843659613164
2.2101536472881227
1.847249316442675
1.7600507448105216
1.7876106279533717
1.7905146274693617
1.7519300492356544
2.2395714508775306
2.3242252925303104
2.1800583708515497
1.8216531969080683
2.3631863994946705
2.2248059336171653
2.6304706211803714
2.254323721436122
1.9504562471876281
1.9262881343769076
2.5513334503409415
1.8578829064606932
2.622706025075723
1.9808076322509651
1.6882895719346744
1.8090095608858316
1.9783495691422281
1.9769364131903495
1.5029742954524725
1.450967060941121
1.3912160135990097
1.9574980913042055
1.7720621825059808
1.9051817176923587
2.139817901984937
1.9184964526686061
2.002596076473047
2.51051055812266
2.1817536828628903
2.0119783538789853
2.521064339757535
2.280299738483596
1.8685843514542566
2.3099870452827864
2.436286767155735
2.4059860161483027
2.482866599014005
-0.40623808769507785
-0.036716581702553694
-0.053326595201919055
-0.06366099843135514
1.113969743897175
1.456886766476693
2.0702678169505706
1.995328167034391
2.1717758935429723
1.5816676392814335
1.5479723581414946
1.2423338926025216
2.030277983603263
2.4713908051136024
1.9090969411435945
1.6495316788752339
1.5880647698328765
2.364333767091729
1.6532779972016585
1.8938648756048624
2.620234853533663
2.2311673216576016
1.862869179008518
2.2202563411582776
2.45958807074607
2.2641297085687677
2.1633760511383078
2.3657820948043184
1.5173813758889674
1.804568357341857
2.795529624758324
1.9860096531052436
2.2505191545072445
2.076139130060941
2.195182374484992
1.895982089354344
1.9208616953480437
2.2204878139050868
2.117875719419748
2.1403659951100664
2.532598445731059
2.0770274369105075
2.184535100070843
1.991663563602126
2.63847773844085
2.1377166669870324
2.3774818888943945
2.162103872141691
2.2727035202522945
1.78360320685847
1.8711522171504538
2.0410727005967995
1.9989697903703865
1.8866473914802737
2.2951134777154225
1.546702055646465
1.802825424002735
2.058254819871478
2.095592302929038
1.9431871314015723
1.977372833868529
2.4165637877655635
1.5555876211331026
2.150310031947296
-0.025640462849666746
-0.5705739049312457
-0.4228915585953148
0.46230833809223354
1.9390365223767518
2.3478434830566814
1.6441978322993038
1.5924554167564213
1.5655135416067485
2.170145954196771
2.2531237878060795
2.1457633806314127
2.4164609545127687
1.7474952436396662
2.4144269687022475
2.0244056862512942
2.0356029301174643
1.698759625896958
1.8663535169757288
2.0058924594413035
2.00949095326535
1.969126182529627
2.0267440772814993
1.7773922610529276
2.0008553980619124
2.4431641188349804
2.27728027535184
1.5127828240120156
2.1329993856786293
1.8495843567082806
1.8536687712025384
1.9527833643340138
2.605682443864591
2.786522583189512
2.037868416160621
2.294547019451806
2.268441341252071
2.5410252056800697
2.6865091485746864
1.896683999926219
2.5634819549187027
2.4347575441376144
1.8879226872412058
1.866372464196695
2.408126660700984
1.6608435788433282
1.8175052469142634
1.9874029441737204
1.369642120809339
1.9485457205598864
2.2125383823467337
2.0036479444083155
1.473574852818228
1.6064993987554699
1.61042592487664
2.2752380370180028
1.8915532971876328
1.8311494397769896
1.9189648693195767
1.9186758100118888
2.15543509582611
2.3476754322272355
1.8709412445223454
1.9341925173170218
2.4297301706200356
2.473908469222125
1.8319123422691588
1.9962713844782056
2.3085338383690135
1.9150098295423714
1.818914287867373
2.2949627467695226
2.7541625628394137
2.621196224926403
2.6033991988619447
2.649958974800371
2.0142308734304706
1.925089500213311
2.1595659393584015
1.7800892204230505
1.9797181904404233
1.6995927507659971
2.285732524663188
1.6521088799251684
2.0000470230013963
1.8723237783258169
2.211730197456137
1.7151491881907162
2.2114323596396526
1.711205736350229
1.6605967976432892
2.408286036617315
1.6781012452965376
2.3497107153991674
2.3100001856427137
1.806580565269574
1.9970945278190035
2.5704541378257697
2.2699747169269537
1.7112984889577916
1.8565047416404425
2.524145531391088
2.500941703138946
2.4597501168918106
1.785511155452325
2.239905723432055
1.6736728970802053
1.6191009965768526
1.495798347771988
2.194695400085182
1.8498795257615153
2.0811985655628242
1.6095065508552233
2.358839501651041
1.8363540126523388
2.057662610436751
2.2682752619893467
1.8676225925727046
1.9696814601507384
1.8489785762215252
2.07219165791332
1.7629300216450068
1.6252252980339945
2.3099440178688972
2.173430467845635
1.894937372647838
1.457654771269006
1.7701636465040567
1.7733026035007948
1.497136099581593
2.265307216950344
1.5615569904323967
2.1048595362613773
2.1626189979781985
2.170671007791248
2.1309699707791903
2.016705358517033
1.9787792987226593
1.9540104767675375
2.238934942418432
2.3949707686565325
2.1117803647595768
1.7137609167186598
2.0062240249347925
2.2984151159111996
1.4124287989577833
2.1205875752971943
1.6061746256154001
1.864273575524509
1.7702098729586209
2.0723662709225503
1.5332484997246543
1.5843380663782647
2.224795382410174
1.7848466702603156
1.6907666653901539
1.746286480109231
1.6637574313018426
1.9847267604102543
2.142162031385577
2.416066532884898
1.9298754344957434
2.102303720761582
2.3815720221225294
1.938135616981795
2.4908979660070973
2.4493723769596683
2.2328906358535106
1.6491964253573745
2.0628991805969106
1.8180386876739525
1.894957958181657
1.52382165846104
1.7515077944217885
2.3415286226522927
2.076084645928424
1.8979201235219187
2.199762811212964
1.624447952330531
1.6748599056818088
2.372972278382368
1.9537754439188797
2.416263796189604
1.7553822849096274
2.5278548828341765
2.3412025311552385
1.6948441220723502
2.1402697279705567
1.7758458622716178
2.186489061576704
2.136281894306243
1.8863516691988487
1.9536931828772082
1.803090609984871
1.8845264781262334
2.537000817288767
1.8616210622829839
1.9013731065829091
2.2965199543740717
2.6505121373620413
2.4954722218908776
1.9206338350924066
1.8153046324635185
1.953689772974155
2.2429539449514793
2.0178381924772584
1.5947615364996324
2.285554039367131
1.2088495649163344
1.8305640984131992
1.2603240409250338
1.3644487734950248
1.3919485681591641
1.852127162389696
2.395477447586729
2.374124046156744
1.5389770234281317
1.7910575300396323
1.621595273798152
1.891000478943542
2.287626460851268
2.3689606183435687
2.469366983435065
2.1400475679526942
2.1415710363651903
2.5623654886197738
1.9757866367716894
2.4331210657082702
2.547186333716827
2.6023380144557033
2.4287064708030477
2.7303239196362097
2.7221980054884067
2.247067896531696
2.3570514660598145
2.260717293820977
2.5682814395459728
2.077826088968237
2.3537898287662333
2.1586905697713092
1.8221108311779652
2.2836483685846494
2.5574611024516045
2.641453200357823
2.021366265037245
2.2159674995722423
2.434414368497695
1.9818119376943926
2.222831156520065
2.257831575601909
2.036710951523553
1.9606039965937672
2.3601750748628567
1.7394589042591757
1.9723465165230942
1.912857074282729
1.5691445118114977
1.92343170511017
2.1134335681011716
2.2488579264172825
2.2709213743050305
2.5381487202702204
2.260632021465281
2.4599625936990552
2.4002590797499628
1.8696248198834364
2.222562628168194
2.5199932814637704
2.180967585098569
2.1489918755622743
2.084617070863296
1.928386520512116
1.6302226896460783
2.3377832934830725
1.6707312326728738
2.0735832241273777
1.818456887361911
1.3008408117189336
1.4681982051579723
2.1594264802221974
1.7453662256309261
1.4986871078195843
1.9267901183933847
1.606207491167552
1.7333434046385243
1.6314488602875714
1.9229174321660782
1.9428678016459993
1.6294159461623248
2.1861548417930154
2.291444576444002
2.431936181286591
2.739329580273809
1.8013400709710554
2.188586897131963
1.7953584025551028
1.6728449680167243
1.8140133019136213
2.45044898335636
1.5410152368298329
1.628560621230814
2.5904405505725205
1.698288937120026
2.171444796664808
1.6953552312630285
2.36239538894126
1.9680546912303878
2.04460565997013
2.386701442247877
2.262038499057758
2.105156909669606
2.6073344177386124
2.161695576014228
2.1307899884327988
2.13445684361428
2.2078910930829747
2.358158325720139
1.4373293051660123
1.710397795025882
2.0449506084931066
1.3470721466929956
1.3278050285560277
1.4696015852714297
1.332587545441244
2.266612804800343
1.5643235056068723
1.6568590667325327
2.4698894384571637
2.2760571311608815
1.6536630630726963
2.053489057683915
2.000422662962484
1.8369783254085137
1.9491831526770262
1.6399522689467376
1.8074709871264232
2.176168831255271
1.4348920606327011
1.384576369308423
2.1258761019566093
2.257725532180837
2.253976639444833
1.6046226953073837
1.9195166953817953
2.3783339101402574
2.418572482196916
2.0438254058787435
2.2582303911568444
2.1705233693796577
2.5036046894493458
1.9427526938309956
1.8583260991155746
2.1671984887526934
2.1276064992440475
2.5085942865716455
2.519023384785881
2.2273382088676104
1.8828269882632365
2.1430452635459143
2.7645036789261677
1.983598854929756
2.432506134345786
2.31016682155204
1.87778713251699
2.1979638630185705
1.735827331709114
2.4986095597107556
2.4446256223693883
1.8375060220667958
1.6333832931722296
2.1947616634632428
2.4513319468208223
1.8451391596504791
1.9817653641387658
2.0493661092563427
1.9109816466420417
1.9186005206989
2.2274869351476867
1.7307815451889947
1.5472860013217156
1.3762345707889245
1.4869658725627155
1.5395767012411383
1.1862479716663201
2.3961891418219956
2.2499039400362966
2.8002410092636114
2.6671414734781056
2.688926709641283
2.527765693569739
2.425801282809311
2.5805562263011597
2.100954805126541
1.9729960955257024
1.976162728181274
1.8332133384755962
2.1196391374186785
1.7470136472770543
2.328917835173928
2.5747196005576503
1.8123571697004233
2.084368152884546
2.3236570425880463
1.7012641360556164
1.5693001063012657
2.114831064810954
2.044158106875599
1.7235638943632599
1.579104751500563
1.3401102385594503
1.8254876631788641
1.5574499872257286
2.2074540583826834
2.2855328041104053
1.5968479051877984
1.8558269215019523
1.5896831002665472
2.232046074791336
1.6552820882820178
1.5466831772738132
1.9129131025865571
2.4011661175346943
1.6258389217754141
2.106167461955807
1.8038664660486148
1.5300755220732096
1.5661219966439792
1.658077439693275
1.8468238616075232
1.9737119569931718
1.9096264312812095
1.7118966060669332
2.058915186360309
1.8796296750420127
1.5657704191057527
2.2861539589473994
2.065916252726397
2.2617625713051157
1.8610201002981215
2.0087678896081487
2.0656664524088098
2.362443878441136
2.0176515681396605
2.1019634093173414
2.0542256399258725
1.8988875009868482
2.637285665506063
2.5516168664822554
1.8842577371138534
2.015436687050537
2.2421589634162844
2.1663684259431593
2.797754907644465
2.1163723966502723
2.6873853105934207
2.629870605324676
1.9962757886792106
2.8136379743681426
2.0578476664075116
1.8920124205375726
2.06469730067683
2.3091297308202177
2.3922692293059833
2.52507828580729
2.421185152741951
1.6678376723502957
2.36832931122743
2.103907547679921
1.5896685403281545
2.0521574363993476
1.4610904108130525
1.4130583552206202
1.7809964535397365
1.799609136275012
2.1167448872522696
1.9472795767715951
2.0952655047576414
1.5559970390178648
1.8464599021978756
1.6554036163182253
1.8225572213026002
1.659945871600496
2.0029429162125942
1.7683614792524767
2.15794654301408
2.061323950882718
1.953913812411638
1.9707597203306149
1.7071045101762576
1.8011825770305996
1.5464380056014149
2.1487542884588318
1.6654089990726766
1.9447372153427462
1.9234093443476186
2.262679915697653
2.430700189434922
1.65404066099302
2.022182356618029
1.7185770136691854
2.099611642439987
2.6165112727797784
1.7583931197711093
1.8262668572474257
2.7290909739561626
1.6870207401624897
1.5701049607971351
2.462947421884182
1.7496363055528164
2.1222029998508583
1.6334646507189343
1.720841892304409
2.3762239467688833
2.2369906759480838
2.7822404163085337
2.5342017976502915
2.1857103487620537
2.6351350240572677
2.7953748030433196
2.32291352893949
2.6694276925087372
2.227749068601625
2.5881233301139672
2.3948019969035164
2.292768829011355
1.7215164046570526
2.1079391690859177
1.5859932621193664
1.8629851198331266
2.1718581340185015
2.1823041980373517
2.2681633461466766
1.9821358087006167
2.297569762181282
2.0333642056729033
1.8053263280796104
2.2071604971790557
1.8713913869516279
1.5635661023582883
2.3684020589066708
2.405444125765154
1.7242053517584581
2.2401030476007455
2.2553231159413016
2.266764928956316
2.0695090454530463
1.7466946134198564
2.1533361502058788
2.2718053414892134
2.196635235160411
2.484199600132844
1.9294296837002882
1.7701081599266435
1.9197500920692396
2.3398971262397517
2.0408156971435405
1.750921498004526
2.375005068920259
1.91159993992451
2.3405137968868157
2.3630051572178346
2.3446980123563477
1.8962244718950632
1.9691847486371492
1.8339466659197283
1.8762194273962758
2.521831497095231
2.045801053026088
1.932311449692158
1.9381513939286852
2.3980807228622076
1.8175600969172039
2.137927841041321
2.066485986727071
2.170220729201683
2.0423669220484553
2.897588338811828
2.857929112196283
2.4507466229357515
2.8970989274301133
2.9823155418285894
2.8302636748040464
2.8296343625983593
2.257845688675495
2.809509761851286
2.206033447640447
2.6705737515588073
2.192958186352468
2.2809642296571293
2.6889920644077208
2.305458622205476
2.2990756933718237
1.9828574104912844
2.5840287851293544
1.6905466758178331
2.449886725468574
2.3976822461716867
2.1482522874541155
1.7953033934937657
1.5954068239355061
1.6163279944880693
1.7105398811295074
1.7397309295785652
1.7404920626315918
2.4065717346276845
2.385477367018329
2.358264185517741
1.6269292720815407
1.6774098455565647
1.6414009109445074
1.7672390010916355
2.1994411470312514
1.9197197858650041
2.0895479292432926
2.4078156984616697
1.9550495271476087
2.2773598469865544
1.6685979737867602
1.8844312157777574
2.0604221445610342
2.444455723709716
1.8881651806422517
2.2040891851878515
2.108229144489305
1.6582178598089659
1.8199856932751877
1.934838731679017
2.2051835071488934
2.1408742074727907
1.8311087209757095
2.3937313069523327
2.6180190590922976
2.0051944664797534
2.264053671362088
2.430469109426074
2.4123253981710873
1.8766313212992163
2.1188571246447
2.4844024222455126
2.5346125636129266
2.7652069298360153
2.6133106541878828
2.357833670106204
2.7187437100416054
2.2178741529838355
2.398937127356771
2.702393791160791
2.7398482731860025
1.9262051775349673
2.4000444292279943
2.689765575840099
2.2674051174713994
1.9093128364372622
2.37618375029804
2.4474976334455354
1.9059171950003706
2.361897231397582
2.3854333761675197
2.3520649305914323
1.7633046961318362
1.8867644155020724
1.8379418162764287
1.8753694723154424
2.2287662189490796
1.5988745865005975
2.414528815246092
2.1278070996189986
2.2299184339237894
1.5659452899220097
2.4417008234152338
1.5509923704660444
2.384504801278263
2.189184197614985
1.8605832492569099
1.7994382119661319
1.7035832403719522
1.6661773453479098
1.8563798355509133
2.4115840889147653
1.9084219377328275
2.1039031290855332
2.0818997035724336
1.603134489455207
1.8487665625064895
2.20497181840977
2.044900630285783
1.6320535921122987
1.632538341846758
2.0025206334319776
1.5452442375015558
2.3286358635434428
2.1572286153510425
1.8485496861492567
2.3610030689363097
2.4176321526451803
2.644629126395902
2.0173467732211177
2.312114797920257
2.372222578442856
1.6641165828280136
2.3144369327781007
1.743257901627225
1.9260459255132159
1.7689017922774384
2.1722969058125168
1.8535194520034668
1.7611882937853314
2.2010021924984007
2.511257363622452
2.1658262057016184
2.6104129712566664
2.074881399767093
2.4170572135054367
1.9726188622524816
1.723038610176826
2.3043920979983583
1.8508881392299736
2.312417496690879
1.5552781256495094
1.4387092331201803
1.1734440770172165
1.8451403527957047
1.91821301093797
1.9982945512540298
1.5057284335278314
1.1499834488090102
1.0623108648410906
1.8336617880013226
2.308808825323695
1.4917042999298733
2.2814454485340074
1.6353830015208357
2.2534415101031207
2.3224469790024647
2.036623335452981
2.2676091124628392
1.642104788984438
2.5047329778417393
2.3668449867177146
1.9791021413374357
2.770972553856501
1.9707579203073358
2.2443333747911196
1.8878631974663367
2.653431388757839
2.482310566572058
1.896852659771707
2.396693393407686
2.6465875229090177
2.6078467813864097
1.7315553396004726
2.2054993987844926
2.467913577326954
2.303970167050607
1.8878878125154839
2.527153194120599
2.1439810945614735
1.9559847125656022
2.035533932160917
2.179544343811577
1.942397463127384
1.7996304473847868
2.073621139156248
2.200367719718276
1.6487144375153149
1.739294865016018
1.5517578295406989
1.4135998765532491
2.0272608191399946
2.2698391202205404
1.9837490436808622
2.2438308709206995
1.9726214860818538
2.414099376670192
2.4408087157242586
1.8524600286199675
1.8723220211028777
2.704740357946686
2.265250670502309
1.7683871813432686
2.1472425962301296
2.527884789326375
2.3231267708833543
1.7583760361484337
2.2004133245210333
2.0146516545394872
1.9320051751456426
1.5479741866748054
1.705789379798184
2.1915304128020052
2.184166633525177
1.9353509066794827
1.7624109766811333
1.8451894701757425
2.02527311342816
1.66688935807011
2.2231460290807816
1.8357444569590293
2.527532804992191
1.8825437296613803
2.601750894456808
2.0920726694467584
2.2451948222634885
2.537074521197009
2.481100134948313
2.394373808827124
2.0642621884055994
1.8831304509767008
2.3313076354362257
2.0723420254345077
2.4936180780476453
2.23626714280575
2.4804332476788185
1.9254607303455975
2.4068429907944364
2.4419048064155855
2.216845830542902
2.3142071204764476
2.2362902243734135
1.7538856781287426
2.4350532255699933
2.790436148789211
2.0089215157248
2.8044836068054035
2.3518773861433644
2.340510893920825
1.9662821755401314
1.7707458913368221
1.8866852425057608
2.000194969758794
1.3874576308300115
1.6784854089759131
1.717776498389658
1.6766945766254946
2.4671102302831223
2.05040862743329
1.9621611712675324
1.891939200561836
2.0890903827984926
2.4086682785225273
2.3206171126506927
2.405494249398232
1.9319424310014741
2.461576899250489
2.2422520808863524
2.25123854941409
1.7237615376062227
2.1241572904308037
2.2183719508074238
1.8429752322677915
1.9611313334004705
2.048870240471781
2.0808982586043303
1.9153159584828527
2.021830333215812
1.677681553832283
1.6198871065599365
2.2487839188857794
2.470129992989672
2.3381479214002256
2.415476750146721
1.9952418186564325
2.1947214760475866
2.6182357751874608
1.8108577477525196
2.047226504561357
2.0296831867164538
1.8767546484141666
1.7590069142470148
1.7382070340933693
1.5968792919186723
2.0657363030061378
1.7364828832286985
1.6306710018978734
1.950457799780898
1.76025992933791
1.989691397241754
1.7611240393120022
2.287131293440185
1.817449909078454
2.006242868308071
2.23903725052661
2.4000841254471323
2.030576655362649
2.0300504100754577
2.039769394373976
2.3410612452178525
2.6302197579356443
2.2861996041607706
1.5640554242614435
2.168019271955301
2.336886570940949
1.9784287104643234
1.7352575020052525
1.4674321121479388
1.776937075301169
2.3780522037460248
2.4728693662475045
2.1714627756510043
2.707244982143096
2.098361914332439
2.2828872123469544
2.1169388567040484
2.4593802882785525
2.7040451020062966
2.7596001387690245
2.392279910592232
2.282956790675003
2.521227283791159
1.6433188480248209
2.009235706441867
2.277117112908007
2.234483118316908
2.3800274347515917
1.8719346813163362
2.1075555145481286
2.269659342161487
2.1802710927578297
2.306420690370082
2.005015277079659
1.9144333499492616
2.2215560493359394
1.9678386163231694
2.389638900005795
1.6393345336381733
1.9508458716182144
2.273430886141156
2.2200084174793404
2.3938082075093847
2.0302530101088765
2.349338775197557
2.0652916852319496
1.9680081669908112
2.2360938010515543
1.8993860133863594
2.198784064562344
2.562565802111164
2.5959988060072816
1.7435532014626407
2.326094084039387
2.3792170082580895
2.666081228868266
2.282566233655546
1.627810609818099
2.4024040515373337
1.9212603745470813
2.5243196061221136
2.4936794929276282
2.2195081523057194
1.7967858858604993
2.093092992972202
2.7254832300802496
2.0649056544286357
2.4245701866671405
1.95635265403598
1.9002223973492842
1.6909754498163116
1.8928083160773208
1.7923404616484795
1.9015982751057496
0.7533355222634479
1.2738503425893557
1.7697091251480868
1.7756817683171329
1.6439469104331768
1.8899811694304045
2.0585724043045905
2.1682807578619436
1.6475427680192625
1.7776107223902688
1.957029750849369
1.6969148907424676
2.0122586362721857
1.3294316905569281
1.2389763618779
1.2628178199073787
1.347232280894911
1.901161288916553
1.8564180596541753
1.2465444052021335
1.920801347011777
2.0471517077462003
1.468702492246228
1.6326961769117367
2.345482355397529
2.0759310249255254
1.9505578580650895
1.752039420405947
1.8986490676056424
1.8669369611019506
2.2831424558276705
2.0975805521291604
2.7718130643041077
2.093445012659312
2.6265825626376738
2.6814291859305377
2.7799770074471533
2.7574594477429057
2.5090604964393624
1.9309641929353005
2.455270556883079
2.0711974539780305
2.4481779981176612
2.428847350720546
2.442154309197912
2.193398000845357
2.1710360586984305
1.8695640564155858
2.2508755602762203
2.164801304298831
2.2878596831018325
2.492687433073044
2.5617385354911004
2.598999424657621
2.569108978563445
2.180777638735326
2.2810038428567685
2.5920463809735113
2.3447239037233416
1.8369741424260377
1.9131306696063746
1.7146032059289418
1.8455547635321865
1.529627264573196
1.1750178437206982
1.690073037257467
1.5533650805230268
1.7997365012039148
1.600854914421191
2.020525888023451
1.67268757147394
2.438924503020543
2.200204642670498
2.1119777232883608
2.224162203304212
2.1579398006034687
2.428797812905269
2.23586257290643
2.231717454243645
2.208033017650435
2.2652177467908055
1.6697645964435341
1.75797764877034
2.199814256422614
2.5184367012035787
1.6887408225680767
2.3373651908251953
2.0780193512380674
2.4271978795285585
2.437041196054008
2.309005147202502
2.453723363763831
2.4651044299399762
2.36002215475411
2.058434643738925
2.275122918351284
2.6288456123221295
1.9933758195523485
1.8236664742528481
2.4182554204586837
1.8627395380595997
2.197539055996948
2.149125625277048
2.569660090479009
2.503119477985299
1.8102674471896676
2.126428489619144
1.933749859649387
2.3896162127237597
1.9647704940816062
1.7581155068117822
2.1651821590158424
2.4216055633578373
1.788790029149626
2.4156500048445793
1.6154877010939679
1.8674955172879368
2.3327764101638757
2.405973580495461
1.9135101240680041
2.705211127561813
2.1276444865535478
1.7996282633547307
1.5921719841142181
1.9264630807979253
1.1527410473984634
1.3343156359575938
1.6310979303531152
1.8946781032976954
1.4892787033429644
1.1662865412520054
2.513363906597323
1.5172730988009941
2.1377683837116788
1.426438542952115
1.260747888559338
2.2984341497500824
2.0745904465497444
1.3844567295525212
2.603015744787745
0.6048312184674662
1.887529748386029
1.2104537814677212
0.6894314441387541
2.6015804282625967
0.9531620151015715
1.294388173282873
2.7194410097847936
1.6484789948336676
0.9924742296360073
1.5865387141559344
1.9210445977053574
2.4139984835620587
1.0001165026230747
1.4883922624952668
2.8412992531873114
1.5246298967770326
1.3803424603109857
1.0132941021511763
1.3955210378097875
2.036182122684462
1.7717945438761413
2.0005357298787367
2.235042456009529
1.8168149275194718
1.3265883533783824
1.3664855335064066
1.1412111382027463
2.4834326012120487
1.5208192341766567
0.5605667620762474
2.9188340972083435
0.7949576108515198
2.410883094170217
0.6201881737965894
0.38733232938466416
1.7659513005536565
1.3484063233658063
1.0186496260780256
2.8072101634224436
0.743123417546287
1.9866625759020018
1.1044479611515305
1.0525921804175025
2.5939430134787003
1.5081628079416265
0.8912342482488402
2.6787706453077096
0.8539990252781887
1.9845201436872806
0.6585194013028068
1.3528519762873126
1.7684094116793128
1.3229103687572183
0.6744349753115583
2.1369000618790563
0.09886845398233123
2.2100862420038245
0.6961269467810202
0.1360150386390247
1.9826335612137007
1.6200941321896316
1.2564476061727572
2.9576790582646453
0.9968913361210914
2.31096835433032
0.9630210757823369
0.8970085878812085
2.116949656485071
1.2602826605431214
1.31538691569662
2.299418492467285
0.4238005158874634
2.196263821287863
1.8738858549196802
0.7212296442370223
1.8361057575811124
1.1169228319412217
1.2598298325745254
2.142166767125137
1.4315434016040252
1.3768965402766917
1.1145628710544082
0.558157484004353
2.3902448032536543
1.855785134570806
1.2506767819936515
2.0992462010748283
0.5683537152440522
2.198685685415433
0.7953746343733302
0.46108528922194536
2.331300311858022
1.2539043667260903
0.9511489723903677
2.693124571734942
1.7485183589416429
1.206179578205869
1.040132638581993
1.8486354712340523
2.021659311469825
1.4461513828832107
1.5585343880183802
2.065688901865141
1.3228058428374623
1.2005552121031364
2.237976752296227
0.40792965698183536
2.1904616805305217
1.7801421564535371
1.9788820766174966
2.3236480921023697
1.4047177535673199
1.4986654264678652
1.0865504817758027
1.1089738607996835
