1.5191946611965095
1.736455520252182
1.8945619270744167
2.323429716029335
2.0311305887543085
2.043110692813018
1.9014110673311515
2.046709988977339
2.0681468866919
2.1902408845244796
2.437485405863676
2.3949512870114327
1.6923823374995044
0.9975302798093774
0.5303660989510787
0.24164913197065652
-0.09129096959588268
-0.6977742860648567
-0.9261372440288967
-0.781062513661859
-0.9167916983791885
-1.0672549394294397
-0.857658048119097
-0.38468495502293504
-0.08835154495722274
-0.03347974071002348
0.4758837596088688
1.233832749572204
1.462363557728617
1.435717212720961
1.6331798223879774
1.785528659564695
1.9325537119203984
2.0746413052161086
2.3803248236308026
2.8532467686909353
3.540587543997845
4.186627167990564
4.484880703706936
4.45521045642546
4.436024039120242
4.053182758148531
3.9624020234953483
4.0706760817043595
4.347321087796061
4.774127375708626
4.972265235578742
4.9491027436645645
4.75224119294182
4.641116943885181
4.538802915858453
4.512293037038722
4.279550077562373
3.9905542766591964
3.6352348501259892
2.9955020330956565
2.67480502866427
2.634306470510482
2.7161307862074566
2.887846860948415
3.4882076720835458
3.697782594430894
3.480541581596323
3.495571358796506
0.7228850147172072
0.8829373795693718
1.1338218967079294
1.685101739051609
3.2397497443101595
4.3197652405748
4.273502958730387
3.9031500516993294
3.4717001808795
4.383595054421827
5.056215320752267
5.037949961679993
4.399583449702825
3.6486959351587833
2.9391998768958962
2.3688822464844805
1.7567840875782743
0.7785314700326508
0.054194728683240836
-0.14113499454528872
-0.5184145624301174
-0.7450564215372559
-0.9024607479880833
-1.0790895986856233
-1.3122938100614867
-1.5070118524719947
-1.4585527743843292
-1.102416771634871
-1.1690752841805059
-1.2367560400111668
-0.5796437967317808
-0.0870698019867212
-0.013584645069522259
0.11714673914779512
0.2719128641692404
0.6012896544905832
1.188351415854185
1.9184539284229092
1.7613752134222556
1.6288157719953866
1.7999182669251783
1.6631072289433904
1.648062207073374
1.6462830050834267
2.162250922704369
3.4687705068116754
4.846036462043345
5.24276585272862
5.325241872270887
5.499283377576638
5.674277756061597
5.731643175080359
5.623379780435027
5.601626226747901
5.044637199700084
3.85004521782622
2.975191200116318
2.797559962405683
2.7124519061999814
2.6649127434501874
2.646589340652902
2.6735811293421397
2.790471059932741
2.859457458043641
0.04855574152645362
0.10671126736277964
0.23433322879137297
0.041064063898805
0.4667833371892262
0.8882278651216903
0.8557464695713294
0.8217879446942626
0.6196917064154209
0.6663185389581101
0.6996648786868539
0.7815808805256865
1.1893977480931615
1.348091708895088
1.13481795941639
1.0050926919566758
0.8901206600096983
0.7234904169868556
0.5218851852198155
0.44518657175812437
0.23809374991952625
0.22608754664928116
-0.025752171045101097
-0.5798737749232499
-1.0460249774771124
-1.597919255901071
-1.735172931656123
-1.832190733429577
-2.2567930254014783
-2.232594420817102
-1.4591603076069786
-1.0535421104522225
-1.1233282908437814
-1.0065636612995084
-1.066296005015679
-1.4826807524667667
-1.8588430430533804
-1.9422206940051387
-2.2021019024527946
-2.424622269546905
-2.0520763471872563
-1.8179301628811388
-2.0329098584513248
-1.8492728000154695
-1.3182642949294916
-1.2368843269480412
-1.4091096702582253
-1.676226840496884
-1.626694579125963
-0.9581926527528675
0.22861707665652015
1.1158862021159512
2.1166951933774607
3.5854896796625138
5.056980602093673
5.871868900943645
6.43518114752215
6.840029494690699
7.017389130674644
7.228307869348715
7.133842628302844
7.010215890045444
7.034911867331067
7.024502425889429
-1.2527511918617633
-1.4026610050305794
-1.5966346878411308
-1.9824433129306702
-0.6451350870786384
1.006867238827233
0.8537513674267616
1.0910124765080969
1.5543167630141899
1.718851219247499
1.5011181894006584
1.4595063867897484
1.5486446900767905
1.9468474422256914
2.3413103890389295
2.609972240719765
3.0316456271660157
3.7799787133374783
4.436082675029923
4.569124729634957
5.03805394718162
5.228970313528113
5.46914308225257
5.80172420582541
6.039391663912393
6.376019476092247
6.876798112078357
7.059841951384178
7.551864489744035
7.537853004375544
6.498906273092973
5.607797816406415
5.340430549846625
5.2768631313888275
5.236139396053255
5.104535591616506
4.721781852188326
4.332171865656939
4.916654945161211
5.067367043275507
4.791051440008461
5.09299875407554
5.07188194412201
5.1181412291604715
4.975055543579329
4.008961655756911
2.303677291857231
1.0336248675167492
-0.3681256880514233
-2.1127661815378564
-4.038773011490156
-4.981686233639235
-5.508263611359425
-6.02044954617505
-5.6582550179923174
-4.172225230189058
-2.611093334296608
-2.0388488846382193
-1.7674423158659152
-1.4915851917036884
-1.2132627276576968
-1.0893538880750802
-1.3413121277877313
-1.4583297741724603
1.8415518159168467
1.7731741669143732
1.758723335777538
1.2353257379183056
-0.7209918466730971
-0.7692655565198858
-0.5500885089641044
-0.8205708688997931
-0.9139930174959962
-0.653517658448764
-0.6122539560129951
-0.35253477993479804
0.18907252553972329
0.6282768190282807
1.0736321361589494
1.416518955836998
1.8494698778807472
2.276540291331758
2.3488799339007302
2.3851780078499103
2.535044682931428
2.8741078020592172
2.945344965599904
2.7899541339786778
2.558429741554465
1.795335488104297
0.8946098694294538
0.29988511417589964
0.1310666949021318
0.4989316347243104
1.1092298781919265
1.7621238762967109
2.0557044097543167
2.118123883084365
1.802111929269483
1.3164582549736816
1.0306601633864594
0.7833122491779833
0.1630242321513436
0.0898365772334497
0.4220367757683868
0.20434291930372409
0.24048962101859428
0.05136707686956105
-0.37407135117853
-0.6674742132251291
-0.44731904219858337
0.06201182941264562
0.6464328116798743
1.431555427745917
2.6354116229839377
3.3191892516668955
4.106256376093287
4.845431876460306
5.5147305202284755
5.713155638998602
5.6935794586647885
5.696416315656182
5.655392351671115
5.674811337720928
5.304039839511406
5.454130097510687
5.966333167008742
6.006917164455726
0.005301006501245974
0.0443613933367261
-0.0580637433865106
0.1119053313332467
0.6892077466759344
1.1258658617715043
1.0747401688234366
1.209302891135223
1.5612572455400702
1.7307067811577526
2.0819626117688084
2.838125441506894
3.6025607046491794
3.830809774343742
4.057384982347147
4.462948272706437
4.973949071127742
5.273097538650819
5.272897278391015
5.552515545206859
5.749772490581801
5.832049435813452
5.915634124231033
6.000162562780743
5.558901820915235
4.522387100179514
3.4070172213239776
2.6043211327583573
3.0601560076498657
3.4044142666922994
3.9577204137210087
4.7806480775417866
4.991386185013596
5.1161114062016315
5.024700642334217
4.742544260437251
4.518125438713204
4.315964445127157
3.737004264793042
3.2414057701474546
3.2747957884787326
3.059120629654284
2.994333479477076
2.7896379365218746
2.0060991391934353
0.9530002461298814
0.2679900397735076
-0.33134788812682503
-1.2270953940668383
-2.1327286939390158
-2.8384862976789496
-3.353865861508502
-3.4677147525804597
-3.4182618387043955
-3.3049641733541866
-3.1406963622713127
-2.8737087979933884
-2.7226828440756417
-2.797342856281957
-2.936078373985324
-2.8680949528533337
-2.4421994230660324
-2.0591820248633264
-1.9238748836427866
0.5117734451657413
1.0290643426437829
1.328940488426709
1.2850287240007696
0.8384330540295267
0.3255110680081493
-0.4238974630221924
-0.44411631672686347
-0.21392403840708854
0.17301564096382427
0.5377095225984592
0.7792015293271958
1.4269627130206912
1.7472739406581161
1.754187597170608
1.6240754653674623
1.496720324785313
1.0569253926745505
0.48264073598626556
0.48513391369681935
0.20081133550028457
-0.24145352487068425
-0.49060959877497234
-0.4814575311817499
-0.3964777628102565
-0.05198173130893047
0.15104671623892166
-0.05534322974340266
-0.19100304835392198
-0.5141065816155682
-0.5663929145076247
-0.9582716450405985
-1.6542388272732764
-1.7133299209291473
-1.4086641427443634
-1.7510588713509048
-2.123325723503704
-2.364166489362075
-2.445570973560661
-2.472827068713277
-2.304143090152519
-2.1314731621228384
-2.292265005158628
-1.9235058257421769
-1.1897476713541577
-0.3697253111004957
0.8378116296617647
1.3250013398181464
1.6676395260233137
1.9909792511477098
2.3769903502591605
2.7480984662376025
3.5307950003982196
4.487156008836069
5.366278389624252
6.0568898008787615
6.562324607361948
6.867757776927166
7.018549125004225
7.085962930485086
6.908434217141263
6.794716976418
6.522678335193151
6.280410081401219
1.089393799582378
1.3734450893656553
1.3812577891043942
1.5957905505467351
2.3156407772707706
1.6658274591110953
1.3993298868859485
1.654803364010975
2.1429550144302265
2.553031750348587
2.6615878954158725
2.738999495630248
2.5429537360320276
2.486552218005752
2.543116289745097
2.534932507917728
2.5334083775042644
2.60267743678882
2.7366651166422225
2.977954557332178
3.1761091772798977
3.160623819632275
3.4496235447324737
4.116453781500776
4.594451901273757
4.577014758654796
4.475522164773688
4.565574393686369
4.827593769106493
4.550639196301487
4.289912461299856
4.445177945438837
4.455786457060756
4.523535951673424
4.7464625274114915
4.702986812874252
4.932563753034136
5.0879643191186945
5.22832947813732
5.357188341375594
5.4384890437642595
5.121998633281329
5.065883900914258
4.679421370020871
3.8141943101458695
2.736469260846425
1.2409319199679691
0.3784257146458452
-0.18234491543922257
-0.8052864613291915
-1.4970293430021653
-1.9991358793596345
-2.4090722260949673
-3.1222597730818102
-3.550668585526041
-3.644473964474985
-3.8329562965545616
-3.9402053226006304
-3.9798103199002166
-4.004412401912198
-3.9272940865714916
-3.872321743562741
-3.8353646727580637
-3.800001849606168
2.04068693107442
1.9124646212577219
1.7277991559845005
2.302557957915846
3.7435990868716327
5.292731881846912
5.03857253897532
4.140283543796988
3.875494109293476
0.2785537149085351
-1.43273854004318
-1.3387355644801242
0.3304906419869064
1.788956469977147
2.7710869060618166
3.308209378420697
3.805106564131778
4.915163585153538
5.549111161032446
5.5736974404135085
5.9326363752871245
6.264750055489262
6.343189014725381
6.167658654190499
6.226379496112942
7.022320148897115
6.6654226215648675
5.524150952888351
5.568027079394561
6.461232925411734
6.165555504862879
5.311502182524899
4.878723757427292
4.889360921946583
4.671228211719611
4.0369621975879815
3.174030375073826
1.9415050627280988
1.505746779629477
1.7745090979250377
1.5456643456210821
1.835248392172719
1.8782041013746829
2.0295350351788572
1.4521473559050933
0.3968957684201409
-0.8869009904640884
-1.4476832649470281
-1.2986663181387519
-1.029227665130951
-0.6056153972565977
-0.26658710574149475
0.26275794418610277
0.4645548208573362
0.9697502139613416
2.091788986581622
2.998131444149209
3.115803669151652
3.1216308474242482
3.1847845587752786
2.886799030061956
2.8861875557573895
2.9956533528470843
2.909196867166699
0.5315815949334912
0.7669423191574813
0.9929782368892608
1.3479751968202782
1.3833207802340666
3.397971978861097
3.386441464461821
4.001214064316587
4.162579606006731
4.842100834896849
5.153982566422929
4.788791817340129
3.4266847577869903
2.3944373683872153
1.7903997009428532
1.4366446686851062
0.9615403454903463
0.15474359433781987
-0.13349107407900201
-0.04335126883754141
-0.2312307295490025
-0.4166129515268763
-0.21502877674695658
0.39714599889029595
0.9231559544360027
0.815822189721948
1.2419201147153507
2.015168118624067
1.8186246315077454
1.4054376700898943
1.6492961021672212
2.1500226220705088
2.641317864603996
2.7410550697062237
3.109629332183394
3.6437660882702105
4.554126056957994
5.681202971123808
6.107319107182799
6.09964970901677
6.165024671374058
5.80137015089086
5.818394040622524
5.768503926735274
5.840183853251123
6.045399646649278
6.046755176676156
6.3383013735015306
6.582994424449891
6.744810021310414
6.890074734447828
6.952492491933739
6.448325045810671
5.516266097620109
4.1555550898023705
2.4428908452856772
0.8165012685540748
-0.07015608414035267
-0.5951631570353247
-1.0475279664256816
-0.9942821989517777
-1.2694951285646012
-1.9132965689593913
-2.0679542500597434
0.6759208749880515
0.7069550755436681
0.2990188299639809
0.6818029764088797
1.0869565391871974
1.4144857857152986
1.1954485131052188
1.2832384947354136
1.5614008161880089
1.8862681443082303
2.0052257209257314
2.323215685363676
2.5833464257174734
2.640759839594043
2.758781447787605
3.165964220012181
3.6115471040883347
3.88935465322811
4.080553002531567
4.4132446881349
4.614626013987334
4.596400704219317
4.627393206140142
4.549163310836265
4.1582433861271895
3.1906362623549773
2.323120089715987
2.0998804945611065
2.496312972973068
2.5290556579687173
2.6740234240217515
3.4993540301896666
3.8867818157136034
3.88884913910616
4.090061406975109
3.83599680382648
3.8552651163502754
4.231850445574164
4.561538597893838
4.455672949622672
4.806844771001057
4.610999635289066
4.535906190854434
4.847837798117037
4.426418084710932
3.4646729974829116
3.262513433193749
3.3132959069181775
2.798562368760193
1.8031491412846656
0.22613629526141407
-1.2224504119261754
-2.3709033716759764
-3.088082776146626
-3.6939910687789306
-3.997924834106765
-4.0121506586678155
-3.915309534845719
-3.928038933817248
-4.124630947056755
-3.956559865989345
-3.7933663035674168
-3.4718522439736956
-3.1641629387535
-0.061595182061838644
-0.11470643246272715
-0.06464867255756043
0.20111874280820302
0.35310627189242766
0.45519340628545685
0.4847696411897589
0.3804429499673066
0.21339136129515826
0.33046450256369936
0.5090324859918662
0.5301615150577778
0.5358400625788357
0.5373489315611886
0.46179413067414904
0.34257489272359665
0.326202378796457
0.5089325226279221
0.6255649970653971
0.6748770625422779
0.8479803383335688
0.8525631742372566
0.8966421312629718
1.1395675195432244
1.367210014613802
1.8914978788614145
2.660888560540386
2.9554494774601725
3.1993280228339085
3.508323444414804
3.609161357932331
3.3372378337173667
3.323462180420935
3.307682296342355
3.264653909017847
3.389208714375863
3.2796267888627137
3.201685924884613
3.228459591797983
3.0931019817973686
3.0166271995587226
2.927021872370934
2.9803078345594773
2.9194322147676344
3.0800696105285597
3.8702361512859653
4.5711553886060745
4.7709982539614195
4.679249547266878
4.494345435228258
4.18380232930465
4.136911510742708
4.322455132194913
4.470383787619619
4.914006819266881
5.606725026058543
5.92646423298734
6.0426797662084315
6.0229505980919
6.027675809349786
5.99023790137306
5.987678189622458
5.533765422764359
5.394444170157026
1.4948920067555553
1.5777903557437358
1.3945162800554036
1.502701865188394
2.480363257664025
-0.1782024991444467
-0.2210069981823902
0.3758392528535846
1.5262549487454484
2.042525151136282
1.5764275557679346
1.2671435785505412
1.3132554646679808
2.0271935303142135
2.9233444571136493
3.6839840718114076
4.660408713473571
5.686394755700914
6.306552872958925
6.565831088592312
7.154977677933045
7.589345248553147
7.9157567557763295
8.320075485886672
8.734662940943139
8.649877680309363
7.619824727566108
6.051298737914587
5.811502628974119
6.325108990571453
6.196203149793645
6.187330393336501
6.378297065301029
6.29309648057442
5.923514864365607
4.8841256881418085
3.837220384418867
3.029111377305739
2.848044288414592
2.8315990900813324
2.349485244444401
2.733360807952069
2.8001329877605956
2.5432604446905094
1.3016466030941678
-1.101241779609016
-3.641265824355926
-4.360321734894952
-4.1902332864487315
-3.9898352703820454
-3.357916963151058
-2.809187376290894
-2.0912007668826584
-2.1175018468677442
-2.1221249681978738
-1.4968234293987337
-1.191710263152548
-1.2584841727895009
-1.0283251522850716
-0.6900259071665399
-0.7271742534681769
-0.830538564832119
-0.9360553383923207
-1.2314246562397
-1.6428917945281256
-2.2226156854180843
-2.407188264759642
-1.9404646665732668
-1.2398396325063172
0.8651790807246699
1.8591407640457618
1.6947849574332907
0.6936597604133082
-0.21450039096520346
-0.6733153067978085
-1.187492981818162
-1.9135435892147918
-2.5720387669412794
-2.665995108511912
-2.6247265392789867
-2.8249850834679604
-2.799533150809901
-2.7745752140468274
-2.827032561908389
-2.904386665694219
-2.650931265091522
-2.6405921760122135
-2.9976547837949354
-3.157006739029198
-3.230836928982332
-3.567314810310152
-3.5676209687733387
-4.139911393187119
-3.7136382010533158
-2.8746982016467806
-1.9969544732182454
-0.9954754854716585
-1.163114499435374
-1.6574778702976243
-1.090695571866118
-0.674490913188942
-0.7361342564527898
-1.2248801650045438
-1.3324282427599425
-1.3761413301170462
-1.7172893665415057
-1.5789900408807096
-1.846988272511702
-2.142490337094127
-1.8512674675824505
-0.47157246595663255
1.4924186721580242
3.706714566731925
5.833278504256751
7.7692687187282266
8.72518771839913
8.821770167703011
8.849135200803994
8.074597926167836
6.347840652685149
4.4424286107296025
3.1230796168507453
2.0379771136940614
0.9424079898264517
0.5406007751609596
0.35225963007825023
0.31353087477060193
0.43038068092808424
0.3697929816999897
0.20574052671663592
0.04739428790155257
0.007595239490464944
0.9545306097239256
0.9353531148698577
1.0985694034932685
1.135171833756455
1.0661248068130689
-1.1842597946574
-1.4824712835789655
-0.6728543447385547
0.5821074982235678
1.2299558564934132
1.859356765416376
2.0654928770040004
2.26973608017646
2.8575649007654373
3.04920189412128
3.0487246559766916
3.360023196076776
3.523872051374818
3.7126449395145116
4.100902260616873
4.431866483754443
4.752811949667832
5.317552070147592
5.730142685619131
6.079494646143221
5.928232952730843
5.352245608484253
4.935153810040479
4.91798698781224
4.831879112516579
4.823700946031135
5.126525977463704
5.465772575534006
5.754065780170915
6.152287962277641
6.45081393549174
6.582104966734712
6.435578892446527
6.683267592510574
6.7593929494991345
6.758931379133246
6.997168309624178
7.152989621753576
7.1505563764503055
6.764891301843017
6.002434600751545
5.016444297955215
4.407982993480071
3.986429147766916
3.278801869875248
2.7401043127909155
2.5351733259341156
2.273424431874485
1.959978407830645
1.6395716207481048
1.3973090876162826
1.2696575070142655
1.3577486140455979
1.1749707194646617
1.0203102977175724
0.37742891486996233
0.3637091315417226
0.4735971346327287
2.529397628226997
3.6112830164698964
4.62358120842897
4.891319320353086
4.917094845798624
4.884595282552614
4.023997473822541
3.929371090517365
4.1657536335122005
4.574189080504971
4.776825630198634
4.740695887828586
4.512092401448009
4.228909746834099
4.198096574774808
4.149175734839725
4.06225075929576
4.103460144985597
4.250517954186482
4.4287419810965725
4.640384286145152
4.909992519391425
5.11312688564869
4.843014866837572
4.31563339470371
4.691656633436779
5.168979825960935
5.694837489666523
5.86238774413947
5.731501824826476
5.727985966039022
5.6987992323744425
5.376818321199777
5.47439401406978
5.675378002496024
5.2633165006551215
4.899650722803016
5.216541348807819
4.9631803941534995
4.76778108934412
5.090802999231396
5.240757114651687
5.054442491876027
4.745579023554383
4.556880779535287
4.513102487166478
4.589698482267863
4.792679927535918
4.819593787652046
4.907783437970286
4.852215536576489
4.634326292969053
4.3875298329886805
4.260963506329407
4.20614207281589
4.319688244612269
4.508880556268218
4.6402544640707655
4.839914902214776
4.860457831643784
4.810560234735845
4.14698607994826
4.13917514867316
4.016980666608389
3.693694417291773
3.9642440553915437
3.7360234044049094
3.555323844350768
4.093590091273787
4.315315200291016
4.843413865518389
5.349285178763045
5.509783256520674
5.4824724188826135
4.942928879942874
5.373421714082579
6.224212306313602
6.557213109484737
6.650442486629943
6.355603079866679
6.386706832387835
6.96063624075876
6.53439689877867
5.490518195096861
5.362747165880386
5.255152156535062
5.468564360904692
5.458136910335981
5.306797282854044
4.686907826480946
3.8748495998281
3.4882450776027456
3.500810859766388
4.027071719592202
4.287249446772465
3.856662430468133
3.405131905859781
3.572015711424902
3.7328647662990195
3.396902931510912
2.70307136950975
2.6526313123334457
2.377869222476543
2.1782509959185274
2.1987027521896514
2.117482980492454
1.9570128752525477
1.5031544552249276
1.1138657661898652
1.0331500829302418
1.0394219536053182
1.174191962552229
1.1868295521969199
1.2726199007400305
1.482209912915731
1.7396395070105743
2.0877029645612355
2.3281572387049025
2.649371508456071
3.077535685890673
3.3703145710588074
2.8514087621607556
2.658467523394851
2.8042306928972587
2.8078122431189474
3.347807898071763
3.5249168817606464
3.479852476980732
3.468497423748737
3.3876023643135142
3.2295875921051422
3.132543438553438
3.2056856689309705
3.064307752775168
2.805399582662189
2.72626375148525
2.636206627367692
2.5658018408007877
2.676225367301718
2.8481163374340057
3.43913108116169
3.877428104555261
4.493507236444407
5.046788852583344
5.55575240033539
5.97130677397937
5.6666750434148465
5.017289307887142
4.64985147482593
4.567696898044982
4.429855459426272
4.544575754843112
4.514640973686102
4.3303713427378865
4.1171779756893345
4.058140548745595
4.190760551061638
4.280074882733168
4.696669603117005
5.307319059900711
5.40272782767909
5.470692068243241
5.435578935527294
5.1050409999654285
4.815432064916046
4.216863416220394
3.782317698318974
3.548403273075395
3.658981861534245
4.063092428295686
4.652723743184078
5.281786831790508
5.640070044311114
5.414853848647658
5.141262692685354
4.9971394039507215
4.9457686802818746
5.125760349656996
5.247506622062362
5.2186719336133605
5.198947940008812
5.1388543384411305
4.953606813212784
4.823363224144851
4.994251097193508
5.086791167964292
5.296825475591908
5.643053173913332
5.603677447246909
4.081621160412946
4.317146868807797
4.542757426921155
4.551119438751575
4.474680517460675
4.630292130690356
4.619158943060657
4.2857530735549485
3.890104104498263
3.6043604681282364
3.2244530960797433
3.2137714478417156
3.2401101259710035
2.960422629264626
2.38194863535849
1.9508132956488444
1.6605562860843748
1.137145295774652
0.5193253687343734
-0.13560339484015435
-0.6586698289939009
-0.5217482532767084
0.2290616050232651
0.2330232703419811
0.28356547884354055
0.7006698233818677
0.9965293780614041
1.6781152195712628
2.8286784980370174
3.474870955923548
3.452013434733223
2.8228627120907492
2.5726921974177706
2.4514450050967187
2.6592122314640885
4.192047498654416
4.894653545530109
4.75151440014231
5.066293917625187
5.924655994421637
6.4320353277218745
6.50974713823564
7.003606171041315
7.098360844001827
6.318296850135991
5.502449397143682
4.887721044660733
4.450734143338403
4.675693862309501
4.8224061080724185
4.449614118864304
3.829927965862968
3.112616496183611
2.4740155114450473
2.0846720890601675
1.8384852589092135
1.6622677394104544
1.5417461772774537
1.3913647496179962
1.1156639444428758
0.8076273638076984
0.8628590496396396
0.0887909165637843
-0.25291251257145314
4.915760098711728
4.950737559081436
5.236539810955455
5.229489104767891
5.289083174279518
5.215540045508575
4.960060449575533
4.886070233794923
4.9498068909856325
4.723162263547574
4.623671021270745
4.484050567189745
4.364895788107939
4.096064949213099
3.9452729054191895
3.8414305703965756
3.65628499524626
3.2824723599517127
2.8404584598234215
2.4625639750909043
2.392369731884401
2.847011605040486
3.743926670654818
3.381200725708873
3.129506938791121
3.0478641667032234
2.908745650301962
2.775511425912532
2.725338936121473
2.8625764583187414
3.120048487953875
3.189674299949619
3.2641285075587865
3.2516935733021333
3.137822016653779
3.565891778081199
3.7104715770632604
3.7429166123852706
3.8588950332006164
3.9721761880704514
3.686696898832981
3.524265319354151
3.9572915614036397
4.024631694940746
4.293953388034745
4.316950399473313
4.010890767347478
4.09758061238075
4.52924094953574
4.674836040203333
5.029041642516823
5.250963486629539
5.254528817120561
5.326326682073404
5.41710948886502
5.44983744793845
5.588775851801344
5.480799165488647
5.188269436890819
5.039258636410054
4.8936794149370995
5.00759914653665
4.958824091128493
5.136755094248566
4.151955406511099
4.18328937438009
4.227613750584482
4.440275442093974
4.643803138477638
4.520381024485606
4.090134531844141
3.720903204804191
3.6786802254994275
3.6787854665743787
3.498513579686274
3.188792823164863
3.0127171849146896
3.0941274411800497
3.7182204370638727
4.0930298430053575
4.1907674115922475
4.431055806505739
3.9920278838175434
3.4454816056209543
3.878885632808055
3.5245843306646085
2.9871349352818615
2.6775748042256637
2.5804020179214917
2.5213431097300854
2.574988017623553
3.1996658369042286
3.8222078087635976
4.147740901027686
4.564664110992358
5.046518153806585
5.417063408333358
5.664205949769179
5.615535643065142
5.197634646716732
4.931029833125941
4.865707788672822
4.756180085029127
4.6735962488539835
5.364268962882581
6.305320944503306
5.958951444049233
5.822358810992055
5.638715038620672
5.047577082467651
4.008090715332589
3.8690111218966208
4.435883671169641
4.979354405529714
4.719890434151508
4.343364799067693
4.012579751304819
3.7634768490693493
3.49453487430471
3.0191041740008684
2.772068715847478
2.8405710875117296
2.8945671418166636
2.596986900962107
2.4344831722603666
3.1859671343093505
3.078551460707439
2.711469870214525
1.449498828940407
1.0490217058172644
2.0009267233263253
3.5563587059352826
3.7274719867165715
3.9660104669581733
4.391236230833189
4.572122450335867
4.293301345070922
4.2186203342142585
3.8859677393140606
3.3767275286598886
3.564628881678777
3.270501427239997
2.7742538480321497
2.4527282122115674
2.4328114208382363
2.7617840676744563
1.7297265651062061
0.5641706677550422
0.380950220801635
-0.0512943265899494
-1.0275867110299624
-1.223519359372927
-2.2015458380205604
-2.8396128376644825
-2.578316834990527
-2.0961501371696944
-2.228941475208901
-1.8073532457434882
-1.110944264298262
-0.16164545370715494
1.0399875248967412
1.6380333730806969
1.987442227555941
1.760863499967662
1.5059414632172483
1.2337175853469895
0.842152800371455
0.1276009959636712
-0.7108549941632595
-1.4834119214175165
-2.5406713390536693
-2.930697330926494
-1.350126498167729
-0.4602241508457961
-0.47566709226509224
0.7616278117393481
2.5639359403473794
3.6880701791810337
4.084567263835527
4.187789787769713
4.259734375407467
4.598225017384231
4.505973531215225
4.19625333694714
3.9989679639583375
4.139975589807204
4.224594405777591
3.82669848947737
3.664372069070823
3.414992663893457
2.909309886719159
2.700180004323149
5.794319611050673
5.883213354751176
6.44410516903081
6.756565697408456
6.851009422092033
7.01529119963742
7.930017316172235
8.542784532386372
8.113714551203511
7.93838080783718
8.314335319754809
8.023937317147217
7.424389405972078
6.527712380238799
5.411238458610726
4.566669454172738
4.3630308155037545
3.4544385601562877
2.2399677421197577
1.2613282139990147
0.5434101135747975
0.6015037552453361
1.3494893799191416
1.8185541539231502
1.3493696984900423
0.8514459940572611
-0.019509567823705123
0.10482250790425453
1.1352670894614212
1.0023824222399398
-0.008238958319698533
-0.8138451391150694
-1.10480512379962
-1.5850371248491528
-2.5031121351078496
-2.8409712465329187
-2.8247078309090248
-2.760887536948837
-1.7517007552516253
-1.3632744216902144
-1.2039261253634033
-0.8252792777263255
-0.12316652719921695
-0.09264533015374853
-0.301853965957592
-1.388755656531158
-2.5134474761495413
-3.041709917082504
-2.4890450445182557
-2.3717254544418176
-1.319753558837595
-0.2323430652986069
0.3938122334222408
1.0271755403798777
1.637830606390141
2.417360485067836
3.0329594920405216
3.2460515822798315
2.9595577272232028
2.56934691309778
2.2166418099776615
1.0996969036300281
0.2322531284124998
0.19256524994889382
5.201194831512833
6.230166969320676
6.500920265466431
5.348473313330379
5.078962697842734
5.27864600253898
5.897048890312142
6.1868970711548075
5.718351788006252
5.299407820194874
5.280483541656959
5.50000664695188
5.274492449985665
4.682226548318775
3.718579707497132
2.9860355699181613
3.0045564398267324
2.233482728209821
1.500729129361371
0.8609826262751354
-0.13166023401535046
0.3102845334911442
0.9417626540854
0.5919377100782446
0.325713206570717
-0.160919440892436
-1.296548421094309
-1.8287269541920383
-1.3854201123616108
-1.7417552974625152
-2.00037818428373
-2.6189608795134514
-3.4157667721108895
-3.943809878686904
-4.243980813341164
-3.7800577470753876
-3.5114624000060575
-3.1589685371269995
-2.2773497847846267
-1.1142362507647574
0.8392790682999598
3.2051244443580043
5.4661999526463845
6.530749430294126
6.038035085106128
5.11254203537804
4.534306150118578
3.5469214237762645
2.253045234855905
1.2184766044359345
1.1667279513995463
1.030525358652941
0.5958965420490987
0.0062794456873464174
-0.11383332652252595
0.4509328732955705
0.8393458553627047
0.7595808973077535
0.27611693675164656
0.24682201085058808
-0.04133360696693368
-1.022441603520501
-1.6461561849143656
-1.5846176897406057
2.2010231478063766
2.112549611503957
1.8674675750550112
1.8506484403790595
2.173064102607091
2.2258699369230786
2.1549014189416726
2.2435942184374107
2.1060760019464
2.2015881448054015
2.272157204326623
2.609583042923744
2.9082266224981104
3.0986370763882425
3.307826985802623
3.5144907423155636
3.2155427465961663
3.3266717262349945
3.4517591378094203
3.350088817211568
3.5134448512500738
3.3216618974439736
2.5394614017745365
3.0233804758374476
4.038882117933712
4.478417007157988
4.804976812342727
4.93376333095346
5.016682420319317
4.737140757357641
4.352791647754668
4.186638857986196
4.12358764086522
3.8247857009559114
3.54222652568342
3.4339850267571745
3.7066873329451018
3.9683646873398026
3.963116065270387
4.075253332783794
4.041171231771897
3.6084071373956665
3.1466213984630533
2.87737395115053
2.492909220825437
2.41161350954705
2.3457600183350724
2.0478786346048485
2.0290710036069877
2.2566668021073055
2.6419933582786843
2.838861572715
2.9135123780703354
2.7628575194763028
2.6194613222177314
2.5666653566682047
2.4020344895560957
2.204779792032344
2.2979977428549354
2.70289130735701
2.692873684604633
2.239389280840144
2.694467534544676
2.8461730318477736
4.535361007983434
4.520421121503781
4.424629107084004
4.200957662451593
4.236098299788521
4.128602591423573
4.4254363673463075
4.879840562755068
4.911197893008238
5.385714395788186
5.693079865513561
5.914896329403411
5.97306016559303
5.880411135634535
5.924664776368634
5.926799493615457
5.925658087879375
5.734843091168224
5.68086409587203
5.556318313890916
5.259768134379986
4.839678893015039
4.077624454711671
3.816613628081088
3.6219313242601197
3.524591444211263
2.9203331983669494
2.4056438498909114
2.0219298278147044
1.6271566134547037
1.5221332298978785
1.4085983162588043
1.4565802516825472
1.358197326256188
1.1634887510913565
1.2049347764052274
1.4526432696877905
1.5078203293990213
1.407826469134516
1.3933528607326986
2.138130940681229
2.673377995226908
3.14246174383892
3.676664771136277
3.9330567689345726
3.851422759172468
3.775975798450108
3.5193945757677603
2.896251039486798
2.2148654594199995
2.355188122399866
2.447258451243749
2.454028916692131
2.49865383845173
2.7960967583470984
3.089793800734968
3.1878661508176545
3.2988767514703636
3.4176679719182377
3.467319506549994
3.1427843233356456
2.5784795469886115
2.402699899959086
2.2465496668148837
0.3919882927576801
-0.2845510877607987
0.26327556284082454
2.048861524593942
2.246485280795098
2.2919060838284646
2.898962726071193
3.230626888607342
3.1332348146280706
2.9174493141246995
2.6738609386832
2.176507571157239
2.0106014693626753
2.0907243967398474
2.0922494028867407
1.7114026983238424
1.236659608608338
1.4835309261075886
0.9249839769871426
0.24016800889220336
0.36537715771059553
-0.33296431868455645
-1.0280992261698179
-0.48077505583995594
-0.356267368794246
0.15734264141041968
1.3226983872792089
2.5175152171303967
3.101878834870409
4.432870416500113
5.6342907964470115
6.420404037982839
7.31383310976695
7.7730657926858395
7.493405398278474
6.132757942267218
5.454853051643395
5.140882980065198
4.86913560931204
3.725974612851778
1.9627905210311656
0.16480881465680297
-1.7119004236287056
-2.583518086340425
-2.3895000769449686
-2.356387300499728
-2.503324575155886
-1.334886100078309
0.8075568525841269
2.283918489855923
2.684210078879798
2.939671723690852
3.36305496832062
4.275400841974137
5.09573487966826
4.945064159760357
4.622329932782103
4.308702594550381
3.800627331691367
3.0360858493705516
3.0025750711126595
2.7870632660310846
2.4303348911918317
2.1528468068623017
-1.4008889215584035
-1.1128187199399333
-0.9755962970854096
-0.7769060409429998
-1.0481231623004799
-1.0743136993452218
-0.38087931981654716
-0.3410004926636668
-0.6117201377903043
-0.6713481273675657
-0.8777700723014835
-0.31860875306714304
0.26492817492146004
0.6180442933872398
-0.06501148547187766
-0.8573337519419841
-1.2612096363757328
-1.1242142039634586
-0.025397631555357555
0.5211252619802254
-0.033253079403591373
0.30428993039727475
1.130746797722367
1.5421996963441398
2.3578215718234605
2.7141287405916996
2.8913788392294224
2.431545583340109
2.0025306144830046
2.5385921877467656
2.9979990339079072
3.062501485504827
2.6732530146351925
2.455139307333953
3.448080185528242
4.509169938329723
4.917059345198031
4.660395613823537
4.061172531035696
4.431584194830526
4.489413097851002
4.510541818413659
4.638623936744437
4.76731740783589
5.409048985567611
5.927197207795259
6.695571582237013
7.497040934815425
7.255267642584161
7.183091967423145
7.11968629298592
7.08529668626922
7.006429661704171
6.6028623403497795
6.488653183483021
6.191246605662288
5.641257778641971
4.6265131465338545
3.628045318376034
3.245887622194232
2.8780978027995676
1.9442892447071247
1.7887539951889184
1.6131570528462493
0.3297805018536316
-0.345856818168732
0.5966044191327191
1.9820452691883321
2.286004310474629
2.323677798260235
1.890828172859655
1.684858361364439
1.519651958737769
1.420216494443709
1.2693474319374332
0.9734883558376234
1.125408681460689
0.935692283899819
0.9303791790986372
1.1404297358844304
0.7990733391633094
1.0239944368330982
1.642663053387617
2.249831028562536
3.1393483922047336
3.2454692607679902
3.3413330248329767
3.4520820753228545
3.539644178574052
3.618497801306583
4.072255084036869
4.289953054481014
3.9016919528339
3.861712329516353
3.973169713912385
4.449423598679031
5.337907969730236
5.569193761780945
5.623446370444712
5.810856837463878
5.811195790928756
5.649935591339157
5.008240627768506
4.226262988940295
3.2987230490109005
1.9064277234792304
0.38975338142616883
-0.4104710307426102
1.2384148946486029
2.4774833812810093
2.601929360467178
2.936244222271737
2.9703423818269923
2.903661921490055
2.5734459106361935
2.5001326725866853
2.6099816527586013
2.7640842120619515
2.6327780898242144
2.2555308603427213
2.040930304999427
1.882359748665414
1.9802082813750221
2.1761296571088566
2.225094647814992
2.5562477816657525
2.916972550296752
3.1009930055299257
4.950362156050303
4.760465067124123
5.073389679533276
5.42598477346989
6.015732077506657
6.2281870776614845
5.969001500222582
5.7297057513599325
5.9073531753161355
5.987295755570066
5.755616139985974
5.847787251726686
5.999584557773474
5.698252112498682
5.54722701902481
4.863837457013141
4.06574696645345
3.178719689622887
2.758747257863297
2.3749175544228285
2.342564254905302
3.3670977333731704
4.56590850375632
4.849937257424295
4.558888757358286
3.472049824227417
2.3210495991606277
1.4715140642732616
0.9055010316047947
0.5807564966426116
0.9714643096178707
1.2981584685280385
1.8107242359046674
1.6777391628562146
1.3943296008398656
2.1645080362940914
2.8700964193635636
3.7960610369111163
4.39483294010396
4.628056742088799
3.755170461770885
3.115676262530761
3.734592984383327
3.947949481175414
4.470483391634929
4.288453658653858
3.2991319856306323
2.53801792106177
1.7556569640804955
1.2403856623016836
1.314139476704623
1.4643659483605496
1.308650671801084
1.259478083274049
1.4022693281097962
1.4399289005349571
1.8088023242541003
1.9694967168882163
1.7767572098695799
1.589811541202035
1.3393261928623077
0.9455450834713325
0.7081152751615909
1.4257261372127858
1.035127179547521
1.1310115803515444
1.5720365343760971
1.871616943380763
1.8448933896212047
1.756519242049624
1.2101505042490697
0.24109982447281442
-0.3230586280606281
-0.2324995211177037
-0.22659419212798051
0.06889256092649938
0.17362198540020318
-0.0171069897967415
-0.32962047207367473
-0.645858884807401
-0.5798049231695898
-0.39597685502813956
0.30629258932370185
0.7899033072194761
0.9136714661548604
0.6719535160351047
-0.02070232678879289
0.9514862044598371
1.8283007727236031
2.1632227638369033
2.1924861528562998
2.2276638323401197
1.859993403991134
1.8202011690279347
1.803830535391821
2.1499192596242365
2.569837507887172
2.609877312148305
2.7938740688641235
3.176288046878943
3.5755831125261053
3.654042326170295
3.5332352111824297
3.765870916877341
3.765762975996816
4.008890845129418
4.624526892930408
5.096260875008676
5.77918902531222
5.860171578544289
5.731701957179764
6.121650295245912
6.559660936636031
7.011606600909278
7.242826101354177
7.178380582539588
6.985172070014988
6.771132677450302
6.886512319478436
6.612165952571588
6.356031813813961
5.654920907842888
4.591703870114301
3.9714891667419825
3.7939802622918255
4.2395685646124335
3.9803834661185364
3.8595613113745837
1.2496769942752153
1.2708884050590448
1.2099161176102804
1.2126513851426834
1.5128042484608788
1.4711962213402243
2.685174778370841
4.454723687426763
4.506182196102858
4.668477542713094
4.6780935914283726
4.734077574421592
4.902139593231038
5.077327070627974
5.036683815873593
5.151130686717682
5.052503918171976
5.074121807030585
4.931428173901024
4.73232698745578
5.012316829038795
4.981937596749756
4.774101918323336
4.9348870541144585
5.213934990995422
5.3333848278850295
5.274204310077444
5.372599762570045
5.525693867501865
5.399402545152354
5.265171435024671
5.307526208129041
5.290419690133663
5.092512821542688
4.86801873766224
4.656392941452686
4.705590290056872
4.8402358055686925
4.753273409704281
4.6038795444908756
4.5829436118078295
4.2870872502274615
3.8742056060851597
3.934615957285161
3.8041254044133406
3.463601661247129
3.3447442095836637
3.2930766207152034
3.1832723551330266
3.160467686630391
3.3617385141623624
3.45684186946581
3.4986962082757977
3.5040150218027564
3.5172838807431415
3.722310313313349
3.778205785425132
3.74284616619283
3.652068388986515
3.852813811314511
3.150675909967438
0.83580484445165
0.8711376431809672
0.8277057320256803
1.9995683090697804
-0.21058791405198263
-0.9144324549427585
-4.053143110468145
5.163855940382051
5.730655974005896
-0.5944079602897568
1.8059386172516148
7.289009054388407
3.7855201283194595
-0.3978597864538706
5.492407247186461
-0.35919549832099357
2.9994139855868878
0.9456755750727162
4.152331994707268
6.226927367337882
-1.9851493282635926
-0.026920759866842472
1.8136090270988041
1.7978926470357985
-2.0907482973261984
2.626692439248578
-2.1861066823067055
2.3308281112671443
1.5316982967154291
-0.4151314359563132
6.8994601303658865
2.016831261900273
-1.1796495416698272
-0.030901951243059785
4.717288880588947
-5.625615026806543
4.17586013989708
-0.21475302862623832
3.0469173612961207
1.3362010690428707
2.2548815590990925
1.485391296070657
4.132601484581195
-0.20561195426977827
-1.7214311404516738
-0.9518794649947064
3.6076425301238326
-1.0318942957534456
-1.435356498659148
-4.29786302203458
-4.010408178522346
1.369894062097894
-0.7695738477114966
0.016709468974524085
3.1423119328633238
1.094656212268057
5.761725782131451
-0.5456934287117207
3.362564693701703
8.495790786859311
-0.73814265104881
0.10986283740868147
-0.4270559509141932
0.5965965845493644
5.392460845871478
1.8498273822129858
2.568661378899893
0.06223944172592303
0.5898538563179189
-1.8846782008220477
5.2267997960431085
-0.17440457444228522
5.834730373782633
0.03597076610735454
-4.188480184252004
-4.792165797985655
0.04410513728032173
-0.11521936888059417
6.948326179736824
-2.5326466212064664
0.4445341893850296
0.12362975679876212
-2.812998235330372
2.389087153510679
-0.08545495354032853
0.751688587250659
-0.24980912406082295
0.245447173666438
5.167327510361171
4.5229452200689995
2.7391317662888772
-0.7125550540110707
-2.314213611610681
0.7886831662054811
-1.0004351959800168
2.7213220705064582
4.752603542855053
2.2924904615230886
3.8970160932170543
7.289715711311136
1.3151529515729068
1.0423656337422023
-2.95385642148378
0.9928674697796845
2.2864510947101553
1.081978877014707
3.783036154981521
4.3647566616956945
-0.8003496297517826
-0.31124879157570495
2.041796527896642
1.508189441298304
-0.7286602757261421
-0.34739501289599434
3.2777203395495165
2.768645001007289
0.3124091532502038
0.14684555752426343
-1.0828582577081782
-0.8899652747010656
-2.5173624683444418
1.6970974559387655
-5.048892979832138
0.42348209787301827
1.702283256251261
5.624302548759787
-1.3192513121090315
0.46943775709658414
-4.622352713392702
0.30817458659937363
-0.19301839285658237
