0.95742826313072
0.8542111210697102
0.708313253548599
0.6935003538161448
0.528802989315614
0.37274704567412265
0.6720485768529848
0.8762165362002199
0.8724847342082384
0.8301583948975281
0.8475549367005355
0.7818971382064944
0.7885066662913575
0.8049494758266409
0.9698304846773905
1.401903726485951
1.8993739809086416
2.3212516572731867
2.3892388446527186
2.371216123679718
2.6583800790814807
2.676656616703056
2.3293489155176834
2.184024587587801
1.917288541630854
1.5087584703769874
1.100067025893444
0.8648682369214432
0.7391612581888017
0.6617717843579165
0.5474022566895492
0.8150169357356195
1.0471902629759426
1.2047976324654575
1.2878372832573108
1.1162781441568532
1.0462420537163395
0.9814127986954387
0.7371000908006586
0.5159981763131231
0.2192039247498515
0.20008547716850641
0.22132720753581347
0.24944180422441625
0.254770087631391
0.038861844719197416
-0.12768001653728045
0.024094857628308566
0.14563667239189587
0.3092948061326834
0.6380705277557994
0.8055185828394078
1.0122409814887594
1.120452305385356
1.0075159783562881
0.9453446846220336
1.0281069531336116
1.088649520082336
1.152567829253036
1.1446152542852746
1.0530391111575879
1.1052060436076112
1.2544047098591002
1.1814715328912415
-0.11891938677038545
-0.18298186228083546
-0.07444427665942141
-0.1487951262946669
-0.5947210459409533
-0.24106262622865257
-0.06399289601582038
0.12549192923325353
0.002378829466717221
0.04630901890371405
-0.04231940776114092
-0.01408059713862753
-0.00724920098098163
-0.03815657136193273
-0.16186020445993943
-0.2003900201326122
-0.19092629355096913
-0.10002549803471066
0.17106258937084542
0.3077542552057746
0.417767389085988
0.4955892759277072
0.5006955323177217
0.5325286792697158
0.682321251669879
0.7905232343210584
0.9220026269790995
1.1240072617268897
1.2750392513371218
1.3288126680200918
1.3424160258451217
1.3850028173199236
1.3967694540221567
1.349947746969798
1.3807107727375327
1.7122102387074496
1.9357660404503676
2.096041175435085
2.158923792030943
2.342636518146482
2.3592344558039824
2.250260976045275
2.360189441605305
2.5288563457689475
2.5803779623127054
2.6830739898506355
2.793648276112922
2.768446465209203
2.527089731229939
2.211530217243484
1.9003839696397022
1.6212696110310338
1.3649028112398107
1.0987945234906198
0.9220713987369423
0.7894905540916826
0.6922421029453568
0.5174318923548794
0.2625109765631186
0.17423707596514454
0.08669960797890347
-0.1714899302993649
-0.1892838281448809
-0.16395513667197212
-1.241363424408267
-1.3084205970861589
-1.345666167378724
-1.1246543312612252
0.13476247289659937
0.38114367905986773
0.620787361716701
0.7137672752666265
0.8660481395921522
2.7337542325252935
3.1018427893555796
2.8980518202675825
2.2320169712401436
1.876629406365922
1.6979482559666246
1.521034215207098
1.4727043333883345
1.290184859194018
1.1093148649836837
0.9256083913437776
0.8027444383867363
0.8629273737949191
0.8628321706462977
0.7767352677028162
0.6582228220033826
0.256955177007941
-0.13087473834296448
-0.34339154840596
-0.2924734905772497
-0.1165623501158655
0.27316148999186124
0.6734411932858538
0.8522873216086887
0.7648037700395205
0.5710900198334016
0.4282178624030514
0.3679848957540163
0.5527718912166414
0.515873478786871
0.4166273977240975
0.7310617214712242
0.9943634694270265
1.0551986260188482
1.0644884166671098
1.0022494746790636
0.8046915024363664
0.6366423379963893
0.6572833668367924
0.7169593710332967
0.661954833721475
0.5121379405989532
0.3935886428756179
0.2568980509174182
0.1908478082268216
0.014204054508716701
-0.21753318155272763
-0.32413777666682225
-0.2197489722774426
-0.058578234541375396
-0.005332516489807765
0.05818955933739006
-0.004768052250714186
-0.0233922810128968
-0.0015535412190032594
1.6314392897479915
1.7711150888168423
2.149735084749941
2.264480042849591
2.239384376592558
2.3260299692452264
1.929379492100192
1.3023568553228952
1.0017535619957596
0.6337595074616216
0.4621602211681238
0.43983885604496736
0.42395097772413187
0.24851230059555857
0.04943262780937048
-0.17666025850272982
-0.2628283726625568
-0.38503886683541355
-0.478816366410627
-0.5857686929309042
-0.7738266411816818
-0.7807802059716664
-0.9086521507074234
-0.9726792921793201
-0.9593954710564216
-0.998773578742457
-1.0077308761761816
-1.0123377849827593
-1.0616008124760752
-1.0767401184816803
-0.8905062631206718
-0.8098636280718395
-0.6934046447832383
-0.6730242145363776
-0.7268398757145508
-0.6307561301709237
-0.5624118978776124
-0.5142947904460541
-0.4219330960349412
-0.25718426109416065
-0.030446423081014872
0.2817993480372071
0.5603746134510372
0.7841986753872998
1.33039024537858
1.6854849615486611
1.7406184294038072
1.8468753726616791
2.053690973612353
2.16281507393083
2.2147606402341364
2.199104811948806
2.1048524192806517
1.9910583234787838
1.8757133281210567
1.688143268414007
1.5272062600041914
1.2985817632893184
0.983185925193974
0.8663476905112536
1.0518513658327158
1.5018483639506623
1.365599046769368
1.3945571075459087
2.054863615402042
2.0381886521208648
1.6700796413167431
1.5217733414767067
1.6507967967672006
1.2688995263025502
1.0504550688812806
1.0692015613636072
1.3403346952860888
1.4482799886141973
1.655551177325164
1.7229774566639022
1.8202157643205517
1.9657605205147264
2.2300129078066027
2.481207694965991
2.622502319100469
2.617456756350598
2.4126965310785913
2.314107865340296
2.176937850541611
1.9466860680116587
1.7088504203858892
1.5472967682816616
1.3344488631208768
1.213039693919296
0.9928567603703713
0.7931580742877367
0.8107219023648568
0.6800764448014788
0.46171579792454287
0.30038468307380156
0.11338106189198778
0.11764638861159223
0.10535279264171823
-0.11303892319254756
-0.1739246423301662
-0.1431393917164739
0.010370425008712107
0.0194711683496364
0.11804882502571866
0.1811206590974021
0.1875018920292327
0.20000136722704948
-0.21860450653257282
-0.4935584889737902
-0.6452442048199758
-0.9408025213217046
-1.19631292576823
-1.5139527081315756
-1.51817794405285
-1.3964320397780903
-1.256458798866007
-1.0554694277176702
-0.859778750342857
-0.5867051322220261
-0.33826924573906914
0.008955789088277983
0.4604358316296046
0.6785862096022167
0.842475077005278
1.1055935514685005
1.2163565763947959
1.2279414490461031
0.2107824173987748
0.21811033972312086
0.634557634383078
0.8142105402017767
1.2308703907646208
1.5203680599106688
2.279171481374791
2.9497055001257935
2.704963742803328
2.5861799560338956
2.470868280045628
2.31648864509413
2.0270799686222523
1.7360881799914982
1.2840967071015001
0.9427690016158252
0.5136443211651616
0.37487358762795936
0.2041125466342499
-0.07022542754041598
-0.10244505926792592
-0.008336091146045275
0.38327415511523777
0.37280629467089454
0.5152841476937906
0.8356837598080292
1.242334707469206
1.6062679164260316
1.700643599426668
1.7148254675273737
1.6013723467127012
1.430789045192132
1.451761306396392
1.366639665257983
1.3963381853607395
1.5101770127207743
1.4332529253169521
1.2698472163626042
1.180524407751563
1.045697196183821
0.7232011644294843
0.537398310298947
0.17544908181282723
-0.2567985027442625
0.03410060440231291
0.16397713571642644
0.06840525245515598
0.19011146922625177
0.4582865709671956
0.8014607361785789
1.0697558235608968
1.2614852485028702
1.286289784123663
1.3180887666548198
1.4360294860394172
1.5911553596147354
1.5284332638896665
1.2508681733226696
0.9524803799989093
0.8587697210713386
0.4312398043613256
-0.5740633544369141
-0.6256986980876847
-0.6117585494386127
0.9334837730869253
1.030105379891917
1.052155464648418
1.1669143117226188
1.1729102689513484
0.8116178029679886
0.6150220419369126
0.5455053233539926
0.652989869860014
0.5573967755924001
0.4889633735040169
0.553288151607229
0.6072788166365306
0.672457363750276
0.7699390675364174
0.8253970272025929
0.7385688335395558
0.64400529788137
0.7771693874040371
0.986984628956126
1.1203356828486761
1.2349420556703257
1.5701802839988301
1.6624930976998502
1.8607086920278146
1.9477350979992207
1.9075503380521972
1.8685019735700399
2.040575381582494
2.281254988088088
2.5506683056280566
2.6008649449489867
2.5563339843948305
2.5289183222549476
2.4456381421205418
2.382961506688583
2.4046273733377674
2.4460640669901164
2.4073661172175314
2.3626635892504675
2.410624344095961
2.249460248632819
2.1326142721613577
2.033732535269158
1.7445068594272473
1.5123481668007261
1.3674475039449359
1.2085989568990771
0.9543974699313104
0.7169473550656147
0.3517348200348867
0.10658302580203383
-0.010850857484804834
-0.1503684247477222
-0.2814599769520954
-0.4582471367876701
-0.5877019340741855
-0.6641854402868366
-0.7251490346803041
-0.649010259833788
-0.5533630096242689
-0.41894811764360496
-0.36456569028807717
-0.3200387901205586
-0.5885875850754789
-0.6759790149108131
-0.6269122134310935
-0.607055569681227
-0.2115533112193233
0.19068761879047136
0.3620095404457863
0.5389632968020612
0.41854982480132363
0.16208467839462407
0.2156173510140193
0.09627707746205566
0.017016071287952395
0.03561651419144373
-0.022532106052733043
0.031190131258763167
0.0893246962913866
0.2568846872962671
0.31714484492069506
0.416841937151536
0.5448792417674433
0.5899413879360458
0.7066951258115117
0.6631872137566894
0.6328002795693013
0.8380893977513526
1.130718450104561
1.2614895061037692
1.2007637878265338
1.2085024809733476
1.0572319505200394
0.967438028106297
0.9249937615023006
0.928944432234633
0.9438952164002223
0.8086529521648179
0.5291448555556432
0.3228363629124245
0.3897826871398862
0.3013671286349322
0.08186106293682036
0.033922702247521384
-0.1255929005115821
-0.1972738345688666
-0.05897133263685763
0.048608016030675445
0.06868997687621445
0.007540217818028794
-0.04356280838111106
0.019064206835529098
0.2542076634132942
0.4377798344931616
0.6887147228312773
1.0539388107870922
1.570337942561398
2.1713796224177684
2.6091606075385068
2.6479723575673524
2.6252754487311574
2.6942109688762708
2.775502408510573
2.6673101168933098
2.8405716937604395
2.8763303433743186
0.9723220016864166
1.1749224588951424
1.1269162188375783
1.1663561374750346
0.9255530054944756
0.8840233968054535
0.22455789818051852
-0.3403765674813025
-0.2743846689593392
-0.2903016219567866
-0.23451631098635067
-0.12003196562289384
0.1308781615078058
0.24220309713018312
0.3116776473465081
0.19516753123777347
0.15646209727498972
-0.015353583079531904
-0.10187583077817386
-0.04428133561650486
-0.24344632634095917
-0.4129450319153751
-0.5829915553892663
-0.37325521813032747
-0.30509635363588666
-0.27721135077629755
-0.2587087261818607
-0.3657583733016598
-0.4850296537740757
-0.5797097324090045
-0.5553660713424585
-0.6534394949748691
-0.7152317059254379
-0.6477199141495434
-0.5277836364308638
-0.45907217483080875
-0.33003064254608355
-0.30240204876189036
-0.2301895276414338
-0.03801858177736853
0.19779243775783134
0.26768142377354986
0.4432352108465246
0.6616221445403313
0.8016183890098758
1.059945353725867
1.350235691932179
1.4828524210305527
1.6430096862191617
1.7511079728281873
1.8239250709279544
1.9123453698264334
2.014051533648844
2.0612641921318313
2.168198213955765
2.2109774526132147
2.2251549016204293
2.344430457970264
2.452788889481876
2.4219396546404934
2.4813048595176523
2.8195657103703633
2.6113594128460145
2.535159348523307
-0.06822141455029779
-0.09881417918815202
-0.26067308143632495
-0.4178938631906298
-0.9238608196038011
-0.2832783755390675
-0.29453973674691175
-0.3332716845468559
-0.27387948525644357
-0.11896480411749015
-0.06848744854198263
0.040822237475598606
0.20881742671732967
0.3468134781058618
0.5634618979894429
0.6837828650205909
0.8380021681256693
0.9103503597664566
0.8075486938877737
0.7607221421506127
0.8343447715920381
0.76463453342655
0.4364346379138094
0.44459787641923876
0.47245680390512923
0.2696263351422818
0.06749536691697113
-0.09182910017127144
-0.1530948291461169
-0.06680585174958162
0.1310827975147916
0.395481701212187
0.48927631096619023
0.5273016013895371
0.4841885955994816
0.3970969628130691
0.4630879537212539
0.5282379153506964
0.32849643575197923
0.20919813787379593
0.34061711775926606
0.3078692492704475
0.4167987555533747
0.6041671200201656
0.4820051739814083
0.5059124470100583
0.9023288667756453
1.3827162538546687
1.9174779653576082
2.2933324520780176
2.608692405514946
2.7521862632339724
2.8696148171703535
2.9369430447594
2.905517567019035
2.625310153117809
2.385367395126868
2.321751980575149
2.2689161066879553
2.1673473857421524
2.0522098628096073
2.1117282924102603
2.0506904082284376
1.9747956088362055
0.28178935004438216
0.332795269355591
0.27503975137402276
0.512713715329165
1.8240245755859539
3.0210172354070317
2.670462633779484
2.337671939814214
2.2745280982987013
1.0920624127238352
0.8565777693971904
1.044262630804862
1.4993290316041523
1.7156701965524392
1.8608298714394975
1.8771700347843325
1.8189913488185454
1.814593333387553
1.8225167998798244
1.8588298566248862
1.8055683796431268
1.7573517844588946
1.6842006960521338
1.737022287877873
1.673101157503457
1.7187996096698615
1.6909004103676644
1.5960516439599544
1.5052591763582936
1.3787882012730668
1.2532196740774195
1.065689215627228
0.9750967096238118
1.0428160252098158
1.1092366540231826
1.0864939718495499
1.1684365628350624
1.1943976787888284
1.2290851973641679
1.2799258591862048
1.275913866750237
1.30993587588347
1.3284509801490128
1.3675210335198806
1.3450981929077583
1.2350803827317662
0.9352667036285167
0.5736409137608347
0.2596291884939162
0.024043655367899562
-0.10230519995638374
-0.08731191072720439
-0.0883781861606563
-0.16574440098178456
-0.2984373466965679
-0.40458838607567793
-0.4858471436464637
-0.5486517663449333
-0.6148688018110713
-0.724596261154317
-0.7763091978605194
-0.5629187179359377
-0.6737130127750098
-0.7364448702168777
1.70479093467292
1.6692677360446377
2.288878063201571
2.345668260931744
0.24244962007009457
1.1867469441074465
1.8249481732138741
2.4431049860906717
0.9524726619192789
-0.4618312068256155
2.4918532075089668
3.0090702440919443
0.7618334633150208
0.8939725979176203
0.29174902822161475
0.8107121082148869
0.6205327192271195
2.291022170577328
0.7383749484029061
1.2276802919846062
1.303249186665972
0.7950911925604517
0.6352516002381406
2.667727789420292
1.0597582528117186
-1.0214154220887972
0.5513375324451049
2.157340983285979
1.8362423043714973
0.7073627706732135
1.445648323700358
1.2941825285069788
0.7904839172918872
0.773124332355143
2.3485519448134986
1.6186736117709384
2.476235268546764
2.8584939726213117
2.116375157558997
0.557144666467205
1.5114194203958546
0.4359003076294968
2.6206951061103068
2.3050350819499865
0.7595927829164544
1.207362312687068
0.3270308968390158
-0.7865279128914282
0.756999131359107
1.379637005844499
1.9563009010941768
3.5465042044410797
2.3673865499952593
2.306075469232619
-0.6193085036304143
2.095104061276589
0.4836419350773815
-0.01327046059881518
1.1930059954626366
3.163625734908741
2.0094780918819537
3.103219714753571
0.32863910803472873
2.88428577865153
-0.4183988694142623
-0.1827674570690643
1.0761999086995766
1.9062126497842042
0.8132084864233688
0.038165739801553515
-0.7353114896273181
0.5424626803998608
2.641865317055378
1.633660935947289
2.530561712378408
2.3127198485839267
-0.11447705734511311
1.74380817682965
-0.5928868417513398
2.2886441512547497
0.3093886921227425
-0.17394249556741817
1.142159407115422
2.5669830187335627
1.788811493396208
2.578301011770655
3.1056095268942214
-1.4333737416559402
0.2773156493566824
0.4413289013919465
1.2540324422745992
0.7292776000706942
-0.37689529190395454
1.7945060894190443
0.03964825563189825
0.6935542083803277
2.771591631733655
1.6918361888532414
2.478886329260999
0.5368102092705617
0.4156357912200468
1.1279104458612859
1.2429188673248968
-0.5728585310056792
0.4344708612223085
0.7869409923920923
1.7785728851912277
2.4406200196075756
1.3035532139811643
2.0166530749196006
-0.5589130720034136
-0.24057971759892313
-0.4209633714217052
-1.0094290896970763
-0.974028153917035
1.8215913039907814
-0.1883887694138091
-0.262910922736552
0.05034364036393796
1.160540441057319
0.6537359351933932
-0.7118944276349852
1.3632264000892258
1.9649752585632898
-0.9175954217720979
0.4215184078227812
1.4871560064935208
2.8070546590548284
0.42374093842727284
0.9280596449594057
2.2039738915981673
1.912496755639177
0.14246623278853557
2.5392809171658066
1.5930301000742288
0.39654158529393013
0.6722604073213975
0.9586803105373443
0.42855630985655857
1.4728705607554275
1.7654875922222513
1.981164517875367
2.7124164278885106
1.4510514212543904
0.7022613858183114
0.9493658666587399
-0.6930093547015913
0.9894912245920277
0.08633738138982655
1.6010025348745653
2.3725995324500366
2.4416960727392
0.5841984565662143
2.4326919728410195
1.6634118001051321
-0.8484556722510989
2.479541027763744
0.44356156225830734
-0.09287268998321749
-0.2943853845812288
2.1746453047333407
1.2834022670881795
-0.7930189543886094
0.2935835056252485
0.9256490153911786
1.7039788237982765
0.4126163298106967
1.8492590867799146
0.30701275052549626
-0.7050607893630894
-1.0989844939314657
1.127508792548419
-0.167553111902251
-0.13982057388685992
-1.0906612213298117
0.34238982650814337
0.8241582617980324
0.9430936289572378
0.3449339271815001
0.5450663161474013
0.36907491341805293
1.0566330607126022
-0.17224694565597268
2.055007248451498
1.2814620142738502
-0.004936460079700991
1.603648685121387
0.1305121727931398
1.7130685668932182
1.3821985193415827
-0.43645594904729046
1.0586900841772302
0.08233122643006516
0.17471843937467885
0.2932618919182241
0.36900223484886574
-1.5109797602833137
1.5823832781477256
0.39446255234753336
-0.869269516108398
0.4645387714108442
0.6913970037538952
-1.125102737405628
0.5111030485528267
0.5951653353009863
0.23714021152724138
-1.0930710318836554
-0.1664295609581674
-0.2248750588720862
