8641.133132095749
7735.780026056538
7447.1995128958215
7401.017711635683
7277.655911378604
7265.395461787781
7254.664033457233
7248.756398792
7242.415937318683
7236.134772279178
7206.418894687013
7094.865734312135
7031.6537129117605
6962.670196169279
6859.691857141906
6728.290745864755
6644.334888115528
6549.385546561191
6483.428443267716
6453.731755093245
6449.163888302976
6444.068385230741
6411.669249169548
6384.47198514285
6379.112765871426
6356.841485222266
6336.528335306398
6329.947630196755
6298.9750988091
6272.797053947411
6263.926741248333
6219.515367260094
6209.582583757428
6195.815841780795
6181.263040559816
6158.4184273543315
6131.485553079345
6047.408890467417
6040.108483040322
5995.026459434869
5909.870040488828
5899.647539074149
5896.871065449516
5870.64728855303
5839.29957663707
5711.970266016471
5705.2130462712785
5698.5698196892545
5642.411956948602
5592.119508929953
5579.738896239364
5572.970407276032
5531.596261220748
5499.869198746821
5491.49193452054
5483.415346951048
5426.752778700671
5333.415143393208
5304.637287535439
5289.335714515823
5281.797612641845
5274.85194222833
5221.906489058733
5166.718461900969
5138.287841889319
5134.568399198095
5129.081983026034
5120.595895044166
5118.968070488276
5116.954231126559
5113.902066369582
5106.7254608859985
5097.337474287912
5093.820367090961
5028.871388196291
5027.195873649152
5024.515363332026
4968.699353860317
4921.882184416506
4908.4254532359955
4904.077810773637
4895.470879329978
4894.390505052517
4893.302284070306
4892.135818429404
4889.085331269483
4887.504014729618
4886.293883182322
4858.977031265734
4844.643922665551
4841.308526339727
4840.03024267332
4838.659453421737
4834.324658214313
4833.1874426860795
4832.183970215585
4831.244386107812
4830.318548640033
4829.432173052979
4828.521321525268
4827.643163525545
4826.724912824246
4825.835251162581
4824.906708874864
4824.003997016976
4823.0700762270135
4822.160064654389
4821.2248877143975
4820.312273092049
4819.37745971394
4818.464318632446
4817.529894671773
4816.616607363082
4815.682004246462
4814.76825755312
4813.832845191809
4812.918179301766
4811.981467630223
4811.065497617483
4810.127177670585
4809.209652940482
4808.2695787607
4807.350379488404
4806.4085350075065
4805.487649551048
4804.544116955366
4803.621617606674
4802.676551623594
4801.752573983557
4800.806182364205
4799.880909297425
4798.9334385208585
4798.007088232454
4797.058813258646
4796.131630644787
4795.1828477738445
4794.25509835213
4793.3061203158795
4792.378086020665
4791.429238721411
4790.501215105991
4789.552835449874
4788.625129802376
4787.677564283494
4786.750494391953
4785.804098054839
4784.877991267274
4783.9331268749675
4783.008319334024
4782.065356521174
4781.1421923514135
4780.2015066543145
4779.280337012326
4778.342308729471
4777.423490690616
4776.4885034648805
4775.572398618098
4774.640837798205
4773.727810635687
4772.800061369542
4771.890477407734
4770.966922519934
4770.061146201168
4769.142163878744
4768.240556305083
4767.326517647757
4766.429434164895
4765.520700631246
4764.628488318582
4763.7254091413815
4762.838404272726
4761.941313896332
4761.059839423506
4760.169054997181
4759.2934180915145
4758.409237107848
4757.539726841322
4756.66242494548
4755.799310141976
4754.929139185383
4754.072666509023
4753.20985286081
4752.360245148668
4751.504988347012
4750.662443282072
4749.814914997811
4748.979604072599
4748.1399474661985
4747.312015326741
4746.48034475577
4745.659908882885
4744.836309990727
4744.023460744024
4743.207990898804
4742.4027918935935
4741.595480980108
4740.797969804874
4739.998821292616
4739.20901048265
4738.4180027899765
4737.635881087519
4736.8529691408885
4736.0785029354365
4735.303619932009
4734.536754902228
4733.769814177359
4733.010477022657
4732.251374013923
4731.499474289681
4730.748088541075
4730.003520523983
4729.259717680043
4728.52236223431
4727.785996004639
4727.05572241525
4726.326636471298
4725.603304222751
4724.881334007931
4724.164794480383
4723.44976890987
4722.739866974573
4722.031610009816
4721.32818551132
4720.626517611941
4719.929406733396
4719.234146170432
4718.543182675543
4717.85414670882
4717.169163057939
4716.486168976086
4715.806997310121
4715.129863353307
4714.456336377878
4713.784882524075
4713.116834258179
4712.4508829012175
4711.788149330385
4711.127525848365
4710.469945477091
4709.814478703456
4709.161893010653
4708.51141561092
4707.863669427253
4707.218018197794
4706.574959997123
4705.933976089914
4705.295458224801
4704.658987307833
4704.024866173343
4703.392758529594
4702.76289467769
4702.135005257532
4701.509263460264
4700.885451889429
4700.263701167951
4699.643831720661
4699.025945333265
4698.4098868609535
4697.795742253504
4697.183368100305
4696.572846840944
4695.964034729137
4695.357022419587
4694.751654316105
4694.148040477559
4693.546002445541
4692.945680395141
4692.346862438038
4691.749729155565
4691.1540250435955
4690.559981021483
4689.967288115057
4689.376237207324
4688.786456279642
4688.198305544542
4687.611340596291
4687.026000137259
4686.441758214407
4685.859141021222
4685.277532032317
4684.697553817124
4684.118490349724
4683.54106938882
4682.964466533803
4682.389523514584
4681.815298692807
4681.242756559746
4680.670829354443
4680.1006131655995
4679.530905158258
4678.962941936403
4678.395376553166
4677.829595157367
4677.264097519444
4676.700428510522
4676.136925290576
4675.575300809391
4675.013720099617
4674.4540737512525
4673.894344935445
4673.336611680118
4672.778665316195
4672.222781366066
4671.666549075805
4671.112451803471
4670.557866167224
4670.005494014708
4669.452488479087
4668.901780879176
4668.350289671655
4667.80118697843
4667.251145023098
4666.703588438189
4666.154931286065
4665.608862803864
4665.061526571404
4664.516888928108
4663.970810235023
4663.427546854975
4662.8826627761255
4662.340717739675
4661.796965761388
4661.256283764388
4660.713601745925
4660.174128072349
4659.632454217794
4659.094134718579
4658.553407548217
4658.016188619269
4657.476346951308
4656.940175521343
4656.40115845643
4655.865981976759
4655.327728892605
4654.793495335312
4654.255945880095
4653.722603735514
4653.185697831147
4652.653196112063
4652.116873958126
4651.585162207135
4651.049364289767
4650.51839258693
4649.983059696188
4649.452778676398
4648.917851921422
4648.388212789085
4647.853633620189
4647.324588168553
4646.790298404146
4646.261799038479
4645.727740891052
4645.199740650516
4644.66585676149
4644.1383093500635
4643.60454282557
4643.077402639858
4642.543697082893
4642.0169192391495
4641.483218797266
4640.956759168766
4640.423008576007
4639.896823828117
4639.36296844951
4638.837016072608
4638.303001958311
4637.77724031168
4637.243014243434
4636.717402588956
4636.182912135727
4635.657410683734
4635.122604260711
4634.5971742113325
4634.062001137171
4633.536604724685
4633.0010152809455
4632.475615819465
4631.939561314799
4631.414123245932
4630.877556078834
4630.3520450180495
4629.814918748312
4629.289301537945
4628.751570951021
4628.225815709477
4627.68743688515
4627.161513055304
4626.622443442385
4626.096321850563
4625.556520337241
4625.030173243419
4624.489600230087
4623.9630013841215
4623.421618855223
4622.89474354844
4622.352515154804
4621.825340284411
4621.282231411633
4620.75473553258
4620.210713379251
4619.682876763072
4619.137910414876
4618.609715108694
4618.063775617431
4617.535205503624
4616.988265961
4616.459306817941
4615.911342428521
4615.3819819854925
4614.832970142452
4614.303198144872
4613.7531185041535
4613.222926771567
4612.671761322507
4612.141143805499
4611.588876942965
4611.057829789332
4610.504448379663
4609.972969986176
4609.418463438325
4608.886554513095
4608.330914844401
4607.798578466762
4607.241800361995
4606.70904203177
4606.151122908054
4605.617950611259
4605.058890673306
4604.525314925332
4603.965117225277
4603.431151133584
4602.869821616485
4602.335480922841
4601.7730284787485
4601.238331608684
4600.674768119746
4600.13973623162
4599.575076611415
4599.039733635949
4598.473995863621
4597.938368542068
4597.371573706061
4596.835691634105
4596.267863943098
4595.731759586721
4595.162926408025
4594.6266351469985
4594.056827018059
4593.520387159672
4592.949637798957
4592.413090598465
4591.84143691314
4591.3048265819225
4590.7323086722945
4590.1956823922865
4589.6223435351585
4589.08575144449
4588.511638090072
4587.975133290772
4587.400295031141
4586.863933560681
4586.288423108763
4585.752263925361
4585.1761370713975
4584.640242018023
4584.0635575923725
4583.5279913643235
4582.95081117054
4582.415641254837
4581.838030016467
4581.30332664545
4580.72535192448
4580.191187996647
4579.612920113164
4579.07937111973
4578.500883057785
4577.968026993304
4577.389394291797
4576.857311549038
4576.278612188826
4575.747385451815
4575.168699730181
4574.638413849972
4574.059824238602
4573.530566096557
4572.952157093855
4572.424015460611
4571.845873429628
4571.318938800377
4570.741151800629
4570.215516233842
4569.638173832745
4569.113930768793
4568.537123859789
4568.014367937501
4567.438188516816
4566.917015356147
4566.34155633816
4565.822062361339
4565.247417325015
4564.72969950362
