0.8837075081172195
0.15055316757202242
0.90593478916343
0.6585168268325983
0.885412285830186
0.43281935324128973
0.5959640750288975
0.9530312408386257
0.5411932110255183
0.7211718866591823
0.39232685131060585
0.861206215054736
1.089791789105339
0.6949883104138271
0.4317975118820093
1.1081262174717328
1.0734276512890488
0.34261270626692464
0.38055395211166015
0.342859235720782
0.6162100442931697
0.38961623092763675
0.9331933744967421
0.45539995134265343
0.38559249650813043
0.6986477656338365
0.4889245565496363
1.0507814603639676
1.085083299728759
0.20286342638611207
0.4920232755648217
0.6197391272932347
0.49854659399818657
1.0903956004719684
0.23616933721098476
0.3850086057446006
0.3795917510607587
0.49461644096222873
0.3841122831120927
0.4728685762436539
1.1009976285115441
0.38056894371435984
1.094852435838643
0.17338097160491972
1.0373622796391864
1.0600022543891479
0.38302697151703297
0.37620827601838036
1.0003560435529661
0.2818901775587487
0.6861513517802053
0.7993480620357093
0.7103997441807838
1.0320419114792092
0.9853605810317922
0.39772060232971324
0.7414327281761008
1.0515759110787422
0.2852843068756047
0.9469458106487699
0.22636347560860326
0.26937289049193863
0.52253454315561
0.5657827086984991
0.5457623170873097
0.6983456911588615
0.7239538353525551
0.9196392814008375
0.3490545736433431
1.0417591984522274
0.28956507560132433
1.0788855176094143
0.6596275867309591
0.9885987465977069
0.481438701256465
0.48576788077084515
0.30616564955493003
0.9645684013975186
0.8429341099006931
0.9152967719602918
1.0070567911286101
0.26886004859335355
0.9277220421331823
0.17401886631364175
0.41631047158034884
1.006452306044462
1.0600551592712697
0.9878368757107574
0.4003206027807037
0.7603600670820257
0.9239790461821246
0.1359360633580913
0.7792532280149764
0.7804142572774729
0.40918054754503025
0.8790286781443241
0.5930404614808777
0.6352302722505654
0.42893123540575206
0.5453701667839583
0.2567378309673186
0.29572685853262654
0.12083186875251242
1.1075430572846248
0.5302016759709747
0.8555852304017536
0.7952892745466791
1.0514917765288132
0.509778086141439
0.445050750354489
0.2898641481539009
0.30045818638117716
0.996371052455539
0.18875514847139904
1.0780073031054573
0.5817343072657023
0.21037498783952807
0.7672654436386901
0.8360336801089862
0.5767068906031592
0.5680890366398335
0.49337666535573504
0.6984555364530316
0.6893345604486568
0.9743913454046521
0.23410110377673757
0.6037260046501373
0.40346487419241106
1.0871501553337761
0.5196465912854228
0.7836093737706712
0.35064522397976966
0.733194083702817
0.5092973706976799
1.0676710537396887
0.8803852577858581
0.3112177367267677
0.8580508997783592
0.37607146190507484
0.5263037004092465
0.748318050503559
1.10699140053665
0.9413165757510705
0.6878871395954914
0.3247665401600661
0.8619714185636576
0.362434039423963
0.6003450268596501
0.6174041352188208
0.7577054157849925
0.6734443972866192
0.6801921107893383
0.11761956960482406
1.1092926248676325
0.9371833224221338
0.3610437627379688
0.9107892414515657
0.6826770824345992
0.5036830908786368
0.23444937490850773
0.6622997952412656
0.8400855686341928
0.7342144711743671
0.39867088409130785
0.3986955486934471
0.37825727001192067
0.7255301907010919
0.7397416778048735
0.347859488588826
0.8317164372048885
0.9937393171947981
0.29606571307575824
0.16595785269883495
0.4905727487159156
0.5653971197767467
0.7592272148646123
0.9596595416215059
1.0529113257739346
1.0219740061503864
1.016944012020297
0.9759099180292883
0.5731037259096275
0.9732976159302951
0.3839425884113145
0.45389970674629787
1.0276663033507123
0.2497452031038048
0.9517114764536316
0.48458240601423236
0.7477463395651812
0.7899905500507199
0.6594402088589539
0.8848176065977434
1.1120717368423578
1.0698883008141906
0.8939772718911264
0.3835528813779329
0.15102652565473193
1.1019195579145966
0.16127905820726968
0.8441797398656238
1.0500401897713734
0.7644016074942368
0.3924181142753284
0.7564061679004627
0.26347374728381256
0.6866355984392415
0.148396833839658
0.42793702472413264
0.8303586989077528
0.660654671585781
0.4542813499944584
0.12883020371688253
0.17326896551097684
0.6876957583817633
0.9313263471399295
0.4774019087511026
0.1878633467586492
0.643040441392344
0.3056305851797768
0.12784870204152932
1.013220545008465
1.0371301240366853
0.49327632774026936
0.42967954516664497
0.6183538008121198
0.9909870476716643
0.8329059588240746
0.8718247548052356
1.0843500108404536
0.44883536061182017
1.0348207054975522
0.5858591054499463
0.15900753365397577
0.5478880434406165
0.8146664328522337
0.4919561022519588
0.8156580798080472
0.7309280519808952
0.1988722286146028
0.22625988930974353
0.35917092070326434
0.1646053859794588
0.6868508119939536
0.5612973247539841
0.7377490908715476
0.26152060778699826
0.17139232839725027
0.18135832390006482
0.4260781546552942
0.9992366467687789
0.9123113793365706
0.6410836706661187
0.18018060022303128
0.6176132224961889
0.5849340992021433
0.11604673776796474
0.15020528268166988
0.4144037773854243
0.14389251114931337
0.36309512311216335
0.519787433100185
0.500624087169181
0.8802373584096278
0.5087291387679627
0.791265239168623
0.12053378255217984
0.17944769843663608
1.0928135492432416
0.18710619683263763
0.3502647403799437
0.6976041261859292
0.37472825442007096
0.5430685001067785
0.6069814559290199
0.5412593182793586
0.49302176433323774
0.7150479971922841
0.4266595503927541
0.7001062864880813
1.115404605880951
1.1153416126567295
1.115405991848259
1.1153549677204353
1.1153180876437372
1.115431795950229
1.115416806804677
1.1153854274994146
1.1153033872216673
1.1154968884971006
1.1160690434919027
1.1160242332786627
1.116133218979645
1.1160316165906032
1.1160299691857014
1.1159891531810961
1.1160635672349846
1.1159056677282302
1.1159151258134556
1.1159390405767682
1.1150028615716139
1.1148365521864263
1.1148506472615423
1.114830383275751
1.114807896118103
1.1150528704893092
1.1145325975564255
1.1149331715388846
1.1149313979040094
1.1151034226430436
1.1164532531070197
1.1164117836045506
1.1166616944177392
1.116466884445958
1.1164976027741225
1.1163266337816924
1.1168823928842448
1.1162924472047768
1.116214388293292
1.1163155243289233
1.1153634974747015
1.115380700935179
1.1154362289183566
1.115240336211802
1.115388999699625
1.1154598003252736
1.1153346436324936
1.1153029174324856
1.115274873589908
1.115478282335227
1.1152489943009138
1.1151109020088523
1.115155040482489
1.1150439186180978
1.1150728714013372
1.11524341696198
1.1148656753997142
1.1151132282886291
1.1150931553093137
1.1152845009275327
1.1156064561684464
1.1154816544672153
1.1156389042888257
1.1154937935745515
1.1155250327324309
1.1156223287236464
1.1155408984553525
1.115531105628349
1.1154789091188007
1.115577380677849
1.1156258615724395
1.1155180314425173
1.115674818469283
1.1154617610845938
1.115534402476921
1.1156263290933401
1.1156015941270847
1.1154319495537275
1.1153998120184987
1.1156460956416239
1.1160983678533012
1.1161018937432519
1.116198820410625
1.1158786921009887
1.1161683432277267
1.1159964083349285
1.1160415702813138
1.1159507845597378
1.1158580967800642
1.1158822666044934
1.1161927439372294
1.11619783679029
1.1164173002574413
1.1161096992394413
1.1161721390625094
1.1161380754386607
1.1165853105464276
1.1160213814895081
1.115963244248796
1.1161097763320085
1.1160476112416662
1.1159392868597429
1.116193046437281
1.1161168975604736
1.1161553228116732
1.1160184136571618
1.1161946726876302
1.115961603907651
1.1159434165686806
1.1159316708047826
1.1159879054324333
1.1158820858386302
1.116112658505866
1.115891819730993
1.1159559928114589
1.1159464308601375
1.116081886905869
1.1157855966422952
1.1158090393455624
1.1159164155863888
1.1157260570229008
1.1156324103159816
1.1157838658822037
1.1154830390143515
1.1156013464589523
1.1156862238780034
1.1156724067574741
1.1155325156443596
1.1154456579308023
1.115669982677156
1.1159591036159142
1.1159147523934225
1.1161393446276229
1.116024548444043
1.1160308992340806
1.1159444520831265
1.1162673115942972
1.115882826141094
1.1158367232951671
1.1159588172233024
1.1153959074302742
1.1151582584931676
1.1153210950107435
1.1151999013130487
1.115099813624679
1.1154020688157718
1.114961639893574
1.1153299028919768
1.115266210687129
1.115319644427478
1.115691723603969
1.115586093287991
1.1156875902687204
1.1156794218562447
1.1156757921889993
1.1156355714213921
1.115590992144778
1.1155905362543328
1.1155108194364831
1.1156739002303773
0.4086459192711015
0.7207858111728653
0.9051273092368133
1.11394577567228
0.8575786724490089
0.18374441685129547
0.20578918226792242
0.7222930992676322
0.3355697761173225
0.5910716392739453
0.9311502997106347
0.8195630788417941
0.9367233788219633
0.7620402955237094
0.5786212241514316
0.1259718920584813
0.9914605961882208
0.921958985633777
0.2956291077353864
0.3039298525092341
0.3634795468200528
0.46028326962735366
0.645349869572479
0.5976900633647243
0.6582254133862239
0.9399680567169918
0.18464116619989265
0.9072937018975763
0.8732928422615464
0.6152983965912543
0.5481647922790801
0.4116757428259379
0.7536857340807018
0.26953922068264735
0.3367695782038397
0.8467174179536948
0.7558083634069254
0.4349516073561544
0.2586523252043889
0.4647991126618296
0.42681880352966645
0.7824613298038015
0.39076328422757867
0.3709323329231864
0.6289645591038794
0.8811262001108111
1.1014982544646577
0.7682818148292956
0.8957802287511318
0.5741365740399343
0.5974683242796699
0.27663968275105016
0.33589858818374657
0.39573570243159617
0.6200008118775739
0.25007395985609926
0.7667815858593816
0.2137856829326561
0.4544991034749218
0.5958601845397213
0.13538536409965463
0.8198406042700591
0.8351921884813646
0.7077679381109513
0.2999494518011534
0.8085878431350639
0.8069069864747301
0.8637714939066674
0.5115423907742689
0.5023296892015499
0.7144020865373568
0.309885941108537
0.7832761457013339
0.9385012019967237
0.22248819697496908
0.1448618262486217
0.6575613584914911
0.6767412733611784
0.4368476250196199
0.6943582041726428
0.20438285254202834
0.9780957093990874
0.8925664589691739
1.1022912665965863
0.6718762364127984
0.2140180941918497
1.0636617445377088
0.4523670147384627
0.29400597733024675
0.1875756341004142
0.5803874212767668
0.46376571173117737
0.37748167062276317
0.7578366039588207
1.009527382728274
0.17908663296233623
0.9726493985900753
0.5285801342823064
0.543689415644334
0.7009597823636415
