15643318665908572e-32
34800144359295306e-33
14539349148100302e-32
0
3440023596648.957
1769101116635.0134
31344345688429.24
1138147403652592.8
57846280608037864
69671804534138e3
4659009535768776
110333150775695.7
1452305138698247.2
49565300991480410
65676715752248680
53274255313665900
51507470142392480
83949108588053920
79297200597356060
83080346839648430
86101719849869630
96326174064756430
93720942936860960
81510536494297920
59192825974445200
29706952399215732
13379758366798046
16766723705892536e-32
29185672965375807e-35
16656864172828718e-35
17848601878881662e-35
685693.5252066961
3203191.074712554
26494942.79438341
39181196.56898138
35685617.58242535
14679861.203554004
2174858.795291418
2654995749126102e-250
5e-324
5e-324
1e-323
17400899834055477e-183
3782011.2829679246
17280821.66611701
22809423.101772178
14285663.699439418
6286167.5016686935
7009649.996727557
4764934.580013031
1702050.4175575634
60194511868598e-257
0
0
0
16084477103325005e-35
5295881099767225e-32
12574395306211448e-32
18097497058523702e-33
0
0
0
5363782827244912e-317
12725996303309089e-54
34249543780562510
105572668559190750
157420263866788900
177545677840544860
166208788107352740
157283061649880700
151276302309001600
136124130537876850
150032415857312900
148340679848503500
115928134947629220
69521894780926480
505926349906055e-54
2225505852483485e-77
8392693012453733e-82
7543664464896944e-142
1490622368544524e-48
16907075079607.104
26600608.51995667
8560357434506246e-33
7557256473606416e-173
699946086429789e-183
9154615192464286e-192
0
42960806001928525e-21
0.00012647840967129633
0.00010768765068706154
44124779599593106e-21
2440426628079382e-20
5e-324
5e-324
809081239449673e-20
2025556452782389e-20
912500871798302e-20
0
0
0
0
0
0
29331701924449228e-239
602705642011525e-19
0.00014814457689136216
0.00012621243716709346
8933897467833904e-21
0
0
2750402848518646e-197
23981078587492633e-34
2266153381738483e-33
2407262333181639e-33
0
0
86181625652920.45
1.7785697980837227
7648900168865375e-38
25608841217345475e-49
2282477655621393e-31
5e-323
0
0
0
13451218279200193e-82
114985096332872.06
204317184790752.4
266403615324435.34
408286424182429.94
506733934845960.1
522092166027811.9
505937954369957.56
271714001402616.2
7009301546705046e-127
560264391020938e-210
0
0
237244858041283e-32
3092967448451675e-80
7847512768317837e-89
3457012088201876e-89
0
0
0
5e-324
9330836444969805e-112
3701738277240543e-262
8884644502508611e-67
38764070732441070
55515903939272710
69209623303891380
85455237292500270
78354089360650340
43105090823138320
20050854374028092
13895807430291552
19464738596526420
10127254914143490
3303032444421142.5
183154.72705172122
135.6174902826165
5e-324
0
0
0
9550753498650188e-93
5968745747984527e-34
65330558784654e-32
638890828430341e-33
0
0
0
0
11830231164273954
21833431786343430
22483574893237150
12634035712359040
3357257281015041.5
5e-324
477427.64124301466
3377894663082212.5
18519346449442468
17131683747650810
5499595809493479
28938833066657.953
7141355769672.281
231753303417432.53
42898337155186.125
226778332200.1767
781064359051.2749
1413078048855404.5
3140414303919061
2166223101282846.2
6417768700265685e-34
42215993625752095e-33
10740235915836198e-33
8663838753481677e-32
0
13556996317470130
23107279443430172
44279754723561030
65872040116240400
77636244195378480
70136226800278730
46874845827538120
23886062298572710
5297408836355889
1536037514085733e-20
168279840925247e-80
992361982290951e-117
1595117591269721e-216
6922710825114477e-129
12969496205737519e-21
25533760991357196
37332064739777880
31260791704844500
36343660026087100
36053733763463430
10627967655944060
46446507083.379326
90902256921.46964
5562896772278907e-32
49474838996421063e-33
6652617338422639e-32
6498849009684077e-32
9912970008113492
14285535086324500
10920833118377938
25829572799819218e-71
637847522185298e-151
4736722439443434
6557296373939286
6270053815007173
5488692288243065
3762908130647079.5
1752534410649804
899247823536417.8
7560564198224424e-140
13846896090263557e-249
8064874774576055e-243
2213214724820037e-28
13844281642402072e-32
36189185527802780
42112919192714390
16514652080028442
1e-323
0
0
0
7142162348581618e-32
13107004890896511e-39
20248507544782975e-39
1845021020695918e-38
0
40384853680.65882
4394077115806059e-103
5e-324
5e-324
1e-323
41997759872.87716
87143718492.08188
148193667129.79486
134381426857.1095
78357133009.20866
64540718599.40346
71868160096.54565
52357427229.35129
20490395335.426094
1e-323
0
0
0
17489845530161678e-170
1e-323
0
0
0
24850521520894944e-39
454120462189950500
38227819134271595e-90
12398214518754023e-84
0
5e-324
0
1308842511061709
11732562734.349163
0
0
12105760844293993e-63
12858157518282532
0
36792272015634966e-57
4594513258462909e-185
5e-324
5e-324
16636686305917724e-37
39.51999602017238
0
584704748735515800
0.002350404007894443
5366551689773851e-112
163599.7003896738
5e-324
20567094203451865e-84
0
2567842387183.42
1615192283483157e-263
0
24271627109543624e-154
5244233304121512e-68
12770624445073817e-84
0
423277576258670.4
3931385551739023e-51
9360250479342481e-33
586664727663924200
97.39100961607427
5e-324
1943372756513001e-83
1057611555493.6523
314901689071314370
1e-323
5626039223350376e-65
5e-324
6039943915948899e-83
5e-324
5e-324
13016755932018558e-55
341909609222576700
0.00730166662937381
71911942893184396e-202
3336734830953706e-31
5e-324
5422346559650783e-137
0
5e-324
5e-324
1257906865269016e-51
10886319594953702e-83
9579840379984796e-91
1e-323
31991269223702203e-31
1e-323
162361432074994850
0
1e-323
1e-323
63273473160542460
15e-324
5e-324
6028758608283525e-76
0
5e-324
146387045603.6562
46858361799868456e-76
24198223197899314e-46
0
1e-323
10163946180392792
1.0305919548832518
5e-324
0
1045045986230045e-63
0
2740163373752866e-34
2605132814.9095116
5e-324
3237631349833159e-67
22253174442450938e-57
5e-324
4456999126028327e-56
8467260535853459e-103
22134366234332148e-176
1776735682208025e-24
7912629903828931e-56
1227119782294549e-25
17623232988488232e-147
4026369757022392e-69
5e-324
3761939484706237e-69
1041818773352123e3
136698538255229e-34
30187175049334136
0
5e-324
15729175650543133e-85
4167750703498768e-83
0
6099333336946487e-83
6433707005062895e-25
24400856666684423e-83
13936147126225333e-168
3199270311530581e-54
139253680600092640
5e-324
5e-324
151481950648933760
16553181284296373e-34
4280356675658874
24132665495702446e-52
4735538107801789e-146
0
6885638651026182e-87
5098896968146686e-81
92288428194879140
25e-324
5e-324
28398413432526628e-170
1e-323
8197359051185975
290856720111192900
17462865924081988e-36
2522142513550753e-134
5e-324
38117349764503244e-179
6439574969137949e-83
5e-324
5e-324
6269978560387916
0.2906586827647254
0
11305826647933834e-139
8404486652334897e-64
0
0
1027078558970266.2
5936117530813475e-78
0
5e-324
50097423427440014e-242
115253623582920160
11653281559182732e-35
0
6963545139332612e-241
5e-324
1e-323
2978159947627776e-106
3139447479943203e-48
5e-324
6006404470324609e-54
302368934181445700
30927581560860485e-132
119.62248300024349
379144603899988e3
6100571757956075e-80
8644304585437402e-79
160999234096022.16
1014743123905962e-23
13594953640922458e-55
3328033780359383e-61
5e-324
0
59486001092670960
0
0.0002196980759326281
0
15e-324
16039622742.441935
680146154147285800
1805501683159835e-72
5e-324
6687259110503941e-25
0
70113677350505060
128642704234534860
691525498482147500
240827859159722460
1624990734227194e-26
0
0
7641674778826617e-26
0
0
0
0
0
0
0
0
59740866990906360
7948166915425112e-320
1e-323
28533633194117667e-162
20180227124051297e-25
14826666858392099e-43
0
107501083576736e-300
1586773919146638e-123
550495933575993100
944636498993786e-230
13213385388.373354
14580029003740577e-30
1151929890438247e-24
3778358953660602e-82
194036818942426e3
19536726739821484e-30
20181508247260445e-96
0
75684152246425e-115
0.00023062466055579335
98653691429063400
0
4090353418696856e-42
140722355203960540
7719633405907566e-187
3037942799713115e-72
2477424404461187e-32
27999593327358.395
0
0
807779006027784800
0
0
64892585472351075e-31
0
5e-324
0
15702317524018998
0
3154566474399973e-56
521862322202327700
0
0
15e-324
1e-323
0
0
2376185508253e-323
2512745549656605e-23
15062448217.947401
1e-323
20366318053422452e-28
446627569628993.06
741578173380302e-75
914281788544686.9
8320530627333834e-72
11388918210005557e-41
0
