8641.133132095749
7833.46917189192
8204.642127124493
7341.972355468918
7250.786065764368
7247.882416548022
7205.361320017285
7178.476445291229
7110.544446956427
6914.42542526904
6625.396099751272
6588.335901130902
6498.564949096069
6500.793799199706
6419.9286966604795
6218.5511512096455
6162.9190944537495
6139.41964269545
6048.943281342386
5945.001066756635
5913.663413415688
5938.558147580068
5820.485065119661
5734.105838333611
5740.847406245527
5673.197673842027
5618.408639999906
5635.014892722148
5543.962232679438
5484.293922625335
5482.19157192437
5441.882736226765
5362.92650565577
5324.181032523385
5272.283495273377
5259.426774454534
5236.5113267255265
5233.168926760254
5222.37558229966
5221.2975562663905
5151.876722392451
5088.5266836018845
5073.737323771355
5075.878265824281
5048.892935782318
5015.314125160452
4998.323483334123
4980.773383740858
4975.249872251695
4968.501407449829
4956.23517621714
4946.2043463291975
4921.443624749956
4918.474976536902
4896.768967721975
4913.885720710359
4916.711613916992
4902.578278443302
4893.944792996533
4900.504358068155
4894.182068313441
4891.893377769486
4892.8550835715305
4867.8668419238975
4854.229164320999
4851.434269174039
4841.66982868012
4825.210726180554
4824.162387122748
4796.005209652035
4783.89524307266
4779.664511790783
4773.148242792533
4768.465039819905
4758.536522782426
4778.506709756307
4768.434336033589
4796.536433297891
4784.359374112046
4660.052435723815
4668.79752496628
4675.117714857792
4652.579350019286
4615.132121727897
4600.862998689068
4599.096972585461
4586.104543799101
4577.592123654242
4580.424673289057
4583.088247876397
4592.691850884455
4581.218555018245
4561.308777112467
4556.046406123901
4545.4387065074925
4555.88664809252
4554.555280380284
4550.946921274317
4535.204046020341
4555.1310492194825
4555.23473176721
4573.678643642548
4573.551109874546
4601.19163051415
4600.809898650011
4619.384660519549
4619.353667353379
4638.869931305951
4637.236598902459
4620.873821119169
4619.515481798106
4607.6462683652635
4605.971010668348
4570.859232450384
4569.506047013879
4550.355305104282
4549.321438291066
4527.2756571831715
4526.320866506667
4514.958372564981
4514.194766129304
4503.996337624557
4503.297329646668
4497.694413409538
4497.081555154053
4492.302450638852
4491.740009790266
4488.825966354634
4488.304765012069
4485.773436256181
4485.286444526779
4483.5743231438855
4483.1112994818095
4481.56781924104
4482.888461428849
4485.980036282301
4481.48862745227
4480.490363158328
4480.235986342714
4479.738511844052
4479.431820289043
4478.444976737663
4478.166989097146
4477.812829528479
4477.5173066832995
4476.7400277948655
4476.4751471534055
4476.317191303967
4476.034973975314
4475.472029315104
4475.221210020272
4475.286567433642
4475.017366866383
4474.664791535436
4474.429266169006
4474.746865737304
4474.490555372885
4474.344538902799
4474.12582621039
4474.728550886167
4474.485020549418
4474.535656590915
4474.3352001791145
4475.250372538929
4475.019064628513
4475.2336187442515
4475.051890071503
4476.279778858521
4476.058994915807
4476.357765132154
4476.192837632238
4477.6758166943355
4477.462143596292
4477.699118348933
4477.545264455638
4479.1434590705185
4478.9320345323795
4478.907238196986
4478.754869547915
4480.260101148456
4480.046260434669
4479.575341692653
4479.413511844566
4480.624355013354
4480.4058733012525
4479.427466946948
4479.248115598994
4480.0745745344975
4479.852458671252
4478.493251240985
4478.294112157446
4478.811493802477
4478.588455910496
4477.123235896526
4476.907366647789
4477.317149607578
4477.095446516403
4475.841136242669
4475.614490058964
4476.157513498596
4475.9381164930755
4475.171874887585
4474.941815659378
4475.827619791498
4475.611023057146
4475.544303667391
4475.321161243317
4476.678629717064
4476.4669539557635
4477.23088210032
4477.0349278072235
4478.8351036362765
4478.634872856163
4480.216000268761
4480.088899527463
4482.030115752193
4481.832978229091
4483.954695286105
4483.915740352014
4485.623254818102
4485.3450057456075
4487.554162237884
4487.567655639056
4488.748221778142
4489.707145177849
4486.083191233849
4487.354945808154
4485.362599919692
4488.704571369883
4478.84391816959
4487.459011704645
4503.043541797495
4526.667560425919
4529.050234310501
4535.528949950112
4564.208849661295
4617.5583086029355
4559.916752662479
4479.936225166399
4481.396371694732
4449.505309938164
4444.024350414335
4444.73299718385
4441.531457968247
4450.328688335302
4449.894560624747
4464.416136588467
4464.6778589728365
4491.636622895018
4491.7876113939365
4525.679810824467
4526.891440385527
4579.975354649209
4579.37199896365
4608.553796927711
4610.000638772296
4645.391458775841
4641.786532449507
4615.275636181018
4615.062747132647
4630.014409357147
4618.34492193257
4607.68093829875
4608.300854291076
4649.944121906092
4633.57654610563
4651.339121672679
4656.561345814227
4696.036339800987
4756.805923000685
4598.28337370382
4539.926954139684
4531.458652003284
4543.3352303988895
4543.727140516182
4530.402015138997
4529.107197454927
4528.160422633472
4538.180998499237
4542.330077154474
4541.694350675307
4534.117587935445
4539.109735139095
4538.855297213591
4523.261266721205
4523.995347605136
4522.340315224556
4522.986019254044
4504.81915012964
4502.257734888297
4498.391473521095
4498.280944946937
4484.275656095548
4485.416305860037
4482.0810456217605
4486.219066957619
4472.164090384674
4469.324911302997
4515.870078961767
4544.429337861995
4507.265221192003
4472.450259515492
4477.315623161316
4474.785636339803
4475.843963647892
4473.1729144099745
4475.9080231096705
4473.701052318912
4477.425195207088
4475.8011007098075
4477.901268125525
4476.275715036303
4475.339446047524
4474.062069288161
4471.10105529901
4469.807485323658
4462.840551467933
4461.792338607228
4455.3465403873415
4454.357445741912
4445.378908362995
4444.5409556547675
4438.001887549243
4437.247145244672
4429.514952658241
4428.831000313001
4423.710139681117
4424.684303795414
4414.325116052575
4420.84494381253
4411.066623531576
4425.76531413674
4432.198600415171
4467.068066984365
4450.350839445482
4545.024607471214
4550.0155755815285
4725.378058437673
4751.285272824357
4814.814535220698
4760.699871716298
5022.809729726792
5016.175613412236
5454.965139078085
5448.973566163803
5727.313888682862
5727.753855286619
5301.605438219778
5208.896245053394
5293.133759643721
5176.394545677518
4875.271611089953
4874.854348498191
4829.7900095241885
4727.020520879522
4661.898509782738
4644.361351956061
4645.27246686681
4598.457215062449
4583.208908426499
4571.309532896416
4586.795677499952
4579.901946430992
4511.12056853661
4501.449709169143
4502.616786402842
4492.163906069348
4495.80657501699
4493.155834857873
4493.818043832733
4497.986973345298
4481.310079124008
4462.258049090271
4466.513808501527
4469.688392475795
4459.390553409224
4452.744745148551
4446.3220089377255
4441.382524510415
4432.113504005508
4419.573213509787
4418.90400038642
4411.600697442637
4418.998628974445
4417.420463892741
4426.969170555637
4429.20338592779
4440.398763831494
4439.333389983976
4448.0094023856955
4450.728738814532
4460.27087230617
4458.012403093116
4457.937100508998
4460.588351900256
4460.292001338237
4457.1887269409945
4447.470537242979
4449.095102119007
4442.254575765692
4439.7183683729945
4429.067766788239
4429.757922598207
4423.123932157903
4421.504857850508
4414.277949219325
4414.5006294383165
4410.134334511929
4409.127762222774
4404.9745924699
4405.022165791814
4402.553243083689
4401.877374582141
4399.700106566373
4399.702999643733
4398.539702480904
4398.042437517613
4397.160676193699
4397.183491084063
4397.016262135604
4396.62706117926
4396.788444758391
4396.882115112454
4397.683188327682
4397.373379562065
4398.637851047497
4398.864734394634
4400.830187940647
4400.589152844512
4403.23151353743
4403.676273639086
4407.105686865666
4406.91367431184
4411.1964652137785
4411.950043048507
4416.853145195339
4416.630617900376
4422.171599786568
4423.255502816955
4428.538675778992
4428.097003094839
4433.011607381804
4434.267353571552
4437.416566478178
4436.550460058069
4438.09452011724
4439.222038621353
4438.327665479855
4437.074820410192
4434.555537601238
4435.355877167917
4431.447282267371
4430.104244392693
4425.646860182265
4426.138510771847
4421.691750687958
4420.5129054704
4416.372191928609
4416.677531185216
4413.193328733576
4412.250592603106
4409.349291544281
4409.580406542448
4407.406704506491
4406.666776942626
4405.082670986143
4405.317178874841
4404.3581892756065
4403.767341801296
4403.370344107072
4403.666493610259
4403.796131873537
4403.310117340257
4404.012785494901
4404.42371584302
4405.577329982095
4405.1594003383025
4406.917754770716
4407.493313585402
4409.585260229317
4409.19062034785
4411.856486248205
4412.62719928189
4415.351877323761
4414.908721843231
4417.989466970842
4418.93349880288
4421.565485521203
4420.975156129074
4423.521817400239
4424.542089440716
4426.066431077978
4425.2536729525455
4426.262123566066
4427.220452940301
4426.99173375139
4425.978755122761
4425.166822022164
4425.965392074645
4424.2605729178285
4423.166822384224
4421.185393390501
4421.811769181051
4419.522743305829
4418.477711745087
4416.2867785261515
4416.789282265768
4414.727542216539
4413.802988449087
4412.080584975515
4412.524500837302
4411.123408945509
4410.3329978771
4409.382946819978
4409.827295787904
4409.228370211234
4408.555098719928
4408.454723907452
4408.947387519335
4409.145858659037
4408.561364545294
4409.276822514051
4409.8537480666755
4410.757392762781
4410.226987903505
4411.628576675517
4412.3086097064115
4413.7126273192525
4413.192787100077
4415.004928175794
4415.779830314371
4417.320918965822
4416.75963169193
4418.532723635447
4419.360822256067
4420.553891357239
4419.904166294358
4421.121061485707
4421.937813143139
4422.367178236979
4421.611994253168
4421.939938787187
4422.686771210952
4422.246155432833
4421.412846556167
4420.900034812569
4421.550846523202
4420.495520084295
4419.640830679606
4418.652791181654
4419.2178789942545
4417.977165428864
4417.156263743596
4416.135699347485
4416.647228495517
4415.600457961023
4414.846739993316
4414.127630101624
4414.623295423384
4413.9999509449335
4413.323052676118
4413.081247482254
4413.594503331839
4413.479784601459
4412.872075375743
4413.148169385711
4413.703482132162
4414.069760477807
4413.512188544899
4414.236980310093
4414.846436605126
4415.570514090593
4415.035784662806
4416.040665156891
4416.700916214004
4417.574917551846
4417.030777918638
4418.065852706253
4418.757705716104
4419.524594730248
4418.940734714032
4419.732945293233
4420.426910703329
4420.859159698627
4420.217529735897
4420.568964038656
4421.236555157789
4421.2289991761045
4420.531563477955
4420.403603272895
4421.028578135734
4420.640078720729
4419.907238724821
4419.4259833382375
4420.008859010287
4419.419597906294
4418.679771649255
4418.061413782479
4418.6161714144655
4418.038498000015
4417.316325950133
4416.773200573021
4417.320343482017
4416.924624234886
4416.234114503098
4415.914337933902
4416.474487554833
4416.355795018335
4415.699047288458
4415.667047255474
4416.256468403369
4416.431114653428
4415.8000802984525
4416.03985921365
4416.66751508256
4417.081800056859
4416.461089756278
4416.888195969024
4417.554019405092
4418.09919875527
4417.469666118564
4417.951410049748
4418.646347172039
4419.184103133446
4418.527638055376
4418.917016004373
4419.62568849992
4420.026900832907
4419.331913376267
4419.512899823923
4420.2186929579375
4420.405688208799
4419.671105473903
4419.598140260468
4420.288787149845
4420.260359658184
4419.495687149973
4419.2055775178915
4419.87665043485
4419.70119977915
4418.922334550692
4418.512107301769
4419.167135134471
4418.949599385158
4418.172775334969
4417.758591412804
4418.406527831695
4418.249188432753
4417.486064270667
4417.165203599568
4417.816902858449
4417.790942898723
4417.046315850796
4416.874583514969
4417.539569172716
4417.672214821393
4416.944116865644
4416.92897421014
4417.613065929472
4417.887266581234
4417.168570884756
4417.273653763661
4417.977665346287
4418.34065374798
4417.621538874501
4417.779580640682
4418.499291857925
4418.878369083835
4418.149246248187
4418.2819200988615
4419.009454143316
4419.333147303937
4418.5875202356165
4418.628882281731
4419.3552203578465
4419.574746433376
4418.81114992173
4418.727598813923
4419.445398333644
4419.548596334767
4418.770806673696
4418.569487505376
4419.275129279723
4419.286932336606
4418.502331270452
4418.224600804932
4418.918768107816
4418.888785120175
4418.105657675768
4417.809678953259
4418.496501815347
4418.480342106978
4417.70528515129
4417.446131731556
4418.13147582929
4418.173666612119
4417.409968465641
4417.224402574473
4417.913988876232
4418.037293701123
4417.284529323885
4417.183574105147
4417.881434679285
4418.083690089924
4417.338337746133
4417.307533899312
4418.015096146195
4418.272660239566
4417.52940006656
4417.535327859049
4418.251271374714
4418.527536729145
4417.780877793943
4417.782051994069
4418.502942061004
4418.759813387359
4418.00566081952
4417.965119703964
4418.686625558748
4418.895919265243
4418.132653586845
4418.028626134106
4418.746926667968
4418.898122100278
4418.126850982978
4417.957992206005
4418.670890800257
4418.772652719195
4417.996574956699
4417.7801628006855
4418.487563304808
4418.562929114578
4417.786100853562
4417.550476390124
4418.254149040478
4418.331801702449
4417.557800106111
4417.332421110539
4418.035246824782
4418.140364961185
4417.371298810384
4417.17798827705
4417.882993574709
4418.030533396176
4417.266635021879
4417.114357932526
4417.823839666731
4418.015653107969
4417.255457975305
4417.139382900436
4417.854337699599
4418.080218228852
4417.321188944185
4417.225611818599
4417.945582909518
4418.1874618667325
4417.426840467033
4417.3308009181055
4418.054147666883
4418.29208420938
4417.527728192054
4417.411632710201
4418.13611753116
4418.354328913001
4417.585297909789
4417.436604161838
4418.16009980213
4418.351242198248
4417.577974176001
4417.3942493039685
4418.115337674873
4418.281806154724
4417.50585659803
4417.294423739402
4418.012709409062
4418.1647963618
4417.38826457957
4417.162887594465
4417.878963545782
4418.0308234690265
4417.255685976148
4417.031718993577
4417.746843988276
4417.911828413638
4417.139399631932
4416.929120511977
4417.644746095726
4417.83160674335
4417.062268667688
4416.871745401798
4417.589049646027
4417.799965944815
4417.033202191574
4416.861343547353
4417.5809005967485
4417.811610840742
4417.04629038613
4416.88603638877
4417.60769694425
4417.84942769179
4417.084227467124
4416.925298357795
4417.64829216072
4417.890763163717
4417.124596559547
4416.956879623143
4417.680089117999
4417.914647426379
4417.146976150623
4416.9635209889375
4417.685829440979
4417.907785728901
4417.138734233821
4416.937500232254
4417.658102400511
4417.867637053209
4417.097894146603
4416.881834449906
4417.600419842132
4417.801923913587
4417.032484433124
4416.808117268462
4417.524885966239
4417.725117560908
4416.956962361828
4416.732049460967
4417.44757762884
4417.6533438213755
4416.887163088671
4416.66831351164
4417.383328462717
4417.599447786233
4416.835483921009
4416.626401385578
4417.341543546133
4417.569643982787
4416.807683025024
4416.608474963358
4417.324116312292
4417.56250053597
4416.801994401272
4416.609599990265
4417.325763397321
4417.570245644358
4416.810513758572
4416.6199936117355
4417.336384071159
4417.581749209412
4416.822192925949
4416.6284162688835
4417.344542236176
4417.586141946405
4416.826408916082
4416.625608712735
4417.3409479505935
4417.575954782403
4416.816011045701
4416.606763863662
4417.320919700298
4417.548903536273
4416.789002444486
4416.572402671686
4417.285205234041
4417.507933768951
4416.748503078978
4416.527569792912
4417.239098756247
4417.459711803319
4416.701202787674
4416.479788884654
4417.190320825589
4417.412201734898
4416.654950241142
4416.436540831256
4417.146446306023
4417.372162951384
4416.616301935769
4416.403070154444
4417.112696786732
4417.343312842061
4416.5887552482545
4416.381116991973
4417.090693967339
4417.325602567424
4416.572090366672
4416.368822942081
4417.078411526467
4417.315674346669
4416.56287126563
4416.361692690033
4417.071191252852
4417.3082250576435
4416.5558209902665
4416.354208418794
4417.063403880129
4417.297776031394
4416.545571626607
4416.341554187473
4417.050199356866
4417.280288235682
4416.528237398789
4416.32093457049
4417.028825634969
4417.254167562112
4416.502370485014
4416.292146710228
4416.999178105171
4417.220434364374
4416.469089077419
4416.257323822275
4416.963507169825
4417.18210596257
4416.431437872365
4416.220025431506
4416.925471506097
4417.143070059171
4416.39326302913
4416.184022855483
4416.8888965546885
4417.106843882628
4416.357992847479
4416.1521745562995
4416.8566394063
4417.075596632815
4416.327692811942
4416.125708166407
4416.82987773615
4417.049686487612
4416.3026352232555
4416.10406630654
4416.807975686914
4417.027781943757
4416.281443796291
4416.085290959722
4416.788894030313
4417.007460277806
4416.261700492809
4416.066769204525
4416.769959309664
4416.986051848863
4416.24078278301
4416.046080446315
4416.7487256520335
4416.961455334377
4416.216660297264
4416.021686390677
4416.7236672859035
4416.932689477663
4416.188423299583
4415.993280777963
4416.694519569785
4416.90005149679
4416.156420496507
4415.9617373649735
4416.662210897999
4416.864883204202
4416.122012954342
4415.928720407811
4416.628455415306
4416.829061617529
4416.087063476134
4415.896113276084
4416.595167530153
4416.7943971835075
4416.053343475257
4415.865454785758
4416.56389145747
4416.76212674727
4416.022040631929
4415.83754651086
4416.535410053801
4416.73263697116
4415.993498043603
4415.81232367239
4416.509624046256
4416.705469411352
4415.967231281351
4415.788994034568
4416.485702795143
4416.679570803224
4415.942183995938
4415.766371375513
4416.462429287901
4416.65368549313
4415.917118313456
4415.743282685363
4416.438615266488
4416.626758591177
4415.8910100756175
4415.718921704819
4416.413457204554
4416.5982312023425
4415.8633333940725
4415.693052493595
4416.386736856813
4416.568155006228
4415.834165181833
4415.666022088009
4416.358826946332
4416.537115082059
4415.804101469428
4415.638602297349
4416.33052464086
4416.506007371472
4415.774033303916
4415.611727956466
4416.302782647842
4416.475753679314
4415.744864986419
4415.586220808834
4416.27642907547
4416.447045045695
4415.717263871625
4415.562581087356
4416.251958848721
4416.420184450788
4415.691510433076
4415.5408987615265
4416.22944822696
4416.395061906174
4415.667479389291
4415.520895012021
4416.208601553594
4416.371252429087
4415.644740793497
4415.502065642556
4416.188900207744
4416.348193168966
4415.622736883424
4415.483872004704
4416.169797666554
4416.325378299904
4415.60097378079
4415.465918256228
4416.150898502293
4416.3025130631895
4415.579170758399
4415.4480651931235
4416.132071361961
4416.279587375103
4415.557329068048
4415.4304557563655
4416.11347158807
4416.256857848105
4415.53571057995
4415.413455839777
4416.095478225995
4416.234754911149
4415.514743726773
4415.397538298681
4416.078574510264
4416.21375161436
4415.494893337603
4415.383151168418
4416.063213843513
4416.1942369883645
4415.476536743841
4415.370610137663
4416.0497117538425
4416.176430052284
4415.4598811370615
4415.360043333122
4416.038191833082
4416.160354103114
4415.4449408070805
4415.351397761745
4416.0285944270845
4416.145871109982
4415.4315733181265
4415.3444976832525
4416.020737561012
4416.13275853056
4415.419556529341
4415.339131469303
4416.014405880033
4416.120801064962
4415.40867917148
4415.335138315403
4416.009438445565
4416.109868874527
4415.39881702624
4415.332469738931
4416.005790079916
4416.099961433695
4415.3899745738545
4415.3312114308255
4416.003552107325
4416.09120877407
4415.382284548586
4415.331564164919
4416.00293154846
4416.0838351733355
4415.3759708721955
4415.333794576571
4416.004200214209
4416.078100553135
4415.371290338723
4415.338173757565
4416.007632074177
4416.07423921599
4415.368472455947
4415.344922766078
4416.013448269728
4416.0724136535655
4415.367674792703
4415.354179723887
4416.021784509113
4416.072694628165
4415.36896449652
4415.36599485053
4416.032686937157
4416.075069367598
4415.372327516829
4415.380350964319
4416.046133712419
4416.079471583451
4415.377698937731
4415.397199859106
4416.062072319169
4416.085821338548
4415.385002555394
4415.416501652484
4416.080459427762
4416.0940614840165
4415.39418656853
4415.438254816897
4416.101290927342
4416.104179933135
4415.405244963948
4415.462508796629
4416.1246140077255
4416.116212423307
4415.418219572999
4415.489357104472
4416.150519427155
4416.130226566372
4415.4331838069
4415.518914340758
4416.179117594523
4416.1462928587725
4415.450213830627
4415.551284510937
4416.210506083875
4416.16445123559
4415.469355701475
4415.586529306235
4416.244737392991
4416.184681481129
4415.49059661245
4415.624643605536
4416.281794251229
4416.206883413708
4415.51384595993
4415.665542142807
4416.3215763432845
4416.230868895896
4415.53892810275
4415.70905732257
4416.363898331164
4416.256363860068
4415.565584867585
4415.754944799092
4416.4084956323595
4416.2830156997625
4415.59348313348
4415.802891401156
4416.455032404137
4416.310400453753
4415.622221975118
4415.852520154993
4416.503106464384
4416.338025076823
4415.651334764572
4415.9033885632225
4416.55224728931
4416.3653221479235
4415.680283703098
4415.954978811534
4416.601905905374
4416.391637320683
4415.708447119083
4416.006681642664
4416.651438484036
4416.416212460279
4415.735102568192
4416.057777524807
4416.700087475428
4416.438169083877
4415.759410230687
4416.107420130659
4416.746965367003
4416.456497315398
4415.780401749461
4416.154627000783
4416.7910460816765
4416.470055139322
4415.7969791292535
4416.198281442768
4416.831168071711
4416.477581130081
4415.807926791653
4416.237147840832
4416.866051286283
4416.47772219216
4415.811938146903
4416.269901216084
4416.894328812534
4416.469076108892
4415.807656512514
4416.295170039282
4416.914592104074
4416.450247274306
4415.7937287067525
4416.3115905958675
4416.925447997536
4416.419913009483
4415.768868850678
4416.317870082566
4416.925584577145
4416.376896951758
4415.731928952593
4416.3128552902435
4416.913842549375
4416.320245499913
4415.681972464605
4416.295602949781
4416.889288044062
4416.249302326512
4415.618346024492
4416.265447085612
4416.851281938989
4416.163775414428
4415.540744026198
4416.222058077636
4416.799540204849
4416.063790158139
4415.449259822083
4416.165487106936
4416.73417873279
4415.949921822304
4415.344416998458
4416.096189698726
4416.655736167551
4415.823201253168
4415.227174792777
4416.015023026812
4416.565169413436
4415.685089490911
4415.098903418723
4415.923213286038
4416.463818142011
4415.537419334662
4414.961327322141
4415.822292448524
4416.3533378113
4415.38230594154
4414.8164384338015
4415.714007496617
4416.235604584459
4415.222032297921
4414.666385089438
4415.600209210567
4416.1125996218525
4415.058919365702
4414.513346185567
4415.4827308588465
4415.986283476313
4414.895193175594
4414.359402642081
4415.363269058058
4415.858473229972
4414.732862143529
4414.206419036973
4415.243279735112
4415.730735562862
4414.573617183751
4414.055947875709
4415.123900149561
4415.604306869399
4414.4187641226235
4413.909165582791
4415.005904755086
4415.480048214886
4414.269193872254
4413.766845593521
4414.889697947842
4415.358438065725
4414.125390603784
4413.629368578425
4414.775341622487
4415.239600490993
4413.987473218856
4413.496765107
4414.662610665746
4415.12336174805
4413.855261017378
4413.36878155942
4414.551065906438
4415.009324473546
4413.72835190923
4413.244957819744
4414.440132203544
4414.896946934558
4413.606200603528
4413.1247042656305
4414.329169377812
4414.785614937478
4413.488185123836
4413.007366618495
4414.2175257828185
4414.674696001836
4413.373653080752
4412.8922703534045
4414.10456790664
4414.563569275912
4413.261942842912
4412.778740017568
4413.9896837315155
4414.451628866847
4413.152379405732
4412.6660934960555
4413.872262130101
4414.338263050466
4413.0442484551095
4412.5536149255595
4413.751653961087
4414.222814988144
4412.936755491973
4412.440513216863
4413.627123206627
4414.104533470423
4412.828978258822
4412.325874481117
4413.497796823038
4413.982522350739
4412.719820773103
4412.208616633412
4413.3626213656935
4413.855696756196
4412.607975938499
4412.087453048508
4413.220332023617
4413.722751714849
4412.491901401848
4411.960869799707
4413.069437074838
4413.582146159732
4412.369810695885
4411.827118360576
4412.908217722703
4413.432102272981
4412.23967942515
4411.684223353843
4412.734741262553
4413.270618138094
4412.099264721227
4411.530003444332
4412.546883973566
4413.0954901676605
4411.946135618613
4411.36210283628
4412.3423602061375
4412.90434190166
4411.777712711403
4411.178031637232
4412.118755196251
4412.694656931628
4411.591316860469
4410.975214700951
4411.873561084712
4412.463815658479
4411.384228561975
4410.751050416679
4411.604218266776
4412.20913819933
4411.153761492707
4410.502982911547
4411.30816668622
4411.927938271324
4410.897354665228
4410.228592055156
4410.982914411576
4411.617595306091
4410.612687811938
4409.925706076237
4410.6261325765745
4411.275653592509
4410.297823341696
4409.592540584836
4410.235787436164
4410.899958666733
4409.95137625424
4409.227866017711
4409.810320208795
4410.48884077057
4409.57271039763
4408.831202790034
4409.348883661512
4410.041353453002
4409.162156448975
4408.403040253057
4408.85163863442
4409.557570027913
4408.721243216966
4407.945071131725
4408.320101879874
4409.038929297019
4408.252927911438
4407.460426211692
4407.757516901295
4408.488603252711
4407.761802062872
4406.953883649769
4407.169193521213
4407.9118341574795
4407.25423605751
4406.432012897631
4406.5627345866615
4407.3161610007155
4406.738409429706
4405.903197692272
4405.948052328846
4406.711438279448
4406.224163903252
4405.377474580706
4405.337085859195
4406.109557232305
4405.722622024331
4404.866132482025
4404.743174410846
4405.523821032339
4405.245546077751
4404.381053675845
4404.180114661888
4404.967999065954
4404.804469470322
4403.933835074087
4403.661015515552
4404.455172106437
4404.409702472535
4403.5347964083585
4403.197131342776
4403.996550949328
4404.069371488274
4403.192035028164
4402.796879733111
4403.600479041398
4403.788671920001
4402.91070311005
4402.465222276015
4403.271803373411
4403.569487966002
4402.692653239196
4402.203514809581
4403.0117247972075
4403.410462369324
4402.536527521101
4402.009837469434
4402.818139747876
4403.307504801712
4402.438273380852
4401.87971881508
4402.686385708534
4403.254632765693
4402.391978072407
4401.807093147649
4402.610224422758
4403.244968382792
4402.390847430465
4401.785291481362
4402.582856987782
4403.271685127365
4402.428128014303
4401.8078719139
4402.597770932965
4403.32871826785
4402.497792706045
4401.869142895491
4402.649269718677
4403.411117077435
4402.594873344171
4401.964312198151
4402.732617773364
4403.515008131078
4402.7154130761555
4402.089284499286
4402.84382729603
4403.637232509874
4402.856101781159
4402.240209127917
4402.979193379626
4403.7747909593145
4403.013726768829
4402.412928276198
4403.134732560145
4403.924263963804
4403.184602526663
4402.602486338123
4403.305688592468
4404.081364996604
