8976.991259317581
8889.352005821982
7994.295453177811
7696.996833144891
7554.526085533587
7384.603315799817
7241.312355241405
7198.129504707527
7173.826344230612
7153.051639186215
7124.70088822988
7080.276239029225
6974.769231442365
6964.872963872086
6916.861169444245
6880.440570600141
6856.427663688899
6822.860326705317
6778.450150153327
6581.4576775327205
6544.782661073953
6511.361908455056
6473.762593791232
6423.401638395118
6329.378027879516
6258.456583475527
6204.19698758048
6196.255522083924
6183.645047800889
6015.6549154380455
5981.910695987943
5950.081030904891
5922.405074830178
5892.807029728747
5849.8416500187295
5797.660429767217
5761.411590091721
5731.438312433832
5717.0155935866505
5706.5934155467
5628.101668035098
5532.522999566242
5512.505518879822
5506.155860167458
5431.297694363096
5400.1316019282585
5377.161023071689
5373.184127970368
5367.827545120126
5360.100494683526
5354.789043460517
5284.58855639688
5273.682765167744
5266.548250032016
5203.501328809137
5152.114834258316
5147.577400498397
5143.770535445177
5124.609062218712
5113.132481772849
5107.411059493934
5073.06319185005
5039.092557339211
5033.312055138116
4983.06100034452
4957.046699438101
4951.526607958745
4945.794489303173
4939.709366377138
4934.569163958673
4907.436718232426
4895.15518875097
4885.591801198054
4878.477198002749
4844.886674969395
4817.583468719228
4812.203860345281
4806.940101129875
4799.4395170593025
4796.837134377856
4789.0582490789275
4786.362371723092
4781.148890660898
4779.030672981038
4776.262056476883
4772.374558147443
4770.3071402879905
4767.805944041598
4761.881135540244
4759.7192067983015
4756.377645516321
4753.627631389854
4751.30429125989
4743.130534654289
4740.253642505916
4737.700792615953
4734.9278178416
4732.363260149424
4729.859650857477
4727.022166349143
4724.773217827949
4662.3715483367805
4660.068252696507
4657.692771504729
4655.70205047079
4654.288422609173
4651.064384325647
4648.887305313307
4645.668333423867
4643.517370559292
4641.1577843158475
4639.323882730439
4638.073965195676
4636.419100987362
4631.48738075051
4630.265269469488
4628.773359182612
4506.540726994288
4501.685171736398
4494.23529146795
4491.914604986235
4489.969451089487
4488.148323673203
4486.438626216575
4484.879039923307
4483.093729929961
4482.029762888054
4480.658227010431
4479.110526089199
4478.212358483558
4477.032376221752
4475.2686260585415
4474.413024389794
4473.520835831815
4469.483615539452
4468.185949633946
4467.115602530502
4465.703841496402
4464.831335299884
4463.809110823272
4462.361504762592
4461.480336438697
4460.5169137362445
4459.506030479446
4458.6283940008725
4457.735713373467
4456.8327714767
4455.933516188041
4455.064331021467
4453.60619772887
4452.558983974659
4451.610069935905
4450.348258233531
4449.47949514374
4448.369479991112
4447.3960131395015
4446.533833487536
4443.511085698696
4442.587765611886
4441.684930962362
4440.847498146603
4436.930987145601
4435.83132526185
4434.805201025582
4433.916514252156
4433.089760908993
4431.832551286826
4430.967987225731
4430.091330536375
4429.210785961763
4428.4185693883965
4424.559343199895
4423.640014061524
4422.836058335428
4418.983361094845
4417.975413990268
4417.0128104407095
4416.193540000782
4415.3962573062045
4414.633503290814
4413.897448426547
4412.96743598801
4412.175178980173
4409.116122848941
4408.088382089995
4407.105249521231
4406.276904140621
4405.466186412735
4404.721047120964
4403.985513976735
4403.28400258134
4402.589486001943
4401.9076084225535
4401.233778018883
4400.53092556684
4399.84764112878
4399.59422659617
4395.890250516442
4394.986140947392
4394.350585166879
4393.712583902181
4393.079142700109
4392.422310604495
4391.774964402913
4390.988652770946
4390.256229838528
4367.286952344648
4334.228043238274
4333.026010266334
4332.607716951675
4331.888451096395
4331.279732804514
4330.7263052782355
4330.233173050656
4329.764388969751
4329.335841965161
4328.921839368119
4328.535365593161
4328.158855636228
4327.8017441321745
4327.452042055148
4327.116353185839
4326.786485642393
4326.466995224414
4326.1522590390705
4325.845383659853
4325.5425025456625
4325.245696851643
4324.952319238785
4324.6637200981
4324.3781118711195
4324.096319645163
4323.817170857721
4323.54111015625
4323.267410016424
4322.996238223293
4322.727192019755
4322.460237480205
4322.195209962988
4321.931929141851
4321.670405017493
4321.410352121421
4321.151907893166
4320.894712885129
4320.638996385671
4320.384348776934
4320.131064026849
4319.878700729484
4319.6275965552695
4319.377292639453
4319.128153991072
4318.879715556087
4318.632356796918
4318.3856154052355
4318.139875063126
4317.8946833452355
4317.6504199604915
4317.406648108574
4317.1637369172195
4316.92126986137
4316.679600120683
4316.438335235465
4316.197808049562
4315.957653276286
4315.718179813056
4315.479052110931
4315.240552130809
4315.002376191116
4314.7647768244315
4314.527483995426
4314.290718718535
4314.054246102259
4313.818253877333
4313.582543565489
4313.34726811259
4313.11226653789
4312.877655715196
4312.643313096504
4312.409318371175
4312.175588238123
4311.942164231842
4311.70900301467
4311.4761071113935
4311.243473785515
4311.011065791526
4310.778921569262
4310.546963417447
4310.315271478268
4310.0837269698395
4309.852452223859
4309.621286801184
4309.390395681085
4309.159576228308
4308.929036506039
4308.698531171545
4308.468311794305
4308.238089834766
4308.008160780125
4307.778192419155
4307.5485245650725
4307.318780868237
4307.089345875995
4306.859798638106
4306.630568846954
4306.401190489849
4306.17213882196
4305.942902301436
4305.714002174354
4305.484880896273
4305.256106143737
4305.027073886345
4304.798398685268
4304.569429528163
4304.340828331314
4304.111896588905
4303.88334406226
4303.65442422298
4303.425895187166
4303.196961855518
4302.9684312314175
4302.739459074391
4302.510901831038
4302.281865526882
4302.05325663311
4301.824130822563
4301.5954451999605
4301.366204439866
4301.137416918062
4300.908035636276
4300.679120909411
4300.449573361914
4300.220505947382
4299.990766176096
4299.76152037345
4299.5315621644795
4299.302112015086
4299.071908858566
4298.84222810645
4298.6117531561285
4298.381815208603
4298.151041241673
4297.920819130346
4297.689718507928
4297.459184849692
4297.227729476182
4296.996856434062
4296.765017717381
4296.533776960821
4296.301525771163
4296.069888436253
4295.837195064128
4295.605131712318
4295.371965826723
4295.1394464033
4294.905777008033
4294.672770799767
4294.438566188937
4294.205041779725
4293.970269491438
4293.736194717538
4293.500821487224
4293.2661633903635
4293.030155101588
4292.794879881069
4292.5582015143345
4292.322274476604
4292.084890057454
4291.848275564561
4291.610148107559
4291.372809522121
4291.133900974053
4290.895800603392
4290.656071783883
4290.417170821281
4290.176581359317
4289.936839821311
4289.69534809035
4289.454724752809
4289.2122878011705
4288.970740130405
4288.727313610064
4288.484797692917
4288.24033578254
4287.996806249967
4287.751261575299
4287.506671524038
4287.259995073655
4287.014295982707
4286.766437019823
4286.519578663711
4286.270484631674
4286.022414986982
4285.772031410183
4285.522696557902
4285.270966938012
4285.020310960662
4284.767176665843
4284.515141538078
4284.260541685151
4284.007067157869
4283.75093848956
4283.495961967918
4283.238238720249
4282.981695133517
4282.722308898042
4282.464130562691
4282.203010137436
4281.943126610456
4281.6801978440935
4281.418535768956
4281.1537213939255
4280.890204335576
4280.62342379205
4280.357972063068
4280.089141310679
4279.821671785318
4279.550703103985
4279.281129021432
4279.007930798565
4278.736161552726
4278.460638058799
4278.186578976292
4277.90863012506
4277.632182228533
4277.351703320652
4277.072763075675
4276.789644528262
4276.50810357566
4276.222230633337
4275.9379755037435
4275.649227930836
4275.362139741019
4275.070391495435
4274.780345625184
4274.485464511148
4274.192330260649
4273.894177559121
4273.59781778348
4273.296247859532
4272.996518580305
4272.691378466396
4272.388128460266
4272.079257413324
4271.772327773868
4271.459556807091
4271.148780481369
4270.831931866853
4270.517133164381
4270.196019908393
4269.877013981263
4269.551439267649
4269.228031560668
4268.8977881662595
4268.569773837819
4268.234643517352
4267.9018068310825
4267.56155966993
4267.223673354239
4266.878067095557
4266.53489167619
4266.183671015613
4265.834954118898
4265.477849974299
4265.123325601673
4264.760054360107
4264.399442143332
4264.029704891497
4263.662709327907
4263.2861910664915
4262.912500740955
4262.528869596374
4262.14815639723
4261.757062838118
4261.368981178806
4260.970057249143
4260.574243305867
4260.167101895658
4259.763172879308
4259.3474070428665
4258.934960519802
4258.510142879585
4258.088756172415
4257.654438422063
4257.223668111471
4256.779380664894
4256.3387622295395
4255.884014052377
4255.433061694842
4254.967340358746
4254.505547034206
4254.028319079575
4253.555156865927
4253.065868126075
4252.5806914864515
4252.470780513756
4250.926129109441
4250.091086436883
4249.525054182505
4248.421321970151
4247.575682199855
4246.567250917092
4245.8942438459535
