42640082938951514e-26
896716002524077e-23
-10976021527147984e-24
0.10246767943115172
-0.01453901519800327
-0.6106956829261901
-0.7099200719897858
0.04944737272745303
1.4362491086196254
2.403041984326435
2.783601859540076
3.085351745091087
3.0322184040202735
2.7625815565280307
2.770023250924318
3.169191884809087
2.7654768025850927
1.613343278843785
0.2239444375646261
-0.5000328516690791
-0.8775069786004943
-0.7445777680692859
0.031145104562064988
0.13913571883032053
0.09350209292382716
0.22799610477502588
0.1635867889026931
-911690314059527e-23
29449303111583118e-25
4894908108993497e-24
-1733583855939144e-23
-0.36538799139242506
-0.4533268421468277
0.39480129021010923
1.0029330921550332
0.6889018899841857
-1.3640999812478698
-3.3034110876416185
-4.2728674672651
-4.827635146197707
-4.8532809119072695
-4.199665905437434
-3.4792504295948152
-2.330572459773905
-0.43008880209901146
1.5141449659860606
2.562699622759098
2.7773800003959463
2.4120451121036504
1.5950624287366577
-0.1985134964088351
-0.3653280830760573
-0.170883347300174
-0.44843778597458306
-0.31082641376487363
-1164761785499109e-23
3415298852693094e-23
-5641342696811057e-24
544987131542723e-23
0.052696380546568375
-0.039393874839247695
-1.0185437466754903
-0.8283194610554517
0.07151388262473864
1.4669897194120147
2.201604506657278
2.1769342518999397
1.2029707078101064
-0.7607966937267273
-2.0393714500384976
-2.4340739305115515
-1.2977222549920078
-0.44588580249972504
0.8708094393506192
2.22632006984548
4.0656315504854925
5.895057876101466
4.882576044231491
2.613548116788979
0.7074911139861725
0.18219906933247773
0.3003966556553552
0.06693979529106121
-2007817189784168e-24
-6480449125440009e-25
6530850130166297e-24
6127135633665797e-24
1.6678790479305792
3.5096581266437434
4.3845712277724695
2.9476366879003364
1.673582103218985
0.2134119861063842
0.23496673770023768
0.7972528910694676
1.8961673690379104
4.242348471025349
5.79213566467092
6.389375249212742
5.256348753845795
4.505160194141341
2.6388948300776414
0.8699493375727764
-0.6851517888673422
-0.22823894272908932
1.161881782346129
0.8978171440896908
-0.7057963006100729
-0.40021847316634773
-0.3132885157236099
-0.11858456093659947
34418841235710763e-25
-7931653726200764e-24
3925597644205175e-24
11218320642845255e-24
-0.46028033016618036
-0.5285021972848043
0.942946805613842
2.643713677593341
3.787535651632865
4.175396026841977
3.311509328425284
2.1501619270168435
0.8419266167493229
-0.022920952048112373
-0.1654352022467337
-0.3645763756254122
-0.42547765231621587
0.034947293877846196
0.9543435327044099
1.8320695408673708
2.4352167040102097
2.039961813880796
0.7930488749002401
-0.43549294733453525
-0.34111002683474034
-0.07714561371994447
-0.14711746240639173
-0.09743429207500395
7829825146016848e-24
10638566755960159e-24
-6930887530121999e-24
22080655853259334e-24
-0.370991261409553
0.41658494914244854
2.8595750058141065
4.026930080990674
3.370204606320175
1.432317409181366
-0.8220883042409968
-2.1311342122525656
-2.90661618630772
-3.233250070270593
-3.1518208678807866
-3.2450385879138586
-3.068563938616106
-1.810954388563596
0.07030621011596103
1.696734150124638
2.6076360359001853
3.0327750816797687
3.050579152865654
2.4498676965875474
1.8929008387523172
0.37423001705147313
-0.19164696047771626
-0.13909621709181225
-45333428925997404e-26
863014800035243e-23
12987443928574248e-24
-809831227643488e-23
0.26300675333025586
0.09143843492246707
-1.4360618454393992
-2.3971717629994798
-2.1921375402691052
-0.6438731578045598
1.0596526980131773
2.3448026215568554
3.5761273271818284
4.299528991119527
4.55188342471556
4.370060376216925
3.921879046302343
2.8068266895859164
1.3139847196593766
0.07417628634111226
-0.6955002879523899
-0.739677432476252
-0.10749937066909186
1.0374492154034707
0.9146675754511113
0.5401844644780807
0.5267171167732314
0.3444870670542701
-18916821320274707e-24
27229360471546146e-25
1162926492878701e-23
-7950005278201117e-25
0.36673375759496835
0.2622186927759527
-1.240331131289334
-2.028744842687087
-1.411165592987058
0.884559552425266
3.3038288333955546
4.9204864096919865
6.005330485128338
6.369479068015529
6.090538770813168
5.536929779615699
4.671144187524451
3.061504091873097
1.0661075881896487
-0.4443524865061066
-1.1715675016485547
-1.2537114792657575
-0.9833788094563314
0.07242918247589636
-0.05918538049731311
0.03422918157358652
0.31001385891119765
0.2031957741531474
-6137835894705107e-24
-0.14255021363728174
-1.92999296371541
-0.8261905811090149
0.19923803326445097
6.682261871641557
-0.8512217530605982
2.2489657421262796
1.39421240965078
-4.965204529594971
0.59507798390805
6.395459967467079
2.5686427094738256
0.05123388704472101
-0.22901542478423198
-0.5940176405077032
0.39256050064952963
0.06169742280332218
5.651923700122168
0.28734249958705865
0.012517542135539867
0.049995400860175454
0.1055503603496903
2.842086233491396
4.017683196983563
-2.2259963246176375
3.7874369540161994
1.4989532359606919
1.8983602630830883
0.35667331423432536
0.892976431043441
0.3551570765219386
4.0874192783800085
-2.736083046769925
0.6302982556594418
0.03736155491763407
0.04111374578405283
0.48592533984845937
3.6510455054874895
1.9607057509143202
3.0629510893380476
0.2478588828895427
6.0998705577588765
0.1813455804223489
0.006257327452069962
0.11634982897008957
0.1328807390436678
3.088263607703901
4.155157385239514
-0.44588348049044263
-0.6632011805199206
-0.3988370569987678
0.06385455662444472
0.7091644701895409
9.581365544537345
0.8560719955516077
0.14836263537423067
2.2522777439735955
4.490756816557019
-0.32261675014375607
-0.16556099919361625
-0.34604319078154544
0.08432865168826613
-0.4532414130544602
4.085318212994812
-1.1060616339572316
0.3110567175821485
-0.13364620153555204
13.562341059807403
-0.452245230809032
0.35322061133332017
3.3905150971349225
0.45490859839832654
4.517605196437707
-2.3335746188161117
1.1515972568578312
0.21118583067907035
3.294204651452447
-0.6260461375810902
2.5486896750825108
1.3919153161607196
1.886179733755102
3.748479693530117
0.42966466519663904
0.11132004005826499
-0.5784401995809059
0.7619003500590756
1.9005885274945093
7.973240656626833
1.806796682134595
3.4561571395476056
0.8937238038526372
3.436079117839135
-0.12482033499715152
0.31281728347452764
1.208637321715968
7.105309190068295
1.5834083978067415
0.6715140953453984
0.14338916716010122
0.09157222258129957
4.019626941046154
-0.24688740370084664
8.11600418912701
4.421407436098621
1.0866025837316053
1.4044377216233879
8.584738489676674
-0.024185949742384024
0.39121170653190995
0.4125358854974301
-0.46408448806282254
1.7714107510654609
0.5118802362623897
0.9388399052087318
0.31029072441451017
0.8145422204088862
1.5237084246955386
2.496607214754508
1.6897170513953652
0.9994924689406159
1.2460066981084863
0.6870515439327013
-0.28859005168478025
-1.3157201044929803
-1.881845500482498
4.306265643851466
-1.7644897082906819
2.9861935588950415
2.5919579027080895
-0.5823276494761682
-0.1734099437734098
11.479979594138168
1.4919552774021236
5.536669053148874
-0.8204314187193495
-0.1183242196741745
-2.039298862585522
3.7184337719900746
0.5694875647104097
0.34166779407467823
5.633885092440437
-0.08623465772956361
1.9965993078682798
5.191239221187387
0.22468707190613527
0.15203256415470046
6.3001133136243705
5.12092248067345
3.1526616719819556
-1.0214134334755367
2.6469611154535446
-0.575395796582197
-2.261366763804099
1.972936872913898
-0.6102265463560828
1.9149496665462071
0.273129816507125
2.3881574820475815
3.5303078350654813
-9.470312752515815
-1.131666439018932
6.958631258461829
-1.561176120989459
0.8017282078637077
3.979258957914599
0.5609655430789994
3.3764629044027585
4.562663926898195
2.172404331500353
5.360599556653848
-2.1252795974524763
1.0137022043491783
-0.047251206148099655
0.2378424052868777
6.73257975899918
2.765152463626637
1.7237717418728018
3.0951704454633773
2.7157570301911806
1.502381501114812
-0.2605482788545739
0.9150650742664446
-2.547154332824499
6.769362841847438
1.2568118965232589
-3.772858711300838
6.456322403268609
5.171158435269603
0.6363634399532632
4.547249490609481
0.6515402558246933
-1.2898993711797564
6.068744060830057
-2.0374414744244134
3.912386153388397
0.9295919727485445
1.640728920648353
1.4626806860474142
4.139220792003243
5.005205230406556
2.024077319290192
-1.017995805466626
0.17413747713103928
0.4498792564689363
1.7276582494382249
-7.675504751088869
3.5526309821716033
-1.4988987116410093
1.5117037702657714
0.3507326348260475
0.06986524242407778
7.062156293112868
0.16181986489498862
-0.6084169185797561
0.9726465573216541
-0.9765317559890206
0.794165147867833
0.2890331588747188
0.28826108578662235
1.4609712524559328
4.33780346224766
3.5452747466721117
-1.935840375398376
1.131609356047176
4.578416252118071
3.3282591146932266
0.966872054360658
-0.9979627523345592
7.544502184674903
0.15965613012984894
-1.9384128894902266
0.2563658603682184
0.4730314174840225
-0.4655675852466094
-0.30340776974790495
-0.06447074473415178
0.26870525406608153
0.08230148379976944
-0.018410729070416205
0.8058789895274261
2.19673723069087
1.199310937678632
3.780056409264166
3.97482723499655
1.3680647729116873
1.5608563749881412
1.8450250352759423
0.9827943694254175
0.5632336559420882
0.8830503441068186
5.208736697715669
-0.14542555657799763
1.1185936924482374
-1.9059608802559436
0.36006696082004563
-0.8086873727191349
-1.778946465137007
0.18451906451093422
8.173180585867279
0.18360551345453094
-2.38690610794008
0.370707610926611
0.4840894977625248
-0.4645014600129228
-0.3740475873294365
-0.11263856921603083
0.36991592537853124
0.10532262759864473
-0.07931199964182162
2.6404186017276077
1.796320242936566
-4.185249737056271
2.295854670473857
-1.1567308287277975
3.5207452331031615
-0.06125386935817655
6.93169631085733
0.06172466643292159
-0.5434722040019829
-1.1278899133249491
2.3716484370810504
1.1339279943580836
-0.9272527250300621
-1.3926244466386644
0.9227765080921275
-0.2641247615129658
2.015732333994923
5.313060943165831
0.11608124456398497
8.732554567843984
4.34397239072735
1.42539207276487
3.9680194193564438
-1.6554927864908988
4.817881202679581
2.9868194615738193
-4.318471983590874
5.563207022400628
1.531037036214195
0.5619168313143287
-0.41357057484044835
6.19968321699692
1.1096617123423271
0.6772971030065948
1.4743150703188428
0.29564440871987946
1.6816743591282162
0.2505902989226697
2.32724170114897
-0.3666192714308529
3.0821408769695733
2.152823846657261
4.592220169094066
5.222591896462604
1.870904294125952
1.1165137262294982
3.197897238367468
2.1171365262866266
-0.035375098246371695
-0.4767064480626407
1.2917365098180105
1.6272389724569762
4.306744846808539
4.9698315383800225
1.4823650836690982
0.7564702566858462
2.4099628811440157
5.019297541930105
2.186423771715696
0.0870931411779701
1.6408048651849991
0.5538333513662574
-0.18644394987314922
-0.4532664897285482
1.0481672500613481
9.78051604397057
0.24653260646675373
-0.33266661011899856
6.545196391273027
3.262733636290757
0.21267864211415297
-0.13666754273353193
3.1355994844530164
4.070765912049584
-0.06727243205372166
0.26060210984314486
-0.6042159976694458
2.2743080950094674
-0.11540895153570203
0.20035327162956046
-0.856503876450652
0.5016003500839972
-0.035152100434552656
0.13673053191389528
-3.9125022417063264
0.40488386328396264
0.5780789435356327
0.021907139291109316
-0.15935966855325395
1.113926606929865
0.4187861356661591
1.2628338649736577
3.9157485155334397
1.200609147999214
0.8211788895317367
-0.024890109665795794
4.196798093157035
0.5210625307384327
-4918188372792162e-24
14821095164688998e-24
-23237988288619494e-24
11877585761641366e-24
-5109377009318351e-25
0.05548516061320656
0.2450528414492896
0.31343152228915977
-0.3654541731872491
0.17253959358334187
2.2636027420863365
4.438387514235176
5.174670806248762
4.641588347973068
3.496506675399578
3.521735385996611
4.916407717867781
5.558648144767213
4.288281721944335
1.6790626514603086
-0.2200375265625063
-0.6040560286990062
-0.31323693272291114
-0.18955497855960168
-0.1036340550436642
-0.1357171821729198
-0.04358128460543283
-22157772873767482e-26
-15777989549098125e-24
-11931994960768108e-24
-43319904455949925e-25
8660288093132907e-24
10137114858856556e-24
-0.030936419761453324
0.22053751413877404
1.4311759279797627
3.7453824440274657
4.492123121190856
2.4721424491469723
-0.09018281377402494
-1.8534063142277262
-2.13899764303344
-1.4435555962676145
-1.0499440467192727
-2.042037519340576
-2.7650674439412644
-1.7778538543489872
1.71741605513957
3.798088936050646
2.810051047629989
0.7926159875385658
0.08619929624301474
-0.026164418261140347
0.098065413969173
0.029692228826867638
9440731915980301e-24
626148373925222e-23
-916211541178102e-24
-3322459675851521e-24
4708819329389864e-25
1378388810811667e-24
0.06810894047567286
0.0017441174618438638
0.0869877362916471
0.6423852840787277
0.4196987844863611
-1.3414262982129355
-3.994443854251462
-5.257091942984057
-5.286820004112318
-2.351247788378022
0.07656839479019452
1.6748195074399708
1.017016598749309
-0.3483522089786718
-1.8650582138280305
-2.043822490299363
-1.3060514406202397
-0.5079776972624126
-0.06721464858010283
-0.048242900257377506
-0.007665384996283767
-0.015080329735978594
10234614994841842e-24
-7966487393397146e-24
12283366941907117e-25
-3816801801384403e-24
-9835292260989483e-24
-5300494700777658e-24
0.021645464425075936
0.14220713819167066
0.4265305401604341
0.8257384425351364
2.1742302879903748
4.3957039614167766
5.861903660678905
6.3659709393993635
4.650439978875553
1.8365015950636328
0.4570492062237606
1.2695821491294144
2.1860025735009074
2.0485994965782903
0.6529489522986621
-0.4925689702697054
-0.43689725837001264
-0.24676097905385347
-0.26535947118452446
-0.17338766271671843
0.015766560068870655
0.012264114638029207
5572387679831952e-24
4032048777365014e-24
-18857248393664024e-25
-13484155599794974e-25
-7414489603723019e-24
-11870574277716356e-24
0.03666422246235831
0.1567791856360059
0.5948737757239037
-0.15232389974911387
-0.6076837493983457
0.6221577540979634
2.7518033050686945
4.396070504490273
4.830915064214562
3.6660366498213306
2.834955473390057
3.157045981302241
3.821942161494587
3.34805808446211
1.0231175950613234
-0.9936440690020769
-1.0111453681179325
-0.3816712019880593
-0.2103507728652979
-0.14366380743446114
-0.09284351812547727
-0.02718259762167996
-10638552555298144e-24
-388894931880504e-23
-4655411532893612e-24
-20079605066981173e-25
8884076177236876e-24
8246455472138364e-24
-0.04493256716230969
-0.06383136579331415
0.04888837104681996
0.5999314222334956
0.17189793866420383
-1.660721446672923
-3.3735522253377903
-4.466793031005096
-3.9511127199375853
-2.5267163777884236
-1.7997506028818122
-2.954881796441113
-4.051414878448802
-3.5118728343338574
-0.6824295427475435
1.624828771028404
1.575172781822362
0.6635711453726607
0.271545000446579
0.1682831414580413
0.07013297613463196
0.02014235994532225
5806555064060029e-24
-2409404893025129e-24
43307060807770925e-25
12712414428241718e-24
32048469662174707e-25
-4085006709420115e-24
-0.013556819431255347
0.033046168271070535
-0.00014314498366478748
0.24662519142209033
1.0083127944258325
2.337318155094007
3.0471349121501365
2.4076881164913906
-0.8791736313002356
-4.129208192650162
-5.426955405417882
-3.472682646145178
-1.0100984056835898
0.5147729438676031
1.2668237618085278
1.3137859070403473
0.9804881536403098
0.4857347881821346
0.03379121005622256
0.03667086949647568
0.052549191849328665
0.020538036217177057
-5054459392299688e-24
-6086566126004327e-24
-9412281562727623e-24
-4476108537353456e-24
-26995512782511443e-25
-3007719734992795e-24
-0.05944197591465984
-0.04274865096646362
-0.2753680162338978
-0.977633466841636
-1.1235307860065904
0.08520892596786649
2.7302361843269196
4.54621140065138
6.594590648212651
4.918812010258748
2.6007135257974614
-0.8497073402941004
-1.5832917366607957
-0.4759820394745749
1.673457994521167
2.331280221429464
1.5666531154301073
0.7212779642603544
0.32890537032946826
0.26262233226641285
0.06535479356855671
0.040248052638607014
-12857817441014212e-24
-5603712690795687e-24
-6439153346243583e-24
-14770267077865927e-24
-8052199847875777e-24
-11652136748653205e-24
0.029596906974343407
0.08597354038685878
0.2758953597904696
0.9133570763146528
2.29446185182495
3.817124139244931
4.413419437224584
4.775542669333154
4.122615470311385
2.8981053464163526
2.2968943267021342
2.5837470577784885
2.5124183327446583
1.6715575471886208
-0.0586522851826984
-1.0865789715460001
-0.7491077873199149
-0.34990651677805135
-0.28675645183392134
-0.19802480820454893
0.012794771280964448
0.008950124318608206
860109462967508e-23
5925775057246999e-24
11113488345574168e-24
5064152021946685e-25
-9951565694135141e-24
-110182709635272e-22
0.1957812418807434
0.04644105264079532
-1.559854245769206
-3.7508224180983363
-3.361166974629266
-0.14296542776170157
2.8218577376288567
3.8658363794849726
2.194599210184243
-0.9825310197435894
-2.8264584955320555
-2.2305981632571386
-1.013330308329209
-0.9009061937960982
-2.387523141843727
-2.973375113295339
-1.9346727644506676
-0.687431898805518
-0.4500718075028505
-0.29799869075267277
-0.1190846045047321
-0.03813746220905957
-2289165735522156e-24
