0.011238905762384404
-0.04150491635550159
0.12968210469814145
-0.08984135363964629
-0.10362438201795895
-0.008297962490933035
-0.306361687265807
-0.31250503709431915
0.18143677477600417
0.35086924490471444
0.24555629166370416
0.4594025101713982
1.5108321402487954
1.9734077336191234
1.9258949540530108
2.5070252602239744
1.1792753449590299
-0.4716838370718011
-0.582772715382207
-0.9535109358144634
-0.696224528206503
-0.7009129501724738
-0.20049474389542826
-0.5137129308882312
-0.3912726987496033
-0.057435834693938016
-0.21133339109783336
0.045945578406858416
0.015054797430651252
-0.023519931795699875
-0.08498601822981294
0.17672574129435237
0.43934640689989185
0.43087642903793544
0.23863861858768534
-0.38509710513331963
-0.48600313988963906
-0.1947499643407315
0.2103347252678534
1.0367955402425812
1.5063800192126293
1.7592376039712163
2.2346893107962873
1.5180392821186977
1.5943136999952838
1.7031341719922326
0.658794326796083
-0.012620146315406828
-0.038233926095216184
-0.5409177788551067
-0.14532881953146506
0.5746680267174298
0.38744627296311684
0.1684192575759232
0.1833098674280298
-0.03164885265871659
-0.018027345055472925
0.12063370765186925
-0.3141730188105994
0.10412256332017408
-0.35623364835089233
-0.8696728239908288
-0.37450759458643296
0.10613710263074089
0.32729370890396964
0.14821595589485922
0.17664685010492442
0.1947068580195392
0.2774938886521272
1.5061176890864152
1.332369329559501
2.097584609110854
2.0093506274825166
2.0021386320636516
1.2148869808439686
0.6721349735952071
0.017792430636668657
0.5337496112597947
1.2972850810579868
2.437630557729545
1.6102252756989788
0.24402396522185044
0.21659552304836263
-0.0947827671334117
0.015557731549792963
0.060826422452980304
-0.0701201224150697
0.540968674826928
1.4203679362501243
2.016336703843189
1.7223666298587477
1.3408733496454768
1.4062969835267334
1.1180251381466038
0.285291577938772
0.31667132927673985
-0.053184165494662115
-0.2260777791413868
-0.6794148269795123
-0.5780286190515517
-1.1400543052816414
-1.080050923491362
-0.785486146745401
0.020600822110027128
1.7023247320230361
2.4195092074060978
2.417302913570911
1.7385797337260749
0.21504806873202204
-0.1844386190110877
-0.1592732753063501
-0.040527192137936124
0.005675798572901349
-0.0323366651572851
0.08780224287111953
-0.153426138392231
-0.20921299565888946
0.14919629714306568
0.5731560702781745
2.014624762704755
2.1767338784818135
1.0349712947411829
-0.30360718260202835
-0.8641620055415676
-0.6367541092197975
-0.7710360856352636
-0.5878652623857287
-0.2547540483485169
0.5892176666357597
1.2961942606063912
1.9321587577535901
2.1137851077406906
2.1677272173057913
1.9973833545227464
0.9456024911635252
-0.008344423191026622
0.13297967762852766
0.10514511099595268
0.022055157521702815
0.025315819860692847
-0.026831388331693486
0.06445134406362811
0.12850786072910866
-0.43826200932420617
-0.5893933891308077
0.29955206741617935
1.1656494142996343
1.5075928086941202
0.746067512604689
0.8109274260277414
0.6517643281164653
0.1909772496783584
-0.23844322179273392
1.6279879292378152
1.9594823754867532
1.5903628843219988
1.2142375624717676
0.9419044967747052
0.8765202337203392
0.5287194740294836
-0.34326305459585355
-0.5985431320997227
-1.3512831778899435
-1.4322282467952705
-0.7960669176081175
-0.4683333968819121
-0.19231115156596318
0.0403081495119621
-0.03452352661160446
-0.009168419156152553
0.020417960482630088
-0.059120154186555765
-0.024730833274669736
0.2573664935206398
0.6357360951453705
1.1232335926152859
2.423879060475359
2.5409099456508915
2.0723525026918588
1.3371176686132906
0.8511715413146722
0.2077827869244231
0.4076259439772078
0.2100925788205349
0.5462352226336707
0.8638125381780397
0.2598472873976582
0.34229368484058453
0.5022273396251401
0.9708331753830626
1.7687695126729917
1.7319137219541658
1.0236960716306078
0.8335966352206481
0.6122038076494561
0.01878619190204863
-0.0010422839165494767
-0.09810106928234912
0.13485486640636793
0.19356139538262054
1.1532371183875056
2.364192628624791
2.263151835119303
1.1543313523554397
-0.04233667291061593
-0.38437260671970186
0.5766377777503016
1.1357224847204852
1.332740278743204
-0.0034960329543163244
-0.08063018489893733
0.002477504283414182
1.4182637212585756
1.4447887645985602
1.410899201268273
1.0417791792187148
1.6437417230195712
1.4269175172086088
1.41341717979159
-0.0720437741670273
-0.5898482033887424
-0.11551486921430348
-0.08959431686958612
0.05945802176189523
0.02278184798566829
-0.056188201639265946
0.044006940435661814
0.23481286888300815
0.3222369232544911
-0.5132384775722147
-1.054452015468744
-0.4921869912513302
0.38209382428170935
1.0950968070163367
1.614997616116553
1.6116082506305984
1.5433357738307771
1.6821037384239483
1.7568986020830146
0.7619536118147131
-0.31808660751067014
-0.34639352924998357
0.2727316180668934
1.0846936885844392
1.2621455992096804
1.0587879245334264
-0.1870294365212406
-0.9886360425301275
-0.2429537952482503
0.21640851796894478
0.12386809898758068
-0.001184775306488791
0.009578953244980478
0.031344721179342665
-0.08181287349416266
-0.013853777994570183
-0.2959211942585653
-0.6153521214457908
-0.656986594591338
-0.655145417318726
0.1927317878776983
1.5037160183477822
2.1132691172255007
2.057860637374129
1.605128066062983
0.6314327320489224
-0.09548191305214677
0.3884765863252959
1.099746055407291
1.194599706144863
1.5370247407410136
1.463478790715088
0.5342067090115289
-0.3933667746795551
-0.995662872468517
-0.9263725317242157
-0.7223432178750517
-0.5799247031174761
-0.4120521934786642
-0.02303453415371631
0.23622563958614134
2.943133489547969
-0.5354680326096223
0.22983668840668683
1.922310731098858
1.5845421880474777
2.7904716065481288
-1.0553913345926829
0.5719410079087626
1.238746854239101
1.584278908904103
0.9163176466077152
1.5894503299818745
2.257271960849756
-0.5423240483051432
0.45480998260117955
1.0652367235775648
2.9161640382344047
2.327035870851923
0.75772522699889
2.4761090725668007
2.18069401434984
1.6408620845063924
0.3903255454788974
0.23174846587746334
1.4953826909515593
-0.876478721340727
1.0081095024601576
2.0776916715021683
-1.0347464697377953
1.578833118708021
1.782843105258331
0.9998671897863706
1.797398673564029
2.541719297752769
1.3176495037407425
1.5560208531857507
1.0513010330655654
1.9143478135458214
2.3161512941322693
0.008106028810366728
2.1383716643550836
2.6523063898494126
-0.7911402843150809
2.4992069718451586
0.236217432657523
1.5316498658042468
0.9326798536445217
-0.03403407543212583
2.4997530928112606
2.738477575569648
2.4423554076657252
2.344216451503784
0.4812020353011314
0.15939186776404082
2.0067186928545944
-0.8065959979364551
0.9164993959972995
1.868840719792532
-1.1427374335743028
2.737522744851016
0.8890046287348339
2.3593485517778348
0.24342585368710198
1.1354605626534493
1.3986237273120938
1.4935460265137797
0.6068575581545319
0.8326552776575985
1.2653793391230723
2.5436665021641014
2.3108746109214158
0.49722194592019775
0.022966731236173495
-0.30999413995976605
3.036242104085109
2.3819452815103617
0.11228717360550242
1.6631099244610532
1.3591606843220276
1.2749066289407114
2.5533156401198522
2.6722115043163304
0.3516800484331206
2.6063922953262675
1.8762127148488106
0.14401369353105264
2.652190109181423
-0.5275736547028099
0.3504539204672055
2.4702756314397245
2.3902563256618716
1.6234747924729376
0.09716657648720914
1.8333715414936813
1.8798620322051551
2.1460679860586223
-0.24323757029057222
2.437617105804131
1.036261521144299
0.33547736434675995
-0.18489882435105254
1.5597928000597037
3.125589659700806
2.4571190786586365
1.3994446310417337
1.4462719869936254
2.225276973734752
1.192547164887347
1.2119158002488188
1.2188118997607809
-0.025785530863478043
1.640762281438404
0.9945364764205982
2.124189563992629
1.0983517960877367
1.2510832377636079
1.605570067145345
2.542123803686128
1.1928100007792388
3.0093602264347066
2.6762372135339683
2.170984501741304
0.10405594133250803
1.3220140007002774
1.062817888605726
1.553334513752969
0.06255779585083815
0.5111802441629214
2.5520209246495367
0.040802520167769876
0.7298079582451741
1.7326797216292298
2.2238688155286677
2.027771005442086
1.5819352345610886
1.965858134813202
0.6374735136057348
0.606766833731347
2.8825746136525585
2.804821891816417
1.4442952093847383
1.9391547962118072
1.1984907229913726
-0.14239627960158388
3.177634515302217
-0.8398327692680934
2.666143841146402
2.402153639376955
-1.4205110514430395
1.8970590149617848
-0.18345059194410726
0.6794476250632752
2.3862447830613025
-0.6713993848556402
0.7085210846392775
2.254653649684892
2.31626367914023
0.28603565916045975
1.6013303295229697
0.1296152507753344
0.0031576994636057336
2.1516855069172203
2.6144344154350354
2.3414251911495096
0.38635931375109295
-0.4044448327051852
1.7699140506916846
1.689479977830618
-0.6573425443152143
0.09383025246614998
0.46721242152544984
1.5245254209335557
2.2800805781610283
2.5379020835920487
1.2478887451676628
2.019710550106645
1.846231206723706
0.7264433814359481
-0.30825170310768074
0.1374847666996923
-0.3571024038864964
0.24621662675920733
1.9262996087615343
0.432439624488478
0.7887478614051664
-0.6547479585951994
2.028432685985869
1.591252223833892
-0.7501007206650958
0.03242808212730708
0.4054798607123382
1.5479752873222499
-0.715772104697717
-0.19635433772341393
1.6037497808742662
0.6033434720105049
0.5897954133693732
0.9775330154106696
1.151493569306953
1.255919560996402
1.5319185917959766
0.9208612682181428
-0.47257597201238416
0.5967766842340243
2.1931993615129013
1.2059230386759288
1.9560897146999299
2.1801656746599933
2.1536470590094043
0.8094645637962159
0.29828949214847617
0.8005354079946766
1.2640223234842969
1.3691357074001693
1.130845434368235
0.21348290986153506
0.7005575246557494
0.6237723054485397
-0.38053570899215616
1.1722687271549002
-0.08644363682325534
1.256886248035636
1.1976959173295731
-0.6454319750854854
0.3248474999078837
1.542967144326549
2.6208914913542767
1.5840898276793764
0.0008289425506271628
-0.040901205596709685
-0.13912757820005675
-0.06264807837285373
0.9485191056985135
0.20394419617239423
-0.4473305200151732
-0.7198592637150164
0.28463373722874297
-0.3929494219584711
-0.5331249805154289
0.08640868409056951
-0.06891580165840047
1.5594342015954545
1.688603671584199
-0.22810521478344323
-0.16311826515320446
2.0718771567826355
1.5746856344463624
1.5593766302644085
0.09521947261551139
2.1188155904437664
1.0979243667050431
0.0002523863050463088
1.964296807781995
0.8617073935366824
1.0451775824348548
2.4021042370526704
1.8941876644923703
1.3141025565763078
1.3574721640901235
