1553864558.725519
1553864562.041505
1553864564.984135
1553864567.873464
1553864570.842533
1553864573.777229
1553864576.718988
1553864579.997098
1553864583.219048
1553864586.075549
1553864589.036088
1553864592.536981
1553864595.358862
1553864598.08712
1553864601.012033
1553864603.756675
1553864606.505704
1553864609.502703
1553864612.482756
1553864615.389976
1553864618.184772
1553864620.944284
1553864623.541104
1553864626.222654
1553864629.045269
1553864631.892939
1553864634.663976
1553864637.538022
1553864640.505547
1553864643.225448
1553864646.260919
1553864649.13605
1553864652.027859
1553864654.699876
1553864657.54043
1553864660.368212
1553864663.066148
1553864665.799307
1553864668.794581
1553864671.748389
1553864674.580324
1553864677.502111
1553864680.42153
1553864683.40057
1553864686.482801
1553864689.300012
1553864692.104045
1553864694.851671
1553864697.87647
1553864700.835274
1553864703.992241
1553864706.676246
1553864709.647655
1553864712.423408
1553864715.1951
1553864718.041756
1553864720.892012
1553864723.469295
1553864726.39753
1553864729.326569
1553864732.043633
1553864734.812491
1553864737.704314
1553864740.497135
1553864743.289439
1553864746.051316
1553864748.836702
1553864751.598983
1553864754.495676
1553864757.273945
1553864760.095105
1553864763.518681
1553864767.68379
1553864770.328308
1553864773.173978
1553864776.028433
1553864778.92624
1553864781.539651
1553864784.580488
1553864787.431961
1553864790.124443
1553864792.864758
1553864795.601347
1553864798.387944
1553864801.201197
1553864803.920176
1553864806.487007
1553864809.390285
1553864812.187084
1553864814.975965
1553864817.648195
1553864820.508526
1553864823.397966
1553864826.313272
1553864829.233355
1553864832.003405
1553864834.768637
1553864837.678785
1553864840.495963
1553864844.218139
1553864847.051549
1553864850.1531
1553864853.042363
1553864856.024363
1553864858.923422
1553864861.815728
1553864864.750408
1553864867.628703
1553864870.502433
1553864873.416669
1553864876.213777
1553864879.247252
1553864882.013625
1553864884.684148
1553864887.488393
1553864890.471843
1553864893.509707
1553864896.40266
1553864899.477297
1553864902.311643
1553864905.146698
1553864908.067579
1553864910.94618
1553864913.908673
1553864916.895217
1553864919.854546
1553864922.680737
1553864925.487643
1553864928.447095
1553864931.281157
1553864934.107429
1553864936.924555
1553864939.760057
1553864942.859808
1553864945.877285
1553864949.013049
1553864953.220732
1553864957.448045
1553864960.50569
1553864963.542477
1553864966.371754
1553864969.070251
1553864971.736507
1553864974.676632
1553864977.471052
1553864980.408514
1553864983.342802
1553864986.280078
1553864989.233267
1553864992.053117
1553864995.050967
1553864997.950402
1553865000.995578
1553865004.016005
1553865006.675036
1553865009.521198
1553865012.522637
1553865015.510316
1553865018.611114
1553865021.59019
1553865024.608734
1553865027.593535
1553865030.364646
1553865033.205026
1553865036.031207
1553865038.894732
1553865041.759756
1553865044.560716
1553865047.495886
1553865050.482953
1553865053.437788
1553865056.561743
1553865059.405228
1553865062.210774
1553865065.02594
1553865067.991753
1553865071.02662
1553865073.740548
1553865076.586432
1553865079.369664
1553865082.314949
1553865084.935376
1553865087.65348
1553865090.499951
1553865093.327996
1553865096.271787
1553865099.179855
1553865103.069242
1553865105.835943
1553865108.755802
1553865111.587237
1553865114.366859
1553865117.304573
1553865120.022478
1553865123.028419
1553865125.922794
1553865128.851505
1553865131.834748
1553865134.864198
1553865137.676735
1553865141.33603
1553865146.885871
1553865149.694344
1553865152.765107
1553865155.702528
1553865158.804147
1553865161.778266
1553865164.692839
1553865167.675186
1553865170.625664
1553865173.595028
1553865176.530831
1553865179.570683
1553865182.326649
1553865185.14282
1553865188.062405
1553865190.811915
1553865193.633586
1553865196.43329
1553865199.1516
1553865202.202475
1553865205.100557
1553865208.024749
1553865210.842049
1553865213.700314
1553865216.645909
1553865219.589279
1553865222.488987
1553865225.309854
1553865228.01877
1553865230.70547
1553865233.445441
1553865236.266509
1553865239.0432
1553865241.918667
1553865244.74869
1553865247.705569
1553865250.57058
1553865253.37868
1553865256.173501
1553865258.892748
1553865261.687432
1553865264.605856
1553865267.490586
1553865270.284036
1553865273.223505
1553865276.036763
1553865278.617294
1553865281.375901
1553865283.963412
1553865286.825486
1553865289.657713
1553865292.567995
1553865295.365419
1553865298.336137
1553865301.22324
1553865303.960361
1553865306.617951
1553865309.215599
1553865311.818446
1553865314.479945
1553865317.252513
1553865320.053702
1553865322.802038
1553865325.541357
1553865329.790723
1553865334.565346
1553865337.217766
1553865339.86875
1553865342.799378
1553865345.605261
1553865348.423626
1553865351.258519
1553865354.097011
1553865356.960629
1553865360.813896
1553865363.911662
1553865366.597058
1553865369.492701
1553865372.452304
1553865375.366468
1553865378.286545
1553865381.146215
1553865384.227718
1553865387.063877
1553865389.853201
1553865392.489163
1553865395.124644
1553865398.003366
1553865400.829364
1553865403.786487
1553865406.610723
1553865409.336735
1553865412.127402
1553865415.130331
1553865418.024266
1553865420.940075
1553865423.760504
1553865426.694904
1553865429.567215
1553865432.51044
1553865435.55505
1553865438.32731
1553865441.178935
1553865443.830629
1553865446.623179
1553865449.589269
1553865452.379731
1553865455.243026
1553865458.229455
1553865461.044386
1553865463.912868
1553865466.669986
1553865469.628026
1553865472.399152
1553865475.418519
1553865478.53365
1553865481.375658
1553865484.130557
1553865486.796076
1553865489.735498
1553865492.517891
1553865495.356564
1553865498.169664
1553865500.863032
1553865503.56669
1553865506.463226
1553865509.179819
1553865511.950127
1553865515.718675
1553865521.502944
1553865524.843926
1553865527.648037
1553865530.310939
1553865533.041986
1553865536.103821
1553865539.050727
1553865541.982274
1553865544.825911
1553865547.579856
1553865550.430733
1553865553.346745
1553865556.175231
1553865558.995681
1553865561.801017
1553865564.608694
1553865567.493321
1553865570.346095
1553865573.229362
1553865576.079862
1553865578.97331
1553865581.904817
1553865584.746101
1553865587.678788
1553865590.662819
1553865593.647656
1553865596.530114
1553865599.447112
1553865602.510806
1553865605.495577
1553865608.445422
1553865611.537465
1553865614.496907
1553865618.235256
1553865621.228882
1553865624.208886
1553865627.220796
1553865630.07639
1553865633.044663
1553865635.797875
1553865638.617948
1553865641.453666
1553865644.373433
1553865647.321179
1553865650.218567
1553865653.111322
1553865656.16782
1553865659.149595
1553865661.957424
1553865664.890974
1553865667.858611
1553865670.704887
1553865673.594591
1553865676.538257
1553865679.352547
1553865682.252028
1553865685.330469
1553865688.33226
1553865691.327675
1553865694.16686
1553865697.169077
1553865700.0338
1553865702.961121
1553865705.903395
1553865710.995061
1553865716.973693
1553865719.854447
1553865722.82841
1553865725.787806
1553865728.531011
1553865731.376386
1553865734.211172
1553865737.052547
1553865739.855458
1553865742.593845
1553865745.384676
1553865748.130856
1553865750.879481
1553865753.653475
1553865756.482056
1553865759.366312
1553865762.148043
1553865765.003161
1553865767.997086
1553865770.891438
1553865773.758571
1553865776.697616
1553865779.59612
1553865782.619101
1553865785.565
1553865788.31838
1553865791.133551
1553865793.951601
1553865796.920285
1553865799.848514
1553865802.701668
1553865805.628133
1553865808.602915
1553865811.47633
1553865814.398545
1553865817.273342
1553865820.124561
1553865823.20107
1553865826.199662
1553865829.295448
1553865832.470975
1553865835.446008
1553865838.430417
1553865841.447375
1553865844.488748
1553865847.455365
1553865850.528368
1553865853.304495
1553865856.19593
1553865859.10372
1553865862.058805
1553865864.919302
1553865867.762901
1553865870.80576
1553865873.626146
1553865876.357099
1553865879.926879
1553865882.546786
1553865885.146625
1553865888.061372
1553865890.853202
1553865893.643419
1553865896.471165
1553865900.186036
1553865905.956427
1553865909.654868
1553865912.639282
1553865915.648092
1553865918.738102
1553865921.534273
1553865924.38857
1553865927.406514
1553865930.243434
1553865933.226231
1553865936.198708
1553865938.988663
1553865941.901495
1553865944.697017
1553865947.579668
1553865950.299488
1553865953.200628
1553865956.137258
1553865959.125644
1553865961.983206
1553865964.790929
1553865967.766118
1553865970.586366
1553865973.247176
1553865976.107414
1553865978.908784
1553865981.742504
1553865984.477609
1553865987.203659
1553865990.184137
1553865993.199309
1553865996.1402
1553865999.051956
1553866001.797482
1553866004.8003
1553866007.673399
1553866010.461491
1553866013.417446
1553866016.21272
1553866019.11736
1553866021.907976
1553866024.712488
1553866027.501245
1553866030.446872
1553866033.364769
1553866036.113329
1553866038.934873
1553866041.597944
1553866044.54407
1553866047.340289
1553866050.07894
1553866053.054625
1553866055.817769
1553866058.704402
1553866061.609936
1553866064.477769
1553866067.246165
1553866069.993046
1553866072.753387
1553866075.473145
1553866078.217842
1553866081.021188
1553866083.719887
1553866086.550873
1553866091.058367
1553866096.179314
1553866098.73154
1553866101.516684
1553866104.223214
1553866106.898663
1553866109.827337
1553866112.475844
1553866115.306193
1553866118.056
1553866120.996687
1553866123.729985
1553866126.630573
1553866129.332514
1553866131.991095
1553866134.66065
1553866137.6195
1553866141.57332
1553866144.255877
1553866147.135366
1553866149.952788
1553866152.941728
1553866155.641796
1553866158.440014
1553866161.116617
1553866163.911155
1553866166.664777
1553866169.363922
1553866172.005648
1553866174.983588
1553866177.783098
1553866180.51584
1553866183.316794
1553866186.175843
1553866189.128006
1553866191.930304
1553866194.807761
1553866197.778569
1553866200.600665
1553866203.360246
1553866206.139143
1553866209.042296
1553866211.846506
1553866214.6352
1553866217.447961
1553866220.274158
1553866223.028981
1553866225.977637
1553866228.765516
1553866231.89613
1553866234.751412
1553866237.646189
1553866240.452111
1553866243.194489
1553866246.012433
1553866248.895549
1553866251.890726
1553866254.789919
1553866257.610838
1553866260.491776
1553866263.50079
1553866266.525626
1553866269.479735
1553866272.393406
1553866276.250724
1553866281.66198
1553866285.079925
1553866287.865824
1553866290.648671
1553866293.423478
1553866296.215181
1553866298.97473
1553866301.686735
1553866304.573907
1553866307.258861
1553866309.933175
1553866312.885287
1553866315.834433
1553866318.710155
1553866321.679535
1553866324.427396
1553866327.18852
1553866330.099083
1553866332.807501
1553866335.496348
1553866338.3516
1553866341.248807
1553866344.228784
1553866347.027976
1553866349.721694
1553866352.418021
1553866355.153608
1553866358.004636
1553866360.717957
1553866363.729886
1553866366.826389
1553866369.764992
1553866372.683265
1553866375.551311
1553866378.417054
1553866381.331547
1553866384.092891
1553866386.803908
1553866389.582613
1553866392.371802
1553866395.971577
1553866398.915182
1553866401.872881
1553866404.904816
1553866407.697257
1553866410.423698
1553866413.317517
1553866416.09788
1553866419.155825
1553866422.121492
1553866425.013163
1553866427.947178
1553866430.863127
1553866433.667867
1553866436.357358
1553866439.019293
1553866441.974496
1553866444.959646
1553866447.881266
1553866450.791279
1553866453.753134
1553866456.539787
1553866459.336195
1553866462.340425
1553866467.506049
1553866474.010692
1553866476.857044
1553866479.611802
1553866482.418781
1553866484.991452
1553866487.701865
1553866490.422253
1553866493.257527
1553866496.18744
1553866498.984649
1553866501.733164
1553866504.499941
1553866507.423431
1553866510.241972
1553866513.112368
1553866515.936451
1553866518.76764
1553866521.613338
1553866524.51183
1553866527.359479
1553866530.369733
1553866533.378376
1553866536.221458
1553866538.998225
1553866541.735887
1553866544.651128
1553866547.532545
1553866550.355873
1553866553.074223
1553866555.833976
1553866558.592909
1553866561.414763
1553866564.291423
1553866567.180987
1553866570.039889
1553866572.786946
1553866575.762434
1553866578.768311
1553866581.746328
1553866584.662207
1553866587.613977
1553866590.428995
1553866593.22601
1553866596.122609
1553866598.960589
1553866601.838493
1553866604.615461
1553866607.342689
1553866610.213655
1553866612.976784
1553866615.648778
1553866618.277417
1553866620.958647
1553866623.679449
1553866626.568992
1553866629.377061
1553866632.000103
1553866634.730925
1553866637.51686
1553866640.260753
1553866643.261528
1553866646.026367
1553866648.68116
1553866653.210952
1553866658.232834
1553866662.407487
1553866665.111651
1553866667.763578
1553866670.687165
1553866673.552528
1553866676.357453
1553866679.076104
1553866681.932802
1553866684.777517
1553866687.602587
1553866690.407946
1553866693.264848
1553866696.122475
1553866698.741098
1553866701.546185
1553866704.39088
1553866707.162487
1553866710.017124
1553866712.80134
1553866715.808191
1553866718.782596
1553866721.690952
1553866724.551123
1553866727.242469
1553866729.911539
1553866732.776961
1553866735.781324
1553866738.553968
1553866741.267167
1553866744.209754
1553866746.823863
1553866749.767806
1553866752.713431
1553866755.690939
1553866758.588151
1553866761.541088
1553866764.484049
1553866767.198771
1553866769.968503
1553866772.669232
1553866775.385089
1553866778.279863
1553866780.8881
1553866783.578885
1553866786.442973
1553866789.318821
1553866792.095029
1553866794.815211
1553866797.624948
1553866800.528682
1553866803.345838
1553866806.132587
1553866808.984201
1553866811.776874
1553866814.784638
1553866817.686492
1553866820.530035
1553866823.364354
1553866826.309961
1553866829.204709
1553866832.110646
1553866834.91155
1553866837.931773
1553866842.081887
1553866847.931997
1553866850.797454
1553866853.422404
1553866856.057217
1553866858.711175
1553866861.580965
1553866864.679572
1553866867.40632
1553866870.101636
1553866872.879963
1553866875.659055
1553866878.426483
1553866881.070615
1553866883.853273
1553866886.534221
1553866889.131138
1553866891.781125
1553866894.54957
1553866897.340204
1553866900.199028
1553866902.930087
1553866905.736183
1553866909.320576
1553866912.199008
1553866915.038705
1553866917.857224
1553866920.787729
1553866923.577499
1553866926.410671
1553866929.196194
1553866931.995695
1553866935.009173
1553866937.931638
1553866940.785389
1553866943.622502
1553866946.286896
1553866949.403625
1553866952.501726
1553866955.555611
1553866958.584544
1553866961.738744
1553866964.811756
1553866967.685814
1553866970.520972
1553866973.431668
1553866976.331051
1553866979.136257
1553866981.823163
1553866984.453607
1553866987.219068
1553866990.012528
1553866992.847705
1553866995.678066
1553866998.471244
1553867001.430795
1553867004.227511
1553867007.007626
1553867009.804258
1553867012.682447
1553867015.522707
1553867018.3863
1553867021.228861
1553867024.053821
1553867028.348159
1553867033.503487
1553867038.019443
1553867040.862483
1553867043.551667
1553867046.221053
1553867049.157143
1553867051.996287
1553867054.867819
1553867057.585212
1553867060.392639
1553867063.16908
1553867065.821388
1553867068.617598
1553867071.413948
1553867074.152427
1553867077.004211
1553867079.837641
1553867082.479095
1553867085.243541
1553867088.173601
1553867091.158857
1553867094.110089
1553867097.018198
1553867099.837052
1553867102.508183
1553867105.582066
1553867108.428449
1553867111.430301
1553867114.335961
1553867117.156495
1553867120.008002
1553867122.773839
1553867125.408406
1553867128.24416
1553867131.089475
1553867133.985073
1553867136.903741
1553867139.657569
1553867142.647825
1553867145.732192
1553867148.628838
1553867151.483208
1553867154.328726
1553867157.114446
1553867159.959346
1553867162.881643
1553867166.435931
1553867169.308469
1553867172.3031
1553867175.023687
1553867177.858129
1553867180.745874
1553867183.508886
1553867186.67212
1553867189.552611
1553867192.381181
1553867195.290902
1553867198.108798
1553867200.910445
1553867203.77738
1553867206.732196
1553867209.589572
1553867212.40449
1553867215.798466
1553867219.777269
1553867225.828145
1553867229.263141
1553867232.207387
1553867235.073988
1553867238.047087
1553867241.074706
1553867243.904133
1553867246.810946
1553867249.651172
1553867252.463474
1553867255.306301
1553867258.300256
1553867261.156117
1553867263.867013
1553867266.689989
1553867269.442242
1553867272.244901
1553867274.989648
1553867277.865719
1553867280.663862
1553867283.376107
1553867286.497753
1553867289.296817
1553867292.131239
1553867295.093742
1553867297.941287
1553867300.729357
1553867303.659096
1553867306.533923
1553867309.410606
1553867312.341623
1553867315.24686
1553867318.131589
1553867320.849753
1553867323.464381
1553867326.322761
1553867329.080075
1553867332.023713
1553867334.76147
1553867337.578506
1553867340.411687
1553867343.210052
1553867346.055015
1553867348.867172
1553867351.540368
1553867354.405549
1553867357.233557
1553867360.029694
1553867362.752923
1553867365.657639
1553867368.423513
1553867371.152952
1553867373.84096
1553867376.54502
1553867379.497178
1553867382.359654
1553867385.054261
1553867387.859545
1553867390.528564
1553867393.377722
1553867396.303322
1553867399.082898
1553867401.91618
1553867405.359379
1553867410.509261
1553867414.303798
1553867417.053002
1553867419.926947
1553867422.847869
1553867426.846233
1553867429.827923
1553867432.707862
1553867435.621548
1553867438.493621
1553867441.314722
1553867444.190637
1553867447.098699
1553867449.805253
1553867452.718659
1553867455.395859
1553867458.248674
1553867461.010143
1553867463.898475
1553867466.701783
1553867469.613829
1553867472.461486
1553867475.311434
1553867478.123122
1553867480.951704
1553867483.772511
1553867486.543421
1553867489.441754
1553867492.274328
1553867495.252427
1553867498.109481
1553867501.01297
1553867503.906198
1553867506.908383
1553867509.859534
1553867512.770615
1553867515.625631
1553867518.480588
1553867521.286188
1553867524.089873
1553867527.251212
1553867529.941687
1553867532.515069
1553867535.441913
1553867538.361714
1553867541.25837
1553867543.927172
1553867546.73977
1553867549.427922
1553867552.358362
1553867555.112633
1553867557.913127
1553867560.970066
1553867563.969242
1553867566.921704
1553867569.81472
1553867572.704683
1553867575.528665
1553867578.420214
1553867581.399904
1553867584.205376
1553867586.968678
1553867589.84601
1553867593.450427
1553867597.220392
1553867603.093823
1553867606.604905
1553867609.392584
1553867612.385868
1553867615.378758
1553867618.343864
1553867621.155531
1553867624.050616
1553867627.105358
1553867630.073555
1553867632.994575
1553867635.819046
1553867638.674652
1553867641.456539
1553867644.245845
1553867647.092278
1553867649.826743
1553867652.709198
1553867655.528341
1553867658.459363
1553867661.405498
1553867664.359836
1553867667.286328
1553867670.245746
1553867673.191997
1553867676.038491
1553867679.017972
1553867681.985657
1553867685.019537
1553867688.545012
1553867691.306371
1553867694.132259
1553867696.995404
1553867699.927965
1553867702.991458
1553867705.91319
1553867708.884256
1553867711.819758
1553867714.858643
1553867717.867291
1553867720.924056
1553867723.844862
1553867726.617447
1553867729.496186
1553867732.480867
1553867735.361212
1553867738.372568
1553867741.280729
1553867744.156105
1553867747.082444
1553867749.986599
1553867752.846392
1553867755.780341
1553867758.598343
1553867761.584568
1553867764.478961
1553867767.323056
1553867770.140187
1553867773.045443
1553867775.996973
1553867778.917616
1553867781.779903
1553867784.918107
1553867788.643667
1553867793.515424
1553867798.890429
1553867801.82857
1553867804.759325
1553867807.726861
1553867810.650336
1553867813.568513
1553867816.405521
1553867819.158522
1553867821.967235
1553867824.969868
1553867827.791397
1553867830.597835
1553867833.495172
1553867836.489161
1553867839.552967
1553867842.355193
1553867845.27202
1553867848.119825
1553867851.005357
1553867854.022453
1553867856.946483
1553867859.871054
1553867862.712964
1553867865.576398
1553867868.373915
1553867871.230445
1553867874.070388
1553867876.961805
1553867879.822592
1553867882.813705
1553867885.681363
1553867888.525318
1553867891.266364
1553867894.175411
1553867897.010895
1553867900.010297
1553867903.095141
1553867906.283381
1553867909.403844
1553867912.51277
1553867915.620279
1553867918.730389
1553867921.743549
1553867924.65095
1553867927.813498
1553867930.757085
1553867933.654331
1553867936.584238
1553867939.402215
1553867942.434434
1553867945.269332
1553867948.135163
1553867951.959311
1553867955.004573
1553867958.024393
1553867960.900285
1553867963.749951
1553867966.734866
1553867969.776401
1553867972.709374
1553867975.730169
1553867978.68362
1553867982.184009
1553867985.457431
1553867991.569969
1553867995.530014
1553867998.491654
1553868001.275724
1553868004.01356
1553868006.950423
1553868009.933611
1553868012.785244
1553868015.581216
1553868018.38915
1553868021.198875
1553868023.931037
1553868026.867142
1553868029.590242
1553868032.455792
1553868035.32295
1553868038.12199
1553868041.014636
1553868043.769447
1553868046.75187
1553868049.817725
1553868052.576108
1553868055.373976
1553868058.384958
1553868061.31705
1553868064.027263
1553868066.769328
1553868069.553618
1553868072.578122
1553868075.456122
1553868078.180931
1553868080.933371
1553868083.789563
1553868086.604296
1553868089.383013
1553868092.067521
1553868094.820308
1553868097.592806
1553868100.494639
1553868103.294267
1553868106.118657
1553868108.787661
1553868111.474394
1553868114.199212
1553868117.087354
1553868119.976671
1553868122.782311
1553868125.543752
1553868128.296691
1553868131.064202
1553868133.989582
1553868136.991076
1553868139.726959
1553868142.608625
1553868145.539987
1553868148.340398
1553868151.222283
1553868154.073128
1553868157.111817
1553868160.040915
1553868162.875453
1553868165.882259
1553868168.906127
1553868172.5455
1553868177.070341
1553868181.647302
1553868184.46022
1553868187.126693
1553868190.125338
1553868192.867515
1553868195.784871
1553868198.565689
1553868201.608652
1553868204.438114
1553868207.330403
1553868210.231644
1553868214.106546
1553868217.224513
1553868220.049925
1553868222.925551
1553868225.701539
1553868228.525721
1553868231.433339
1553868234.42408
1553868237.612757
1553868240.475716
1553868243.335192
1553868246.135785
1553868249.014816
1553868252.002699
1553868254.994494
1553868257.952502
1553868260.754585
1553868263.746695
1553868266.564775
1553868269.452535
1553868272.405314
1553868275.325237
1553868278.154311
1553868281.265374
1553868284.187786
1553868287.000394
1553868289.862299
1553868292.737041
1553868295.464256
1553868298.323259
1553868301.27479
1553868304.225572
1553868307.118417
1553868310.045656
1553868313.173473
1553868316.071823
1553868318.831599
1553868321.681824
1553868324.661523
1553868327.580663
1553868330.404081
1553868333.202876
1553868336.124486
1553868338.954852
1553868341.950442
1553868344.709561
1553868347.551229
1553868350.457194
1553868353.419437
1553868356.331558
1553868359.186645
1553868363.091626
1553868366.97307
1553868372.774475
1553868376.676576
1553868379.580704
1553868382.411378
1553868385.314868
1553868388.251713
1553868391.140071
1553868394.205935
1553868397.061951
1553868400.112022
1553868403.154012
1553868406.089977
1553868408.869641
1553868411.733224
1553868414.622424
1553868417.542615
1553868420.612284
1553868423.550518
1553868426.37293
1553868429.541494
1553868432.526227
1553868435.472549
1553868438.462569
1553868441.333035
1553868444.167392
1553868447.107157
1553868449.996064
1553868452.929595
1553868455.729414
1553868458.677983
1553868461.746662
1553868464.763975
1553868467.874912
1553868470.970698
1553868473.746438
1553868477.648891
1553868480.972793
1553868484.035902
1553868487.150173
1553868490.125519
1553868493.221874
1553868496.343108
1553868499.197128
1553868502.13162
1553868505.09757
1553868508.253258
1553868511.258957
1553868514.449147
1553868517.465928
1553868520.352424
1553868523.362555
1553868526.237147
1553868529.207508
1553868532.227559
1553868535.118459
1553868538.157685
1553868541.052781
1553868543.975831
1553868546.814993
1553868549.65381
1553868552.438317
1553868555.485952
1553868559.130396
1553868562.705745
1553868567.491098
1553868572.594917
1553868576.285359
1553868579.215143
1553868582.123485
1553868585.094126
1553868588.140998
1553868591.123006
1553868594.045959
1553868596.979721
1553868599.774551
1553868602.611947
1553868605.670424
1553868608.467598
1553868611.490475
1553868614.483206
1553868617.544205
1553868620.442917
1553868623.524526
1553868626.381174
1553868629.311402
1553868632.376478
1553868635.300874
1553868638.24889
1553868641.059354
1553868644.107471
1553868647.200954
1553868650.041817
1553868652.987765
1553868655.893914
1553868658.780595
1553868661.67421
1553868664.691181
1553868667.728861
1553868670.597658
1553868673.424853
1553868676.187524
1553868679.070581
1553868681.85256
1553868684.773553
1553868687.579641
1553868690.43815
1553868693.37345
1553868696.210629
1553868699.179385
1553868702.111883
1553868704.962426
1553868707.927292
1553868710.81769
1553868713.663714
1553868716.69242
1553868719.680642
1553868722.659984
1553868725.620016
1553868728.652784
1553868731.596798
1553868734.636979
1553868737.57613
1553868740.569861
1553868744.313658
1553868747.316286
1553868750.190167
1553868753.16307
1553868756.728982
1553868760.321893
1553868766.482537
1553868770.968081
1553868773.988018
1553868776.904188
1553868779.752307
1553868782.690899
1553868785.546425
1553868788.462268
1553868791.257001
1553868794.037798
1553868797.144294
1553868799.966949
1553868802.851571
1553868805.644833
1553868808.580312
1553868811.506092
1553868814.300125
1553868817.370481
1553868820.251836
1553868823.201043
1553868826.063129
1553868828.910416
1553868831.803004
1553868834.614423
1553868837.484566
1553868840.156282
1553868842.963988
1553868845.879827
1553868848.734614
1553868851.789016
1553868854.550201
1553868857.329419
1553868860.117029
1553868863.009831
1553868865.892447
1553868868.850505
1553868871.833082
1553868874.729
1553868877.611202
1553868880.460522
1553868883.323591
1553868886.267015
1553868889.098456
1553868891.826498
1553868894.620791
1553868897.234043
1553868900.02408
1553868902.808541
1553868905.567764
1553868908.535705
1553868911.545956
1553868914.442376
1553868917.155047
1553868919.953826
1553868922.805832
1553868925.781832
1553868928.681161
1553868931.565403
1553868934.347982
1553868936.988973
1553868939.780524
1553868942.570555
1553868946.248644
1553868949.461008
1553868954.049742
1553868960.151374
1553868963.20038
1553868966.146548
1553868968.836347
1553868971.83372
1553868974.906933
1553868977.788911
