-1831382642036398e-26
-7516683869753483e-23
-23011939114199616e-27
-0.029960100263114204
0.07836216927537303
-0.2335236167799559
-0.5876857717220675
-0.6230306087328163
-0.8052141335972733
-0.6370299791440353
0.31288100032916455
1.741923496264575
2.9953567077276384
3.2218786534661845
2.6283288043544197
1.8307657986936186
0.6806559703648458
-0.3222586272071884
-0.7222420164505794
-1.1721662956897112
-1.3840517684331406
-0.9276289342887103
-0.27730067725769364
-0.25008799298959133
-0.17456826385415378
-0.04233174661008222
-0.010974497240802563
9038720960515643e-26
19257206470967595e-27
-22899469549525587e-24
1668380930912185e-26
0.04177083787320456
-0.0026732526978184416
0.05120093759450914
-0.05241244200672735
-0.48852633459382777
-0.8603709168621231
-0.5410953488314909
0.2608492368744212
1.1191550245740214
2.062265859542233
2.694400541954783
2.811871803491889
2.763462620446224
2.7416014437145546
2.28367702619202
1.190294614537425
-0.5090075972816167
-1.3054245779866376
-0.9943595073023109
-0.3249072285086128
0.09681723927758787
0.003356930576465547
-0.04205471534458789
-0.02281173621437045
8403724344024714e-26
3150246806133315e-26
4160845631665171e-23
-4164028555655548e-27
0.04198664961027149
-0.08458291227232355
-0.7369129014122316
-0.8872146371166487
-0.8260565233079007
-0.7653654370535424
-0.628378574362514
-0.1275620247293885
0.7804562864876549
1.7706086041765303
2.8259007037189168
3.031160169437679
3.3899863713974905
3.544260395206769
3.2462523268169314
2.644757191734841
1.6004727741386147
0.7492599375477466
0.7015554556962907
0.5949126242313876
0.43036544872382493
0.30557637460659176
0.08702275808145823
0.04991787992221367
12787648186350836e-27
-7114686854358392e-26
-3038530997154625e-23
13926692698163216e-27
0.11242123632951345
0.930694139128778
1.609694760374686
1.6609122532507201
1.4046736567412124
1.734906634022386
1.0045388983205732
-0.1043355643498117
-0.42866755092787184
-0.41855851413889783
-0.6689450466275015
-0.944803986540615
-1.0550534121448194
-1.3086198896591759
-1.678649108445122
-1.634977542257691
-1.1401918091048033
0.13268264682228154
2.1177410178588603
3.2476438598110566
2.2524574960998702
0.37610687461180786
0.22584375176206817
0.147627453059875
-6887533579818048e-27
1826391756982223e-26
-10812458129670287e-23
39951029752652054e-28
0.02147113546932242
-0.19183344989107234
-0.21147513701816065
0.07429093457478064
1.3204536116995162
1.4502563436379516
0.08516377685132254
-1.2489127334421943
-1.509726662480244
-1.3388581640821722
-0.6351827798152784
-0.23135647380251625
0.38305610866027706
1.1790313882835233
1.971661328460746
2.3918839337622075
2.4024578950627458
2.3187323300688925
1.9283894714121492
0.6130420836743652
-0.02779024525481584
0.22313628221165638
0.014658883675644564
-0.008918508272245312
1112739276723364e-25
18902666726261355e-27
-12374445142395213e-24
12961704483775629e-27
-0.09872992050427169
-0.10245026926995986
0.6881745061553459
1.3558055260018682
2.1365403171456316
2.35358697796353
1.9473107831735157
0.8768957262744911
-0.03922535459871027
-0.1442733918601383
1.352078772143007
2.6645605887588184
3.1797876963303944
2.057144461430055
0.821600117377186
0.003989940582908008
-0.3925346061216999
-0.7431440959192481
-0.6121390748731107
-0.37427559402474564
0.10243384000660695
0.16968009780221796
0.12608081822540085
0.07373895837719781
-28389473644891517e-27
23953326994026037e-27
-7790186849073349e-23
14840897266189724e-27
-0.13825472215387843
-0.18187886433839495
0.5573621265116677
1.3026970388644328
2.06046584976365
2.7324327290020314
2.602740719500308
1.783842096938002
0.6804666598364698
0.1712776386764565
-0.11717870585727905
0.3658230708259728
0.8265611458046717
1.3981770791483998
1.215279005729051
0.3009474680376931
-0.38616817720796304
-0.6579068329470872
-0.2562299247210774
0.3310342437556158
0.6379038028582085
0.45127394816773875
0.3214809660209615
0.19713818306149355
2921461476719589e-26
3848245814023744e-27
-6823436314211995e-24
-664936114994446e-26
0.19292981347342666
0.8300358331920026
2.015151593540437
2.4392350363498054
2.1692699782084297
1.1265042530977607
0.9826978736904312
1.165399272605112
0.9114708821281685
0.2674568330279901
-0.35986509936170397
-0.16719569443791726
0.5491228321957657
1.762720920798047
2.249923568550075
2.3852522241285223
2.506392789780671
2.7526633113739414
2.0040661861698106
0.9857686399875389
0.23453908876354715
-0.1591009115760667
-0.2280397871780947
-0.1507012664407118
-22548506066907524e-27
-1537982271919418e-26
-259912348256856e-22
5072892727499907e-27
0.3403887058632678
0.4533552851205268
-0.03252222608699416
-0.5705608085832405
-0.9391758950851801
-0.3289940573757244
0.5310824545720796
1.8144759117346319
2.6407737410809844
2.999764336918374
3.103512374789496
2.011369922747051
0.6999386979230543
-0.24210646038254044
-0.07597376822753693
0.3114745833918884
0.8598859595769585
1.6040007981709081
1.5662611245078313
1.0501589644930274
0.20646342510202392
0.10012575426875624
0.06800005475341417
0.03978561561404744
-25637314926194043e-27
40420059157683e-24
-8739897596236193e-23
-1755521840820436e-26
0.04537953402346162
0.04139500413251988
-0.8039766489422282
-1.2412499845546243
-1.1634568809570647
-0.07492128524336795
1.4741943550617407
2.2915559688911555
2.6400266369946364
2.5819005448765755
2.1056566660295153
1.4468380003281842
1.1951310895664742
1.1857502061089857
1.5140637528713354
2.2390974065218927
2.8370501363299137
2.3061730631873028
0.9068821334127987
-0.09396277576029333
-0.5362524947119901
-0.3130290829418619
-0.14552164422162253
-0.09085847227953375
5412709455145014e-26
0.03946055374044164
1.3789164028471859
-0.8526140738319097
0.6916534749338782
2.112532449014743
2.546127672442368
2.2384341340184584
-0.7765531348870367
0.359875675288281
2.289470729256584
-0.23172773792859622
-0.2278638880259043
2.7645234096311104
0.9793508165581081
-0.15718168116203224
0.3439795146570388
1.231698314153235
4.244647636119279
2.1329864206722258
0.5744082209319448
3.5954057822246406
0.7932000657063053
1.0717848210560024
0.40988881178280673
-0.13881925271864085
2.896112960071772
-1.848315424698858
0.47074533380197603
1.6043976704941476
0.47413385805278585
0.9954617352060924
2.306127851563117
-0.7077809855807751
1.3422750993997696
1.3387936277292019
2.5957704662022225
0.595613089032897
0.9777055871152769
2.9319460841363227
3.5356110060008894
0.2536900213358705
2.778479466478542
3.045653139932594
-0.32177422777187425
3.5350615702146175
-1.116992510433456
2.7329933692845714
0.4320356298625145
0.9292536054128362
2.169308628156592
3.4286186089469064
0.6597418554661626
1.3511398962464998
0.603789064555203
-0.05378182939969086
3.5956618896615535
-2.123361596677261
0.3526916901810437
1.4881301751402272
0.25327014011768983
3.7760223976086995
-0.8945112839847936
0.5729401120903076
0.8383054228858641
2.25992386852573
0.691682050484971
2.3371680857136568
0.3721845259954667
1.9905381544998604
1.1297015507253025
0.9268124273272449
2.2091238701609712
-0.14817409915072238
-0.33222235743907363
-0.9685827800460433
3.657584254703664
1.87831179263747
0.2408813946514382
1.766952780403609
2.2863250747752035
1.3099970796010767
2.2999671580330783
4.244948042951866
0.21771434727396616
1.7109456695963554
-0.23408226827887382
1.053679373400716
3.3955723438358105
-0.06393516138752037
0.8028962550943658
2.4311407095034148
3.31416089095089
1.0989817683736458
-0.033677850268896595
1.5279706371828248
1.8367894899292916
1.925807732119138
-0.6672576704305957
3.769080884880142
1.3941728018505988
1.8008729497637967
-1.122711058349004
2.931082398348847
3.5424796841570307
3.1470231668123905
0.018993095453284536
2.026288863384913
1.791015871264987
1.2516039387704738
1.6218457165960625
2.702941538343095
-1.2164711551999714
3.2952177631130724
2.253745420357525
4.0361348821695495
-0.24517613473864755
2.2168245558506623
1.3475564348797047
1.6195623472929674
0.6935027164460064
1.910775385107298
4.339640800849558
1.2603981104683821
0.2998331998769499
0.7206204447033532
1.0264362515497487
1.9193267155781328
-0.33222778449403007
1.137408961703237
2.953296111549358
0.6015312654294632
-0.20297402057347738
2.7196584448800856
1.487361625448589
2.0609285064266487
1.0632781184959252
1.2782414121477839
0.6468883901062569
0.8199973924753821
4.09759744346667
2.20974540373162
-0.031674489986562596
0.6146790444616734
1.1008319528095778
0.11619446529180152
4.152803072221557
-1.990578252492141
3.325207445591061
2.113414770980604
0.02395478307550026
2.8930249766743423
-0.5936364473548941
-0.5135513869939905
3.9570086878204833
-1.2178423361139117
1.3845976782886404
1.299748070998028
1.8920584728016308
-0.19401323868575512
2.03306478629232
-0.04510126038958126
-1.5769556172912103
3.7204745353351645
1.2779100193115707
1.638111735047311
-1.2903399205416397
-0.8792604145397789
0.49204347888323935
0.2586985193106218
-0.9708623602915823
-0.5137508935114875
0.4233768343937143
2.2214043072891223
3.6876855367662404
1.744810536969146
1.3765570403570335
1.2637377161729209
0.27672098394716227
-1.4662715329603035
0.49379789253049494
-0.5983590174927701
-0.599686595206492
-0.9433039232053944
0.986025206032244
-0.1144335067391017
2.055388820425563
-0.8010257376115916
0.8348002041077797
2.62266319570445
-2.2544520709299616
0.3001985740977831
2.0155344109879194
1.163129672097399
-0.5503405445794354
-1.3780335069657514
0.39578938898315275
1.1978432151494895
0.6510785896997647
0.2139838126747148
0.7221345138496792
-0.0826417013291895
0.2218670528823387
1.7636777273301298
-1.6738880590182037
-0.029898731769247032
1.656962002377216
1.1390758929740368
1.8471838433750258
0.8720738388998733
0.9558526620137975
1.3659771753399175
-1.0692668712192888
0.4729604960276962
0.8556181295577013
3.0137753776265654
0.46331253665087535
-0.4753944189657583
2.2521666578660287
0.8893962208470835
1.1097758698346376
1.5951924063792116
0.4532066927377711
0.9301821560798375
2.2418449796402338
0.5874410463828569
0.9350646880295943
1.2435954342631226
3.685351789792824
1.3399749239853562
-0.418944528432161
0.594793153169251
1.7547345166411656
0.01999172905947231
0.3305443121078776
0.9572120724250465
-1.0452212620617143
-1.0086899917196521
0.0734333453381447
-0.47981566960655364
-0.9106010951451735
-1.9420226152945386
-0.5441967993932735
1.524444821697306
0.502698450486178
-1.392239152535927
1.3232004225221623
1.3338038195787354
0.15771144792100839
2.522187288312384
-1.403870537934847
1.8569736358529296
0.07226449478309913
-0.3595579788904173
1.3411555554790795
-0.011824852660156098
-0.1955711036996863
2.8770101812943403
3.5746751246581483
-0.10195912484037478
1.9078650232387087
