1.6748172171628168
0.9956909496074279
1.3692937382934254
1.2251718188142542
0.9645895767675784
1.5662304492502874
1.6536980698588988
1.074148927540496
1.6135649421243876
1.3194955068127974
1.6946898852814543
1.571183161053527
1.0483687821875571
0.7889631984841963
1.1708548725842192
1.3832013455016625
1.2050786461838694
1.1358805937617011
1.1567004183419454
1.144295413765393
1.2317368393534354
1.4788640985088348
1.0961677714803681
0.9662699583304801
1.509139831241495
1.4822092960389195
1.3017766636786081
1.725123739983508
1.035332762890631
1.107246947560401
1.4248856631579805
1.2343728314317848
1.1090002842604756
1.6008813626932608
0.9831364057221549
0.9364389254817871
1.4680847952237686
0.9941687822036009
1.5102898825670945
1.3516185694877973
1.5502397694709253
1.096126859143978
1.0650205079388235
1.477643016189503
1.2636310620491373
1.0182065088962267
1.5648876110037824
1.1807017460063758
1.4486582937349792
1.1119864370838737
0.8666853822814423
1.5771430767970152
1.5319112766136813
1.5841797735212924
1.170156880774909
1.2863031452344798
1.4156555121847445
1.6717875273103302
0.7992375750854129
0.8545856829886861
1.0170568229068324
1.1055729723420396
1.5082261513860498
1.3659703172024924
1.0625550419888483
1.6459833220948001
1.7731340422002186
1.645868591621283
1.281632289352342
1.7019750342990645
0.8040179662270086
1.7173921259791247
1.267567124350502
1.5330143767405566
1.3575723753538633
1.4342840145925488
1.058604254508315
1.6823198672992812
0.9181271749232292
1.293461246255631
1.26815805319998
1.470726679830603
1.231882599172102
0.7892293138876606
1.5098430362048643
1.5437578528596902
0.8072631134235817
1.7426712584267723
0.8750229476175004
0.924909632428551
1.6217154567676084
1.1079275336832461
1.1799116709266073
0.8897036336827868
1.5412509494820734
1.4048953648383977
1.3956744117881106
1.3247775932018042
1.7502401223720414
1.7563045506704702
1.6967231268009544
1.539517094599054
1.1540277045692366
1.6361856202860496
1.7406424736186445
1.1219175232525591
1.7254053187200526
1.4309164745897613
1.4906754594800296
1.6105930936209416
1.1677910645323397
1.107902715615368
1.6479026939424344
1.4939168136854226
1.7049820917993914
1.6627590517257456
1.5786002672630306
1.1085502029488596
0.8686575455240357
1.5174420180887138
1.1502781457528142
1.4766487166739837
1.185199516417098
1.5655108998932183
0.9909773404008337
1.4286670504614247
0.9646721392155744
1.0231457859963806
1.228991219078342
0.9138689445294906
1.56519985735441
1.5578650869527024
1.5922211905788117
1.2109551370103737
1.675406405458395
1.6027387109376199
1.756119965513408
1.0101949778279071
1.3387115114637744
0.8375356757250123
0.9518676189148074
1.048915888888232
1.5143766643085947
1.382678057455373
1.699561050715495
1.0560025380177323
1.0378549465574134
1.4855559515303887
1.3411980905926864
1.5075685429483896
0.868361501657456
1.4967946534642358
1.5453430370463337
1.5991774368370701
1.4195799874101
1.3867888130457486
1.0329828931647456
1.1449648917668955
1.4643391694152907
0.8854555956427036
1.3129020876735256
1.7301721675659842
0.8270381752664566
1.338704761559277
0.7946031388157264
1.3645317959589849
1.5172730173544866
1.4795362196647075
1.7186635396194798
0.8728458123213839
1.3935671793899025
0.9779436896513038
1.3138433596177603
0.9669957467889507
1.3507329735851037
1.545405429216743
1.6463836765075461
1.5885146024884467
1.480171514834837
0.865430304671376
1.7053880587328978
0.83521009782719
1.4884283629358916
1.2642992665982924
1.2459265728604927
1.704177424319856
1.2817682927688996
1.3321570272943144
1.6783002757179155
1.164055712588413
1.4790474068677157
0.9387281482055843
1.738678006894064
1.4526347412697382
1.7335133334382147
1.5775107019346906
1.1567567503190326
1.5364847960764312
1.2151838208598578
0.9432743171589082
1.7076663156934717
0.930220686737565
1.4574619970803933
1.7543961330910396
1.3169683145649276
0.8336909097482162
1.554663802686827
1.262663032076935
1.0404491916158793
0.8495715213734337
1.1512023535403904
0.8227935533564618
1.1245157848815943
1.0287213305151373
0.9217949210897132
1.7690439277019545
1.3580177152806543
1.742059124876985
1.579118055571593
1.3666755308452845
1.1943327349870456
1.0256979837276086
0.8651599112291564
1.6104109141267156
1.5416566858385141
1.7179231464150324
1.3697404092227146
1.3431979915180332
1.3943114626671425
1.5749228418493366
1.5971344256994535
1.2163434967585998
1.467547722499722
1.2568995019210734
1.4220806909132686
1.125493343339546
1.2633034075400547
1.3943772758906385
1.1018618226641916
1.4129367877298706
0.8388389077631276
1.624013903430378
1.406379451693687
0.8021774883298654
1.063423070584196
1.0977189670740102
0.9832186860042241
1.0162884248331954
1.5943502380878785
1.165045032305185
1.7629116092908845
1.7096988070687007
1.587864787060997
1.598659782093771
0.9802256274623176
1.237074884626582
0.7862865640674581
1.7730007112383255
1.5952914240027871
1.659968094200735
1.7778786969357072
1.1850877477121116
1.0798644748769777
1.6744900338279711
1.159997799156868
1.3205621273978148
1.5790920712875827
0.8085976916505854
1.5801716705722293
1.7162848669679043
0.9018845155768168
1.4312178629808054
1.196754044716718
1.4123792506459687
0.9833810247412174
0.9138746065378076
1.4444788241214204
1.323386861113401
1.3357141582602983
1.437069671662089
1.1579820697961547
0.862173229542284
0.9260475604451076
0.9046565597115658
1.146377294467091
1.2729054208657666
0.9223524905671572
1.5461881763745344
1.596014898597132
1.6208040112382769
1.1131465690018734
1.7205426799876895
1.775416506540402
1.7669910343875086
0.8434448732076599
0.9384005356460494
1.557356844932958
0.9834541083049136
0.9704897812577017
1.0691215611717715
1.492499779120306
1.6115632308541938
1.3303680579799082
1.6902771996416315
1.3478125238665872
1.3345864068817785
1.3354466566877479
1.3188792027853946
1.721578678396885
0.9773014975669976
1.4848318787060018
1.6546982975290392
0.871408194644932
0.876185832319161
1.0985888610548653
1.4564862076133516
1.2159444707863905
1.4866657144369615
1.2568576297370855
1.153183118669987
1.491505676265788
1.7055622788588998
1.4908722346117305
1.215498128758747
0.8714748277275199
1.2532155977472077
1.190746673953918
1.6346570225773465
0.9543704827866653
1.714216277479474
1.6527644794681136
1.6467470812941591
1.3726712693827614
1.1994677321429725
1.5888403392361332
1.0966882320942417
0.8121397492298612
1.6077686181361426
0.9276671119050788
1.12466560372214
0.8007875084233868
1.4524343386857068
1.7069010274878977
1.6799591706859875
1.0726295107082477
0.9148292201303926
0.9466401071614581
1.0085587002334904
0.830658902028231
1.3122395637090691
1.4280340498094797
1.4970053063508642
0.796740531782824
0.9842634702307897
1.6905320686901857
0.7965282562428915
1.085893568188945
1.4271196125048633
1.417857825745574
1.3280117488785415
1.2184912539916646
1.0296611117134613
1.3497591245686618
1.3572917484493747
1.7819571332438757
1.1828919696957836
1.2036719030914298
0.9405502589404641
1.3553193954165688
1.1312838178998934
1.426572952751064
1.6524620592028672
1.3697076845884064
1.4968943643698127
1.5090365300195092
0.9750158676766646
0.9476578509503786
1.0937447691005129
1.1129013540399624
0.9087954298549388
1.6663447548597772
1.6259591072424977
1.5496913565727992
0.8758844938735942
1.7831767063956172
0.8173399470537557
1.3587137588513791
0.8929915551010229
0.9879683453700555
0.8357990350557551
0.9102254341425452
1.1378915098675995
1.3732695391112635
1.2001445990818764
0.9201373366442761
1.32901322653654
1.3551034924524117
1.3862041222800232
1.2538490736608363
1.0384977129868302
1.4340812866579504
1.2337278645793688
1.189995483627245
1.108235760237582
1.648987326376065
1.1642550877093665
0.9846463367382414
0.7902419520759574
1.1297678820496644
1.5432226953211552
1.5176341479210236
1.4968703447431726
1.0081182048447863
1.435354102507585
1.4642410915958068
1.0536052430197338
1.6502720655444107
1.0608238752806305
1.2172792976209592
1.7092128071082533
1.5047275796071455
1.5545558684784204
1.1321802538879
1.2451261700175058
0.9664526380724829
1.5390566044448037
0.8431808747871915
1.1004152401881093
1.2139955519645378
0.7960330980004003
1.1737589770771397
0.8518271992054717
0.9376931233746498
1.3956782349289723
1.2775439000381095
1.1514809709528115
1.4757064742202048
1.0297407669142302
1.45479550473063
1.489493427761431
1.7703867666320299
1.3806021921786078
0.7882666721045762
1.369055557524416
1.58455917940659
1.0717011025907186
0.8548031895502093
1.4103755362227492
1.0880772404753152
1.4123673360746005
1.349518502001018
1.4265783133221845
0.9445038656343759
1.0174656527949544
1.5433685976742144
1.526253645372364
1.3563779292359759
0.8678821147539064
0.8166450290271487
0.9036499190536289
1.0266125049056325
0.8532418037879054
1.0505715020071842
1.653860809253554
1.5408384727079218
1.0859693863562847
1.0084502228386418
0.8260601661840855
1.3105876975422674
1.0279146767210183
1.4714106114116572
0.9631705511483322
1.1066050171684876
1.720458919110132
1.0790257915457813
1.3357420917685001
1.0910345663219982
1.032705137522991
0.9685956079912689
1.6453062400940583
1.5584565483435417
1.2086465048790473
1.2035969479052482
1.0754468448159287
1.2026368534303271
1.0569650888286926
0.8372335349208775
0.9085991984771339
1.2811012486649922
1.1529551925514303
0.9247107379092085
1.270672270202926
1.0520821842967532
1.6654203939345238
0.8525171826364376
1.2808893791214127
1.6376299412577116
1.0164126437104235
1.3015058634381955
1.3245984633972496
0.815816969510715
1.0545477331838535
1.0448940564581461
1.6710863186501477
1.0641566973972272
1.551255182015156
1.110701104255111
1.113281463708077
1.6916558630926688
1.3325732495316671
1.325100050593204
0.8237414053167712
1.4938096321962007
1.7166699738496192
1.138555485487783
1.3614209712114185
1.2719576124719438
1.7823928008544407
1.5513948855172845
0.9193847235813787
1.0664592441975074
1.2134548035707526
0.940049277140662
1.6840660123149316
1.4781269492186961
1.2789980846821303
0.8626694750373508
0.791109377207631
1.0850037194394517
1.5691958651690907
0.8904093662663621
1.2777880718074979
1.1199434856843333
1.4856780143824384
1.4966244962951656
1.406355383650905
1.4301038672126185
1.332397938206626
1.2476968538693611
1.0295680573147352
1.3145073755579848
1.217172552163656
0.8894091729197625
1.0449360369480745
1.5500023842940538
0.7848169609263681
0.9667602314443876
1.349163616306317
1.4987381446119772
1.2429253354898657
1.5929735622268946
1.0217105371509299
1.1357078604168778
1.1625496448147938
0.8586120359146546
1.2529806118985884
0.8457620130147053
1.2373918352042823
0.8757670803094033
1.043814734871683
0.83210588829631
1.2495467363799357
1.2075518793767568
0.8417014775792038
1.1157755995700294
1.2220160219150407
1.2658752411266343
1.5626731919947672
1.6981194849723678
1.6099947099774223
1.0306007790207463
0.8735520917298718
1.3360311428953566
0.8113298462503487
1.5465932252802435
1.4928524668487813
0.9912208261320256
1.201775424811792
1.195605973508868
1.7592537561823072
1.031535417960562
0.9007887021641405
1.730633253386466
0.9147870680320371
1.1844469564419047
1.1588465405818118
1.191723775350057
0.9912997936568986
1.779115244301836
1.0435397291075221
1.0283731971747945
1.6512892824942655
1.7025100951582368
1.693705691278538
0.8653540135407033
1.6038057463964541
1.5097488399729777
1.108104619208579
1.760103449242684
1.5592987830250404
1.3624308738449433
1.0854149106007052
1.0960247964772434
1.6673533579243023
1.4831645717271467
1.4057512604302707
1.01621164784836
0.9565419563382559
0.8471442501074314
1.5188348434378864
1.1804602147007106
1.137399118997978
1.525715854615262
1.0440600174936554
1.4795831887854014
1.3498987241099247
1.654693812056727
0.8698612019337987
1.3748794297672824
0.8593246042261254
1.1132940276405203
1.7615377648368764
0.9736969820981687
0.8845123483802295
1.1671666597357653
0.8695674902000119
0.886076246627221
1.345895655789515
0.8684330250080379
1.6484723628404165
0.9306477647776364
1.3163340854698256
1.6911804385361542
1.0402138683886604
1.4897744035344567
1.2105464791628722
0.9468443822507716
0.8683298333761605
1.5986101461995588
1.0275534547631648
0.7867195227052559
0.9350232904299646
1.123095390388683
1.5990933729466414
1.4699368052611388
1.4580359620635255
1.7101100327617667
1.5549120298533206
1.0952528644898374
1.0025384266890605
1.1655688891128952
1.5207893129993755
0.8282776349823159
1.6049065284765578
1.5491773750814635
1.5480656893361997
0.9524662098025252
1.204500609305092
1.4038449854973485
1.0387568702043954
1.635848707598581
1.6341006212678688
1.3778574399610424
1.6257071091119386
1.3337295649254
0.9931040759516003
1.4260807814836642
0.846428908458052
1.746200165660022
1.2290280724850504
1.482935638666133
1.3891469540052972
1.5410057778671393
1.7067388470903588
1.5168470169600607
1.0236526676707767
1.5174679109735831
0.8968021406276379
0.8369967012077457
1.7179498369183241
1.3715812214143261
1.2712515638325794
0.988949420773054
1.5806361876260557
1.0156852610573117
1.4908776660525873
0.8559325174701783
0.9015358112436845
1.4948758174487957
0.8471536715065788
1.3189860977457217
1.6451160266626925
1.554770363049155
1.7496362536694803
1.3446947094911534
1.5691599891445864
1.4689516648918441
1.7481852809351963
1.5415002597746537
1.5145810335945753
1.2850452175258489
1.6953039396540295
1.4799185382231612
0.9657162078850475
1.122151071333307
1.6704801277138261
0.9752101969299843
1.237606847686154
0.9032376498942948
0.9511911953037817
1.0272242879715776
1.38764728389182
1.2514740648918847
1.703404989802051
1.2255615794858818
1.6797121321695507
1.1737146948486772
1.2027706116353263
1.613419696619983
0.9021562250044807
0.9670953483567056
1.6436169161584102
1.3711902716966906
1.2299185161300017
1.3650928886599196
1.109651531229883
1.3816971998804435
1.6925032414923196
0.9924450389040848
0.9525840010242788
1.4218002170112825
1.39089910527891
1.002559090414287
1.6215698935484641
1.6148519686756422
0.8779370959630636
1.3519791639437688
1.7461112462464654
1.2947501240786936
1.5649497929646037
0.9817304088039427
1.0386738500065822
1.1153480719590976
1.012377089903246
1.2363489385361752
0.9082258806648358
1.722451815527074
0.9388990548279537
1.620096535002833
1.7164082233824645
0.7864897487669418
0.8695702935321986
1.5032141183944399
1.029547811195229
1.1922715709044285
0.9898807599564393
1.5859659246707851
1.7210555897473099
1.3688486104321065
0.9798936739965166
0.8036016400970916
1.553430191819991
1.0439821051864178
1.1276507482250555
1.2052972191711786
0.8107796061351837
0.7842290099285272
1.372094292625846
1.2581715278667558
1.398578746910377
1.2038873896770115
0.8003089826379127
0.9204994461715928
0.8538470177470269
1.7647958191553061
1.548482594156316
1.2703289528500359
0.8465001951037943
1.195488289389098
1.4616387344999435
1.3380296934407248
1.6037160815154652
1.0573900744893114
1.4141184499558774
0.8058231584757091
0.831264692310449
0.8033997099775884
1.2834339221969866
1.4577381096023572
1.3111872484650828
1.4965161102307343
0.830753423350406
1.5709579598303676
0.8122762283459418
0.8426404683646579
1.2463144337656191
1.1553189851543477
1.207133905020137
1.081914617954551
1.003112563055527
1.2258741811817098
1.3603003992609992
1.1355863527274537
1.1309817228830006
1.1620115311696013
0.8438551011962536
1.3911075936150228
1.2582346220649985
0.8661610736338594
0.9050416757687946
1.1852040820607552
0.9780138349990097
1.309703958497368
1.3002559613006561
1.3502907405257218
1.6604427665799872
1.6494254081943567
0.832052030729783
1.6505520940505702
0.8434341717600474
1.442362828963493
0.9451628199180268
1.1950895367144343
1.7198418569548826
0.898040782786344
1.5120306301896822
1.7451044311705437
0.8302335434200119
1.6439857654338337
1.7057587603671787
1.3046748895241007
1.4183046717031824
1.0177144843453747
1.7091127845095215
1.2827836231373244
0.9502316065809774
1.4178874749810408
1.2293612537033547
1.6236139184340397
1.619405640322043
1.4260052075408352
1.5668523284326363
1.2229277417597995
1.376297833270205
1.0817524139759498
1.0601000508362415
1.7177755569483675
1.469592021590494
1.1972714686858787
1.5476125599359687
1.2196885538276014
1.3937609711437595
1.4433787460033733
1.6909915572742622
1.7631196761623114
1.625968446205326
0.8142653462986869
1.4766945669410965
1.512046490201003
1.528326768422383
0.8313455353083576
1.7322654919480474
1.2181923433417323
1.4376654761176848
