453356022775895e-24
-3129533010258991e-25
-19078012145584179e-26
-0.12616676317010436
-0.3008958686224464
0.5632907580431578
2.159822599405396
3.4919241858770946
3.956796634678738
3.012649886951991
1.5341912550048276
0.06607269134624569
-0.691722546094055
-0.906750993758552
-0.5904066846681306
0.1345970411167757
0.4645218499650703
0.1269597885675594
-0.43924626582615495
-0.6348195523822979
-1.2584572852841749
-1.6169865397349954
-1.5422144580033004
-1.0213532606775697
-0.23910070298498476
0.051008190997164256
0.09658979511741701
21680618345146709e-26
2686250721193061e-25
-1816706089046682e-25
-10175404488619742e-26
-0.10526686113351355
0.035943354913110064
1.1144768279069504
1.8820064830477234
2.359805556770579
1.6728216290504014
0.6698321787242734
-0.5960118889509243
-1.610962351040346
-2.157285199902316
-1.9669644340498698
-1.0912846442432296
0.2843017464876049
1.4698668726016373
2.1947941515310068
2.2450715359728646
2.3777770841914165
1.8905933058098008
0.8657785303809064
-0.6541231554374979
-0.8042673787093415
-0.4301064291441734
-0.40409009062418555
-0.25254908338827364
12415594656240792e-26
-5152567862094892e-25
3771024091896671e-25
21940337919279732e-26
1.2790922226240475
2.2994047629328005
0.8962402972112814
-0.6345399824485052
-1.2684477945658625
-1.4453845244133514
-0.6372384606702322
0.309731526469692
0.9018995785250803
1.5923632118503948
1.9835689994678043
1.9050534078934198
1.1031060853161823
0.5777649831080366
0.14996812393267514
0.3860373139846901
0.9372442786585843
3.010495676396579
3.6949205035980928
1.8610481150267983
-0.8184562433609648
-0.45718097805332963
-0.10345123005793401
-0.12417905585434633
-25519684383346194e-26
26937868018927595e-26
-19417939071266252e-26
-12081398247933336e-26
-0.2923233714357176
-0.019424649791922207
1.6628527994597944
2.5118168531442557
2.628832134894566
2.7826701693456575
2.3864203015500656
2.0545855486315494
1.945845158854742
1.7585866640750252
1.3458129650754576
0.9557767142226512
0.8514272134511004
0.7583732650422688
0.5909292164046438
0.07790499727429857
-0.27763158179872677
-0.7162895762845756
-0.3163517618892506
1.1171146485571073
1.7954971557071646
0.5239025653544682
0.15441323675868818
0.1429669651556509
1311208164012925e-25
15400570444364749e-26
-11744797925693142e-26
-8373441960376073e-26
-0.07642237263932937
0.14564625083607985
0.5669004851080663
1.0917060610757836
1.7076937231057507
2.4271968042362193
2.166342074019238
0.9496180381333824
-0.2134641398327119
-1.2010131523582366
-1.5777191613872197
-1.6194160448277284
-1.2928606594899872
-1.4278233013558534
-1.0615704638080947
-0.27298168143434126
0.774301890761088
1.5221755416340579
1.5343310337501899
1.4118845862993592
1.0548232170247054
0.633363591926227
0.5480944103571206
0.30686323015283623
9441263336810142e-26
22702879038917143e-27
-13403081257236176e-27
5852026288797084e-28
-0.029027002285875087
0.3193526048067289
0.9635651612059937
1.2507435171084065
1.1473596860117647
0.4071385274083603
-0.2350489194370477
-0.37921269236845745
-0.42346968014278796
-0.49800979292937264
-0.37347149283879416
-0.08548645068218577
0.6955273675364323
1.8904935412006982
2.603805841281068
2.871491464977506
2.9030406113740255
2.91544565695303
2.2997016683099645
1.1091843444331415
0.2867722976233697
-0.1324849791770753
-0.26137348628988705
-0.17873311704460362
624486606039907e-26
-2101484005092223e-25
1432610697974322e-25
9342998987019152e-26
0.11564672244174261
-0.056808317171486114
-0.8677851845529987
-1.2778445065544843
-1.1613769457758873
-0.7749560591943109
-0.2775904416092135
0.3477095777653658
1.0210377776140518
1.6909597303691042
2.3433636892112104
2.421186307073792
2.2466995055005112
2.1805893881787264
1.955142710235024
1.609037673481754
1.1183533071349714
0.963593702074238
0.8878555289464328
0.5282022833904774
0.1493491065802018
0.19997497566770053
0.10620253063647986
0.05899392736594438
-10550228672110893e-26
-19438504919222762e-26
12820242378002407e-26
8487405965353656e-26
0.11317913741774169
0.034032521970776476
-0.7312775499071089
-1.0905042073081763
-0.9154078221451071
-0.1503853632348654
0.8427788356994008
1.885217844975911
2.635265627099342
3.036156240400165
3.1573482957960186
2.910138593014013
2.4044958947072628
1.9521617691450597
1.4363392714056542
1.0559782770749495
0.714007445393428
0.5691883330799157
0.32946989874739596
0.15256595504315124
-0.20414446911996134
-0.09680659121306356
-0.0184519854309034
-0.013503683313008524
-10653208412545647e-26
1.4063688999033142
-2.452758992186487
0.7649475000715998
1.0127330726691202
2.497069574904017
-2.2822308819582453
2.1780564655758363
3.6652382316552403
-0.45997321337619373
4.467218527951683
4.207975066908622
0.7347774235515394
1.0400366795040283
0.1578629249876068
-0.6137084162390744
-0.27001909528362467
-0.7597859350623258
1.0532919374704248
0.11910155608533464
2.6333408355389727
0.5604928946006527
2.24349647906569
1.3113529753148532
2.267186627532595
-1.469221295745964
-0.06983525159419168
1.0719449490912987
0.368735735085021
2.3766678480743133
3.1418723192889435
-1.9000192816104562
2.5564169591685153
4.780864049650192
-0.11441547914961495
-0.16859263208155817
0.7693971452329104
-0.11517683074790191
0.4904268634978425
1.9002608028852408
3.151916265139021
-0.7341195077627387
0.731673815184992
-0.23942318673608773
3.5508649992870254
0.6100799875421079
1.734418687492246
1.4978442953031168
2.58220378210727
3.4102526004507574
-2.90815111906201
1.3905852124823679
1.7557972986744879
0.6955921838418149
1.9097065320152695
1.3256859534003953
1.1147838332492064
1.2202121850757253
1.045996339500694
0.5972324509254863
0.43293733482882635
2.557907881637853
-3.490988119359674
0.6488533258333088
2.0766513038471195
-1.4713637673667306
4.50745963048071
0.8009375060624269
2.5753603645499696
-0.600586017119392
3.4676734820114365
3.202827679297974
-1.8872992296945579
-0.1838181719173174
-2.3867006640761006
0.8081039492594172
1.0286737302055782
5.644493820002038
-1.7188560104747947
3.8926472429235
2.9131783241657834
3.997145579617532
1.0717696325934984
0.7390018127298148
2.1772634114480627
-0.09933412752480689
1.56421001670184
3.0471200721973073
1.5659356565354106
0.688723915377803
0.29125632296995324
3.6208247864195107
2.1298840244214703
-0.9255362166066771
3.552535549085454
2.052267344374125
2.624487589473309
2.2129250706520045
-1.3979180884887874
-0.578592959842407
0.7594672878223706
1.2650953685111235
-1.4198869966223042
2.456856367392628
3.916422131158563
-0.8239881748510344
0.9454187675319741
0.300254407220442
4.015820142405969
1.277757850024765
1.060295783302121
-1.432763405481486
2.3187278584315365
1.3595362789029484
0.3694001926590156
1.2406245341246154
1.8364253188484732
-0.06789007830815032
1.5506869070136653
-0.6480596961228459
0.36352590548164765
1.0675089445479573
-1.6989062994498554
1.246621054511393
1.4511979211585584
0.5221800090421228
4.831481801032556
-2.794403010174629
-1.0552845522715226
0.25442942244111416
1.7738670086824306
-1.8024173704569233
-1.18819268472883
4.205028708928333
-0.5706192407919978
0.628516857753913
3.4414355129922143
0.8558229480754783
3.2750085680551453
1.6221232861946744
1.180345415784316
5.293598322232243
-0.015150773193660007
-1.1659954322752892
-0.060040514676462445
1.352266986383357
3.404307172231736
1.5751611385722357
3.951459138132407
-1.1655491366251307
2.3571927496651863
1.9422884187850686
0.6618679313636047
0.9041807492332538
-3.2204762758234375
2.0330634509813077
3.817528182915995
-0.702437018325561
3.7092360356675966
2.6556076181006834
-3.843398234816021
1.7163587136584524
-1.7003131012098178
-2.7037748619285495
2.1117227539675936
2.079528085598444
0.9084744733767771
5.674292740738141
-1.3859639414739895
-1.2643361271856939
-1.1134388531508108
-1.6322767500298812
-0.907570373998729
-1.0349127758435335
3.3243131850239664
-0.9693482990583875
4.183739856080199
2.3230564935323335
1.9188356185079343
2.4170120147789493
2.2976005213030812
1.2567292245958233
2.535622017935582
-1.8018263509877954
6.315567253845894
-4.946009218068356
-1.9565871631727048
2.5784612170421526
-0.9270357138796752
2.1224096447722927
3.8854922483258054
-0.29803663811647285
3.508051673688328
-0.26694426750087985
1.3765077481167847
2.0631771314841916
4.342197793782616
0.611898489008618
0.8200499473251344
0.1650410695078178
2.3266647417116513
4.261832184720381
2.7242109636896767
0.2836218041319201
0.6134887874633257
2.2658426028173135
-0.9202727822695965
5.517946160500563
-2.8989658967392717
1.2210822087354205
0.6851729732393061
0.4325130862156651
1.5557070723252773
3.2710229546732483
-0.32392703031063885
1.2564747174987974
2.729544839090915
-0.06043066176353636
3.2436365025367153
-0.7682947902458661
0.5345645447013114
2.898414764636015
0.7391475883134426
1.773986979122067
2.0119442275172013
3.7519491143021435
2.0698814497899702
3.334387241947159
-0.7008465052498826
0.9407891501463768
-1.0076070839692208
-1.153059700407658
2.1549854987008192
-0.562737903185664
0.9313271536521669
-1.1667446540491297
1.4272520862574238
0.44195504989108275
3.1494778243498653
2.6495975456054945
-0.09370924522748246
2.009282754946921
-0.04321887003800296
0.9514277790043646
1.7535634074860078
0.18392217019087598
1.3854034915032747
3.2009047324603705
0.4461662545309984
0.7292526366634471
4.460986086599351
0.8875617034163514
2.637885793422308
2.4369141257032942
2.360032348791416
-0.0031701138603185746
2.5417012761144226
-0.11669080453428197
0.9273161471440302
1.072086949192597
-1.034806599172097
-1.185347594969295
2.312592744619856
0.19976815889053104
0.8376107459955158
-1.1576841691163562
1.6088219896381095
0.34816565068068644
3.928639456226185
-3.044067075255573
1.2808049554017404
2.680157878036718
-1.7862565184250763
2.282986788879712
0.3337593941199204
2.489915228598096
1.3433067679823059
0.8345978503399302
1.0995707810871904
0.7213800974175713
0.2029973812573797
3.875795335705958
-1.5497656268525255
0.5269025075900009
0.14510331620792202
0.24968458445246308
-0.05381992533752582
3.4334921224698913
1.039600028484733
1.1189473099072127
0.4307541119828066
0.8292038549247858
0.23148526644359263
0.8727071408419965
-4.172430234912742
3.4212971563034524
4.670249194970655
1.1091136366023424
0.455343677812751
1.335159111904891
-0.3510798765657409
1.6013907869297122
4.147509824612193
1.0440917932221239
-0.09965407007549075
2.8723307645137375
2.911044120228093
1.6601089032533114
0.9334600489086398
-3.786923449007515
2.018291326025917
1.0944300617620282
1.2958541952004359
-1.0960878364110542
3.080804699827178
1.7426371866718524
1.1181200994586034
2.6769553822766903
0.2786125538164506
-1.6394581916156643
-1.433664148112967
1.5276998566713418
-1.3865949384353706
0.28765495899626714
1.2761583852764655
1.3599854352076641
1.3001536976549448
1.4364838325777927
4.418913667310324
1.4927822175140064
1.5819932360430329
1.128598120810205
2.0942994191245985
4.230233379173848
0.6121112527107315
0.617715546149782
1.176375100659545
0.3035472302073071
1.8616170940436318
4.3867394636932495
1.35400890104731
-0.35465575893005474
4.015271017266985
-2.7212467751167684
2.4268399992624183
-0.4049171161201974
-2.341025766737921
1.1144224619530458
-0.3423040020364408
-0.8856138076874264
5.003881932547879
0.6771815883055714
-0.17058482501832908
-0.20230989410311334
0.2723563298457854
-1.343678045710434
0.4610811686635565
0.8161746199870713
-0.22837717102881985
-0.26779189181301394
0.5535588841405727
4.886176565124851
-1.4885202666912116
-0.3458880732259514
-1.135884511886748
5.3042322939129924
0.7745475231993227
3.1847092812942757
-0.2306748711738219
9038329615473949e-22
4956993096783636e-22
-4795308577107144e-22
3948004668050115e-22
8651944411937612e-22
0.045486421202595176
-0.11145583920510893
-1.0772000021469188
-0.4926999697552312
2.22834356776665
4.518546767102958
4.084489266961236
3.0732340066635775
1.0383576795189822
-0.409925120687978
-0.8804396112356764
0.37084600633159664
1.7262203493238901
2.435195952311139
1.9193583481367986
0.0324187281750236
-1.5729963934506996
-1.5547993644593698
-0.3602536666007495
-0.13023946067270256
0.016116736470399292
0.003938833187293445
-14505187574209363e-23
-15161817400589222e-22
-9289634501911489e-22
693678168264773e-21
-8460594310115223e-22
-12293268310591202e-22
-0.10178024613488887
0.09544399331913724
0.9977784724221631
0.6244351272708623
-0.7037322839051598
-2.1564158534137827
-2.0398411031251
-1.6313038710733978
2.4262218646145297
4.37873573939865
4.064588148274831
0.693423716263392
-0.043786452524328154
1.535859314970899
3.336898912218736
3.019189035187388
1.2154856149300668
0.35465405544051437
0.3112188517256398
0.2720545300944211
-0.002657790033807189
0.0040136641871132885
41479471964841403e-23
8716588919356104e-22
502389152670324e-21
-43484334882218636e-23
4266356598218584e-22
7789562403508085e-22
0.28805569978521245
0.5216483791052218
0.04488068283849401
-0.009362280111122034
1.198383655278158
2.947752322526283
2.7878701773967594
2.6420587489831395
1.8750885781217832
1.2606559208587278
1.1981017454876763
2.070712986486155
2.1948667964990287
1.478699678087483
-0.7978626215596707
-2.6811032920167945
-2.9409140311594513
-1.692335001784638
-0.34787201390328426
-0.14281560464956244
0.051453973645024034
0.012034410432211597
-1826427731433638e-22
35271895335370287e-23
14666310655353916e-23
-24040707136986047e-23
6580785462825618e-23
44432037917867037e-23
0.12684622665550208
0.3920768442976963
0.4402824200142345
0.2929210184766903
0.7842827995231388
1.63565626910588
1.9121905824457932
1.5919333979454957
0.3810039790650796
0.018957119117438418
0.5789088847428134
2.77310356100582
3.9195642164945323
3.621263557497031
2.0136055985216585
0.09815561939062646
-1.0990827579446887
-1.0361896507539032
-0.23427116118707209
0.0019044105799732303
-0.028049359282191707
-0.01272587482820942
25808969743798404e-24
-4478181554203427e-22
-27640221655774325e-23
20243113977948892e-23
-25377209587050016e-23
-35837074573067296e-23
0.06400001342148867
0.2918708903895535
0.6145788044910605
0.6521547677604462
0.4206696856771552
-0.14218037311563667
-0.12012660200318598
0.20104955496020682
1.5942628745294138
3.373314043472517
4.6243324560363055
4.540942657372518
3.3354072973182745
1.6808503581958218
0.645288953409977
0.4483135278960727
0.033572962380245194
-0.01815011525907821
0.06645971403696202
0.059097990174976384
-0.077073027223478
-0.028990722482031297
12623450487579302e-23
-18892637606019847e-23
-1930579175268741e-22
-1438284342323911e-24
-25122750490567627e-23
23004733196267365e-24
0.21671053295458914
0.6350288611015822
2.420972826325324
3.005247915773118
1.9275541306955326
0.15235527643743316
-0.6446756513247465
-1.4787366764271705
-2.8184622441766116
-3.300569405626288
-3.137376855544544
-1.3962075249723076
0.9680852485569068
2.89377546082115
3.822893621859784
3.1499363810475303
1.6758967476440239
0.1873954732556392
-0.19293798701845424
-0.07462370751329585
-0.08792136366476701
-0.03882545422757181
18768439744373307e-23
-30302555363806235e-23
-24177823418856037e-23
748179519168314e-22
-27493455794803686e-23
-1177806825467172e-22
-0.12909446010260212
0.019982869020118504
0.9406835835281919
1.4323040795512867
0.7332344622616104
-0.49772259923390555
-1.0013614775411668
-1.7454198472985694
-2.9569690110303366
-3.00361096271132
-2.4511307472867396
-0.6727861472228798
1.1183757874701061
2.1778012331732817
2.991774584832084
2.8664578991461
1.8723920589425866
0.8707432624898538
0.2962903901042152
0.17805553802130708
-0.02024517528381147
-0.008608544596365321
1816369974170181e-22
-23231906226120253e-23
-12230648487210784e-23
1290570193045618e-22
-9185368239046576e-23
-23403385537840132e-23
-0.012202480349273823
0.034898449925401136
0.22570842793779747
-0.39341440933299643
-1.1189247290457593
-0.9215171286557251
0.19332612111419184
1.5126832030578945
3.2722287240727965
3.588623371699457
3.217528060366775
1.9574781001447812
1.2876862856528057
0.8614185123825082
-0.23000333552508778
-0.9806414244081867
-0.6724060559549756
-0.08683120980101829
0.10515433015941285
0.0660306737257164
-0.012228832697091583
0.0011458596584944707
28323192349571477e-24
-32172281865796355e-23
-9335049594393155e-23
26517524389346914e-23
1618691625936843e-23
-4973236664194388e-22
-0.08369343490459036
-0.3101417694833671
-0.04595498996130862
1.2895613731384306
1.7942441590531064
1.08814257826895
0.9594561182929204
1.5895769453300457
3.2713137783406676
4.10767892536904
4.076120651910574
1.7988498034614306
-0.8454624239096334
-2.296264075127811
-1.2555887318044943
0.9327261315697805
2.530417242766615
1.9055687979340525
0.3627352673669039
0.18892562394850937
0.15534664456869043
0.06891885207605133
-945987521583977e-22
6482890639527568e-22
4647261715430226e-22
-21960951257637137e-23
4892197045410305e-22
37151394182726735e-23
0.1415215976931484
0.25294116765020114
0.38196625539424883
-0.29548133671446286
-0.6755725370001594
0.5282865192945023
2.56076757033428
4.224953634783946
3.8234472485359996
0.44644134681316194
-2.1662484175246535
-3.385889010669841
-3.156881448592518
-2.590104002395234
-1.906612626038819
-0.8635839797198671
0.25666935788194484
0.5417475117292219
-0.07681859063825787
-0.2359152190199509
-0.030283359044462853
-0.005307175314189834
-29643996046656395e-23
