16608564711401867e-27
1059018727841139e-26
-34056947344828564e-28
0.009365015192632754
0.050191405052333805
0.0971208123972285
0.00480968211500461
-0.03024151349750536
0.2282207121518664
0.8397069593704459
1.144338252967028
1.49854142315556
2.007883976061077
3.10353933379795
3.0021024810906534
2.0598259906609684
0.021198625577696514
-1.201488319192247
-1.086470328874274
-0.3752481767831407
-0.13127104381607638
-0.2585532173212397
-0.2561068936581771
-0.13223655223486716
-0.015077366210722927
0.07512663524706283
0.05249048876626156
-11004757600579481e-29
-12797947719578449e-28
13263411623688856e-27
-993826239513921e-26
0.03288203392556596
0.08570505249973641
0.14988123531397948
-0.07946760147810453
-0.5650699321481676
-0.40660901015924145
0.49242469380587356
1.593017507845561
2.1359093969433625
2.5067118504498516
2.3973327873846606
1.9655984631115295
1.4982481929793754
1.4206492975493958
1.1904641571225416
0.5085425967476669
-0.674841294175167
-1.422890480372553
-1.1877471015784717
-0.4758900954663413
-0.21817645193197605
-0.12411217899975373
-0.015435958574213274
0.013122452745311913
14586996535709096e-27
-7093794350719558e-27
-12094530988942659e-27
3841947626457926e-27
0.03627650483287345
0.029556692949830866
-0.12026736994656434
-0.18320290861671557
0.14273452533774456
-0.9515973233788266
-2.5086516076526086
-2.9973778158827615
-2.065866601414667
-0.6744735001709486
0.8487028686675658
1.9457495774906333
2.88908254651582
3.495941347623729
3.3893964825452647
2.5167509610961973
0.8813912197170833
0.16040908272462132
0.5473400791741111
0.43628781705840536
0.07230324908941951
0.040451872970833115
-0.1766241403382714
-0.10564706012587591
-18312861197148742e-28
5995820484788797e-27
-27050312192077652e-28
4664286839705164e-27
0.38309288660178525
1.3444432050128703
2.2621128823075813
2.113093294734337
1.6148291605865384
1.1508043474372163
0.5402521861884638
0.1696811125210971
0.1714647198739025
0.014396893151926504
-0.36246741786992165
-0.8276282448140011
-1.1967120833698934
-1.1167927318490036
-0.7091980175801718
-0.02493161182178506
0.9073369161389844
2.3427859035435614
3.048213147602925
2.7898193699651235
1.365120668713296
0.2401118546975446
0.08446144320358248
0.04320455759422186
35334234806402947e-28
-13681394311854476e-27
4772646731986407e-27
10891171157240876e-27
0.14954142563450779
0.18681790130344558
-0.010679995930332975
-0.12079466904023912
-0.2623394381919324
-0.6550533061827
-0.6979352529794062
-0.5717814639023703
-0.5259969863220516
-0.2805896236556277
-0.05207397674650222
1.0435836637980445
2.4476816613259027
3.5877049102838785
3.212060092622427
2.019553501113925
0.6709564910774809
0.10548419738907581
0.012921415500342712
-0.1836514358964312
-0.2809943536329499
-0.1743562342134469
-0.25024343705751223
-0.16239234920940773
7959548985639623e-27
-4056398517770701e-27
188422819104653e-25
5197491855448613e-28
-0.00823338837941871
-0.02661586460796729
0.04554500498326676
0.2988991379668388
0.6907553539704002
1.5951391625617204
2.485320214728163
3.147562999468102
3.1712843010129332
2.9844721737821267
2.562348967986386
1.9349526916152302
1.4365926293562548
1.1331895275314354
0.9444689298337489
0.5767315556993868
0.2796841150753241
-0.029596767621019506
-0.14080195793404107
0.05288636673916095
0.09334207559094455
0.02846056916023801
0.08022665652129034
0.04678797331051207
-21351813599400814e-28
9711459919216524e-27
9229920917255779e-27
4804637206024905e-28
0.0025418659767262927
-0.06268345557920965
-0.15634757661223
-0.018564011489048432
0.6576117133111972
2.0316610842392135
2.944397589706348
2.884493034156865
2.270101311223807
1.7795187414489186
1.2029030733951782
0.8160614029350237
0.677640872262342
0.7610703771153481
0.8858652714185992
0.889766062240216
1.068618371487311
0.8714838243832951
0.4540756992126078
0.07956613188245538
-0.1508553187743968
-0.040215286878398274
0.06817878289577457
0.0383198598467837
6753487413682531e-27
-10030152726544727e-27
11632284945131943e-28
9870995879280767e-27
-0.0045856356043972035
0.04206027447415654
-0.032248849757880144
-0.05516822859935666
0.020125915573218012
-0.3693991700492993
-0.9731873786002454
-1.5059936668028948
-1.3039987154749564
-0.8441835189435867
0.19746330172676774
0.9639416182359613
1.6645284988575766
2.383816377672784
2.7544489952108697
2.9449983432092957
2.8240194444696187
2.652800430562323
2.0600685749218397
1.1370371425248267
0.6703575458901736
0.48500071599165256
0.12757789619754495
0.06838941450398532
-874254570567743e-26
24631193729160345e-28
4574672530187707e-27
-7954550761854239e-27
0.02873679539863355
-0.32994438059899234
-1.5472556766794836
-2.0080364898802046
-1.7887932657662675
-0.4152226004262549
0.908195951855963
1.4904563401497535
1.5936608843522893
1.6167932478711922
1.4326282096560154
1.202365165997977
1.097654587154295
0.7991307916401942
0.4300906549702718
-0.02322185613822864
-0.22306184980670918
-0.24418022450850968
-0.322042647734535
-0.35845417865251755
-0.3684001412550544
-0.04189822553147804
0.07950151823890517
0.0378057277282039
8936184255998959e-27
38191330685732476e-28
66610302212429655e-28
5123455364627746e-27
0.056583677950394075
0.159207592333355
0.17505040494945012
-0.014593825663591065
-0.45552013886415454
-1.1689630592406788
-0.8354584122966031
0.3864598131005904
1.4447668078972498
2.1436551895881926
2.46887569998568
2.076780917860615
1.4748157341952484
1.0885947493044235
0.9346356577774846
0.7258365234688793
0.09904203876500747
-0.41615189192998464
-0.5284705116686024
-0.42178809801567924
-0.4207217712106681
-0.36329005434811584
-0.3180461981903599
-0.1982653391469268
24495463513440894e-28
0.8785861846723916
3.7587931699292487
1.6374791663370027
0.02192985251350202
-1.0577898037620468
3.421587130095359
0.4528675941246329
1.5080817661330626
-0.03172099835357649
4.853720191013032
0.8193504291223123
1.5260859195999306
-0.2950417738421907
4.547192601461318
3.8895300780848907
1.9631156131882486
-0.7168680157272678
-2.076924566973828
3.0100191104439418
-1.3850867726023421
3.8460439204875008
-0.18987176279709375
0.7181070275367598
0.22703534437309175
4.019069054756179
0.2637946192052844
-0.36445906905985437
0.6629178829725391
1.38750007167136
1.5339282507130736
1.0926225170032255
-1.8012003308797864
-1.5458008221930266
1.4607682170899634
0.47322587854694553
0.6443080657339758
4.980083509867838
1.197477568963658
0.8342399095987696
2.2161043428612435
-1.7018208411883897
1.0908172698446064
3.254340394045828
0.9784307180298125
0.7027154923646076
1.744332909474943
2.3201433195030274
2.085902267477029
1.767690192378272
1.5758224558048688
4.029787978838391
-0.2953781218363641
0.8126559503736376
0.2071743507708343
4.746813612410045
0.3816563808798301
-0.5729319430084289
0.7905096141120734
1.5695999616168033
1.5962207198049612
0.6942536076373802
4.601906731945234
1.4642882062712443
0.4981392825019653
-1.2524031113468541
3.763187356501108
0.0790963437671841
1.0904001733236346
0.8393144870028838
1.1102250361662247
5.103371517137924
0.9316238828124603
0.3255443325968495
0.08972529632026198
3.184188707985119
1.9790518260561059
0.5397077262022748
-0.5541526543895231
0.12599146004331527
4.360349767267847
-0.0657731795299618
1.2863595037412472
0.5692055487980903
0.011636092855192457
0.6873358888751195
3.9684019690522403
-0.004896870711920515
3.863154646102152
2.468785635967084
1.011535111299535
1.8351696089011216
1.4082100623428444
1.7969400833821352
-0.18079224987458456
-1.6983024269050822
3.131173128262996
1.3239678875736918
2.031842183417502
0.20817664247236853
2.9833284701161165
-0.020272815985077304
-1.5788882480727155
2.6814370985235354
3.6709816551881174
1.1078986204555394
1.1473774600256794
2.6169741925706846
3.293323894234291
5.234456430536221
0.6892350516793787
0.21089779152628713
-0.9306622376628384
3.075792511269203
3.2934751522294543
1.6109012378863077
1.0225577772172318
2.636440043612336
2.4123829352758266
4.304654200370708
0.1452484773171831
1.4609076942255164
3.476045883581092
2.877035380005265
0.028332310786537487
-0.2233686062694205
2.708601102888595
1.154377310337954
0.8018906765726255
0.032235710488711974
5.430211433566821
0.6830480583481631
-2.8736731605734347
0.5024112881282631
0.7376966185962788
0.8839213010626835
1.8332093782672325
3.4812789720084982
2.0796585004552943
1.8725237194895512
1.6457126561593398
5.532134371412897
-0.3303217486687211
2.7355614892555473
0.6223049817380445
0.5269926953197428
0.36825065207936586
-1.6922301847249095
0.09543649677740519
-0.6275301683131547
1.4990931068873776
0.11064695839573212
0.5733288973479145
1.7606068005267927
4.049154383486993
0.4813420883404333
1.692406506904327
1.559102840905033
-2.4027168129519074
1.0980114080878263
-0.5190409728571594
0.22894123257336574
-6.571678551080567
0.5658372149219791
6.488523807794623
-0.6145638017429479
2.4164778015308506
-2.23179086087928
5.589692889870923
3.680802222366778
1.2588911548151434
2.303320127819947
0.8520868432349403
-0.9865027128282537
0.542898953873263
1.7627217649290858
-3.1628363804532524
0.8688019022612885
3.904162869525306
3.7228716558722192
2.668748653944624
0.28602970353487805
-2.3015875377842954
1.586307147212563
1.2966789685861257
0.9982103818980582
3.1500410168085633
-2.8547901317536692
1.3353487787425784
5.829136913415161
-0.42451013485940137
-0.19460239934986429
-5.887020199688634
0.2480246390105199
0.05511377611326275
0.29747033327192157
0.783491110674786
-0.2645569164507636
-0.22919411476261897
0.6458566131612203
-3.5745989110064342
0.6834222733393962
-0.9965362981835612
-6.542607691999763
0.8240626358955426
0.4942010053488908
0.9759525428430808
-3.091762921145306
1.2509974525952512
-2.8532322925147215
1.7395381900056681
2.061218654480927
1.7653903342305828
2.606128415749558
3.19377547179115
3.717831664860209
2.434953567044538
-5.998875698235683
0.43928263233774606
-1.8488915836997122
-4.736441024234492
0.27460706021208736
2.993686901892463
-0.6740729902786685
1.4054318468106664
1.3251106347699964
7.840138590330719
1.517816776379238
2.372889598278197
3.1643083662913485
2.185404382640682
0.6130308690126449
0.3933454459279214
-1.8994705230059183
-1.145261423118232
1.0204242306936535
0.7426336377397356
1.508774860149728
0.6494729618144316
-4.947137591254054
1.1202088959334056
1.1986263717619026
-4.618336519619002
0.46922134630483814
0.6325137334621281
0.5133121290925426
-0.9986349888575173
-0.47561937509496705
-1.1971045848415856
0.8140721607897149
-5.474313188157175
-0.8103127010663589
2.1796006676558175
-0.042558019459979744
2.8183860113056634
1.5281524699340423
0.5544465675926822
3.1158545312050103
-0.21030960005257504
-6.215001892883783
-2.172090741451308
