1554126012.869973
1554126015.880524
1554126019.341314
1554126022.20102
1554126025.542656
1554126028.771548
1554126032.340702
1554126035.250536
1554126038.364592
1554126041.27993
1554126044.54958
1554126048.100159
1554126051.160015
1554126054.709415
1554126057.741687
1554126061.201593
1554126064.507714
1554126067.753168
1554126071.34403
1554126074.37204
1554126083.00129
1554126086.766699
1554126091.874984
1554126096.965746
1554126100.391761
1554126108.992488
1554126112.47987
1554126121.077929
1554126124.276319
1554126129.166513
1554126134.913014
1554126143.860499
1554126152.761258
1554126156.904644
1554126165.249367
1554126173.997334
1554126179.229066
1554126187.972806
1554126196.811203
1554126200.597836
1554126205.11469
1554126214.147918
1554126223.361282
1554126227.091803
1554126231.313853
1554126239.803162
1554126243.180565
1554126252.010088
1554126255.67662
1554126264.60692
1554126267.870014
1554126278.63403
1554126283.264646
1554126289.108614
1554126298.211895
1554126301.74341
1554126310.550304
1554126319.590159
1554126328.505965
1554126335.08527
1554126343.864208
1554126347.362213
1554126351.195401
1554126360.416338
1554126369.614828
1554126378.044766
1554126389.934321
1554126398.599995
1554126407.674605
1554126411.668133
1554126420.350155
1554126424.682856
1554126433.800061
1554126437.54435
1554126443.118338
1554126451.883035
1554126455.206195
1554126463.199851
1554126473.946101
1554126478.084999
1554126486.863817
1554126495.781669
1554126504.516056
1554126513.52635
1554126522.586079
1554126531.254301
1554126538.378195
1554126546.989931
1554126551.53001
1554126557.332012
1554126566.169765
1554126569.264844
1554126575.519822
1554126580.956807
1554126589.800926
1554126597.949981
1554126606.768931
1554126610.949894
1554126619.253109
1554126623.429521
1554126633.686482
1554126643.305197
1554126654.950065
1554126662.598182
1554126671.511064
1554126676.209103
1554126684.605217
1554126693.673364
1554126700.711147
1554126709.938603
1554126714.932627
1554126722.597195
1554126731.284523
1554126736.644654
1554126745.485346
1554126749.197463
1554126758.129097
1554126762.138414
1554126770.848908
1554126775.511223
1554126785.085139
1554126790.56009
1554126799.606756
1554126804.268078
1554126812.980628
1554126816.535203
1554126827.045799
1554126837.552633
1554126846.896063
1554126855.563293
1554126863.581462
1554126872.335328
1554126876.284263
1554126883.512112
1554126895.095856
1554126898.818425
1554126905.584925
1554126914.465174
1554126917.803003
1554126923.144207
1554126929.105342
1554126937.790849
1554126941.282101
1554126947.412796
1554126955.931101
1554126964.581058
1554126973.498144
1554126982.651106
1554126991.535971
1554127000.534304
1554127004.527388
1554127017.909673
1554127024.534002
1554127033.271277
1554127039.050053
1554127047.927455
1554127056.654742
1554127065.883971
1554127074.908136
1554127083.764578
1554127092.561729
1554127101.550523
1554127110.134558
1554127118.870858
1554127127.512778
1554127138.572549
1554127144.934595
1554127153.990551
1554127157.926415
1554127163.155497
1554127172.189774
1554127178.609687
1554127187.588164
1554127196.353274
1554127206.93709
1554127215.515652
1554127224.253773
1554127233.010936
1554127242.002606
1554127250.83263
1554127254.29478
1554127262.963108
1554127272.149374
1554127281.268174
1554127284.572085
1554127293.635217
1554127297.453952
1554127306.30915
1554127310.871511
1554127320.148803
1554127325.189537
1554127334.077105
1554127339.162718
1554127347.840826
1554127356.897898
1554127366.129843
1554127376.087478
1554127381.315112
1554127393.969052
1554127402.671103
1554127411.49327
1554127420.063435
1554127429.22666
1554127438.181586
1554127447.711689
1554127456.495319
1554127465.258227
1554127473.959078
1554127482.448271
1554127491.446257
1554127500.480767
1554127509.362474
1554127518.453822
1554127527.338344
1554127530.980194
1554127539.864892
1554127544.810062
1554127554.255189
1554127563.236514
1554127574.576034
1554127578.551987
1554127582.299121
1554127589.626163
1554127598.683521
1554127603.671106
1554127611.295372
1554127620.165077
1554127625.020164
1554127632.184622
1554127642.704834
1554127648.178358
1554127655.750385
1554127664.85951
1554127671.534207
1554127676.334541
1554127685.300059
1554127691.710074
1554127700.20012
1554127704.777638
1554127713.71433
1554127722.61062
1554127731.947248
1554127741.0311
1554127744.89779
1554127757.985214
1554127767.757928
1554127776.311399
1554127785.486691
1554127794.901588
1554127804.147105
1554127809.501054
1554127818.436298
1554127824.888575
1554127833.722275
1554127839.397894
1554127844.12349
1554127853.029511
1554127858.45049
1554127867.600043
1554127876.553133
1554127885.454509
1554127894.895217
1554127905.872079
1554127914.801976
1554127918.208801
1554127927.506504
1554127937.745883
1554127951.556326
1554127960.264311
1554127969.415771
1554127978.245556
1554127981.617478
1554127990.612919
1554127999.347719
1554128008.114908
1554128011.658049
1554128019.791258
1554128028.145702
1554128036.952353
1554128039.859251
1554128048.168674
1554128056.196194
1554128064.977303
1554128073.660709
1554128082.285654
1554128090.793313
1554128099.438962
1554128107.735498
1554128116.672263
1554128130.07861
1554128138.751914
1554128147.586236
1554128158.965685
1554128167.763395
1554128175.579708
1554128183.795347
1554128192.382026
1554128200.901276
1554128209.683355
1554128218.571249
1554128227.609143
1554128235.8053
1554128244.159015
1554128252.79224
1554128261.157788
1554128269.537902
1554128277.905911
1554128286.483111
1554128295.023887
1554128307.785833
1554128311.735444
1554128320.196624
1554128324.117164
1554128332.487437
1554128335.56613
1554128343.923115
1554128352.155613
1554128359.924951
1554128368.218022
1554128376.740667
1554128384.415435
1554128395.230079
1554128403.292442
1554128411.346518
1554128419.379736
1554128427.660716
1554128436.165864
1554128444.387439
1554128452.521587
1554128460.848415
1554128469.404003
1554128482.359188
1554128491.61265
1554128500.43002
1554128508.258932
1554128516.446053
1554128524.181172
1554128527.288983
1554128535.927904
1554128544.331808
1554128551.909691
1554128557.244769
1554128565.667562
1554128571.091914
1554128575.398048
1554128583.00091
1554128587.204081
1554128592.808891
1554128600.937425
1554128606.344658
1554128614.818745
1554128624.184589
1554128630.903699
1554128639.676311
1554128644.599524
1554128658.548252
1554128662.951278
1554128671.667353
1554128675.675987
1554128684.232256
1554128693.247128
1554128701.679432
1554128710.449575
1554128713.894901
1554128722.075752
1554128725.635202
1554128734.012485
1554128742.060382
1554128750.96383
1554128754.985294
1554128763.825509
1554128767.924758
1554128776.781857
1554128784.92781
1554128793.680822
1554128797.21008
1554128805.553951
1554128814.1537
1554128818.115878
1554128826.791829
1554128833.107607
1554128839.700446
1554128847.885331
1554128852.507743
1554128860.946852
1554128865.047148
1554128872.292692
1554128883.721693
1554128887.69929
1554128895.618249
1554128900.289566
1554128908.899021
1554128914.570601
1554128923.09898
1554128925.982802
1554128930.175964
1554128936.345314
1554128940.927144
1554128949.308939
1554128957.370849
1554128965.81164
1554128974.181798
1554128977.989566
1554128986.414869
1554128990.161628
1554128998.70515
1554129009.137302
1554129022.775056
1554129031.006645
1554129034.454404
1554129042.430454
1554129050.768595
1554129058.78913
1554129061.852138
1554129069.88757
1554129078.182902
1554129086.359236
1554129094.645557
1554129103.359316
1554129112.055507
1554129122.634678
1554129132.483725
1554129140.889132
1554129149.162412
1554129157.567291
1554129166.038187
1554129173.851026
1554129181.856776
1554129194.125136
1554129203.714674
1554129212.451387
1554129221.012936
1554129229.867617
1554129238.125591
1554129246.459288
1554129254.723117
1554129263.439368
1554129271.533526
1554129279.911789
1554129283.075128
1554129291.673655
1554129300.232264
1554129308.097212
1554129316.206198
1554129324.248533
1554129332.47726
1554129340.895814
1554129349.38644
1554129358.399982
1554129373.095517
1554129382.203837
1554129391.141239
1554129399.572652
1554129408.250985
1554129416.567815
1554129420.005245
1554129428.587958
1554129431.840221
1554129440.135363
1554129443.16993
1554129451.577554
1554129459.973931
1554129468.311803
1554129476.587688
1554129479.516045
1554129488.037384
1554129491.806831
1554129500.255351
1554129503.678401
1554129512.532045
1554129515.995043
1554129519.333672
1554129527.813101
1554129531.037348
1554129540.995881
1554129554.577642
1554129558.561715
1554129566.952427
1554129572.160183
1554129580.246973
1554129584.363521
1554129593.098963
1554129597.181508
1554129606.542335
1554129617.600654
1554129625.705397
1554129634.757112
1554129643.430204
1554129651.945497
1554129655.299001
1554129663.576663
1554129672.476067
1554129680.917958
1554129688.96145
1554129697.025032
1554129705.620975
1554129714.236853
1554129725.510234
1554129735.936802
1554129744.442589
1554129752.631912
1554129756.063513
1554129764.850686
1554129773.168874
1554129781.188177
1554129789.467611
1554129798.313081
1554129807.105147
1554129815.840808
1554129818.946868
1554129827.448382
1554129836.159423
1554129844.895102
1554129856.2074
1554129859.433611
1554129868.016496
1554129872.377799
1554129881.280082
1554129888.544516
1554129897.321274
1554129902.589899
1554129913.777945
1554129922.976796
1554129929.037329
1554129934.511507
1554129943.072984
1554129949.18186
1554129953.797739
1554129962.922581
1554129968.812524
1554129973.908491
1554129982.599266
1554129989.922694
1554129998.792285
1554130005.733653
1554130014.424744
1554130021.653786
1554130029.978178
1554130035.736
1554130044.432896
1554130048.796685
1554130057.699994
1554130066.029419
1554130074.257942
1554130085.24579
1554130097.211328
1554130108.234697
1554130112.409294
1554130121.028076
1554130129.796013
1554130138.723269
1554130147.381721
1554130156.299939
1554130164.929576
1554130173.44303
1554130182.31011
1554130190.669396
1554130199.415786
1554130208.221815
1554130216.958402
1554130225.751344
1554130234.552819
1554130243.395447
1554130252.141136
1554130260.483591
1554130272.487573
1554130282.774546
1554130291.36173
1554130300.007529
1554130308.431253
1554130316.966779
1554130325.759792
1554130334.737163
1554130343.545771
1554130354.349136
1554130363.345882
1554130372.375661
1554130375.496247
1554130379.701153
1554130388.431482
1554130393.010354
1554130401.421589
1554130405.906534
1554130415.091698
1554130418.692471
1554130427.699273
1554130436.484076
1554130445.584469
1554130452.009006
1554130463.748957
1554130468.461672
1554130477.1604
1554130482.137255
1554130490.865321
1554130494.303554
1554130501.387699
1554130509.668671
1554130513.80631
1554130520.637814
1554130529.006615
1554130534.470819
1554130542.726321
1554130550.95997
1554130559.203675
1554130567.784687
1554130576.21059
1554130580.149312
1554130588.957783
1554130593.354655
1554130604.679136
1554130613.009883
1554130621.504362
1554130625.039881
1554130638.831843
1554130643.275973
1554130651.64967
1554130659.482577
1554130667.540184
1554130675.627626
1554130684.256083
1554130688.234075
1554130696.715637
1554130701.39995
1554130710.120298
1554130714.840472
1554130723.70541
1554130728.230437
1554130736.978494
1554130741.515041
1554130750.036832
1554130758.591464
1554130766.467611
1554130774.86787
1554130783.353749
1554130791.887575
1554130795.666667
1554130803.154083
1554130817.231801
1554130821.95272
1554130830.618387
1554130838.589395
1554130850.374583
1554130858.541046
1554130866.661987
1554130875.086785
1554130883.648134
1554130892.468428
1554130900.627502
1554130904.844557
1554130913.652949
1554130917.170632
1554130920.966732
1554130929.00942
1554130932.014261
1554130940.363534
1554130943.685236
1554130952.288181
1554130956.214875
1554130964.674521
1554130968.74744
1554130977.494611
1554130981.693813
1554130994.911684
1554130999.532959
1554131008.045959
1554131016.731078
1554131024.792105
1554131032.767801
1554131041.533597
1554131049.858661
1554131058.395506
1554131066.708086
1554131075.183313
1554131084.764009
1554131095.135359
1554131103.748684
1554131112.291485
1554131120.648943
1554131129.578932
1554131138.850279
1554131147.641455
1554131156.72968
1554131166.968109
1554131179.456258
1554131188.307299
1554131196.878428
1554131200.433997
1554131209.075849
1554131212.731793
1554131221.612992
1554131225.238294
1554131234.167776
1554131243.416599
1554131252.275242
1554131260.96183
1554131269.147932
1554131277.72297
1554131286.323324
1554131295.227966
1554131303.882576
1554131312.978291
1554131321.547212
1554131330.561448
1554131335.455098
1554131345.333732
1554131349.590769
1554131364.055116
1554131373.292172
1554131381.860947
1554131390.200337
1554131399.00053
1554131402.877227
1554131411.939011
1554131415.856895
1554131424.488317
1554131428.496878
1554131437.551684
1554131441.754635
1554131450.588096
1554131454.413633
1554131463.522138
1554131467.636297
1554131476.538535
1554131485.043893
1554131494.298856
1554131503.126225
1554131511.719082
1554131520.114588
1554131528.771486
1554131542.526364
1554131552.446148
1554131555.691571
1554131564.247542
1554131567.191044
1554131570.379961
1554131579.190576
1554131583.101084
1554131593.679239
1554131597.904624
1554131606.696795
1554131615.444684
1554131624.068556
1554131628.075487
1554131636.920988
1554131641.16283
1554131649.812863
1554131658.599919
1554131667.681564
1554131673.114137
1554131682.095009
1554131685.691747
1554131694.413302
1554131703.49876
1554131712.701311
1554131724.395274
1554131735.416309
1554131743.911546
1554131752.745145
1554131761.665352
1554131770.509557
1554131779.276386
1554131787.901676
1554131797.093911
1554131805.855114
1554131814.727425
1554131823.859591
1554131832.487971
1554131843.22015
1554131853.073509
1554131862.012464
1554131870.880397
1554131879.609737
1554131888.730169
1554131897.627226
1554131909.733995
1554131915.051209
1554131923.898291
1554131927.257191
1554131936.123624
1554131945.122778
1554131953.82761
1554131962.800704
1554131971.652253
1554131975.000317
1554131983.778904
1554131987.327111
1554131996.423838
1554132005.316946
1554132014.272812
1554132022.716367
1554132031.389304
1554132040.034674
1554132049.077031
1554132052.72613
1554132061.712935
1554132065.374959
1554132074.09825
1554132082.663789
1554132097.810584
1554132103.470577
1554132112.215149
1554132115.569754
1554132124.562097
1554132133.411188
1554132142.453804
1554132151.243682
1554132160.013407
1554132168.792366
1554132172.353268
1554132181.348997
1554132184.289341
1554132192.90521
1554132201.536551
1554132210.2649
1554132219.211059
1554132228.108767
1554132237.262245
1554132246.371332
1554132255.392767
1554132264.61996
1554132275.910349
1554132289.515203
1554132298.580977
1554132307.399678
1554132310.936208
1554132319.80898
1554132323.314507
1554132331.715237
1554132340.465885
1554132350.545882
1554132361.663309
1554132366.613198
1554132375.525233
1554132379.103403
1554132383.518263
1554132391.188296
1554132400.322943
1554132405.06468
1554132414.135498
1554132423.583344
1554132432.934922
1554132442.123656
1554132450.901516
1554132455.038698
1554132465.461803
1554132473.327646
1554132484.265061
1554132493.078473
1554132502.051257
1554132510.695574
1554132519.15461
1554132527.282353
1554132536.00579
1554132544.694421
1554132553.754654
1554132562.808543
1554132571.845264
1554132580.584509
1554132583.883097
1554132587.982317
1554132597.203283
1554132601.250103
1554132613.161259
1554132622.345999
1554132631.165615
1554132634.747082
1554132644.22546
1554132652.398446
1554132668.268764
1554132672.13432
1554132676.529949
1554132685.393669
1554132689.431681
1554132698.251069
1554132702.053352
1554132711.088783
1554132720.006522
1554132729.17518
1554132738.011709
1554132747.071253
1554132756.205852
1554132764.923813
1554132773.690329
1554132782.417149
1554132791.557215
1554132800.833034
1554132809.546806
1554132818.355455
1554132827.650409
1554132836.297702
1554132839.794386
1554132853.487198
1554132861.820262
1554132865.80461
1554132877.012475
1554132880.773041
1554132890.247275
1554132898.568218
1554132907.640183
1554132911.335793
1554132920.261368
1554132929.136314
1554132934.740844
1554132943.305789
1554132948.979108
1554132957.452206
1554132963.83033
1554132967.838476
1554132976.878099
1554132982.937413
1554132988.437213
1554132997.469691
1554133003.801284
1554133012.881649
1554133018.337639
1554133028.053627
1554133035.362753
1554133047.231009
1554133050.944322
1554133059.827877
1554133068.520846
1554133077.190221
1554133086.003097
1554133095.370084
1554133104.729119
1554133113.907607
1554133124.355825
1554133134.934878
1554133138.358092
1554133147.197394
1554133152.711574
1554133161.676497
1554133167.542592
1554133176.683636
1554133183.238821
1554133192.421791
1554133198.633558
1554133204.131215
1554133213.116111
1554133220.867085
1554133227.762398
1554133239.127015
1554133248.211467
1554133256.857122
1554133265.721848
1554133274.647621
1554133283.479613
1554133292.293824
1554133301.062838
1554133309.514472
1554133318.205006
1554133326.904858
1554133330.966551
1554133339.9997
1554133344.338156
1554133351.4313
1554133360.638329
1554133366.047922
1554133375.747344
1554133381.341197
1554133391.762034
1554133394.905639
1554133400.157654
1554133409.884324
1554133417.024453
1554133428.482393
1554133437.208897
1554133446.055069
1554133455.259679
1554133458.821157
1554133467.237399
1554133476.5358
1554133485.403037
1554133493.789857
1554133502.170476
1554133510.697061
1554133519.379897
1554133528.128852
1554133531.25075
1554133539.967262
1554133548.602255
1554133552.061116
1554133561.220812
1554133570.190017
1554133579.518725
1554133588.233627
1554133591.866588
1554133606.766508
1554133610.752623
1554133619.66431
1554133623.114521
1554133632.526757
1554133636.028317
1554133647.771218
1554133656.596017
1554133665.73554
1554133675.154842
1554133678.695723
1554133687.672653
1554133696.696874
1554133706.060294
1554133714.861091
1554133723.589642
1554133732.374684
1554133741.108164
1554133750.052979
1554133758.932216
1554133767.711305
1554133776.644093
1554133780.425692
1554133793.454844
1554133798.223026
1554133807.039517
1554133815.712107
1554133824.715128
1554133833.889564
1554133842.908491
1554133851.826921
1554133860.942237
1554133869.82969
1554133878.783551
1554133887.576269
1554133898.033345
1554133908.718816
1554133917.347983
1554133926.165582
1554133929.364681
1554133937.982238
1554133941.553637
1554133950.616883
1554133953.885295
1554133957.409939
1554133966.285962
1554133976.959461
1554133989.88713
1554133998.68204
1554134007.135588
1554134015.386497
1554134024.385764
1554134032.767269
1554134041.651226
1554134050.604404
1554134059.24617
1554134068.10301
1554134071.423007
1554134080.143248
1554134089.072006
1554134097.735871
1554134100.893363
1554134109.881594
1554134118.400983
1554134127.310424
1554134136.559501
1554134145.565554
1554134156.929327
1554134171.06606
1554134175.587785
1554134184.215216
1554134187.748046
1554134196.347978
1554134199.984619
1554134208.748259
1554134212.373342
1554134220.896007
1554134229.726661
1554134238.585893
1554134247.479389
1554134256.459579
1554134265.156079
1554134274.24107
1554134283.191629
1554134292.216588
1554134295.674131
1554134304.66257
1554134307.897087
1554134311.82887
1554134320.849833
1554134324.378889
1554134332.859046
1554134339.29112
1554134352.007876
1554134360.447559
1554134369.486227
1554134375.002996
1554134379.806096
1554134388.360415
1554134396.642448
1554134405.956981
1554134410.425674
1554134419.671928
1554134428.411527
1554134434.85521
1554134443.929577
1554134448.333867
1554134453.816207
1554134462.655431
1554134466.126835
1554134475.038871
1554134478.752126
1554134487.540778
1554134491.157424
1554134500.227815
1554134503.835961
1554134512.802185
1554134521.890409
1554134530.956612
1554134545.608718
1554134554.67532
1554134563.544279
1554134567.63557
1554134576.279553
1554134580.612909
1554134589.70869
1554134594.780792
1554134603.585042
1554134607.277045
1554134614.995614
1554134623.623323
1554134628.014608
1554134637.018622
1554134640.653737
1554134649.202334
1554134653.120862
1554134663.565777
1554134667.525792
1554134676.016012
1554134685.047789
1554134693.773607
1554134702.855184
1554134711.724578
1554134723.279767
1554134734.980999
1554134743.509373
1554134751.981084
1554134755.232164
1554134762.714904
1554134771.630978
1554134778.623554
1554134787.774646
1554134794.262236
1554134798.760184
1554134807.710536
1554134813.861313
1554134818.771208
1554134825.398979
1554134834.464884
1554134840.85786
1554134849.758913
1554134853.405981
1554134862.407295
1554134867.992891
1554134877.179058
1554134883.906056
1554134887.98371
1554134897.016872
1554134902.455237
1554134909.851775
1554134921.379568
1554134932.054784
1554134936.197538
1554134944.080059
1554134952.848006
1554134958.463528
1554134967.3944
1554134971.034339
1554134979.637353
1554134983.267269
1554134992.046648
1554134996.122103
1554135004.856827
1554135013.899277
1554135022.797694
1554135031.836074
1554135040.562965
1554135048.972159
1554135057.491685
1554135066.574754
1554135075.375148
1554135084.643032
1554135098.793065
1554135110.737657
1554135119.913715
1554135128.291919
1554135131.348195
1554135139.97123
1554135148.953381
1554135152.367096
1554135161.009072
1554135170.073938
1554135181.953268
1554135186.119943
1554135195.02574
1554135199.336897
1554135208.092676
1554135211.971527
1554135221.493851
1554135224.995589
1554135233.840173
1554135237.081
1554135245.644835
1554135254.45357
1554135263.645516
1554135272.635509
1554135282.128943
1554135295.362473
1554135303.341867
1554135311.984979
1554135315.34511
1554135323.84847
1554135332.711358
1554135341.894956
1554135350.853344
1554135354.2507
1554135358.08925
1554135366.746116
1554135370.711119
1554135379.020295
1554135382.970792
1554135391.203745
1554135395.08934
1554135404.276569
1554135408.343267
1554135417.265358
1554135427.633135
1554135438.259452
1554135446.931496
1554135455.970481
1554135459.251089
1554135470.412933
1554135475.874111
1554135481.984478
1554135490.392451
1554135494.736995
1554135502.386634
1554135511.097925
1554135519.286538
1554135527.931424
1554135532.336183
1554135540.078979
1554135549.115802
1554135552.855675
1554135561.958872
1554135565.635568
1554135574.923837
1554135580.917264
1554135590.413167
1554135597.047839
1554135605.935975
1554135611.25826
1554135617.825336
