0.00412599141412062
-0.02848379386598943
0.011521716295166897
2.3866016408679567
1.3697122037078884
2.080499422052999
2.1491454077051846
1.7858648543395632
2.6712977130668545
2.3881224600603552
2.428836482634558
2.1152577400685617
1.5090219159634632
1.3901975144172978
1.8633940473352806
2.116395039965264
2.059310235740004
1.952250334276125
1.8902210316754344
1.9214719148138975
2.4756530598649356
2.692063502900586
1.9901191535674747
0.2551960432555943
1.1854254022613508
2.4927990682599304
1.6970020142748377
0.04498740890026385
-0.007518520098967562
-0.010253715694100888
0.005958941213771919
-2.078209078773172
-1.0179679088366587
0.6621847282727951
0.8044028296333402
1.350533358429346
2.4579168464688808
2.051158958043033
2.4344968997532233
2.287200328641163
2.5135222590513506
2.2037294446150084
2.176471914144163
2.5156007009114894
2.3820810755941575
2.055737509924794
2.366917546362179
1.7304272156875877
1.9094700742985187
1.5420522500943672
1.1535577190480877
0.7558519819223968
0.13528105689311393
-0.49494285224100104
-0.5521808701443706
0.024041159887927405
-0.044677537181114654
0.025307370506420648
-0.013619227074161805
2.0435309422033754
0.04728472744695798
1.021789675339713
1.6351004150834685
1.72612253664723
1.8741333605493036
2.613998817961636
2.719822505297445
2.5460113033159986
2.124513041096627
2.667514460772691
1.842894278761634
2.6860604578565277
2.253782164648257
2.291723869032401
1.8446635311870003
2.026857622237016
2.09652558537883
2.69690265962024
1.5142780266120612
0.42809805554563385
-0.17704400448901456
1.9468468724252967
1.3058687869643741
-0.02959587278091759
-0.01869448888689207
0.024205929861591993
-0.016370743664150523
1.6541590328669944
0.7040962335733174
1.2549003970787704
2.2253403322919554
1.7674575374555104
1.9526784786432205
1.7448691172522186
2.4202545678574254
2.1636897681375484
2.0910927626785263
2.1339659075304445
2.506076963135346
2.411153527484306
2.5087879338341756
2.377254166763677
1.916190305243336
2.250978007980749
2.7442615882213066
2.1869422596089034
2.552339379050889
0.8365072956830596
-0.7018123310556791
-1.8931511612704186
-2.1243427657489344
-0.006488524757755687
0.01392284327486548
-0.009008880286381029
0.00928972374273995
-0.3233799399906325
2.2293882194678614
2.1732071938231505
1.8300213042064577
2.4661635332414527
2.182228708337172
2.4090508335684544
1.7841319668060807
2.0127581821719147
1.5296920500433027
1.998560752882955
1.4394884289035486
1.5266275124227626
1.9225805781872412
1.6031780427740094
2.3103464304781824
2.4130274903464715
2.8504780479673117
2.4864425521094544
2.7987353903825527
1.958381226676716
0.031055760182955073
-1.4774938210655106
-1.1687133607875306
-0.0005110244277416388
-0.056146528783345015
0.0021566309311568167
-0.003741175363962943
-1.2133803421285734
0.3391316189261708
0.4904952052480084
0.735196755923489
1.8280365245111747
2.5558822896697184
2.7519893775872686
1.7783674839623862
2.240926604858107
2.3197658024502172
2.5928491036861714
2.3981360341195277
2.237819772430024
1.8511983094983686
1.9295903781720278
2.0642613589226424
1.3735313952646022
2.1153690158524063
2.630893616525149
1.7857933396273853
1.7410237692262245
1.4382743010722574
2.940055726075001
3.2823772910527036
-0.00420156967769313
0.0965439815802586
-0.02383408627264053
0.012668399756082102
2.071389016106468
1.320814088125143
1.3178606917322357
1.9034036122381786
2.1913982167161654
2.6012974371409223
2.5640018934219935
2.2451932058053075
1.5655611784961432
2.4188276641407467
1.663255003662548
2.238060952424034
1.962303106611057
1.9869744469419188
2.197572936362902
1.6388265328289198
1.5752354915098488
2.5662079940964273
2.1739311489368145
2.412799683296112
1.253006060121841
2.093273954189878
1.787574046123061
2.0297789493866882
0.0011036978819628437
0.0030695311101848104
0.006753814403166738
-0.004490157776752665
-1.8582625617400819
0.7982701486110712
1.8842531544195935
2.5074143668813513
2.6670934944568
2.0251872511363738
1.4749864983408
2.0491798821522216
1.8947921245805057
1.8096624075426924
1.7119558743558945
1.8457110315014311
1.5595596682615054
2.1849879185841306
2.129188762793433
1.9181793045693314
2.7026768271570187
2.5256471157204263
2.8875793610486005
2.6101448260784723
1.5001937374254788
-0.971179022051054
-2.563587679675987
-2.302714869752126
-0.016216629757507206
-0.04845845906717131
0.008080986705690386
-0.0031849551321275404
-1.0930829401212774
2.22369040323505
2.29865895612238
2.2412748030664362
1.7955913179568828
2.240371069807148
2.1352098124354155
2.229997325981052
2.0419167415204456
2.1987866364657798
2.2908386155474307
1.7943636951769415
1.9326594946065554
1.5259873475472596
2.2258294073386042
1.9456409725154746
1.4328373035917885
2.0532727753603064
2.169423481573108
2.0323939146924
1.1324134802242247
-0.3830170327020187
-1.1264639674193
-1.1541246707978718
0.015684276751304176
0.005005731563079956
0.03784023864907216
-0.019264313325608882
-2.1937011804224893
-0.8287717707696192
1.6568530955906284
1.8362464786493187
2.3114962024674517
2.919947165927509
2.3394406536889445
1.8995070086983312
2.280420743293047
1.7566327075209334
2.106459861590982
2.400006583714497
1.6506092907947223
2.339387391160858
2.215118413342534
0.9487327243475485
1.2139399839739828
1.5357147010901586
2.094404201599607
1.9126291594940699
1.8930210874119617
2.751567324062385
2.9107466265479807
2.929814520029115
-0.018528974512150957
-0.04067916800788157
0.008887772433500966
-0.00308790942385032
2.2918741721597424
2.4603826254294345
2.19720534801474
1.6382006883633213
2.194268598738135
2.4748436506773737
2.452683458007273
1.6999226990090635
2.2859852186356164
2.4554425320239712
2.6337540166194735
1.663545260540983
1.6705052727599858
2.354163384926117
1.6895757803616287
1.6279812681062844
1.5812159653582754
2.536488996908417
2.769371062117441
2.529646296332212
2.262724648852865
0.09732339400019438
-0.382057049062198
-0.8706949942486802
-0.00535640599260754
0.08152359244595511
-0.03841671411160817
0.022140802292399096
1.545026449098701
0.7239453222972898
1.2184446954221626
1.5868294714816948
1.970812429814138
2.077396974417818
2.468966250191266
2.156263386172872
1.9793599007268525
2.3139366194079307
2.5884268379694415
2.28805284227264
1.7538693166674624
1.4205497234956128
1.68118138168959
1.4088597010014028
1.7860616329201646
1.6878910766921436
2.61927769879072
2.5800362112840864
1.9923291363086408
0.2563164749231668
-1.081915925149876
-1.1676782296818096
-0.006499457987174176
-0.07148346648510297
0.03570302497697818
0.025883672450392425
0.006763333803465094
-0.06240646336179442
-0.30187074122920443
-0.6964685584738094
0.48490191332296806
1.2781374292092924
1.795575096410815
1.7997257169798202
1.787143139051652
1.7109028441471383
2.4612956411229723
2.5906209205142043
2.5787976996618265
1.585060273809186
1.5294770464735188
2.0145944175563932
1.166135650844969
1.1274348790318005
0.8221307604771813
0.35421929902683275
1.3255531617267677
2.3368445437853698
0.4628745380727424
0.13457470332755508
-0.05138534971216843
0.022636830598766207
-0.0033977796954399596
0.006381955680863876
-0.027058390194617667
-0.007645649452560422
2.290088922944585
2.8789551818887578
2.8810598602259496
2.4968276249043497
2.6218783708698568
2.1875516957536214
1.308716218464491
1.351565008629518
1.7482311975558729
1.8071210332162355
1.5883902028320507
2.320463050535705
2.497773414293399
2.558642269377875
1.9759990092694877
2.775150138906049
1.751222232619131
1.0019317988130838
-1.7350678864133218
-1.3882159492908868
-1.2883218049757295
-0.4554049261335839
-0.029042204046196018
0.059471421212948544
-0.03567528072490207
-0.011547607451796851
0.004531468623730512
0.029900770669982882
1.0985851135263396
1.3584503266894137
1.7144654913567297
2.4363318172349357
2.3955622447168916
2.174559848345555
1.8797239327832804
2.352039670885318
1.9402859009738185
1.7634267257484346
1.5033896965892504
1.6439452017902878
2.022037947861235
2.0479251600873685
2.2248549446805796
1.6796184600099584
2.221806039189214
2.265981805495331
0.9207887274883161
1.0775781275642864
1.0626499956906672
0.34987525624315957
0.05218635158732602
-0.01790108260073558
0.00369740248842032
-0.02106166234261106
0.01395672320223927
0.013990547759391686
-1.503418584821679
-1.5517178640421823
1.4747120897034949
1.991238828705567
1.7092711403419902
1.7993456580824314
1.3134494575769797
1.6486815541375486
2.4439713615587415
2.314474258648718
2.1548093647324245
2.085128451938109
1.473736033847222
1.7589404099063797
1.7652843342478468
1.8591547924404912
1.643114201140005
0.0843004827926101
-1.2813305180043733
-1.2162602951068562
0.5406389670549288
0.2082090036355701
0.030106429644810185
0.01971739076198668
-0.0013893401016001434
-0.0022611351005371186
0.0053056350858471015
-0.001204777459640176
-1.6209961493250624
-0.8964090970234478
0.7865121697242209
1.8561856637375072
1.7327136749893337
1.564697475724393
1.5676032993734321
1.897066447191621
1.9538243323156403
2.1854292232448818
2.8018970240143077
2.382735349745227
1.639539391735524
1.4032444260825765
1.3378965235214992
1.4289715409165664
0.8403063840830459
0.2729357487916335
-0.22064798458534948
1.919211309776741
2.507968833411675
0.8071084833268999
0.016740749519547737
-0.06055032754852131
0.018342968472920974
-0.010105727081810107
0.011623096549449903
-0.0009970883972292683
-1.2638699658925545
-0.4427292005065344
0.8002155929173173
1.659277521314563
1.9402120158356773
1.6090185243064512
1.6161713048081128
2.0874939543210624
2.238845288144602
2.0654452946116253
2.320773752856237
1.9122250234999125
2.4384578900433476
1.5153746824296412
1.7068295398212918
1.6193840601754055
0.505265389930724
-0.06399360695764501
-0.7242978260779287
-1.456532018345018
0.45339348199182344
0.2136490990018779
0.008829845656620894
0.010889961452361865
0.0013134726006139433
-0.017313844816336226
-0.02149888886324187
0.05037765296734526
2.138697621668022
2.0343437430537348
0.14559512061591642
1.8738942254830127
2.627294599438643
1.9927237185105002
2.00363855898612
2.0095804372269317
2.808702663760029
2.6267642939514246
1.9151160327204684
1.7801817106762092
1.6259466768137454
1.1147074669910422
1.8893378630304538
1.4502374626050867
1.0910970413339676
0.3324308645960248
1.3986113074243656
0.0847778672940259
-0.4161742185288312
-0.04964014261427027
-0.009971831641827597
-0.012891953098532557
0.005173466177292288
0.0033656794107925713
0.007055992300927876
0.011917749082047088
2.6830606788582143
2.0085671178539193
1.061526627043675
2.092509685482755
2.1826805227881216
1.5825393418105458
1.5819279595890798
2.3653823370269307
1.8805716153999317
2.055823079753753
2.4495604894364407
2.4129858210029513
2.1621679155932214
2.4233404208165132
1.6459506004365232
1.1009747488666284
0.678634807677555
0.10106613422852366
2.800635094774383
2.6148391572407497
-0.0848388134636964
-0.05274629707738372
0.007694995906194096
-0.05069007139477767
0.00371809059478754
-0.004899672022747287
-0.008711546191158959
-0.014118858105374969
-1.501708585353419
-1.162628736430816
0.890515272647228
2.4934201910158356
2.7023276619640493
1.9979026413915757
1.4519058787217982
1.8007693921553212
1.751916304676099
2.557219341357666
2.5139528692712125
1.664635634274672
1.7005719356754592
1.6129666886290295
2.3153049382154274
1.4654294439361235
1.2137831817542217
1.494181362777753
2.0705854689837815
-0.8798156103463759
-0.6793631907085845
-0.09921004244654104
-0.036274562946993646
0.048380691356923036
-0.01898405718915161
0.002501651747395903
0.00913339643219781
0.003621336681431324
-0.7965045354415113
-0.8617184978487583
0.7445967498199044
1.6448735743183032
1.9633074394092656
2.6662966811086446
2.3732613330409107
2.042233416081483
2.0869153479932705
2.1209418797935125
2.55630020648992
2.2116974878349698
2.0451825751842083
1.5076872772313448
1.4456738685434893
1.3006608932793533
1.690197930291635
0.5586873363955653
-0.4610688655307931
0.09001144762982587
-0.40893073972117205
-0.2154034370386494
0.02194939275118777
0.0696712971826488
-0.03397702051868366
0.001517915694958991
-0.020798299556233867
0.013310727833656437
1.8765917392168054
1.7709273281608695
-0.2731011056169453
1.2000117696225567
1.4515123671939185
1.3923534037707697
1.8450309853999507
1.7440094014714755
2.886873787548181
2.1985654931438336
2.5482250015953736
2.543772253535971
1.4947194270149338
1.3780454446719697
0.8323796192704639
0.22534219809956874
0.1549145421756231
0.6360876896830552
0.02784063686920195
-0.563924394957816
-1.0535503162247308
-0.33447110306303784
0.010521367513559378
-0.030948774138162896
0.029670363823462068
0.02675824788996891
0.021987419448572566
-0.03671465253112932
-2.1382743176522854
-1.4933003545275862
1.3645540142003834
1.60660303536506
2.5973825283810816
2.4099826200794605
2.2224556898147774
1.6886264635647614
2.064662957648526
2.2707222587860474
1.8485700799881897
2.1990242969207294
2.1469824736949303
1.8038094715544266
2.1477338951333493
1.778346967443856
1.5128539973514399
0.988272484162674
-1.5519734861469316
-1.3374933708781038
-0.5629541916780645
-0.2922485653165518
-0.02431461978939595
2.011732135804905
2.8786405616853394
1.1566858934962567
2.3883052671994216
1.2191868819709155
1.3259865723607192
0.5782576485851477
1.8851370303058494
2.4058301433495792
2.309435991241001
1.5495465750549589
2.271540491283921
1.7631945398916302
1.9541968356085273
1.9660500861764214
1.0113282302616589
1.8762439170980767
0.448991012021808
-0.2570961427552582
3.0196541402871033
2.49530735175296
0.7783476471156656
2.0216155345394875
2.054125677452822
2.597717327006351
2.8506464051032387
2.3461135960285717
2.3508067860301587
2.0438530045624805
2.6276822814180782
0.3155150311507772
0.6635555310513904
1.0738963991067303
2.2801682749166514
-0.5924491717382776
2.5582939451424576
1.306468528261839
0.0251462061564815
0.9881314794312782
1.6939132117063262
2.1672881873877357
2.7686337253211253
2.032154158992138
2.660898905372212
1.6184602728665023
1.934412818413051
0.30702368290351734
1.0438028738182636
0.27148395660247476
2.303177740689549
1.4220762394923547
2.573638857295373
1.7835568095422405
1.2765814778143159
1.5148280365818678
2.113152861176829
1.743615485803099
1.87188925644376
2.140235793076724
2.26979291418271
1.4351858918459954
2.331391039485972
2.348474790863189
0.8886599025397042
1.1571916692452724
2.868777412317433
1.580027436967708
2.9860802064249596
0.6867944726536065
1.416581458659621
1.4034988194583349
0.7811263900698898
2.2078210800871885
1.7730294432059632
2.550991162803809
1.6358208381552568
1.9871822219602957
2.3179233376734887
1.7593099356908075
1.4339376692549466
2.48282856975827
1.3777710700380923
1.3290853196518155
2.348771789309641
1.7805899489024883
2.09120833576847
1.8408710872000336
1.5196159193327072
1.3671983246992383
2.8180140391864477
1.3768202007187436
1.763720863197948
2.3113825137253
1.4831026510668919
1.227301431433856
1.3613551232688388
1.8219073861745445
2.3015852660373484
0.7505571915622875
2.0726360823668033
0.7179556064913037
0.7395002006254282
1.7012445824255455
1.806185706619245
2.213508721494987
1.8422463443589103
1.6939154585445007
2.0850179421507598
1.9608593744224818
2.331820786979865
1.5266585142029683
1.6562582608201553
0.04951983303701532
1.7690943162872466
0.9977267160582723
2.673365231085786
1.6845775888801224
1.5008757434479763
1.5427296599402933
0.6998734622414058
2.9219285869365295
1.4511572422106163
1.7026251315652066
1.780557541152468
1.3219564531677024
1.9109615364668808
1.09329769814809
1.5833238682460962
0.7253599142993729
2.1542007486371095
0.10282675380065624
2.491998976940849
1.3307752084343147
0.2688774086588689
1.595316605571477
1.3322136876981343
1.634713353084632
1.7550542112540695
2.0542076820140447
1.8385399766218617
1.615084557044138
2.091809800943053
1.669394722860109
2.5702188923329246
2.384521917320079
1.1051168139812437
1.0423972571158249
2.091664052146808
1.5388527754286234
1.2284228469305114
1.544173087181045
2.2167100998190676
1.5625766432471508
2.691821483275567
2.3501803219706425
1.1993112689027716
2.6162947649408035
2.5522988889365035
1.3654243199207143
1.4916534695714383
1.1904411789874847
2.880723363611835
2.4331577373210576
2.25225019622528
1.0037233553901372
2.228351177179605
2.01731510576644
1.8268644509305207
2.434402633355011
2.461674195841071
1.6862654862505684
2.0127429769075698
1.74870826046581
1.3583935559234732
3.041809980012073
2.2247214797897414
1.0650346978554426
2.0950521026737103
0.2665021381222038
2.712269761167115
1.695072528927557
1.2907861886328498
2.2465223122735716
2.0269286254685137
1.1142431208592993
2.4620688964205373
2.298849524826842
2.2598456710106873
1.4000685612504609
2.5910276364846796
0.7265255247547229
1.9899936761519135
