-23014017837243954e-21
-7345877228173974e-20
-0.0003189317527907897
-0.2819271111809266
1.1979834786049681
0.36786450471056475
-2.52577309504129
-4.55275932425009
-6.818978387253322
-6.023057023330712
-4.638083971379044
-1.8983118316096599
0.6646381923651938
3.742823366378473
8.783087629822443
11.798047994258875
13.522118006914464
14.3228334345226
12.379542506825034
8.907308213473929
3.212688401089199
-0.7799597505509409
-3.958647263206973
-3.43279408336251
-1.471929086317478
-1.3053133308556382
-0.81912747614673
-0.00017025418990836367
-1690882524372538e-20
-3485049454288319e-20
-0.0001609944634705032
0.7729891484557905
1.3949026666713118
0.07510236371984855
0.1273755578789722
1.9130704086919552
4.184710360665762
5.712605611531052
7.643973130304366
9.29400606271542
10.919862010944689
12.210862108815746
11.917238455449267
11.411517973840546
10.960039388663944
9.727707770264368
8.661426214539233
7.625512742169267
7.639889134904377
6.607370698940177
3.9480418758366045
0.8327787431997743
0.2731900589496362
0.044429392876736036
0.03279275278378748
-7908429961092273e-20
1901443444229249e-20
0.00010417185845789569
0.0005120403946592977
0.2962350922823113
-0.5704385928768854
-5.03389199457753
-7.870175625361173
-8.250981697782553
-9.33122577722584
-6.891196642652976
-0.7172798967950987
4.273443518357006
7.967286919329541
9.940261493320758
10.41365525660291
9.433325493532312
8.497301514371594
6.763645338766521
6.672982673878897
5.36985782118701
3.125561048548373
-0.5411840305211263
-3.914182163911772
-5.0811807004183125
-1.8286616256579957
-1.6873261909032693
-1.0514812321082443
0.000247924044373491
-8440401912996037e-21
-54026846153024554e-21
-0.00017155209459073872
-0.6239885263148711
1.5164961750366333
2.7319671409045334
0.8967896922857781
-1.7595682653625255
-5.3668623973201655
-6.12404926468981
-5.660814746520753
-3.5286202139220486
-1.3377172550054088
1.369470060307734
6.2571024673782984
8.88638191341503
10.413358195042214
11.539569513965034
10.329342095254455
7.557947172570177
1.7357824563637172
-1.336552448788075
-2.7526169276203603
-1.5773624809335678
-1.0131919726023857
-1.204837981012539
-0.7021334557582657
-9592631070152827e-20
1326119915275683e-20
7275626671839445e-20
0.0003103178665389763
-0.2603312645829779
1.060573466409587
4.069738667212661
4.35184164087123
3.5416229785795923
0.7085153681846871
-2.8254018235305587
-6.831626140960682
-9.092006037649856
-10.175965757035572
-9.348323056435861
-6.899073670578592
-4.067657965240453
-1.6778282953439512
0.8931146603354554
2.570554589874368
3.7807538220604777
3.1672934530731727
2.1519069992558975
0.9501853005651193
0.9785775103703155
0.4782543035544451
0.1668435049462412
0.04708810938738342
0.00016544760498563948
15357974438203933e-21
3864048548157064e-20
0.00017660187112042026
0.3557757202859193
0.7597055897815281
-0.5889634958996818
-1.8073383550972726
-2.666522173520943
-3.6288052540247215
-3.6351227566831894
-3.767107027932626
-3.9323592251303805
-3.482818342132259
-2.369358537464636
-0.5873179028491152
0.25765106372538804
0.588478180543504
2.0904535105272477
3.0082968060871624
4.148012702353839
4.272241156830663
4.568579631773745
4.099751691380992
3.118476198504744
1.660123068184364
0.9011438019086914
0.5626637145974186
8688399597934837e-20
-2791290344092325e-20
-7244351915093651e-20
-0.0003908817979125898
-0.027090475030562437
0.23607823491078544
-1.476158338930931
-2.9283255023324943
-2.673587285307671
-3.109022680682244
-2.088449876601591
-1.320442934648115
-0.3219713148410196
0.7515509251902182
2.51718115092136
6.041518267052769
9.124708367538828
10.811988316376697
11.126269326992173
9.349525552539893
6.951973698595994
3.602350755103032
0.23326937425864683
-3.5278198690107008
-3.7303452172427227
-1.284573929361638
-0.8570384241251775
-0.5813834826008681
-0.00020002083795468475
15478191634453054e-21
6568602493233764e-20
0.0002694464356289277
-0.2590155498018484
1.0871134574862789
4.7206941896797305
5.01227673873253
3.39608718133884
-0.011968904136613655
-3.1784478248825705
-6.22064583211857
-8.3338131107673
-9.981662992765656
-10.054128587532151
-8.157862128180957
-5.5732132755689126
-3.1234166128742142
-0.789184015373598
0.7712803116738097
2.176521861081162
2.6563670794464813
2.36244967575757
1.8922114453747991
1.9007523312998968
0.7511239013038006
0.269374511046995
0.10834413345717146
0.00013825671717981362
9424397710727881e-22
-1612245523878361e-20
-0.00011047819016897731
1.2146408477251667
3.1767121723676994
3.36883167629755
2.9965246834631407
3.643267273984034
3.821007169476018
4.081812469097757
5.000946580893598
5.748827675275846
6.078563201072864
5.599775891429615
5.200518427454534
5.294998453096422
5.245097284296398
4.533552635437083
4.343508818622601
4.384832099577402
5.834505398362273
5.83918164300145
4.696560772229502
1.3477645190681498
-0.16279178670200933
-0.21220479218308938
-0.1440460645195479
-7111065773491128e-20
21242736018094485e-21
6678579119667528e-20
0.00032179840248807833
-0.33388118109495607
1.3829360990492996
5.557576981109506
6.729795994150178
6.171011845918389
2.0393341974367507
-2.749815101367125
-6.409111832441448
-8.106134697644888
-8.37631608813959
-7.364673271639413
-5.055984179157586
-2.3154408267320274
0.22535275576678204
2.152614625881456
3.0362151997512212
3.392229259462778
2.1930036169334213
1.4287536745389475
1.7298468332980874
2.0179255649793384
0.593338116143754
-0.07965583531566672
-0.06473739663484268
0.00015985397738601915
-15440325065177725e-21
-28612593121816476e-21
-0.00014206580911932693
0.7908901132827321
1.576791297814696
0.2087905645834296
0.1880508650424126
1.789845169928093
3.7820054999745767
4.933691355102472
6.610287324563717
8.243129514161032
10.02089705871335
11.513615682352906
11.397837365098555
11.144960363598184
10.946478202976179
9.905401717953744
9.054331691592612
8.057586777416633
8.295783345246628
7.3561232904264715
4.445205615778923
1.0653049053384585
0.36834808393740803
0.040050706265471345
0.013186528252302978
-7209026903417736e-20
-17719706830241863e-21
-9941609911077437e-20
-0.0004973260171141937
-0.4845534979320328
0.04390634337800404
4.3547439799434
7.5919345129811004
8.52398621959297
10.578672568173348
8.587785941503311
2.389530684084736
-2.9394788369916336
-7.037175426949708
-9.229004261698178
-10.114722760455953
-9.558765718509186
-9.341531610065928
-8.02775308468271
-7.677540680125146
-5.748606631156256
-3.0452950150579903
0.731702863627631
4.466559076835535
5.794387411407758
2.428410801240033
2.1348516558327693
1.339711306961896
-0.00024200842052192614
0.00023993004783542617
-0.0001407048280849728
-0.0003750855489500606
3199557337790874e-20
-0.0001208873202496187
-0.30612520417333045
-0.21331725942605492
-1.0333379342577949
-2.774292691458794
-2.0113246726462
2.804376580643116
8.457224080703927
12.648226038603985
16.04571366831929
14.161762192829624
11.177566561039889
8.197075986451647
7.976732232970926
6.88896543508778
3.333818640940145
-0.35967584974090944
-1.1176038470556333
0.8002035769391436
0.9346826273882647
0.570075370304387
0.088668806206718
0.07586601647842299
-0.0007776983978904623
-8642388313217232e-21
10280544998592173e-22
45679452702616395e-21
16577670500871737e-21
11807813310084879e-21
-0.28275160954916323
0.5250488528142284
5.1291049166030716
11.764416048805478
13.038818762180576
10.493708282826415
7.44558893989884
3.395836075007136
-4.444025840275788
-7.882403224990343
-7.377784091058587
0.23115521295606237
7.036877606206353
10.229689349878464
12.994690687562764
11.703762365885412
8.343257032297446
4.553812197504339
1.5273920626201742
0.7811094939599866
0.34372878731366563
0.10947926648207815
27877493226755673e-21
-0.0003011753068214473
0.0001727055080561105
0.00043889375407302927
-3511220200248583e-20
0.00014128201524215328
-0.17215333231903335
-0.11019593723261141
-2.3523086548248076
-2.0341157790666125
3.3846991362565997
9.375508201910888
11.848547421684154
12.738814987613484
15.111684203144247
12.962616909304813
9.679394598408205
3.792916803930783
0.5846991015965508
-0.25185482731262177
2.5264869762494313
4.836394790463995
2.9134079433435836
1.6031978993497746
0.8787315674554523
0.6274818226076924
0.13369697793657134
0.06582978493612406
0.0009167124165546164
0.0001930198212892028
-0.00011098960247098891
-0.00036955202378852214
-14022049731870019e-21
-0.00010115301293922818
-0.4579757303400619
-0.27469423854341213
-0.10190820118378242
-2.0330561889875898
-2.723549954536309
-0.14235567036857377
4.9794281087798815
9.230556899296166
13.593202092244145
12.89316247416767
10.254657942718737
6.837620219103224
6.274297953983814
5.2748450193953635
3.0367286102688826
0.7874651830267032
0.21627888974946652
1.4587045065430946
1.1016485858367777
0.6528949132401546
0.04663837033670424
0.0664812794160278
-0.0006114804957223501
-0.00019658628319179966
0.00011960988217790173
0.00030623531295052945
-29098983100392592e-21
9203450026977464e-20
-0.1686634732858766
0.16899054616859815
1.3853069847983714
3.2386073580186014
3.9794892729286495
2.0013537254629887
0.929654771285306
1.1871068481726672
3.3398683764674035
7.255399373284149
9.731786818544915
11.159485179068936
9.743018843060664
6.063446714329627
2.915787143597299
1.0363136676463012
0.5057574143603568
0.7542992993855051
1.0103441705845913
0.909535473795134
0.2094482041197688
0.08909508303189287
0.0006460522154050797
-0.00013364671108149592
76558103287035e-18
0.00021919775671787718
-13689491052506665e-21
6109190676183633e-20
0.08340007850182865
0.32738137513022103
0.1809817661639952
-0.5138971804406377
-1.4936881476887418
-3.0532780474809154
-4.615725121414114
-5.869571531346369
-2.871279474958629
2.186411919174663
5.470281682962361
5.321655234506871
3.6950141037937803
1.5811486578948768
-0.0770051297880642
-0.12538464435920063
0.5015345037196541
0.5569427631109682
0.28054461841280715
0.16207355156774755
-0.03159885575178404
-0.0034418726593201
0.0004320213314244269
0.00021983113647827077
-0.0001346213838351069
-0.0002561702711982204
7883287818860472e-20
-0.00010369629630986967
0.032944941766887566
-0.009739540093623118
-0.9217588210357597
-1.2271352503356951
0.6392715368633308
4.333311259514202
7.694774463302356
10.069922073513487
11.06518693876638
8.92681582884879
6.895482977615371
6.204147095571409
7.154072531461305
6.711377376645422
3.162857350418273
-1.0292875776957677
-1.962425079944646
-0.5133178204918698
0.11069531110032486
0.2310828574238893
0.07499125640255164
0.052046100167728
-0.000728487363188049
-0.0001494081795049195
9246992384592494e-20
0.0002709188568096752
-8552374534111036e-21
7160799401181407e-20
-0.32298617156691817
0.026093830492324107
1.9526240976730267
4.347008170547681
4.734091663409999
2.589659730788554
1.2831110989191625
0.7853867207535423
1.3289482910685162
4.517324417460546
7.539310829072307
11.369792157877468
12.046434480713138
9.272298910197408
5.519695646875854
2.1811871465874435
0.8459846061621694
0.6627380471036606
1.0274082600454606
0.9778644336283471
0.19991393726260503
0.07914193269204337
0.0005096391479190349
-6477030799391629e-20
3471934124416043e-20
0.00023196765451358192
658066314217572e-19
3660351259366875e-20
0.11866147070241598
0.11429930631186352
0.5573400635097152
2.0822665871461297
3.3560213421769283
3.496726456003178
3.6159866129471823
5.208284944865892
8.807845388237508
10.066669982621473
9.907814988705304
6.663426799427974
3.5828551920494243
1.9591558965338358
0.8015938290713898
0.15746171857700733
0.45378870204760796
0.3913770038858316
0.2248926032089837
0.17147256401918398
0.2785685232094527
0.12099230088137669
0.00018927242414618596
-0.00013228208994690757
7891257385313513e-20
0.0001532252825239137
-3894556883862131e-20
57954130020723335e-21
-0.4462345514969546
-0.5999371811878925
0.0172559319948787
1.709500039532631
2.3426411119374873
1.0888858973664342
1.651878562422405
2.833302930989386
5.329802891376795
7.63854661792525
8.705420956032409
8.906318692045339
7.61626678099176
4.912302243861758
2.8110785563868785
1.766909559174941
1.6439454557690574
1.798768600037527
1.241558049845177
0.9869340254129362
0.1573411482160457
0.07491982133728377
0.00040325959707510523
-3242149393918573e-20
1995284390239221e-20
588624474092829e-19
14618353776498302e-22
12296477632016714e-21
0.38163405510841303
-0.27977351174810483
-4.3194777167162455
-10.29147463149534
-11.088007749771455
-8.510631180743653
-5.304697885719759
-0.5607546496975839
8.693658889006747
12.600230911787143
12.072442111742447
3.4880916478058728
-4.261765376758772
-8.174058267426295
-11.653221385069912
-10.854075771888322
-7.667867592208045
-4.152938772919838
-1.3976757526856607
-0.6319468291354017
-0.28188765702724716
-0.07983017505355186
984089277435884e-19
-0.0002554221462103374
0.00014537498720088574
0.000379124183652224
-26556060817972208e-21
0.00012162243455175834
-0.13681428060926148
0.05529675619521938
-1.899189274682862
-1.9596918131864214
2.6498480481948996
8.978838368043021
12.165544333784734
13.303907674109194
15.200107005237257
12.71398131590182
9.53720542149968
4.498348651838076
2.005335303099186
1.1682314491021397
2.9625527161519694
4.231139724150275
2.425960362000927
1.5431927265525422
0.8967136090731446
0.6187548026865565
0.1491879246611096
0.07190575344754034
0.0007785186153145623
11.36842431742971
9.963479985616015
-0.8052219979234362
-11.115664332950024
0.9514117205046675
-1.4269731168070015
14.115910528165408
-1.97554922322206
-8.39374220387019
8.18631069386928
0.5158393712111115
-7.038192044747548
5.945613925925944
-6.606884172614202
-2.6589120880388237
12.873680090213886
3.129824460371781
-7.9055214599292984
2.754357374107125
4.738129576278864
10.817363985246073
4.559365170245974
7.480773484466656
-5.403426298377881
17.30326396297397
7.441083996533909
12.254323518580991
14.716880394719153
2.065746476015332
6.199170424912542
-0.03351904252194952
-9.178088165466814
7.916784491404598
0.12478119388138637
1.6575426506951194
-0.47849916894344263
-8.052858018466239
2.683802538177178
-2.2056574278257095
7.212447341776734
-13.544228268337179
10.168341221096108
-11.426276164835901
-15.597005498807883
7.101617925426105
3.963680478809063
-0.38987520758688915
5.540388967038941
-9.186481875329795
-10.022874623885288
1.506061822256864
10.307421205656038
-1.3416414170802007
2.030356624369917
-12.635825620371168
1.7991382951300767
3.896083740084093
-5.520725823605429
2.3020703524183816
6.9001659870152885
-6.549366723789397
7.4035497854719114
2.988758472002317
-7.800354073620131
7.723804753887007
3.0456888153751995
-1.474908869549597
8.73092208615026
-5.858639214943335
-2.914791360226894
-4.1300320970067474
-7.99684377881242
-11.320021666043322
4.419585946580052
-4.933687421809362
-0.456577944578415
-0.3560634085887784
-4.158757226873707
3.1169148640868123
-0.9108000344766787
-2.418477656221354
-0.18868577664853803
-4.929983597546304
-2.7785391300922915
1.027454992710031
-6.506704239494332
2.0582619019004875
3.646229506285758
-2.3413706317280956
-4.682535713588321
-2.790919410690346
-4.316587911870883
2.4908293610263885
-1.5082401029140244
-2.016771893354695
3.293272928945121
-7.370992354310019
-6.32942168820944
0.17439777742640836
6.323999312520082
0.14018180582001175
0.5846555531695502
-11.55727135222013
5.684971587475624
7.150309678266705
-5.862647990520142
-5.485346351157378
1.0655146324960072
-1.7134842990215928
2.243514645995056
0.7064651246824982
-11.377182890250596
-6.704407997311997
-2.1011521047480577
2.1457651548162158
-1.2916183302342163
6.1352408840475965
2.955085350226597
-0.7055115304461277
2.2371185440405057
11.133004282820654
-4.640291708501691
10.847985124091116
9.69054498323408
-4.95687311274815
4.361784770713721
-1.1487745002775585
-2.502163459720792
-0.6466775532076254
11.009683441304547
-0.2584026246748722
3.251271616374764
-5.118744086456834
-1.2038784150071635
-2.5585737962232478
3.9873393065323355
-7.517610168315864
-2.7257802660288144
-1.9832834370464274
-3.1351985903847504
-0.36591167152568843
-1.1970384394997928
4.163797975525136
9.107096149611948
1.0041733511702602
1.4675628329549295
-0.22604603127930367
-8.273673130445365
0.6966647603474301
0.7591832132789336
8.276974213182113
2.918130830711701
5.225524194463623
2.1717259665652584
-5.076861299289297
-10.698722469931456
7.893991756564722
0.8064505184346176
-2.350693167111885
2.735362712061874
3.1381669222899595
-9.116423578037752
2.9817609632525404
3.8246928956399375
10.321530649041877
4.943562301229542
7.449504525115913
-6.278171711144596
17.716752514323645
7.288994725678911
11.039288535081505
14.23758488741844
2.0351505018012874
4.985258906181588
0.5468051037720331
-10.761552911958224
10.01290425222165
0.05113040002662208
1.7835317729586742
-0.2851629570689536
-6.341685034332862
2.773859869648995
-1.1612564216916454
8.066464326272756
-13.298697064496736
11.694882518880327
-9.501958764606956
-14.946256278003817
7.766635853256591
3.9763334730846083
-0.5125922271692146
6.585343312660365
