718442951781205e-22
11048690251170807e-23
-5955008673243538e-22
0.03588332296239853
-0.6035512037040799
-2.1234401478426563
-2.9205938473945947
-2.3679080057150674
-1.6646744917472658
-0.08751082664144111
1.908569654112376
3.7207849044209484
5.316703311203387
6.804519883827274
7.4848645205714766
7.269772627016172
6.90192896950012
5.655275604087351
4.125465347949255
2.525087473267905
0.8916785351710209
-0.6188898851486887
-1.823111557534088
-1.5346317110286305
-0.08881536061151087
-0.02931908827047156
0.010461707512300474
8921487337323236e-23
-1408870495633912e-23
-21849712823346347e-24
11794886831441556e-23
-0.10386482152439688
0.11204354962073368
0.4070536773380254
0.6282077531452436
0.8030094897020909
2.1415781752196046
4.5108095242975015
5.116342795807313
4.984279946367056
3.7760523466738274
2.083083530162408
0.7953735289604997
-0.48130114454031625
-1.581751684020987
-2.371615641353361
-2.7276069502123015
-2.540989707961502
-2.8628707029402993
-2.892565493668993
-2.471978618356816
-2.3270666044643935
-0.8642585414589365
0.08302664320163011
0.12273571142233587
-17566798169033143e-24
491100215231177e-22
7549809923540263e-23
-40676375410516426e-23
-0.1324713050939116
-0.6489782142024568
-0.8477795719948845
-0.962063660687705
-0.6459065501738895
-0.7875970004200735
0.3806304976077664
1.9678887165164163
3.001063597703264
3.2892327296469612
3.9588487178962377
4.627489902314607
5.146575625326957
5.816262349292578
6.009682594033868
5.720644119353791
5.309655167237261
4.137698875075254
2.1689688456533087
-0.38893718375676467
-0.7181484130124914
-0.16088475097141988
-0.3726886390431667
-0.2588063846244975
60942709108293e-21
12324344640242556e-23
1895520726607622e-22
-10213507200976803e-22
0.37107035124226895
0.020050752009774395
-1.4683203078371927
-2.6304891749410073
-3.4536383463507807
-3.58608862917171
-1.7275346046273283
2.06015776519798
5.80315142736118
9.171543830918804
10.783556053797879
10.384230040244923
8.345094998519803
7.658329674739835
6.555518744645636
5.530214700362465
3.549090937208996
1.9431385241093966
1.0296825582937488
-0.40439590739424747
-1.3349262209919166
-1.022078061128574
-0.9756936425040944
-0.6941321586609424
15301569137356566e-23
-1263372274456854e-22
-19435943874956174e-23
10471502145751135e-22
-0.5154724383299074
-1.0426051276368342
-0.4290646539341691
1.7077241334362239
2.914291860426145
3.7911897649647095
1.922046231973341
-2.1060075692908176
-6.252270603522809
-9.749369742875519
-11.483497788490089
-11.375827345710945
-9.693516470987348
-8.636790475910104
-6.9982167430506355
-5.322333425234589
-3.30551529247316
-1.4756704305791497
-0.5876154685216313
-0.2626281836820481
-0.18984143208033527
0.09308918857579478
0.648831934310353
0.4283625914385659
-1568717907294031e-22
10468754324378257e-23
16100060959476947e-23
-8674099108221871e-22
0.3365708345491974
-0.007890227142711289
-2.071867879638811
-2.9022835263242204
-2.881830836687862
-2.0527542587705216
-0.5234373640795726
2.1562628223736513
5.15015819329764
8.273731794120275
9.954908604177174
9.283701181663604
7.643908294812612
7.302593559767109
6.834785148132209
6.291496684269599
4.6791864805030015
3.533228506337054
2.7245792858580744
0.6859836064511488
-1.0231943471750162
-0.9392138909245134
-0.9091728760515382
-0.7017827725532307
12995696101813026e-23
6479526810595471e-23
9972522854509322e-23
-5372796046048275e-22
1.6311993716843056
3.728561764319303
3.5708913943234304
1.6078037643552023
0.8077383248921312
0.41687668718842963
1.6180232709904754
3.8784917676094373
6.09114426788657
7.785758005745384
8.056424170545043
7.47310596852801
6.273266614109958
5.454312176888169
4.2542572225766655
3.8586331243262406
3.3590783522013745
4.7161389004148795
5.04196377214675
4.191941520257142
0.9837661328738488
-0.2790567988269245
-0.24281754763051294
-0.18286610322271332
8045805420408763e-23
-1338835496817217e-22
-20598558902470297e-23
1109926965533759e-21
-0.557841405726406
-0.17839011617067263
2.6324523893931184
5.082233047799021
6.536923398616617
6.033938512600903
2.365723830123192
-2.637414826790642
-6.881392570169543
-10.030398003560105
-11.093700893224712
-10.387807289886734
-8.120318793719289
-6.563848528751148
-4.699752261834897
-2.74035640033842
-0.5497673102907479
0.5899687711863612
0.7620533457813248
0.8587208354875507
1.5554625187148627
1.1862747494390866
0.9400225649507671
0.6480155504850157
-16628998125865938e-23
-13880277790449503e-24
-21332732848061216e-24
11506924879632375e-23
0.9334313954387984
3.5590599949050974
6.908354479342276
7.494836736217764
7.961147377907457
7.335638327532558
5.498319802260407
4.164708830149642
3.6344408942081756
3.6558889455712067
3.808021810120047
3.85780065498256
4.505677044813017
5.09989012871041
4.687767070598578
4.186062753561479
4.297850831723701
5.626889294804998
6.249476124655608
6.297937357128151
4.217842323049525
1.5300434036692245
0.7098409041932053
0.4832942594815512
-17291536476661248e-24
-16644606913634837e-23
-256051893539513e-21
13796543336283565e-22
-0.5752956728706645
-0.12617682139953612
3.226804576959424
6.5414649535393785
8.584235508890176
8.958313435773759
5.04581214841391
-1.3974902766707096
-7.089610487920384
-11.341586369310967
-12.898956645051488
-12.170922874469898
-9.378183743932627
-7.790469120686314
-5.849889196405896
-4.015309554175307
-1.3646262396720927
0.41464186993950997
1.1413925165988035
1.6860998124283388
2.1747023176175038
1.3715872979787356
1.2358054448440852
0.8170395806212193
-20670818625599878e-23
763642578742867e-22
11738783044596815e-23
-6325171222139578e-22
0.47897455398927985
0.2432148369635982
-1.767653062844526
-2.824576012784782
-3.3971238912188477
-2.9691406972129317
-1.9108391637932367
-0.681300179871307
1.2813742950057632
4.086883480181146
6.5213087020224805
6.180029595049758
4.6522029888417755
4.494966539134424
4.864771028550748
5.015242406172679
4.099059868802053
3.886691755876882
4.186272359840381
2.50641628288603
0.5765402441541012
0.2812555333069603
0.013138831279078118
-0.12408760924086584
9474006437510233e-23
-10193006598952016e-24
-15608325614150927e-24
8426246696386141e-23
-0.020813947191084082
0.35419673561988324
0.8553188475746186
1.876975738347193
3.3292065404993747
6.2618112164364605
7.318665513401989
6.622205547354319
5.55873980976276
4.313491476722145
3.9417045823825054
3.708234780479638
3.6159370722090722
2.7124014688809894
1.9239858573715367
1.2335511712724383
1.6605109300379477
2.4655913954034747
2.875686390397432
3.5882773543604998
2.7674286590685795
1.416664981435014
1.178704046303187
0.8368406713899036
-12628717213671649e-24
-19329889046411216e-23
35746307313003925e-23
4326933410641264e-22
6857016102114553e-22
-5003599429170682e-22
0.11047867553880641
0.15186513305488758
0.21397849709243247
2.7053575787541364
5.979834137570024
7.060243487891219
5.77460540628123
5.4390673098671085
4.386596761611573
3.920601791324794
4.353463581760234
5.670664160009459
5.887285771303435
4.660081335345033
1.5189093682493524
-1.6293013293133887
-2.785321130991743
-2.101952530206275
-0.624001518742662
-0.2432779745372954
0.2546244371532001
0.09487480968380689
6046644647204924e-22
4349146573779731e-24
-37378626745825846e-25
-4876466286639851e-24
-7462397746510704e-24
7956451417158838e-24
0.028832387293446973
0.49800932619892685
0.8411917257314585
0.974978168235473
0.1978324411664623
0.49524857987310134
1.6667179891477506
2.4085227068806767
1.4985085740863051
-1.910678451605607
-4.190779012692458
-4.167765035956442
-1.7468080150871692
0.8823905233815644
2.9972195214451247
2.400303378499661
1.0159610841959614
0.5271551870278542
0.2770266145011385
0.17701076955289033
0.03129820869589468
0.012184051936531853
-5713689749099371e-24
57258288221129976e-24
-11805378546967636e-23
-14195701147054302e-23
-22572513550077629e-23
15763739049595432e-23
-0.06997132363895982
0.20605972544384632
4.040473161300955
7.755242677402821
7.3987993119994195
3.3903481808469746
1.64383103972857
1.591129237747266
0.5511381814776292
0.3602143677209682
1.2620082105625319
3.8274080152422374
5.881181067512963
6.538235125212026
4.9339415359432595
2.5470914849153985
1.332720994493089
-0.27179563077837543
-0.5255119821244876
-0.1679180372960612
0.254054214955123
0.09068201363867358
-20173532233164779e-23
13862161501712522e-22
-2607603169656769e-21
-31530522270875946e-22
-49996836510884335e-22
36229412389051783e-22
-0.38960282836570603
0.11692994142439998
2.0719406221691568
-0.871022009411425
-7.778650836013022
-13.394215054471228
-9.785564082707259
-4.642824218931211
4.5555180146335985
9.646171033038788
11.251971725353231
8.015211068557964
6.028232380666044
4.642629822150838
3.8624916930620112
2.80288226121769
2.036232788464637
1.220714767219705
0.9689326164650262
0.9241051335408059
-0.1387279661099178
-0.011823342292522906
-44192959510100285e-22
7556772756028427e-22
-14264395922099704e-22
-17244910474923946e-22
-2734765357399779e-21
19789254879463743e-22
-0.5927819405945035
-0.40101707792490393
1.2190758464481934
2.3956367953487763
1.050345932309869
-1.9263900480404004
-0.5240075084457136
3.2627430611208914
9.797775042536447
12.894928652635931
13.849462745190122
11.221114981647094
8.501643658587797
5.909885596158707
3.3647050653582853
1.1560771049354295
-0.16461988244760103
-0.697726105673565
0.30591439469111664
0.5115025792995037
0.21719795454290886
0.11612126334570708
-24185916219637833e-22
11053084408144283e-22
-20911993043181502e-22
-2527725748215555e-21
-400887282464618e-20
28980060205449546e-22
-0.22671602823489378
0.633813276389866
4.6338814746962464
4.6893312628192545
-1.915263785842116
-9.848150037019577
-9.746755290728366
-7.290722854428185
-1.083920816506628
4.756306528926012
8.334252800637202
8.038169255682458
7.391519517765564
6.232060939492207
5.44493576493716
4.7861083620840965
4.339293719823682
2.9040759013405713
1.1484537666417596
0.7823369765202828
0.05494173197313622
0.04648771477054899
-35458735087623477e-22
6352426177386636e-23
-1236113520472731e-22
-14923424183351218e-23
-23689912706104317e-23
16933541132980872e-23
-0.08196142473003985
-0.03530657407784884
0.4714948657430008
2.9862118690330393
4.62004891829845
4.60565740425485
4.8407863067209345
6.262712609708049
9.226914918253362
9.633539461219838
9.225579530933404
6.238785781939123
3.303615042302306
1.6494011803988555
1.2867735576642299
1.2508998396971216
1.3030284254007853
1.1331780110300864
0.6757219302695147
0.4943379772924602
0.4232116364339109
0.17741944375682198
-21045652565600342e-23
11668730674365341e-22
-2172269721733636e-21
-26282361564637717e-22
-4166145277234723e-21
30320504915846186e-22
-0.7379977361618727
-0.9748988600704562
-2.4219781627490793
-10.573819661404714
-17.31286941005047
-16.156072878564423
-8.06154632734879
-2.3966635429816714
2.868783270137741
2.593279409847959
1.1235109526222922
-0.15079461610377914
1.3805501453683997
2.41427282629173
0.7247001544639413
-2.6423921105674424
-3.5387672542015434
-1.9601658178573158
0.19548923283721614
0.6159990361789942
-0.5986041305540659
-0.20590601806029496
-3677891051216468e-21
2641635885104235e-22
-4994414989580937e-22
-6037878910006741e-22
-9575442325715203e-22
6924321821777488e-22
-0.07415123952495012
0.20775414419065227
1.2110284394291326
2.9982671486676176
3.852599120975043
3.574022481080086
4.162880380351899
5.895320823904828
9.54667452680874
10.60862037445694
10.618488752637479
8.444030030875846
6.338274397849745
4.615486053444363
3.4943432168271964
2.5877283208664776
1.7641279463180544
1.2202920017048222
0.8590060154463144
0.7271506397287607
0.2396734479194594
0.11037588073363831
-8471214451943771e-22
12536535953797048e-22
-23482129144734112e-22
-2840100014053537e-21
-4502865345618054e-21
32687887878734668e-22
-0.6854588908804856
-0.4780656561589695
0.006502544355459129
-4.034041965524914
-9.254384967485096
-10.22983681221676
-3.818707296677084
2.811844230580115
10.99495678741556
12.976744435902084
12.698868399409887
9.627404621213566
8.075728071247253
6.316818954625245
2.8401838610668513
-1.1674025348871455
-2.279944718973463
-1.2905155839666884
0.47503163834243606
0.7815383410469626
-0.1238176390783517
-0.007240399892897438
-3978369356401729e-21
-43750344774649093e-23
8339099182575186e-22
10075302815799748e-22
15982593822848236e-22
-11518077631923693e-22
0.21286838053168328
-0.1257260053735794
-1.5510986440487515
-2.424193657832878
-0.22860949729219945
4.068752966362829
6.103008577298364
7.192406016417587
6.217995908106949
2.8320928056552956
-0.2371497514216778
-2.065443515266872
-2.887913527278364
-2.4401996248933147
-2.988956678373125
-3.4847598201129384
-2.963432999076429
-1.9312991270283193
-0.8036706491982493
-0.3763734287216526
-0.05461258982797184
-0.02621104472632408
14148677283659992e-22
-36882507101598326e-23
6946966720383331e-22
8398953022766154e-22
13318834496790393e-22
-964677452704869e-21
0.1693140997758531
0.3304840122901192
0.41431445473673234
2.2821559012605466
5.417499283416673
7.790315438426686
7.060828081265477
5.5600298077337476
3.214625838505065
1.3991745439101564
0.4876992898923672
0.94172687712154
1.7944935119620773
2.182117970723969
3.2049161764924254
3.1906378487317237
2.2243963950413517
1.0084053871659457
0.09160261007042615
-0.039234061676383984
0.026279220597235607
0.001708732322689104
11773819423145248e-22
5.262423907958809
-0.2115585675196023
-1.006875617374634
-1.120663969814303
-0.32728911476886946
-1.152543267098058
-1.5705155998961395
6.270261074516939
4.299570158826446
3.5709094744320726
-11.978818493761233
-3.8953581550981706
5.486180884051815
-11.049099514319982
2.9339900049622973
-7.190336395013161
1.05128731110161
-1.769801139026853
-5.424508044925276
1.2883575521687265
5.579223084857712
-7.329680196991521
4.851040894338934
-6.018630556544027
6.522525790808528
0.20284641358050567
1.260098001917932
0.27225806067793573
3.9418742224692056
-0.6061791520238596
-1.1470937270045987
-2.5546849468467014
-6.012533140028401
1.8422666583775984
0.22055576845762745
6.887193247555218
4.6137062395645385
-0.3294655885538094
-6.043968926355778
-0.14015350328038959
9.6277812903057
-5.927812512672494
4.99261499582839
5.704146020399902
-5.448417997743694
5.954360635926938
-1.467967295760086
-3.2212836771874747
-6.972884942534429
-4.848581008874566
1.8671253679343658
3.0870934169984605
1.8980585988187164
1.6995583366507856
-13.13209146692067
6.861059648375868
17.166161174483396
-5.071085959612432
-4.014714808329416
0.7759567189244119
-5.23424433904316
-1.2108085699446807
3.856498510055767
-10.8108459457554
-6.802720980092326
0.9710387832295533
-1.3342269245404736
-2.5605014493459386
7.429986268873259
-3.0646984532355175
-2.818652556324783
5.310162013462237
23.026337097908698
-8.266599799848619
6.6174616169126335
7.39653302369781
-4.909102205694046
-7.342243443562478
-0.025924067207521728
-3.418738949605734
11.547186116952886
2.8368926924580755
-0.13164503809154954
-0.05627010267338641
-1.3466851245867175
0.4373505271693884
12.653129712246727
-5.713501093829143
-12.390320305593727
11.442606514516156
1.7304792639260451
1.8951966893841015
7.083992307727859
-2.337518749385549
-0.9588773992423458
5.8115644687356625
3.8940404921688185
9.9410084971244
0.0273330464742204
6.6862869744543545
-8.978121461855238
-0.42742720690668046
-2.7040301956431714
-0.743395264165521
-12.798310730666383
2.73272650456082
-7.769867712915339
1.255065277363173
0.5312479699347523
-4.902282986246789
5.223048123238157
0.47799434835961935
-9.288968966077148
-4.260493945211949
-0.255392445390656
-4.589269806976297
7.768604746417192
-1.016871496747008
-0.766372366049581
3.6580853127827866
18.338025004693062
-7.28367483642426
9.651138990964663
4.755927758920333
-4.482534801916651
0.8680313386298428
-1.9128804350724156
-0.1212161589552926
-5.831564043396503
-1.8478503048708137
0.026599048027770227
-4.034833171700066
9.230850590725726
-0.2336838765519297
2.638749732800012
3.243485379947506
19.56226828168693
-5.872879196924302
10.805677709584526
3.5669419882627884
-1.3578803645063573
1.484594344769327
-0.8752128102995826
1.6163056653386014
9.051827623318442
1.3412476703867764
1.6222527704461547
7.263252855186851
-9.193166382270903
2.947192210420904
-2.755118349307924
-2.6350157725454864
-17.522277762758783
9.679085968386751
-12.418544474855793
-6.13156485436991
5.02922348806871
1.5537160630086566
3.628766301126622
-3.312201354190383
8.558337710186134
-0.816770391842684
4.149737572635562
1.2589497067902675
0.9199506465802673
5.6774087184534245
7.907867234176874
-7.197018342877113
-0.324687033860153
12.298754782487991
2.333482724019362
5.1104559671675895
3.4259874176697274
-0.703393687705445
0.646117841334432
-2.341334025071646
8.503382524100912
-1.3661403577605233
1.4143796500824763
6.393645854177547
-2.485672206148014
2.5663177119011555
1.6138785140974727
1.554718323558282
-11.763470022791621
11.447472636750991
-2.1690442288483966
-0.6939879843863701
4.909895646658375
6.6834131831931884
-0.5002666506971775
2.4118829801764643
