8648.658984401673
7955.314611153869
7617.956999076163
7449.0553523895205
7229.881157517343
7143.875465643036
7110.901034258672
7100.059900400517
7097.0960947437325
7085.426061001117
7078.269995487949
7068.141213315326
7062.401278855301
7038.083848059319
7030.960936998626
6991.585749614902
6971.697759887814
6935.5637140053195
6906.68152765021
6835.765981182987
6788.754690403441
6738.922258075444
6680.486561884233
6636.9654153775555
6426.718466612403
6401.715124808918
6327.972644806283
6302.28669629492
6277.626653942374
6260.47099297459
6236.325370039435
6214.925813572889
6193.507219538035
6163.655192941225
6155.980819788218
6144.438575768273
6122.525398566043
6117.4507500047075
6082.329009548942
6038.596791598457
5900.4503266979345
5885.993658053642
5867.192334888252
5837.583882633815
5829.112548075356
5815.637062022204
5796.774271368442
5757.4393398788
5708.784330545768
5589.13446583365
5575.607540842457
5558.203857251413
5549.161516603568
5459.3850236700455
5361.269247314933
5345.455473873932
5334.860509086108
5310.0785148049
5297.083485352546
5278.248570455848
5264.8134870231515
5261.91937524813
5258.6355075080755
5254.55663392083
5248.492367073229
5202.3624629305505
5190.354015075098
5175.260451191366
5163.762645183919
5148.898397823269
5137.808009972325
5123.075451476354
5112.240294227241
5098.281365426489
5087.8786654872865
5085.1794163061195
5082.332480606412
5079.211669128993
5075.391223970383
5068.19550960733
5055.053126689324
5048.422454394068
5035.431398174705
5029.098136801729
5016.378425146807
5010.835667162563
4998.1672998182985
4991.334189320768
4980.108021529186
4976.4909979116765
4969.626022623139
4959.2713938846655
4955.885067130916
4951.04863793934
4939.519379268846
4934.616950046869
4923.854191562752
4919.846558364369
4825.240159756559
4820.655785526427
4817.084734377925
4813.613769161202
4809.278285588182
4806.291014735738
4803.060613280358
4799.64131184324
4753.433166355858
4659.774771901352
4647.386956882904
4642.494089658652
4638.869812030611
4634.903242701339
4631.694201546144
4627.7048387983705
4620.441924565537
4616.212042871592
4613.60164682158
4610.264093002186
4606.136096242766
4602.021279834101
4597.906823544387
4594.58523374702
4591.1651518936715
4587.232092410922
4578.512106877204
4575.289209650189
4570.246460028238
4566.9448812374085
4557.897101780536
4554.196758243881
4549.529762149352
4546.221448615401
4537.4729300213085
4533.873656438409
4528.99606028305
4525.674781246331
4516.071305689846
4512.581944398306
4503.6483687566215
4500.435416435382
4495.491509999215
4492.329314590904
4484.918831934297
4481.699157792262
4475.0783138350935
4471.9731348073465
4467.218964065689
4463.948367117089
4420.349496728711
4348.208285491372
4342.793438892722
4339.721041233711
4336.103553257052
4331.947570124892
4326.629790395512
4323.049822332702
4319.206913100761
4314.815306762808
4312.077554344257
4310.739673773084
4308.104460004913
4306.759385226935
4304.2261394737825
4302.850023849996
4300.660952685313
4298.748172009219
4296.882456418808
4295.741121903444
4292.300383237029
4291.092740588989
4288.32488214356
4285.289022416607
4283.0796653146845
4281.345411988477
4280.400763701355
4277.242200441171
4272.490432766287
4269.0249033426635
4267.322193207493
4266.424296718638
4259.527923601052
4256.088615708725
4254.047689766522
4252.268073431313
4250.473856234776
4249.70402665973
4241.628814513497
4238.406124240188
4227.956764329745
4226.143049353458
4224.333756049952
4222.542848210567
4220.756332015846
4218.98831251931
4217.224904672698
4215.479888914139
4213.73967788639
4212.017693272006
4210.300697920522
4208.601739823772
4206.907940047799
4205.231968269479
4203.561308448534
4201.908249088971
4200.2606393075175
4198.630385987249
4197.005703774859
4195.39811921659
4193.796211285197
4192.211128970677
4190.631813007914
4189.069038898845
4187.5121053896
4185.971419683334
4184.436633747763
4182.917792653478
4181.404895889797
4179.907633404943
4178.416345737173
4176.940375427349
4175.470396938853
4174.015413702746
4172.566426456311
4171.132108275697
4169.70377811522
4168.289787785664
4166.881766107936
4165.487752940131
4164.099678435682
4162.725279924707
4161.356780281569
4160.001623743602
4158.65231730672
4157.316021468149
4155.98551884867
4154.667695392113
4153.355601027026
4152.05585608581
4150.761769733601
4149.479705326558
4148.2032235015
4146.9384389115385
4145.679156250098
4144.431249330917
4143.1887598844505
4141.957328304007
4140.731226757731
4139.515869167067
4138.305751978226
4137.106069102524
4135.911535560756
4134.727131218712
4133.547784424058
4132.378266462938
4131.213714220695
4130.058695375902
4128.908551010409
4127.767649684234
4126.631532772047
4125.5043737352935
4124.3819107584595
4123.268125773698
4122.158950690646
4121.058179061177
4119.961933812268
4118.873822858796
4117.790157788511
4116.71436325378
4115.642937473454
4114.579123862326
4113.519605540761
4112.467446396759
4111.419512994379
4110.378691116954
4109.342029560172
4108.3122371652635
4107.286543966348
4106.267482795484
4105.252464127129
4104.243845510598
4103.2392172309355
4102.2407621034245
4101.246249741221
4100.257688619699
4099.273027321245
4098.2941002462585
4097.319034690531
4096.349491131458
4095.3837754101287
4094.423374144605
4093.4667716175522
4092.515280580381
4091.567563705535
4090.624759815572
4089.685709957108
4088.751378922437
4087.820786139467
4086.894722243267
4085.9723850618525
4085.0543909326702
4084.1401161025988
4083.2300024698925
4082.3236047087125
4081.4211901452513
4080.52249187186
4079.6276025256484
4078.7364335838097
4077.8489029023626
4076.965100277001
4076.0847687212718
4075.2081762473376
4074.3348910008112
4073.4653590670814
4072.5989737409855
4071.736358990444
4070.8767333220603
4070.0208983480074
4069.1678978979467
4068.3187109388236
4067.4722067857388
4066.629541417921
4065.789409851955
4064.9531446821998
4064.119266897714
4063.289285256255
4062.4615470461486
4061.6377366801853
4060.8160281295045
4059.9982808994446
4059.182496082634
4058.370707659707
4057.560744339843
4056.7548139075025
4055.950573238759
4055.150403197294
4054.3517894311194
4053.5572851082857
4052.764205304545
4051.975274668678
4051.18763841272
4050.4041917945087
4049.621910919689
4048.843860738885
4048.066849055413
4047.2941095550104
4046.5222825863348
4045.7547695738976
4044.988044301905
4044.225674900686
4043.463969518748
4042.7066619270618
4041.9498956015846
4041.197568860774
4040.445661504784
4039.6982352795035
4038.951107334067
4038.208501701377
4037.466073929702
4036.728209180462
4035.9904024721045
4035.257198923169
4034.523934110579
4033.7953119299364
4033.0665096184516
4032.3423886623973
4031.6179690701056
4030.8982687330245
4030.1781515456087
4029.462790622289
4028.7468948591613
4028.0357914208453
4027.324035315749
4026.617106598449
4025.9094074929267
4025.2065697998955
4024.502844048304
4023.8040126643737
4023.104175553182
4022.4092646721087
4021.7132303523535
4021.022153017854
4020.3298344477103
4019.6425025049584
4018.9538114071775
4018.2701354668984
4017.5849822952014
4016.9048717096575
4016.2231656290373
4015.54652847752
4014.868177352393
4014.1949204387975
4013.519830832732
4012.8498596899276
4012.177936873342
4011.5111557787377
4010.8423037466123
4010.1786157447686
4009.5127372412803
4008.852044174062
4008.1890407242017
4007.5312432672526
4006.871015215599
4006.2160129216322
4005.558459473769
4004.9061508181926
4004.251170090247
4003.601452523853
4002.948941593773
4002.3017115967764
4001.6515665599063
4001.006719700275
4000.3588357254334
3999.71626671738
3999.070538105844
3998.4301408702536
3997.786461116401
3997.148128842379
3996.5063906930395
3995.870015898991
3995.2301114141083
3994.595586007895
3993.9574066178184
3993.3246219558496
3992.688058521048
3992.0569054662847
3991.421848332591
3990.792217310821
3990.158556364361
3989.5303374178443
3988.8979621355174
3988.2710449738397
3987.639844473066
3987.0141185211287
3986.383981607101
3985.759336051755
3985.130151260583
3984.5064750930537
3983.878130732027
3983.255312786815
3982.62769697176
3982.005625963624
3981.3786266535744
3980.757191210576
3980.130696239234
3979.509784933035
3978.8836820371284
3978.263183410918
3977.6373602561152
3977.017162848775
3976.3915070516673
3975.771499420323
3975.1458985698073
3974.5259693089274
3973.9003109831438
3973.280348742037
3972.6545205244133
3972.0344140218376
3971.4083035152807
3970.7879415536295
3970.161436391543
3969.5407078677563
3968.9136957252736
3968.2924896418153
3967.664858244127
3967.043063716796
3966.4147008480454
3965.792207115704
3965.163000624304
3964.539697054705
3963.909534862611
3963.2853109611447
3962.6540810680367
3962.0288264831615
3961.3964169734995
3960.7700215042
3960.136320552715
3959.5086741554887
3958.8735700354036
3958.2445628326386
3957.6079439218806
3956.9774662101363
3956.33922099945
3955.7071632585194
3955.067180361304
3954.4334332654944
3953.7916014287157
3953.1560558594615
3952.51226397634
3951.8748110365627
3951.228948158827
3950.5894791875103
3949.9414345427385
3949.2998411344215
3948.6495041454536
3948.005678170966
3947.352938475024
3946.7067721035105
3946.051519574948
3945.402905300315
3944.7450300774917
3944.09386074582
