6417227556050315e-20
0.00010416439190663135
5575555790319771e-20
-0.004312257723919485
-0.07524886721837196
-0.16565231383778686
-0.15665157746977296
0.07871865656936895
-0.0017046477658087021
-0.15410882256492253
-0.27896155458469085
-0.0005944657585833905
0.9992960972212587
3.3561546213866777
4.097811332939361
3.741222259890954
1.065390200318908
-0.9601046141703832
-1.0815916844632862
-0.41466198109594055
0.07760287832482002
0.1996468901638154
-0.16049448597640387
-0.1478352980274319
0.14050672595932995
0.1910562707580013
0.10847857715198304
6675482384861436e-20
0.00010203309934112792
4377739719392348e-20
0.00013198472927832293
0.21444851290939473
0.3290149447239227
0.1567692027465845
-0.33720582843660313
-0.8944742289660674
-0.9825752665971665
-0.4954879544511866
0.06786842737770095
0.7055456169806318
1.5934121464986812
2.5995616552475234
3.1622662625717215
2.9897310935612356
2.4218923767389158
1.461638639462344
0.10253399773216534
-1.4658840135691604
-1.6290768042855408
-1.071759523627023
-0.22469753149762844
-0.01406379043771459
0.0042564997876105995
0.02099857273284277
0.02360536715208461
7300552715593443e-20
-0.00013163323080836572
-2343138867569035e-20
-0.0001811579846610265
-0.10952757737626452
-0.4092494350428714
-0.8090065604856801
-0.4437116266148827
0.14703172007748017
0.5031271102685669
0.7188401859734821
1.350423491286456
1.8448745456085838
2.2268229444530974
2.536207708707242
2.451086371604549
2.7094153509719208
3.3534518424905913
3.384609817949958
2.4799639894170156
0.9286071002823575
-0.14373921456272395
-0.06522585586091008
-0.1867703643587013
-0.07438395532373052
0.14323338881476758
-0.05798199039982244
-0.02320096330238025
-908831789438003e-19
0.00015427238469987398
1746953225632624e-20
0.00020929004952053649
0.26085232708500045
0.6741296590907233
0.913524737755143
0.8028168822715578
1.4471812969158147
1.9099736506950866
0.7947023118172045
-0.707213073620926
-1.1336350382141607
-1.1729198037595694
-1.1961054933223716
-1.456817923160828
-1.6900273853877088
-1.7325349795111908
-1.4240832639863084
-0.8568168787416124
0.12794784077816268
1.7940827781435222
3.025385451237415
2.5782860412900948
0.980002562181577
0.2736667015174712
0.24917865408589604
0.1424129797044337
9743898408057671e-20
-0.00011541247301610872
-5631520820674603e-21
-0.00016240089419452647
-0.12824450186098754
-0.052924028985110824
0.11350695730889201
0.2071003238782898
0.25111513918367595
-0.291535864429263
-1.009185112519267
-1.3388700288082556
-1.2362889677883915
-1.0532000250499371
-0.3347928806354443
0.04279627830675355
0.7853691993390349
1.8117009922702279
2.4950190707104105
2.78783868317042
2.818817165802206
2.5949145791478716
1.9523106965478612
1.2058498850064023
0.8351331112016324
0.5433878829953295
0.12491845020466183
0.0346159297225039
-69438613093728e-18
0.00018892366596097736
15890260856882345e-21
0.00026534668555751756
-0.10414843525399768
-0.002685661277174929
1.2095876765752638
1.6236796785217147
1.6241434150783047
1.0869417168895754
0.9684019171410784
1.5073558059094934
2.019980939854752
2.4159077840207916
2.048728705555149
1.5345600463815119
0.894107731715898
0.8167734484045656
0.5272848965942355
0.17236397574459394
-0.3341611089283208
-0.5144397967317909
-0.21848295406068327
0.12187539056437408
0.0009264315886256922
-0.1433392456019214
-0.08057303761447482
-0.025033876446171822
0.00011814668040702753
-0.00017614062802104178
-3465877911745875e-20
-0.00024008368888963412
-0.10723545859514542
-0.4206694403854494
-0.7347129060032512
-0.17414407920750993
1.2002557330684998
2.7635992309840507
3.3544895835379585
2.618463962943746
1.5669201967313353
0.7700238698210888
0.31198012531326796
0.43806040826295334
0.9433173240273779
1.5189012661686851
1.9837113983833314
2.2690070724036717
2.6892266854713682
2.1061549752558357
0.9199556065777252
-0.20833539851939642
-0.32698549792285186
0.028017925840505345
0.08496479756488391
0.04703475660747762
-0.00011714304363016442
0.00016452156798174618
-7275472908848734e-20
0.00026706417805411753
-0.06477962947355158
0.7441075318048761
1.6313733703992972
1.3269046841500272
0.3231148066008477
0.809000317291705
1.5051836034928514
2.051039062993395
2.2038578091038863
2.01639657664778
1.2076018640552832
0.40748664737126944
-0.10335667521318286
-0.22184884448496056
0.08987706184380423
0.27625882630215726
0.4755538805696439
-0.03392867558512305
-0.08460420734464975
1.6671242217609392
2.016446035804445
0.5758835662926534
0.27708371860656594
0.1600007413818152
889389736052987e-19
-0.00027574003520288
73459823995890825e-22
-0.00039339177550723025
0.5667208719484159
0.9508164120118606
0.8556273830102001
0.6731062662018283
0.05303484635298661
-1.008528695409738
-0.28570980709763116
1.065315430812355
1.3912448741719479
1.05850905070455
0.6787791435521835
0.8784873880572123
1.2314378939982353
1.8034531523266575
1.9217704907460516
1.8927790512042277
1.7292750411549827
2.0244971927602133
1.1549633645932038
-0.23521790777999105
-0.9535540198120359
-0.6519800660046341
-0.5019226086813834
-0.3033152369828306
-0.00016642588526570234
6049671176950121e-20
-20822633477642163e-21
9671091789095114e-20
0.06553849986418996
0.33869204947276377
0.04012871927507189
-0.6959898887196442
-1.4023199492073166
-1.3258653903880584
-0.25043545889179286
1.1782173647839902
2.297326777539433
2.8311506663743127
2.7714754708408096
2.1987093718793727
1.7372249562471362
1.6103156289766454
1.6168492099842806
1.2979342428690774
0.6480552575078643
-0.012390214553860891
-0.10905734465304902
0.3035768904670503
0.09999417853062852
-0.07641896289970654
0.007458637580928366
0.005621344669184691
326939275909295e-19
0.9634620185474899
2.7374136046924757
-0.22717414812200115
1.5000166047877113
1.2407339192414664
0.9812757737910601
2.5189931720907834
1.8548952836244963
-1.5042378945618855
0.2530521199444228
1.1310168083105874
2.2293515253036125
0.44400831751841513
3.769303991911322
-1.710697101875368
0.30251197044435574
1.5324997845560484
1.909761005135428
4.306452277570838
0.23051182882174742
1.7115169694680707
0.2085600431058379
1.7194281665454942
0.319565844491991
-0.0626380851728423
0.22406692249978574
-0.183272216703244
1.0007482547230282
1.3373826318578095
1.4755293840473653
2.314486836597857
0.31338071868700546
0.01556792186671498
1.7731258691059422
0.733834675604615
0.29286141673014887
2.6398868623539418
1.9994066200852092
1.6189917520211976
2.570173487453899
-1.6300955093967457
1.652792061393705
2.909391729669767
0.6344503902904164
3.0245134508300673
1.2667311240341794
2.617644625846446
0.5735081115380284
0.07637305781403306
0.8802114375475081
1.6653187930166968
0.015798123554003802
2.4773691476316295
0.23836464362110038
-0.11563732711988291
0.3235783079762008
-0.3068428973212241
1.2388912326345372
1.082919146979602
1.736711105352846
2.0172907537560145
2.035471391650999
1.4929744622703738
1.0653395766607865
1.3036006153026798
1.9869523242137037
2.2382510322354414
2.164123474237147
-0.4154545397856692
-1.662485245624106
1.813763366140081
3.153198283930185
0.6266577290328609
0.1387346500867659
-1.6311121901054122
0.6842957458173606
1.7296537142997308
1.0925832521148426
0.32758052878701127
3.6251555915421356
0.019206803242537034
0.3821535257429825
2.9357952269046184
0.8275933895543036
4.2132602434298825
4.040331197018393
-0.09552953518944816
0.35959882479004757
1.3731245887058767
2.039293890825251
1.4405608244314094
3.17702080567058
1.1324698963637772
0.738829219128396
1.3685997594933053
2.19722198582107
2.326474318820523
1.3497142702189397
-0.5186098153139233
2.5312280151325974
0.46211669748929185
-0.637823436535193
3.353495675362576
3.848745656974144
2.141867825031887
1.236012389610774
2.0322825800266515
1.4417979253958735
0.8077247298765545
0.360742537227225
1.4639546872892024
-0.840601541534772
1.9728402808718783
2.2377440346651722
0.926804669736985
1.9255478855902814
1.7022128780962018
0.7904544587843255
2.2253181318017194
0.3380821220707732
2.5607414672999744
2.8186550779632826
0.7629177844320839
0.441202002912854
1.3304860529583407
0.6891155722752599
2.4199642879999197
0.8540793648593703
-0.9603102904936786
2.221586896894543
0.7242407497098275
-0.9588646612682323
3.9442758012113983
1.0313925661194157
0.3591772804328868
0.7247303701714443
2.849656719667186
1.6230266433920015
0.5148789996132244
2.7979684664893805
4.174982714126852
0.6403252050512594
1.1510366817472706
1.0443850057340534
0.11072532731388647
-0.6342886214107762
-0.3870182323925491
1.4766531500275335
1.5894479357821933
0.6457347635814579
0.48029360057118314
-0.7347162662655722
2.029074538832978
2.3854494267031914
-2.339648768719607
1.0580679856957438
1.3598835016429547
2.8993650811734386
0.6617583474820439
-0.24930783737204476
0.45107123501068325
-2.219515369555959
2.7022081561657343
2.7190149542521147
1.9817146490107058
-0.5233087095500734
-0.7240823412281934
2.0392594262541754
2.394002396472029
0.173220545532538
0.6183032274746915
1.954724772888858
0.8821407855747969
1.825882479173367
2.755161890151737
-1.8494991251232193
1.6230596758769784
-0.41021766056217807
1.3179755135117153
0.31651357010920894
1.0662202497953523
-0.09457337630993867
1.4187222183136188
0.7165075911082945
1.331815262416856
0.9599306361098949
-2.84440509164449
2.9034696857141227
2.4640656709414315
-3.1441127869482
1.279049739106316
-1.3864128793008172
1.355319088161828
-0.07054646106652346
0.010012428056440254
2.170134474075937
0.2735392018649536
-0.786380341497205
0.41930329831902624
2.449213654458742
-1.1815459219960354
2.043489933437145
-1.9747612357451538
-1.6547638164185878
1.1070839481319208
2.304095897477966
1.586932680119696
0.5539385698367758
0.9247339613253748
-1.0104771990893795
1.24741502235732
0.15722767522245973
1.5506782371725347
0.5632665307941442
0.2865019322269046
0.5684535139976201
0.23684105008395598
0.989555809143495
0.7613489848241447
-0.18172598380314062
0.8197061889140945
0.8875622984355592
0.522333517836852
2.0986097124687375
-0.556632696572877
1.3955778979851725
2.3108518474667297
0.3209180339517688
2.6460825256351286
2.1662081617693674
0.06168902077047587
0.2598585374299805
-0.7066916866178834
1.093502984698616
-1.0988631446366095
0.2569964493872077
-0.22775779911120067
1.3340957093849228
1.579575297191818
-0.66537136009563
-0.1493294884696968
1.1969827625227953
0.009696638376632552
0.2990422544874408
0.8628240027403472
-0.6340754031313715
-0.5312543258174134
-0.23733706710217156
0.36700309680068416
0.42488859654919636
0.41564672210526565
0.5906226320443223
0.26378015332347365
1.9020387324574266
-1.1010081395222036
-0.5024532369141105
2.4869988448979505
1.9867964725517815
0.18269889671918207
-1.3020398732412017
