1554444682.102033
1554444687.305022
1554444690.21746
1554444693.538995
1554444696.414046
1554444699.740549
1554444702.837175
1554444706.013644
1554444708.76929
1554444711.632331
1554444714.299053
1554444717.44327
1554444720.771843
1554444724.130318
1554444726.842926
1554444730.058573
1554444732.80619
1554444736.633225
1554444739.706692
1554444748.014287
1554444750.950499
1554444758.855916
1554444761.797343
1554444766.504669
1554444769.43548
1554444772.728961
1554444777.28538
1554444782.300812
1554444785.478869
1554444793.714663
1554444796.962491
1554444800.294421
1554444807.812134
1554444811.140742
1554444820.032977
1554444824.017137
1554444832.12357
1554444840.663769
1554444844.099885
1554444852.657806
1554444856.024496
1554444864.32789
1554444867.770293
1554444875.863021
1554444879.020476
1554444887.487571
1554444890.709819
1554444894.433127
1554444902.967314
1554444906.005838
1554444909.878969
1554444914.75704
1554444924.328875
1554444927.37239
1554444930.665062
1554444934.276064
1554444942.618424
1554444947.017218
1554444950.284799
1554444958.914028
1554444961.895654
1554444969.065792
1554444978.021103
1554444981.176315
1554444985.581132
1554444991.322784
1554445003.438461
1554445008.40312
1554445014.208536
1554445024.295603
1554445034.140702
1554445043.924732
1554445052.677111
1554445061.312295
1554445070.100321
1554445078.627336
1554445086.999501
1554445095.498861
1554445105.317013
1554445109.023708
1554445117.570006
1554445121.675877
1554445130.002651
1554445133.454815
1554445141.886541
1554445145.124592
1554445153.489131
1554445161.946984
1554445170.670389
1554445178.95247
1554445185.746892
1554445193.873594
1554445196.9551
1554445202.434298
1554445210.38211
1554445213.628559
1554445220.331664
1554445228.244696
1554445231.388312
1554445235.948436
1554445242.413684
1554445250.690399
1554445253.70732
1554445257.870492
1554445263.013346
1554445271.456712
1554445275.511557
1554445283.647672
1554445291.473902
1554445299.514885
1554445307.501032
1554445315.339299
1554445323.184975
1554445326.54656
1554445334.620832
1554445338.021172
1554445346.242719
1554445354.200284
1554445362.138063
1554445369.672896
1554445377.553896
1554445381.371055
1554445389.273432
1554445393.262874
1554445401.239219
1554445404.414728
1554445408.190491
1554445416.134053
1554445420.525363
1554445428.469736
1554445434.536435
1554445442.674693
1554445445.769334
1554445453.034496
1554445461.047304
1554445465.607682
1554445471.935485
1554445479.965705
1554445484.355046
1554445490.393761
1554445498.607543
1554445502.576838
1554445507.941892
1554445515.813354
1554445522.01458
1554445529.960143
1554445533.473733
1554445541.382355
1554445544.465676
1554445552.270978
1554445557.492804
1554445565.582197
1554445571.165026
1554445579.37507
1554445585.221729
1554445593.278137
1554445600.968826
1554445609.157704
1554445617.140934
1554445620.013373
1554445628.080376
1554445633.931941
1554445641.793714
1554445646.62336
1554445650.945831
1554445659.156135
1554445663.262344
1554445668.967113
1554445676.963881
1554445681.533141
1554445689.47195
1554445697.38185
1554445705.464476
1554445713.31409
1554445721.159311
1554445729.44268
1554445737.306013
1554445745.566331
1554445748.736857
1554445756.436806
1554445759.324706
1554445767.395109
1554445775.278139
1554445783.310102
1554445791.239723
1554445794.204416
1554445802.209597
1554445805.335607
1554445813.347673
1554445816.621493
1554445824.776539
1554445832.428882
1554445840.549137
1554445844.044825
1554445851.835952
1554445855.193198
1554445863.261975
1554445867.786841
1554445875.889433
1554445879.040946
1554445882.582602
1554445886.576354
1554445892.586559
1554445900.879483
1554445906.678166
1554445911.276684
1554445919.37993
1554445925.13138
1554445929.547278
1554445937.495569
1554445941.497111
1554445946.899257
1554445955.074476
1554445963.053777
1554445966.123132
1554445974.384199
1554445977.578774
1554445985.504671
1554445993.601172
1554446001.667578
1554446009.491246
1554446012.647184
1554446020.946185
1554446028.876779
1554446036.892507
1554446044.923124
1554446052.740543
1554446060.699283
1554446063.8173
1554446071.742977
1554446074.526916
1554446082.37566
1554446090.466401
1554446098.30513
1554446106.658465
1554446114.452624
1554446122.209016
1554446130.208611
1554446138.303169
1554446146.255065
1554446154.079323
1554446157.020785
1554446164.956871
1554446173.070032
1554446180.916036
1554446188.994529
1554446196.807099
1554446204.892432
1554446213.178559
1554446221.206661
1554446229.117429
1554446237.131523
1554446245.270584
1554446253.437891
1554446261.518938
1554446269.609206
1554446277.63127
1554446285.483942
1554446293.44407
1554446301.440143
1554446304.509454
1554446312.550934
1554446315.616021
1554446323.843118
1554446331.893472
1554446339.513491
1554446342.524163
1554446350.607342
1554446358.376309
1554446366.6506
1554446374.778588
1554446382.940204
1554446390.997152
1554446398.725164
1554446406.865254
1554446414.892525
1554446418.88474
1554446426.927549
1554446430.92902
1554446438.776589
1554446443.532451
1554446451.575374
1554446454.903504
1554446462.054489
1554446469.98971
1554446474.769652
1554446480.927668
1554446488.984132
1554446493.087376
1554446499.536696
1554446507.776523
1554446512.944083
1554446520.967398
1554446529.27491
1554446533.312438
1554446541.291393
1554446545.043752
1554446549.675376
1554446557.008468
1554446565.330129
1554446568.471533
1554446575.648344
1554446583.35793
1554446587.384812
1554446595.394653
1554446603.574008
1554446607.140326
1554446614.545792
1554446622.416796
1554446627.787047
1554446635.711679
1554446638.896759
1554446644.049384
1554446652.152105
1554446655.979013
1554446660.525854
1554446666.700085
1554446674.738513
1554446679.165046
1554446686.086648
1554446693.917861
1554446697.908721
1554446706.033359
1554446709.277839
1554446717.026051
1554446725.051047
1554446732.592624
1554446740.600139
1554446748.505613
1554446756.549495
1554446764.895776
1554446773.11022
1554446780.991535
1554446788.915885
1554446796.877296
1554446804.976374
1554446808.306402
1554446816.738558
1554446819.885909
1554446823.360785
1554446831.278026
1554446834.771743
1554446838.968691
1554446846.826975
1554446849.73361
1554446857.688581
1554446861.158983
1554446868.957931
1554446872.373126
1554446880.467371
1554446888.235908
1554446896.288638
1554446903.940859
1554446911.887514
1554446919.949976
1554446924.329874
1554446932.1396
1554446935.336415
1554446942.163396
1554446950.226726
1554446954.131561
1554446960.373593
1554446968.397897
1554446974.337437
1554446978.575885
1554446986.6981
1554446989.862328
1554446995.902819
1554447000.363931
1554447008.144896
1554447011.210616
1554447019.280782
1554447022.576078
1554447030.647782
1554447038.53158
1554447046.699952
1554447054.37579
1554447062.239944
1554447065.164131
1554447073.255388
1554447081.202411
1554447084.125993
1554447092.084739
1554447095.062341
1554447103.180588
1554447111.269814
1554447119.676721
1554447127.721511
1554447135.61188
1554447143.369466
1554447146.591444
1554447154.30257
1554447157.335024
1554447165.065625
1554447173.238044
1554447181.389477
1554447189.374503
1554447197.403642
1554447205.604188
1554447208.419744
