-0.006799179704091035
-0.018156097770331673
-0.002872351720673671
-0.47322944028215513
-0.5366097088676663
0.7567122889081511
1.967515502326452
2.3781294283762913
2.627896633338269
2.2667014779874197
1.8889595446163234
1.2465920282103893
0.6052460896151131
0.2764310263467561
0.39782537390991113
0.6561014121118307
0.27838918025911347
-0.2394574645703346
-0.7246123601874238
-0.7395034921591721
-1.1652268049810885
-0.5284415098461702
0.8364676251497882
1.7921618147750338
0.6848576189100039
0.2885593748247831
0.22715317543741084
-0.017769653610325183
-0.004119413726913125
-0.011582339132231844
-0.0016453945932949614
-0.06710588784381012
-0.18271503451412024
0.48641073139468166
1.3305874514101759
1.6533998677772206
0.49259709693996306
0.11029179646377764
0.3324152435820289
-0.212895913093579
-1.063850095412012
-1.3082888159479351
-0.45695111878587535
0.9902454610876088
2.2641449769269073
2.537289551835824
2.3429639726862175
2.3082090949941403
2.3299402404465646
1.3880297371498087
-0.558334917610687
-0.975296681179504
-0.3883093897688126
-0.23758466527210573
-0.16702066702550347
-0.011034823041457328
-0.010292281887965996
-0.029974538573202245
-0.00946358783879659
0.6785416125891459
1.7803441727724143
1.5594576724887026
0.7606100862583243
0.25349035360730915
0.28302582522646097
0.975037616007779
1.7208870100732583
2.0177254225051624
2.0903072754624366
1.8318225053929122
1.241507090755114
0.29252357122415756
-0.5231600851696068
-0.595235808148107
-0.0801422016721298
0.5292571932250631
1.4908487475363854
1.8033406498691167
1.6146632722921872
0.27458308147677857
-0.4512573907326662
-0.3719017899712286
-0.2364204017092133
-0.03288375149359228
0.04465568381944511
0.12915804855367524
0.03679239837854878
0.7243591573890361
1.0094075624975354
1.1183265943156202
0.2041836863888114
0.5062039608091178
1.1142825493048285
0.7682237991687917
-0.23038999116685902
0.23624592733942998
0.5933737972027103
0.3124708410870395
0.9379463311620716
1.5927210950842061
1.8327174922977105
1.214699133277932
0.1479541858557877
-0.6320084038485411
0.34647254898498714
0.9531486204036027
1.187867887861767
0.7623976177675843
1.1711119451263945
1.1606230017793209
0.7750701391907263
0.1385143964888847
-0.004497586049444774
-0.014942223417632804
-0.006440688124350561
0.030656329367693223
-0.050476332098439894
-0.11156527364859938
0.4028937938676495
1.2836707039092023
2.4278166684624316
2.1427779386764234
0.5671042329552034
-0.7385616355395024
-1.166153970262206
-0.45939798511612057
-0.37186929002037294
-0.368285569526926
-0.23619824565717992
0.33557402805010134
1.249975740601776
2.123281109944143
2.1915389892394943
1.4375310437949502
0.36697734340627436
-0.09816294138662199
0.29481162418764284
0.27432256085948276
0.10840376345542188
-0.017611399428903964
22392754142438393e-21
-0.001739891337457801
-0.0031837631050819107
0.003869421531660084
0.8901336638276892
1.8880722155992045
1.6767456433385945
0.39451134848058916
-0.2981763731880811
-1.1192276405523358
-1.2394032463564262
-0.9103058685769825
-0.4870700652261629
-0.7505208752687716
-1.803724086194409
-2.328421238218773
-1.496478203582085
-0.5549530452213376
0.15691272731600606
0.5256514758779071
1.1560853050859778
1.8926224618241634
2.5250426181333787
1.6256475290880383
-0.014946722570191065
-0.2618349408430087
-0.18216862911677817
-0.0039842854872214764
-0.007075927642987374
-0.018721080850829953
-0.003461416292776068
-0.19052787411957656
-0.5994516865149514
-1.3379651482289807
-1.4175857255963267
-1.003395671969982
-0.6975758078487622
-0.0793468108436696
0.8157585194999654
1.6409548187865992
2.3166821128232247
3.038702641677304
3.139754366545181
2.9595149509349477
2.49357910045944
1.9448427116950666
1.198491774004399
0.4036724715101318
-0.24079736726665177
-0.2529350683153733
-0.15179249081420002
0.11164709489658595
0.06788338469088782
-0.024156396217075885
-0.0005731349795329159
-0.018675894720529856
0.00042086792727112784
-7296414572523315e-20
-0.0023292196113598325
0.0810264554689217
0.0004958787536286343
-0.3148158583927927
-0.22826426857705168
0.15529902934200618
1.6596973814043954
2.6275334197368765
2.853910954072545
2.9189440761608463
3.0547945517588277
2.8825852191339263
2.2190886808533263
1.2384157437854806
0.538196885926073
0.3770461304192051
0.6738516115716704
0.780124731777866
0.3741378090106458
-0.20671121635956777
-0.28008515084967933
-0.590750716766391
-0.19895308693837296
-0.013675641165216587
-0.015707854856404444
-0.0018378879303768323
1.4047837227902513
-0.6489844032724535
-0.41303681240113627
1.9242198814622549
2.8411935226251277
0.10729051927720598
0.6190884966792942
3.1467538819010694
-0.8690940358280106
2.7056246944213607
3.2705184894886545
2.5633040630290544
0.9545701934622025
-0.10234106030960503
-0.7400745886911124
-0.9827844259834067
0.4676700780672331
0.9812732649119549
0.5509624553953127
0.40411514116635594
0.5605796532917503
0.6273802545257091
1.7954102543242993
2.075805933142041
1.924416509981407
1.8502974428110988
2.62851751120403
-0.0481557302293067
2.7275110138307315
0.9494859957765104
1.929127996938704
1.0873458713857296
1.2282633307084656
1.1476906923689134
-1.0565219731747726
1.469474057273076
0.6091292084471807
2.1329039308365356
2.6971449846760907
1.9275813084920246
1.0450304681981746
1.0335629490085319
0.24817937936177334
0.5582521283242066
0.37902687361119175
0.7272135909870494
2.5942548779866192
2.2315608557547204
1.344343707890031
-0.9965525030537814
0.47798741877773027
0.46495639071191175
1.4632248516747917
1.8298064077486331
2.331586810832577
2.6645876494219434
2.146141839435878
1.8098670533548467
1.429077503793527
0.37265541939958624
-0.13801273528050334
-1.7079536484167548
1.158765740062253
0.9943259437463786
0.9418500538971132
2.967948235779656
-0.738207695560956
1.458712806053511
1.0549720007305352
2.0780912519263235
2.128725167753748
0.8954905463150793
0.8729765206651285
-0.7938347236030678
0.8271520929515672
1.1420978688233185
3.0574181052529523
-0.11813125285607161
2.7250489092456616
2.6897278451603985
2.9190259429457037
1.6683291474435076
1.0102529162818483
1.0694964655144714
-0.3193545668935585
4.122684807750215
1.3887976183326967
1.08308616170537
0.2026665205454049
2.4297324931258917
2.3679645114170675
0.8423250131047549
0.4936625881888791
1.364856910498096
1.9025890279699422
1.7637813603348635
1.3883666840588358
0.04304604953411721
-0.07210546588249282
2.0559785659261953
1.5661838223895075
0.05772886780028113
2.662204828304221
2.7360216206658796
2.973507914322442
1.4744154438594665
1.3369849914094396
1.0799078512902676
0.5224849330808591
2.2033708013126114
1.7943105603145217
1.2377034703147292
1.3500607133636708
2.5474474675115077
1.5622214310142193
0.8725824751792705
0.5577964554830365
0.6979655666621076
1.6956008234948663
1.9293922913365493
1.7433857499982726
0.02660755873315202
2.21444187979668
1.7526665059061302
-1.582107309600813
1.9097255632207941
0.4649917986863195
0.3543672170148189
2.5465491917664638
2.8555902959193626
-0.4749424342233242
0.5340261583320807
1.8192100670127682
1.8913849028524352
-0.7718317938328499
1.7504152996106452
1.42905874641258
0.8675424123413533
1.8732448607405758
1.1841901383213895
1.4332787217957301
0.710372883155479
1.2074403939452367
2.152344894860845
-0.424538965912975
1.9768039632762007
1.2209104022235602
0.5568660855010994
1.464918762935256
1.567649644617503
1.4410648376113666
1.5352085999539218
1.2230141211752765
0.9933460024010822
2.441271927825741
1.1967557805377917
1.8216765727566504
2.077223638540034
2.445576116986147
-2.5841976590555915
-1.5243336715365117
2.0431590187163176
0.5184609693299576
1.2322151717450436
0.33104859915741985
2.126457880307198
3.451529169575353
1.6666108466558625
-0.6523821177812671
2.8658640097743984
-0.21623771212491527
0.5573687971582937
-0.885836681307849
1.474366857405949
2.689168868845299
4.389160172918672
3.5192867402053887
2.0785480058019825
2.1095224505723205
1.8519361873060185
-0.4357212535523102
0.4180953775098179
0.07069834297043227
1.9202245409743897
0.7809766901635397
1.1616322233015217
2.5817434626829447
1.293880591685242
3.062399946035801
3.1952571523155635
1.3944235356459505
-1.2226111466654048
1.9594610407280133
0.09713302923071251
2.023778948743321
1.8572985918001343
0.851135464744019
1.8611678450298563
1.1856254502832275
1.6959042632863695
0.6916541231604048
0.31145821946828295
0.1351356968318363
0.8996857963720848
0.837689276081538
-0.7555477593604145
3.789809223452731
0.08108962654682154
1.2117926089693694
1.765063837765337
1.0912243698690756
2.3693782471754523
2.9617663845447972
0.0776009194739804
1.7695290394113599
1.3506144358160896
-0.09573666343348067
1.2262788145653036
-1.4443761074780161
1.4308061690709761
2.591555478708041
0.41492072176674916
1.2061999095426432
0.6218300170592854
2.903281676832336
1.7916472751946935
2.2104995399517233
0.6209803487953781
1.626547728733082
1.2431652507391397
0.32851889576280435
1.0443804670983319
-0.1672388542062876
-0.3216491387926667
-0.39997336799100064
1.7863146049242689
1.299271658266352
1.1530441559225415
1.8258707290205312
1.1310801591769164
1.8966959965979047
1.4835323220274013
1.0372744823924533
3.683153795518303
0.9054136161995937
1.0875433874670473
1.491692930037295
-0.021879417753929722
1.4164703438331547
0.566204461173889
1.743182480547996
2.1285666094539297
2.588540339965605
1.5858183364565113
2.011080925070319
-0.796066335056822
-0.07464964644941188
0.46590523566904385
2.5682615469416596
1.1157023511760464
0.21326194418149044
0.6971492033926614
-0.06388645396267337
-0.2876958602180382
-0.2897425914580562
2.2328779033104986
1.5907345145781222
0.9267528890723093
-0.3112092121259584
1.4244987707538765
1.5123823159421275
1.356113142481797
2.7968536407084503
0.5794336141523285
1.7778662616165886
2.0658610177634475
0.44017652642794775
1.112367917340246
0.9979120058724984
0.829636323146964
1.1753733424411668
1.9767148795252412
0.5966056510585537
0.7688375859725803
0.8787044371262442
-0.05822782420402826
2.933369783125121
0.17138175444809303
1.9216599509400052
0.8487581232191128
1.267560830252396
0.7074661991083889
1.9676140186718327
1.126646592041429
1.695707286161686
2.0634739226165193
1.2760667086873407
2.169534209595445
1.8560989579187515
1.842885739660458
-0.1105156751013221
3.0302019298680207
1.6053895827546174
0.8915020530174214
2.595804330709823
1.6127583717726879
0.6068153470561513
0.5346191594070081
0.5638072735167333
1.902490891875451
0.49256833311437437
1.8222922412580853
2.1710181962741917
3.559412320633716
1.376319113068572
0.9476429593765561
0.7302837382249746
2.730946915627339
0.006966335917920688
0.7900171341732299
1.1429822417093705
1.2882194657073944
0.9634304680442632
1.5019808955569947
1.6383986695052601
1.123083867565503
1.069413657473055
3.3518741031828077
2.3159052576170276
0.11892516302146586
1.1651364079048832
2.0869326031591537
0.749717973685833
0.7997658439660463
1.1476235095400011
2.8419692441291367
1.7585028053778502
-0.6418447028855419
2.5774183210787025
1.4513512293441837
1.1376012445603043
1.2514638077169147
-0.44993741574239854
3.288413113901922
1.0765889348421542
-0.42452513481619836
1.11413427020489
0.8031152919970751
0.3266971283764325
2.1890963049921326
0.5669621581937432
0.18334195556379124
0.36346069247012736
-0.014502542856386394
-1.3356678479214312
3.154720213064273
1.836656830575218
0.6474972777699249
0.5689514407754359
1.3027693398421467
2.0938805322621885
1.412635194589096
1.179034053270619
2.036843174133832
1.696249885741735
0.7599499555778921
1.2613572886888635
0.7200511607281107
0.014164827112470663
0.008813448575586162
-0.005526725539217833
0.008261868263136537
0.015682295466350322
0.00873204487173514
-0.04140513432110987
-0.003282579351839424
-1.053119610390197
-1.0311286397610615
-0.3569762415895838
1.0360113891263658
1.9571314620609128
1.893628861600413
1.2221106946958897
1.2258454337796785
2.0143912237340573
2.4590271096526233
2.347057246580254
1.52664877184858
0.2618523698526229
-0.5939422994499066
-0.4493934754577606
-0.12408609403995224
-0.07365053531716811
-0.2991608462827003
-0.12316681439183995
-0.00623190145406765
-0.03238504108685854
0.007732699088307639
0.010631918602335609
0.011983819904786197
-0.002806524929513632
-0.36958056906703163
-0.021451106519207792
0.13138569016449772
0.45974238845289717
0.7086019153628603
0.9134120786981107
0.6097961626507724
-0.2624590011180372
1.4586260094315386
1.8201048356769038
2.116327401910532
0.45944451246178236
-0.26609412033413193
0.12046599018282682
1.379986837019817
1.9745158535079772
1.6791406795145059
0.48374004165526163
-0.38436931445738465
-0.20328562935021383
-0.08601711583731829
-0.04556052465932354
0.08166519024695666
0.1058457647023775
0.1196475218866587
0.05872028096464718
0.14065666718709596
0.05139787722122371
-0.07733338649935456
-0.16615341118955107
0.03990016227878888
1.5315975319428745
1.5200314617198234
1.0822616645549257
0.3741334151970942
0.1327516192641651
0.11700207743398774
0.668446748736761
1.3012634453889258
1.9152071693582822
1.2330315766526385
2.0869136951209075
0.8584998818769239
-0.7819403792107446
-1.4971131029096794
-0.17827867322020838
0.593363494086249
0.4827765645242065
0.5530731338330156
0.19700633838506973
0.15019692330419326
-0.012606179588997806
0.00825876091420275
0.002289161409457307
0.024626297288378993
-0.03379714041420875
0.06989486932054174
-0.0073122991082708415
0.5483440534180044
0.3839726747546147
0.7983244359043178
1.626421334013904
2.5439896644981683
2.4605365698969086
1.9995965120033616
1.6353149998768515
1.3036788445986136
2.238894779159299
2.2745453165521647
1.1098527958874398
-0.9833848512149426
-1.3370170563191601
-0.6691276331669054
-0.651167919772134
-0.4163850489613873
-0.3186937382018575
-0.2219062614721062
-0.07328280979816584
-0.0015770945669030863
-0.017017724962576062
-0.028841045532477804
-0.0045011450322619325
-0.026442538478722976
-0.027247465379821766
0.16474071667338944
0.49400445454820724
0.6088877349441544
-0.6610829627164505
-1.51212861060159
-0.6776906406953177
0.1117501413462053
0.5826094228808806
0.8088576611953661
1.2784168685552968
1.5766962600601107
2.1381409087341074
2.667331740433984
2.1168397576000113
-0.014749569724048627
-1.7276913593027716
-1.8403917741646567
-0.9531179583540565
-0.10591958688191613
-0.10162385475660514
-0.14255834710255508
-0.03615754863736222
-0.038557123409550406
-0.018177104363564275
-0.012204858372162475
-0.009747248151716218
-0.019143054804961666
-0.0013531124605561684
-0.07644614624061315
-0.09179684593004844
1.4717470979468996
2.664517654162648
2.263611774771561
0.3299246357996909
-0.5436336583510326
-0.9477682022446567
-1.405810132407946
-1.7963629053516714
-1.6960931387495861
-1.3332166290960044
-0.48451775250309315
0.4841771001152133
2.1268494813829624
2.8291394895162556
2.3174250680726725
0.699484425564738
-0.048189023263115936
-0.07033957968857761
-0.10001183949790685
-0.05270243230980183
-0.01540558370684871
-0.011802156840570996
-0.010903956841007688
-0.01715147054163842
-0.020832784233679753
0.009633571947208491
0.008164455644748783
0.17652253765334944
0.21424883472735234
1.4014205791348056
2.584534202202243
3.058355600332815
2.2722398669059722
1.5302321320441301
-0.3917176014496069
-1.061426888848092
-1.3907015497168569
-0.09110933589126965
0.8890673209591105
0.7633904120491907
1.2958492899623062
1.7903941896947289
1.4957618090071487
1.0478566600617185
0.36860419984276444
0.33967806334433415
0.2587587982645036
0.09204586111350438
-0.024047775843356566
-0.022959023045008516
-0.022247267861644437
-0.04349935188627597
-0.05631834480158338
0.057239899825525783
0.02378790970029741
0.04394813411851069
0.06032916200171839
0.38573481052592945
0.1401625856338398
-0.3676629422531663
0.2507332797762843
1.9603872983957047
3.6607459619665113
3.575653392316934
2.8064044219787925
0.5526570163638068
-0.42643756085964735
-0.9616932444256125
-0.06727374487077857
0.6362615856520355
0.8664428680683717
0.6614441337140331
0.34156325864567216
0.40970045704826635
0.2317411344514847
0.03321399123478065
-0.03304974404442947
0.005793569318513693
-0.043193780519056035
0.02231637539861515
-0.026473031752576353
-0.07282845670060907
0.14510436761171067
-0.19082216858531115
-0.9585357283632122
-0.14439965083726816
1.329540919219666
1.7015043927572537
0.8305844771422459
0.7751079617809645
1.5519446567691266
2.4989733427579988
2.611389678801655
1.5834309610588237
0.4528097549384522
-0.33082745293638194
-0.5993121849534423
-0.7110097779537236
-0.39738112463786096
-0.08660977391442877
0.2676682158087734
0.026003498809616634
0.06229176868716691
0.1112898016319427
-0.07703223429281085
0.02835290148312996
0.009766791171971073
-0.013615546013958186
0.0035022591386753054
0.03738927865941303
0.6301655677819262
0.865322657274176
1.752504911433454
1.3235410006843786
-0.10060850610839046
-1.2029700472240676
-0.29724010734661815
1.2003637935183111
1.838303110555549
1.5937604872926028
0.9010089786207475
0.1575089152651608
-0.7068227026232173
-1.1559815756054455
-1.3361145246609638
-0.4899707108771089
0.9928409777393463
1.1673075322736064
-0.07074040616459144
-0.1534153204356
-0.019473589400505458
-0.01541002057048977
-0.018827875795307345
