0.7821575670740551
0.10300628899477565
0.4766044156980969
0.3324460686396419
0.0717643648797763
0.6733117561426761
0.7607506731134978
0.18117199094757136
0.720525151422949
0.42644473243867714
0.801670086449544
0.6781619798478736
0.1553344439520291
-0.10409375611227623
0.2778014569936734
0.4901609461371116
0.31201506407252333
0.2428458347763326
0.2637089632698483
0.2513208726385697
0.33867492885696693
0.5858077730533585
0.2031649562628427
0.07340563205020943
0.6163955895042194
0.5894894222306867
0.4090825339209865
0.8324462845482589
0.14271162782642105
0.21459773412904493
0.5322311243766974
0.3416977741987127
0.21621117088510372
0.7079488452390484
0.09014289108627188
0.043403140256407055
0.5749554114504222
0.1010249822351258
0.617183778287589
0.45851839251607096
0.6571273011098594
0.2029866393065124
0.1718940274338503
0.5845396510883937
0.37050660398025526
0.12511354958715182
0.6718497078744842
0.28769201913418685
0.5555907164485226
0.21891715443042026
-0.026356456179147152
0.6842569372569177
0.63919126596864
0.6914898300472808
0.2774926130633154
0.39366187800634006
0.5230060884762396
0.779112875547718
-0.09344319804977408
-0.03813448879153479
0.1242325204379411
0.21264174361074256
0.615263078612713
0.4729840332683866
0.1695016048593485
0.7529089298738937
0.880075057221995
0.7528203757730719
0.38857710430499337
0.8088928198478572
-0.08905899974643225
0.8243340699357565
0.37450285875540656
0.6399879549573065
0.46458143700981896
0.5412933411941679
0.16551796550916936
0.7892335692544615
0.025098967976351572
0.40058640024532605
0.37542585223379155
0.5780150873067781
0.33919515004354917
-0.1034390896463467
0.617193874616979
0.6510829703826856
-0.08541761414516452
0.8499572030669423
-0.01780127427789242
0.03197046601235988
0.7287350652610926
0.2149292864428704
0.2868645382327809
-0.003362571350945875
0.6482016856860368
0.5118565605764295
0.5026298549600191
0.4317133358444564
0.8571922564023507
0.8632779058724372
0.803677377278961
0.646488389513893
0.2610265333240095
0.7431970312330706
0.847564439601923
0.2288392808404408
0.8323792216174829
0.5380417349203043
0.5979475041483399
0.7178958876207323
0.2751127836982138
0.21523443590769908
0.7552371940677279
0.6012276484663289
0.8122884290610862
0.7700360967406165
0.6857711433385288
0.21560407283505467
-0.02431821031329771
0.6244384680851104
0.25722375906446093
0.5835983049598085
0.292190495592923
0.672506714425363
0.09795540184271984
0.535630767267231
0.0716445607160503
0.13012218667184072
0.3359437631870873
0.020848074131826547
0.6722075101145518
0.6648813416396092
0.6991564559231921
0.31789019875012314
0.7823868211411035
0.7098547915059036
0.8633786883608042
0.11747799527513524
0.44601433139522634
-0.05514782186870694
0.05918940946586274
0.15621570485888586
0.6216726992123655
0.4899522186039696
0.8067432477738979
0.16309899508974246
0.14492626158001637
0.5926010951296049
0.44815531223041016
0.6145085231199797
-0.02466088651405916
0.6037771775584947
0.6523100363829798
0.706120282863454
0.5265422769414744
0.49377716789461773
0.1399621847171646
0.2519617844622669
0.5713736732029716
-0.00749593670986159
0.4198981843150074
0.8371610748055532
-0.06596453016278525
0.4458193641142462
-0.09815297182771426
0.4717984246178848
0.6245616657653538
0.5868428952896622
0.82601206167199
-0.01983172358352382
0.5008848918788921
0.08522217957448573
0.4210117437910085
0.07404666446246712
0.4577377195466621
0.652386664965828
0.7533025693086844
0.6954223516924088
0.587103145978607
-0.0276324518426611
0.8123107779653017
-0.057888805565610865
0.5953567291293401
0.3712447955968955
0.3528567664867942
0.8111435857620813
0.38877196388735025
0.4391766879414016
0.7852279618577777
0.27096393819177067
0.5859848046371751
0.04581679316694495
0.8459313030986954
0.5599211833706003
0.8408245155181658
0.6848408557286626
0.26406573854557436
0.6437734095449673
0.322468297667584
0.05053772517034372
0.81484234048746
0.037289233395784396
0.5644877832423728
0.8614034391554312
0.42394185615056074
-0.05933957147656506
0.6616526009587721
0.3696469736499045
0.14741470453896854
-0.04347738658007616
0.25817653828551224
-0.07022774634558863
0.23145703592422584
0.13567865081029518
0.028796817214051983
0.876066741977367
0.4649873898462542
0.8490314188443268
0.6861093603465135
0.4737831283195692
0.3015769825293003
0.13296768509086676
-0.02755634986133197
0.7177055235665696
0.6489853788199856
0.8252287566243993
0.4770412823565103
0.450472220475809
0.5014667146589805
0.6819771007809842
0.7041594322988042
0.32334768490932786
0.5744919530676112
0.36382675359940453
0.5290320694822633
0.23243193484398886
0.3702164320878044
0.5012795138021332
0.20879962916541983
0.5198983841192631
-0.054213931214290856
0.7309894299871348
0.5133858762432343
-0.0908152375402186
0.17035814431471796
0.20464866741281734
0.09017099670737168
0.123387501873709
0.7016009877916153
0.2723188506888671
0.8702080030186677
0.8170108790872416
0.6952434195357028
0.7060102289585689
0.08756933451541189
0.34439934750498813
-0.10651022757943995
0.880070844419864
0.7023230428109796
0.7669620805268006
0.8847765791033536
0.29197646169537805
0.18681039266850602
0.7814458064772297
0.26693258974289835
0.4274666813877309
0.6860093758353966
-0.0844719769007122
0.687097761115962
0.8232537511650265
0.008911425060092598
0.5382715181484922
0.3037452911756019
0.519340462323962
0.09032074984622133
0.02094703692894893
0.5517443498082014
0.43068423749516593
0.443040792530471
0.5444276479991751
0.2653331642793838
-0.03050132506461119
0.033367550544533
0.011938639338034665
0.2535361804050419
0.3799511051583663
0.029368646294522866
0.6531919502302671
0.7029710273023476
0.7277487131787853
0.22011092258039144
0.8275071971536833
0.8823594871710775
0.8739053554690713
-0.049622254751588116
0.04535746877174095
0.6642946887201368
0.09041740847893136
0.07749251807331677
0.17614151061239042
0.5994259628860276
0.7184794396802335
0.43731492640546393
0.7973837602540682
0.4550782474286432
0.44187895178380476
0.4427648642310659
0.4262121944271735
0.8289741077194236
0.08466585869286024
0.5921908489050943
0.7620203765525656
-0.021407084829493727
-0.016771482928138053
0.2055865021829696
0.5634669043652473
0.32284640058547576
0.5935409249391131
0.36376260308273534
0.2600958363314877
0.5984006806028778
0.8124370854787103
0.5977735168145052
0.3224410762897353
-0.021595308027413527
0.36017282597057687
0.2977447257743572
0.7416638418535083
0.06127688383178258
0.8211089557874994
0.7596848959875676
0.7538449484622184
0.4799622424210145
0.30679441424529486
0.6961937828847543
0.20406109546048773
-0.08050660740299367
0.7151211116921944
0.035000887019400614
0.23200948601939533
-0.0918690836886172
0.5597768333828202
0.8141864457492091
0.7870980025092061
0.17955788936738504
0.021631971569518283
0.05345768561188956
0.11539674993870339
-0.0625319748528658
0.4189543548561971
0.5347579868615603
0.6037500292197927
-0.09645248083224345
0.09112457773444825
0.7974537028620624
-0.09654083908557565
0.19288605682902116
0.5341781456314215
0.525041669977855
0.43527025607444453
0.3257990583956406
0.13697378054666998
0.45707536152390227
0.46465393260735394
0.8893365814519566
0.29026818412754796
0.3110287874653762
0.0479178387144162
0.4626869062550568
0.23864800368290587
0.5338665476965573
0.7595627877657044
0.476589420032767
0.6036725982858905
0.6158599614785215
0.08184666344631186
0.05443847614601491
0.20038520299413887
0.21953898618589496
0.01545525643176282
0.773110298425926
0.7327822405526357
0.6565686589080731
-0.017220757838457796
0.8901479753042204
-0.07563023706790155
0.4659024454324728
0.0002764880494439176
0.0953069335880892
-0.05686048897930786
0.017564794559174878
0.2452790646216033
0.48062142559324345
0.30749389174165376
0.02746897913434034
0.43635467411799483
0.462444540283371
0.49354290434350906
0.36112461221687064
0.1455947242561081
0.540945611164419
0.34047759295774804
0.2967897164805521
0.2150585196379225
0.7557662949769725
0.27088865941165163
0.09127369658459689
-0.10311182599718864
0.2365417864832677
0.6500770400830825
0.6245428668935752
0.6037824261672097
0.11508727405025083
0.5423669571810289
0.5713964847721477
0.16086065161812213
0.7575807585951938
0.16813387752752434
0.324593401868576
0.8165729654575827
0.6121012907907138
0.661927495907913
0.23953222318421874
0.3524885268375896
0.07381414573466126
0.6464183690319513
-0.049521199334037674
0.20751355885556388
0.3208540351189574
-0.09720388530745655
0.2805700593428223
-0.041341502325784554
0.0444704355139183
0.5023057497110875
0.3841719357859089
0.2581451565852576
0.5824882412327798
0.13659057546931797
0.5616966559813364
0.5964192201361097
0.8773733596896159
0.48762767507669913
-0.10455838803615411
0.4763309267904445
0.6918896992755236
0.17902819991966867
-0.03786535356652601
0.5177575138500393
0.19543230820908464
0.5197211933254867
0.4568545649330401
0.5339241716165798
0.051848379178866436
0.12481080983514051
0.6506543726257018
0.6333742443774854
0.4632789366354009
-0.02531807638642534
-0.07653205176716801
0.010486065118517015
0.13340547747318832
-0.0400642261230785
0.15725566903085597
0.7605620909223597
0.6476353558865385
0.19283829208336506
0.11536011438542014
-0.06702574262520233
0.4175740421722819
0.13496425408311108
0.5786044757935441
0.07043363551547291
0.21391584330813485
0.8277713344533774
0.18634202014155432
0.44310549996537385
0.1983698849955582
0.14003773093842975
0.07591277762878293
0.7526328840130624
0.6657829903307851
0.3159741684910776
0.31086539900903165
0.1825599837641219
0.30956132188434393
0.16380956913498762
-0.055900427474048026
0.015476720710788974
0.3879437649062599
0.2596927872109319
0.03143445925566793
0.37741290253712945
0.15889427647793147
0.7722741606881559
-0.04057009307274759
0.38784201003232666
0.7446437783912844
0.12347765164739041
0.4086896978891626
0.4318520185528932
-0.07687999008979218
0.16184869782115152
0.15219564769864186
0.7784294274646101
0.17151821412934137
0.6586156659309982
0.21804279249765446
0.22063292074696378
0.7990076428953091
0.4399232508491052
0.43238323441869736
-0.069139003612276
0.6007086156594627
0.8234545965073053
0.24536811402436354
0.46827895794908425
0.3787800639440463
0.8890929115583727
0.6580754195178419
0.02608783013736282
0.17325245068482886
0.32031854577414987
0.046972496166171634
0.7910016947622268
0.5851178854945559
0.38604047423195353
-0.03015299728642745
-0.10163191856201761
0.19232263331196708
0.6765170831991408
-0.0022677163306252805
0.3851581802206109
0.22725745259203334
0.5929907322698472
0.6039228085200082
0.5136614334029869
0.5374097315566225
0.4396996271019879
0.35494663507674795
0.13668556099515072
0.4214535206478425
0.3240410746992438
-0.003698858167169438
0.15183848852199977
0.6568607649303747
-0.10844193192983377
0.07349199609975086
0.45591282372233527
0.6055686705199989
0.3497999729803408
0.6998908857551077
0.12866428391589846
0.2427311499137258
0.2696294049671303
-0.034209697635066226
0.3602120312774296
-0.04696443645083302
0.3446749449024654
-0.016949634115081918
0.1511352104183032
-0.06055166581157913
0.35688767663039866
0.3148758540071842
-0.05096529915390491
0.22310895218995463
0.3293525145837647
0.3731563314549394
0.6698149955626521
0.8050620310335904
0.7168362756719863
0.1374566729856357
-0.019556787054169845
0.44290710997537697
-0.08191919565712616
0.6533262917485813
0.5996005890896773
0.0980629855703397
0.3086818694056349
0.3025651673417452
0.8662247823214532
0.13855664623591935
0.00785858646972851
0.8378231870901992
0.02203928692897281
0.29175509763526286
0.2661546553223558
0.29903207325663017
0.09865009774754745
0.8864887880674411
0.15090987372928694
0.13572417790100566
0.7586518865945969
0.8098726519807705
0.801072544382896
-0.02734912902185475
0.7109303528345553
0.6166614629977626
0.21490237353866365
0.8669118453321277
0.666141057695414
0.46925595627953165
0.19210062968952218
0.20269732237164118
0.7740494944472823
0.5899415610650657
0.5125782535833215
0.12310478439301269
0.06344951598367672
-0.04589174498490682
0.6258702822535754
0.2876491230675481
0.24467659807813116
0.6330525260160583
0.15139566846899405
0.5869186120538875
0.45728014729045
0.7620630775487759
-0.02277308879876883
0.48222731019006276
-0.03331770956104967
0.22065180047573968
0.8688934109781897
0.08097781614436124
-0.008375357404195644
0.27404573039734215
-0.023670117828688376
-0.007134133913914068
0.4527132105955057
-0.024794215584446024
0.755087592658321
0.03723981801678057
0.4229481772870263
0.797924333507679
0.14704330580462632
0.5966746219202425
0.3174776794039601
0.05383862436980508
-0.024634423705098597
0.7057812076878424
0.13481710957266024
-0.10595907248161898
0.04234701373305204
0.23042306103095728
0.7064711982670905
0.5773224566294813
0.5654191286652083
0.817473832668454
0.6622865838115045
0.2026263313379546
0.10991725086826908
0.2728808958088048
0.6279009155477137
-0.06486597454569612
0.7116541258597463
0.655960774900776
0.6548712563200504
0.0592205464647424
0.3111378125695553
0.5104821819697062
0.14542545167135618
0.7426219001699278
0.7409422140455101
0.48475182820929946
0.7326169943440942
0.44070333093900993
0.10012932909829562
0.5332689348988026
-0.04628602560508542
0.8535474872230125
0.33636934797617835
0.5902794851168714
0.4965416940508992
0.6481485833500088
0.8137509654270422
0.6241537811109862
0.1304607005995999
0.6246381640186965
0.0040114276595156735
-0.05586765272677409
0.8251133889250021
0.47845011490552086
0.37819601945432935
0.0958985013868183
0.6876468439151407
0.12275155858758377
0.5979064377427842
-0.03692165905492008
0.008631713186201307
0.602001494049296
-0.04585347625964545
0.4262899673830668
0.75186373730025
0.6618601446801632
0.8568492121532193
0.45178909300043707
0.6762824924985192
0.5758204072479084
0.8550661195569979
0.6484207355416255
0.6215341569900515
0.39206790120357293
0.802258533198109
0.5871317991731516
0.07276362813670868
0.22927947849717034
0.7774738654340737
0.08252536641341372
0.34431775309524093
0.010334427771919261
0.0584026957701907
0.1343378367690069
0.4947578256344997
0.358321297056751
0.8102637743004121
0.33247649341732266
0.7866466619146183
0.28074624985808405
0.30971388109469744
0.7206500497257259
0.009212752626705822
0.07424505635078549
0.7506039460907151
0.4784983334497885
0.3366461139253806
0.4722026769126081
0.2168555791016149
0.48880821251688705
0.7996300525111785
0.09928858446977264
0.05946249261739672
0.5287333052963786
0.4978684888265202
0.10958153163285723
0.7285252759371842
0.7220152958391647
-0.014996304488942243
0.45914065731449355
0.8531100552517145
0.40205534515437524
0.6717670457642512
0.08891282530613476
0.1458924692391479
0.22247569153177482
0.11956576667878357
0.34326776474972254
0.015186572500210785
0.8294227596108553
0.04591379528575852
0.7271781526343756
0.8234572413427094
-0.10633125358314367
-0.023345581774083465
0.6103484515984084
0.13654166356061181
0.29956139810380467
0.09667161234556326
0.6931087545005378
0.8282625137047367
0.4759624743747546
0.08703667680972173
-0.08948868923585755
0.6603310540335788
0.15094462398761355
0.23463438191542946
0.31234639051936186
-0.08221745269453519
-0.10858628599365643
0.4791597984853948
0.36526269110845166
0.50551412324873
0.3111915897095391
-0.09301940292887688
0.027623175491340978
-0.03895288068269247
0.871913720277795
0.655594754542329
0.37717282226238347
-0.04665738828735021
0.3024122484125452
0.5685859588341112
0.4450364907395395
0.710635676309339
0.16454149782101274
0.5211806324534266
-0.08702480172176591
-0.06178794695679049
-0.08932216142298295
0.390201293492923
0.5648767559204843
0.4183794674393213
0.6036473363038436
-0.0620852774197557
0.6778369983035516
-0.08076899187833943
-0.05042731050069692
0.3533097535658406
0.26238608710600964
0.31412130210453826
0.18910128002939808
0.11016074964090357
0.33301540124811513
0.4672939761102722
0.24289927969087036
0.23774816968211415
0.26913992974723333
-0.048926772905205876
0.4982081389489447
0.36538465715520363
-0.02698123374966926
0.011947616926704463
0.292129711679994
0.08498276525279155
0.4167530708486067
0.40722667363759313
0.45746978509813346
0.7675008786067058
0.7565726588198484
-0.06100885128248171
0.7578741148412701
-0.04983710588483661
0.5494999380709525
0.052373024106950286
0.30219791684756225
0.8269847218213923
0.004858089914346386
0.618910293587741
0.8520219969410016
-0.06280417814293399
0.7510185356465408
0.8127322568682581
0.4118651231083882
0.5253698931182614
0.12480517733797716
0.8160721476711962
0.3900482517274867
0.05697525749020664
0.5250101280211351
0.33652498845086
0.7306898685296511
0.7265206583845071
0.5328839654649172
0.6737239066880706
0.32987262989024446
0.4832715777048496
0.18875646444024707
0.16707975155077076
0.8249021443377814
0.5766211392056363
0.304398024228124
0.6545861024787095
0.3270189459103988
0.5004769121758063
0.5505004904305087
0.7982161384133023
0.8702067541563144
0.7330997652397057
-0.07884106171279373
0.5835288855170525
0.618974710161656
0.6353031157449026
-0.061634299294845
0.8392169748745936
0.3254048857345152
0.5447113521563262
