5557289403761492e-27
7849028875368199e-27
-3818594233587131e-20
-0.45318287978847605
-0.7501332837263918
-0.20480592331160685
0.6120423297291382
1.3562034289453917
3.0155586027656023
2.959837390844783
1.5703170795143362
0.7794700230004219
0.26405306056588895
0.3644776472602405
0.1364522475458311
0.016084352368038728
-0.5059039661006643
-0.508113477964224
-0.16041002026215587
0.36248242325007096
0.3306053052924426
0.6681605775150307
1.6594849970872945
2.244858227127746
1.3875715735497018
1.0947440974688563
0.7164915974220702
0.0001688255354179089
-1873155558852465e-26
-26568435527829367e-28
-2524266868873418e-20
0.02515722943379762
0.015067649964136797
-0.3530127015225752
-0.8470835161104141
-0.6153809270695441
-0.018738664099767505
0.2310793825903003
0.05728464233328883
0.14699564259380096
-0.22261564705260115
0.04752251346345909
0.7356825051763987
1.7986402401754233
2.526174795978971
3.0565627002290348
3.4853219494323047
3.7588188818683936
3.8969411214256127
3.0242130435098447
1.5215547186232368
0.8648022601085164
0.5651326539901306
0.30727652882309514
0.11019283229223911
0.0002042696168640389
-31009728172555074e-27
-16132688358088427e-27
-2503022124556277e-20
0.8815620828262651
1.489224510325257
0.1897553814708123
-0.9549036144198705
-1.352864591791219
-0.7104952901496634
0.271800650660522
0.9869272756608525
1.6485041004734005
2.481575587501407
3.100820983240402
2.8456967034595464
1.9172399592282365
1.125709004457079
0.8084262946494907
0.8534451698974065
1.0341127839453574
1.9679714759458486
2.221742575018232
1.4991541124116814
0.09418676328168563
0.003600631100535843
-0.005206005061778031
-0.028473435217760572
0.00019421004493433132
-23313517705334255e-27
38328155433908944e-28
-2055844579348116e-20
-0.03224636798372194
1.016460008878299
2.4896420755199307
2.043013019758924
1.2453061930017768
0.8411164633717682
0.650890880511465
0.9506087752256136
1.4710099134935548
0.8366373814029817
-0.7199991835095348
-1.0420195360524847
-0.868872230482184
-1.0127062919030039
-1.1863698026220797
-1.2459027975797021
-0.9601240999529175
-0.770080183644316
0.0744057295431874
2.054733242005263
2.2083360284407325
0.4111784554178563
0.20677010059778664
0.1656094593191379
0.00020201687374319966
-4400573103047931e-27
-2721335578150929e-26
-22802310067406734e-21
0.17819897962777503
-0.10581188744714846
0.028325172852830083
1.0937430156485497
2.3561569680048238
2.6773257271318838
2.2692061111325827
1.317174567955549
0.057510901797028426
-0.2600651307176
-0.01815390572599048
0.2166028375813052
0.14426744354486762
-0.357775987617793
-0.8727015059424608
-1.1117110405417543
-1.1484113638726285
-1.2343933683374095
-1.3411407880345778
-1.8608331059780012
-1.8399577808989231
-0.702698416627914
-0.32140539468008494
-0.1740106345567197
0.0002193923989320921
10479094044609688e-27
10756790218023324e-27
-4285653651186604e-20
0.14906645809675284
0.8197013143315199
2.2912577132423912
3.2152304764089763
2.8848384943469085
1.5353326442119808
0.5301317279794139
0.11951722488257155
-0.5386421104936892
-0.6978739489170758
-0.7816856194106343
-1.0564667306486524
-1.1032632212566533
-0.22723498742863282
0.3068193650415924
0.6016093953329327
0.7831991256920816
1.6377909408710227
1.921417361325909
1.199910542602587
0.15903380468471331
-0.3180478049331284
-0.3639451212002603
-0.23769449469691173
0.00014976948874892456
-27185620632411677e-27
-1659512384406609e-26
-39715263566382e-18
0.15398816422759198
0.1127397329905622
-0.8142681846769897
-1.5091651007187143
-1.2873330949737936
-1.17817706795634
-0.5224912816044731
0.8548983155114251
2.1243433972596977
3.0570587934517905
3.4144053733594855
3.5553909921501523
3.6333944164004173
3.4306329108801417
2.6946327983327905
1.451166952801197
0.3718265710275829
-0.540948603135196
-0.6991116632382111
-0.4928831984769313
-0.4717314639410586
-0.21298562848422314
-0.2034499028068282
-0.09693197723561665
0.0002070810131854136
12138767633949223e-27
-11852800808552194e-27
23508522874536185e-21
0.028568725764359496
-0.0617631527447575
-0.292053213620538
-0.5271390786143116
-0.2985159795773856
0.5121793024601301
1.5666705132680538
2.5702590989077483
3.068766799965776
2.7853081106995674
2.2458541216094634
2.1377443854757527
2.0551870208712986
1.803576150158643
1.3225978611697289
0.9543238050532351
0.7463184009676422
0.3571546701600123
-0.4381825829536659
-0.827440912308666
-0.8339703901981826
-0.48162512946964225
-0.26709073814026996
-0.17743833790181776
-0.00022589011267805208
4.15415563200512
2.2842527134615733
0.8552102045246467
-0.35572131784855654
0.6133419380277401
-0.23323747525262903
-1.5082103215675307
0.9573065405284894
-1.2573164642133126
2.240529508513663
3.3055925308861167
1.2110839974665437
2.0434753846287665
1.3232474065799047
-0.7035562937936904
-0.585276063213143
0.15604836802961408
2.948469929771249
0.598672127003514
0.9030865325510078
0.7924315030913192
2.0066927887459727
0.8082711849603549
2.5276207705053415
0.9803103392011798
2.726482615796042
1.071374755175409
2.252419514399108
2.805288225870527
0.8768789129511019
1.0533213649130297
2.0521649058908547
0.9970550621414384
0.7028897525210301
-1.0411049868141757
-0.2835156954242667
-1.4169833457425434
1.3547681909771465
4.467208046315562
2.882389146088917
0.5960079527749801
2.6324333035830967
0.5777833586681151
0.9474131875583427
1.1215903141835804
1.596461399830107
1.105111154683158
2.9501142998401084
2.71004600661549
-1.8091639868373697
0.8342556773157845
-0.9552540493525683
-1.833919090446496
2.1404018725665694
1.279519865926771
1.526224573758752
1.713235923965556
1.2420380700417049
-0.03035537596832807
0.6101341925779408
2.3418162285350395
-0.002545394572653585
2.2945522907588916
0.22225738888365285
1.4447103675186526
1.4436866274410916
-1.5580904092172412
-0.43094705236472386
-0.49520382639721083
3.75477827864824
3.090687220777902
0.4406868265856734
3.4995064811909042
2.362129650442691
2.10797651935586
-0.4144819539643556
1.2723496089007844
0.38134490826266965
1.233777176556387
1.9510489978769456
1.7995474265044513
0.576110724811816
0.891544260463653
2.8268638328543947
-1.208310842647773
3.121889947707108
1.889399848220377
0.8088009553797868
0.5268271322239392
0.792244905320223
2.2331097926184786
1.1202220936604048
2.0300719257713546
1.4904383247854756
3.5923475089083285
3.5638187425391608
1.4095358033501062
2.8405344588874315
-0.11816474833147524
0.803414582879756
1.9269526304406939
-0.21191807440503754
4.350641580923128
4.201882488100527
1.4917962123326396
0.6175822688592824
0.39253578873489864
3.306037757812437
1.5425533772413367
1.8062498280305042
2.916284855724993
2.2008218975577605
1.6550261978806666
0.7263218663445259
1.5718655294119839
0.3386619558246976
0.6835113169803672
3.7112019240524345
2.9538065076117523
1.0270974454475097
1.1598495333419898
-0.8201762858879565
3.4641869941522576
3.453388740786773
-0.9313099395053982
1.4189979446768244
0.8462774845001091
-0.724849179139411
2.381796226482723
1.5756613090809666
-0.2718256606704656
1.381044964871018
3.1038464361947105
2.1272045260030286
-0.21069742129078178
-1.0669816431477819
-0.6285304767019925
1.6858654323084166
0.4120816412086217
-0.03720457222894049
0.13879186327294826
0.6510220583151384
2.5879774812742857
2.287751982058352
1.7166194028654793
3.473775058655464
0.22580565584132156
-0.5115408232238218
-0.2165702579328673
2.2974760580162035
1.1614161164508034
2.144674532818126
0.8260102547192306
2.1091735616857967
3.1978724766325777
2.597310324618468
1.6671258528570705
2.278901381814753
1.1215182146110751
-0.5531239478166016
-0.5814427404866143
-0.32031251617945383
1.7167401146192485
-0.838129383707865
2.896766978064958
1.865095605368593
0.5428992778702328
3.06643495969187
2.407313294293525
-0.9334163114716326
0.22974488652151703
-0.4240312097354639
-1.0766655911409775
0.8813399697075335
3.2267726541389905
1.6551033742112464
3.2253367646755895
-1.6634984645584963
1.6246464320817198
-0.86483952978002
-0.5225114841504017
1.685580902835887
-0.8105286848074865
2.228178300053131
2.343927300705747
1.5105511495111397
2.6552184722323107
2.579594239561349
1.3174240720382284
3.4905985944748554
0.06119723045772092
-1.3963880548166345
0.7228403185229856
-0.08187461261329496
0.41867207442272775
3.0297086305545964
2.080696631186375
-0.1886842035732532
3.2740457447520095
0.272706385478477
0.8463804739597084
2.458173287006197
2.027696361575375
0.11128711221851803
1.4631580197782226
0.4518497789181792
3.587146646570269
-1.2031594737094071
2.415329832187097
3.270017785009035
0.9502290727027507
0.719853408048506
4.12555082393178
1.405022128948525
1.5291920081823243
1.422017593714553
0.8977305875845074
2.025084063932458
-1.611779177007917
3.0917171766906812
2.3152038893984392
2.0444502769971855
1.6275411230393013
0.3403752699724714
1.4402735285397525
2.136415385979414
3.680399168672886
1.3716434488405018
1.2709186330418878
1.63119999976957
0.3936275571003121
1.2997406916250647
-0.005893155070991866
-0.7740648443647465
-1.543438366389683
-0.18790034567168518
2.4581559042916066
3.2979058199422746
1.5525117008449636
1.4129823737377882
2.542846612297662
2.034254219053939
0.5474391620971539
1.694529057410534
3.3641609924231393
2.904251435948537
0.33260287274260236
2.229344765866221
2.3470774931957954
0.06926841921356305
1.8486108274621948
3.2555402266929683
1.2955604362205313
-0.1847322077373196
2.157280300547769
0.29703564724721704
0.08281038817303615
0.959697713250667
1.8319621991880901
1.809013013892222
0.4473925169593438
1.8410126220646066
0.21293802718654753
-0.8412625123382059
-1.626690457600286
-0.051508824921667154
2.7310795442937335
3.9825557484473055
1.1113132684155773
-1.0630141308077212
2.7278265252799883
3.079707492457939
0.9284216924542098
1.0533518146246885
-0.0603382622522719
2.970898318646488
3.939595562017773
1.2855628546765094
-0.013129300937297058
0.30031592159138715
0.6918759664720767
3.3603495198786963
-1.7401211651932516
0.5459732850693638
0.3739912978230881
2.312092912973276
2.3268427228960094
0.1590698926843936
2.0308077375556586
-0.9474047665268658
0.432915774090738
2.9666844998158513
4.126178261613338
2.286525735541879
-0.10963389444429382
2.4333860707637327
2.7967493496176097
1.3867308367789957
2.3592559355038705
0.3211652329682541
-0.09717610391030296
1.5828229114842585
2.126604793514048
1.9386071030630874
2.104693713049073
1.5260467462723992
2.937301208068971
1.1511274327739844
0.20904428941745898
0.7674156888723688
1.7209960250342458
1.6900337073927685
2.6263554326691163
3.9202134150718435
0.7963540464590262
1.1470574238663829
0.9331914340194924
2.7280453039784396
-1.7194735183685066
2.0223095390011028
2.995585659188048
2.6440527193909094
0.07507410496325118
0.7995312735366297
-0.9474934572511599
1.5162713008877635
-0.6143298952507538
4.053412569505254
3.1078189792475155
0.23607225689822875
0.1750008171888246
1.6944244046032981
0.10553417080042811
-0.02375699062039157
2.2570566881983707
4.45762840963009
1.5542715070063224
0.20859544978003083
2.0163440354517324
1.6788442780928865
3.0769758382098202
1.0543388149884534
-0.6245188057588599
0.9925987540313255
3.3788233850371423
0.9297840788069419
0.2918345411041319
1.6192955240409412
0.9135426366858969
1.981298506869328
0.11258231273265303
0.47333034450034084
0.5870846577839193
-0.4457435533854379
-0.2639006195050971
2.218026721408728
1.4565723761222558
1.6004030971876744
-1.4220751677295567
1.165274830376718
3.6522849106881545
1.021366750231006
2.2479395079356532
3.1497612222033182
0.8499789942482625
0.48070172293964225
2.4299202593924556
0.24867591054005952
-33132199091329123e-21
-0.0001321478550870339
-0.00017337175676317097
0.00022582299111548735
0.0004692705256969868
0.009060952961681435
0.14954913115232954
-0.13219878549014338
-1.1461272266230755
-1.7355847865815623
-1.61721794668217
-0.36816980929740173
0.24026028828712304
0.417262506414682
0.7809669217416156
1.5020049845236114
2.8132855351662656
3.1380493126831603
2.078358500333444
0.574167864866982
-0.19764948097502502
-0.4087553497498813
-0.19453576538247097
0.021157340856507133
-0.008879128841657877
-0.1284960328983766
-0.05138937811547061
10512509118182005e-27
-7335580332992024e-20
-0.00018866249578410982
-0.00021606280675250756
0.0003321838237127402
0.0005279841389155439
-0.45766047548291133
-0.9904309574193673
-1.6275160232319459
-0.23924881574559062
0.6615832551982751
-0.09415542797735879
-1.1551511828962604
-2.007868388876149
-0.7324977220941785
0.8904817896266826
1.6069668622552309
0.6196073345460302
-0.41877801621049343
-0.9096425286474936
0.3715538139450451
2.041193166771248
2.0748615074191132
1.2001895603372408
0.4978412489431509
0.3025755001468247
0.1464096890693401
0.058732150954169705
-19718228578097276e-28
-7261258831701503e-20
-0.00018381224428027742
-0.00021623869373483152
0.0003233215895956616
0.0005338041826471517
0.11419172191575415
0.43441807902399326
1.7121291719892462
2.5871303929183456
2.428999981895888
1.2696342449432862
0.4656837313184416
-0.05774251604623247
-0.5729462654204808
-0.30687234418717063
0.35239551837516764
1.5417452019050812
2.3777601338802237
2.8404038668835323
2.699400559692831
1.5108859002169104
0.3161293395096243
-0.3383005323144672
-0.14393687711447836
0.0061579397103126545
0.03731696710616839
0.01213747232440533
-16393914881319195e-27
-6354409898435871e-20
-0.00015859559562496556
-0.00018150753420696336
0.00025630605985906506
0.0004895718193177821
-0.19587356995077224
-0.6005721314859415
-1.2836330952027923
0.024486066572115082
2.016888591520924
3.1396357091118423
3.0804076138555843
2.841393918751661
0.7924874938120994
-0.42794370190981407
-0.4481576078907693
1.6544642898838238
2.3207958662445143
1.5893731078162743
0.2569354040522002
-0.05651920006946773
0.3673653431764135
0.6114601412140768
0.3565635729291218
0.2545585784987423
0.17631888714372823
0.06933825343038473
2141152229277653e-26
-39574294400838056e-21
-0.0001337667386396647
-0.00015066737363097772
0.00021645628013899454
0.0004145789397637856
-0.17397441517852466
0.09449489579506386
1.372570727595822
1.2394427499706628
-0.7432332094496982
-1.8557990059021128
-1.6856135119380897
-1.6471338772118045
-0.8540109118514658
0.268140852650921
1.1935248660973232
1.6206168481015861
2.407234967242821
2.832963854444547
2.5401869412517826
1.7015025176171865
1.2647958788082383
1.1683378657724623
0.6421570599255213
0.3981504762843078
-0.06156129542334743
-0.02050094225152052
-2170273880900492e-27
-6849196427913131e-20
-0.00018282011776953725
-0.00019426942467709992
0.0002979583380493591
0.0005186729771705452
0.19957439795622917
0.47220536711186256
1.1500411776354997
1.7350705144443634
1.5968802848242043
0.5154285831471521
-0.3253965965366843
-0.9967303980212285
-1.7598329258534946
-1.408519411867987
-1.09218279234875
-0.6444608391477673
-0.7578544398592494
-0.9903511931769121
-0.06939344667247052
1.9350799347596617
2.984591829581159
1.9710192101890158
0.3695476459902468
0.116642971660383
0.02454764399299199
0.008254769958224406
-10866232981907305e-27
-34617292725543225e-21
-0.0001244882067865369
-0.00013655635372527
0.00018830512630480247
0.0003976269760733051
-0.14033034303295328
-0.24368427701036668
-0.6195032409736665
0.23990333494027735
1.577093996249593
2.694841060877539
2.4978963912696126
1.9195449678464904
1.1372806445069714
-0.4794616571146464
-1.5778845068132212
-1.7575203038849303
-0.7776855432527311
0.6207443308124089
2.24813707274034
1.9305179955425877
0.5422997172941754
-0.10680805128216768
-0.0901813956525453
-0.08589972436119621
0.037324434198693045
0.018901119257751394
1659247053628922e-26
-38145120650194596e-21
-0.0001341125536572336
-0.0001760537141754659
0.0002287909424413867
0.00047784647427362296
0.054083602893540146
0.15068666680178003
0.3239726231016959
0.3162812062184231
0.4580431365171456
0.6092268742751306
0.46160262550949754
0.8117371295852126
2.924190131765018
3.703580645052428
3.1430856019035693
0.19790111823478893
-1.353852583192708
-1.218529378715651
-0.2657689474640645
0.20600081472754503
0.11035307655519783
-0.07745832862260345
-0.0037448079105622954
0.07521108127185336
0.04055966509278329
0.01939160626728953
2414322968001628e-27
-0.00010218659138186743
-0.0001999904622450867
-0.00013698699423564837
0.00023637765503402286
0.0004303939953870743
0.2795990898567174
0.576356133739105
0.7049416264784035
0.6801613661806986
0.9797104376780162
1.0117921049498224
0.7564998464896663
0.7294572584734202
1.8710396222892645
2.9682809539796855
3.462671477844635
2.9351077704244197
2.1914836789710277
1.4829261164110963
0.7149646659095888
-0.152464546739015
-0.8183514217648464
-0.8619398086796309
-0.31740318872016365
-0.16243695054488458
-0.06027978617466303
-0.020229998295710747
-11145954284958799e-27
-8010652742486968e-20
-0.00018653246559905348
-0.00020927081606630498
0.0003182726255012236
0.0005305510186693945
0.2549326987381886
0.5126495084167809
1.1515471278541236
-0.04306418983576155
-1.5256810159634875
-1.2696666654149773
0.16939812276276942
1.765691386485868
2.4905366195935335
1.2113325815225733
-0.1191104781320831
-1.4858938713134053
-1.6505201244435896
-1.1665274773805068
-1.325205608940741
-1.7265892571259158
-1.0955826709605587
-0.42083654781072816
-0.3395352692109547
-0.26677037842043594
-0.10892738749591284
-0.04084121685500104
26582391054771374e-27
