1554328916.4822
1554328929.355826
1554328941.946554
1554328948.131978
1554328954.031802
1554328957.370916
1554328961.723108
1554328965.307338
1554328969.749483
1554328974.242924
1554328980.808386
1554328985.083163
1554328991.891464
1554328996.390897
1554329000.657843
1554329005.235997
1554329008.530379
1554329013.066286
1554329016.344059
1554329022.14214
1554329025.433119
1554329030.085858
1554329034.829482
1554329039.286288
1554329044.004265
1554329047.337879
1554329053.00959
1554329056.277985
1554329060.880384
1554329064.391978
1554329067.694233
1554329072.314044
1554329075.706933
1554329080.379096
1554329083.81997
1554329087.238228
1554329090.522093
1554329093.970283
1554329098.325844
1554329102.963257
1554329114.384738
1554329117.897776
1554329121.225002
1554329125.91244
1554329129.396356
1554329132.791218
1554329135.952522
1554329140.341575
1554329144.904726
1554329154.147399
1554329157.464265
1554329160.953224
1554329164.250448
1554329168.775335
1554329173.245388
1554329176.702744
1554329180.007126
1554329184.56278
1554329187.900427
1554329192.47614
1554329195.831728
1554329199.429463
1554329202.835025
1554329206.425372
1554329209.771372
1554329215.357109
1554329218.605022
1554329223.265294
1554329226.908303
1554329231.287936
1554329234.779824
1554329239.11112
1554329242.608583
1554329247.018051
1554329250.416378
1554329253.778888
1554329257.440412
1554329260.728151
1554329264.274784
1554329268.010129
1554329272.058564
1554329275.369873
1554329278.819735
1554329282.197938
1554329285.732307
1554329289.064115
1554329292.551423
1554329295.814296
1554329299.272123
1554329302.567038
1554329306.076915
1554329309.41961
1554329312.870606
1554329316.202933
1554329319.658571
1554329322.997594
1554329326.466226
1554329329.830982
1554329339.01605
1554329342.683651
1554329346.009147
1554329349.44222
1554329352.778299
1554329356.330344
1554329359.66176
1554329363.119139
1554329367.511096
1554329372.184062
1554329375.477636
1554329378.81835
1554329381.958004
1554329385.055291
1554329388.069735
1554329391.422914
1554329395.238974
1554329399.431274
1554329403.590959
1554329407.088745
1554329410.365484
1554329413.795558
1554329416.827696
1554329420.244191
1554329423.525081
1554329427.559789
1554329431.091334
1554329434.633367
1554329438.023929
1554329441.422296
1554329444.785414
1554329448.230696
1554329451.585293
1554329455.160815
1554329458.674662
1554329462.391957
1554329465.766544
1554329469.303886
1554329473.188795
1554329477.093931
1554329480.355393
1554329483.904399
1554329487.255779
1554329490.720501
1554329494.163846
1554329497.832162
1554329501.569334
1554329505.165534
1554329508.739261
1554329512.45307
1554329517.085116
1554329521.688412
1554329525.09076
1554329528.722668
1554329532.287027
1554329535.830611
1554329539.21937
1554329542.568704
1554329545.545279
1554329548.87665
1554329553.120711
1554329556.649791
1554329560.041339
1554329563.564424
1554329567.035445
1554329570.772722
1554329574.104613
1554329577.486127
1554329581.867675
1554329585.300287
1554329588.847932
1554329592.945679
1554329596.837342
1554329600.765919
1554329604.663005
1554329610.234791
1554329614.258427
1554329618.290085
1554329621.556261
1554329624.983577
1554329629.706539
1554329634.556345
1554329637.755033
1554329641.107969
1554329645.254383
1554329648.684384
1554329655.918285
1554329661.090844
1554329664.13723
1554329667.54159
1554329670.71803
1554329675.321641
1554329681.14177
1554329685.659304
1554329691.309241
1554329695.97775
1554329700.328259
1554329705.018087
1554329709.326448
1554329713.730728
1554329717.933526
1554329722.010579
1554329726.378272
1554329730.67257
1554329735.325722
1554329739.934899
1554329744.291719
1554329748.853675
1554329753.324793
1554329758.08716
1554329762.564789
1554329766.849374
1554329771.370662
1554329775.626749
1554329780.234473
1554329784.901398
1554329789.405965
1554329794.077221
1554329798.553776
1554329803.168766
1554329807.916166
1554329812.525178
1554329817.231805
1554329821.741127
1554329826.191217
1554329830.512218
1554329834.769182
1554329839.463229
1554329843.650689
1554329847.737977
1554329852.084801
1554329856.603479
1554329861.17565
1554329865.680415
1554329870.262266
1554329875.566797
1554329879.923519
1554329884.968821
1554329889.67206
1554329894.586371
1554329899.409394
1554329903.759446
1554329908.13628
1554329912.429575
1554329917.150672
1554329921.569395
1554329925.896962
1554329930.397252
1554329934.990359
1554329939.653561
1554329944.039867
1554329948.370493
1554329952.808179
1554329957.224978
1554329961.727389
1554329966.210832
1554329970.396052
1554329974.743563
1554329979.114687
1554329983.344641
1554329987.430649
1554329991.483415
1554329995.741995
1554330000.041745
1554330004.508209
1554330008.988876
1554330013.414304
1554330017.89186
1554330022.198471
1554330026.924052
1554330031.591993
1554330036.100418
1554330040.708222
1554330045.071751
1554330049.695049
1554330054.263795
1554330058.702794
1554330063.328441
1554330067.86997
1554330072.399737
1554330077.032905
1554330081.554246
1554330086.135909
1554330090.431571
1554330095.111187
1554330099.738235
1554330104.22927
1554330108.886249
1554330113.327861
1554330117.889369
1554330122.512085
1554330126.872548
1554330131.326493
1554330135.76115
1554330140.382389
1554330144.766466
1554330149.166919
1554330153.817765
1554330158.264272
1554330162.852637
1554330167.357485
1554330171.737792
1554330176.453534
1554330181.014798
1554330185.630496
1554330190.135047
1554330194.490871
1554330199.277735
1554330203.835678
1554330208.378656
1554330213.131879
1554330217.597076
1554330222.161506
1554330226.605924
1554330231.110834
1554330235.707068
1554330240.091409
1554330244.699735
1554330249.081882
1554330253.691735
1554330258.322386
1554330262.493537
1554330267.091952
1554330271.614304
1554330276.287077
1554330280.936175
1554330285.440034
1554330289.933063
1554330294.34915
1554330298.984619
1554330303.627134
1554330307.963067
1554330312.696124
1554330317.010921
1554330321.651304
1554330326.60922
1554330331.044908
1554330336.144793
1554330341.49401
1554330346.32287
1554330351.028653
1554330355.627789
1554330360.202066
1554330364.709142
1554330369.50156
1554330374.610063
1554330379.322632
1554330384.118176
1554330388.802729
1554330393.661695
1554330398.496086
1554330402.879839
1554330407.520435
1554330411.889265
1554330416.593963
1554330421.493739
1554330426.22827
1554330431.202864
1554330436.125328
1554330441.118487
1554330446.30495
1554330450.718573
1554330455.642949
1554330460.458369
1554330465.122957
1554330470.408764
1554330475.627669
1554330480.958375
1554330486.171412
1554330491.239675
1554330496.302671
1554330500.92214
1554330505.654313
1554330510.270133
1554330514.8862
1554330519.357271
1554330523.730343
1554330528.288259
1554330532.69235
1554330537.157142
1554330541.813049
1554330546.42978
1554330551.047313
1554330555.395229
1554330560.035577
1554330564.753651
1554330569.153619
1554330573.725913
1554330578.203344
1554330582.98326
1554330587.795978
1554330592.469957
1554330597.329622
1554330602.206388
1554330607.109595
1554330611.948729
1554330616.806284
1554330621.943008
1554330626.591005
1554330631.374472
1554330636.151356
1554330640.491433
1554330644.921296
1554330649.14724
1554330653.963621
1554330658.880456
1554330663.472087
1554330668.10396
1554330672.639483
1554330677.274443
1554330681.831192
1554330686.344922
1554330690.909106
1554330695.282052
1554330699.611245
1554330703.903212
1554330707.954831
1554330712.206671
1554330716.636504
1554330721.138141
1554330725.71627
1554330730.189267
1554330734.745593
1554330739.086224
1554330743.618207
1554330748.288984
1554330752.714464
1554330757.588024
1554330762.422112
1554330767.275079
1554330772.225718
1554330776.7383
1554330781.200987
1554330785.989209
1554330791.054731
1554330795.746292
1554330800.63399
1554330805.413205
1554330809.873701
1554330814.541075
1554330819.246169
1554330823.776286
1554330828.466331
1554330832.947006
1554330837.538165
1554330842.050137
1554330846.280693
1554330850.780876
1554330855.194799
1554330859.927901
1554330864.583635
1554330869.324884
1554330874.102803
1554330878.378156
1554330882.904589
1554330887.418669
1554330891.951326
1554330896.860929
1554330901.407181
1554330906.030575
1554330910.676979
1554330915.324717
1554330920.091078
1554330924.747267
1554330929.434242
1554330934.218381
1554330938.775555
1554330943.607042
1554330948.198908
1554330952.886746
1554330957.526982
1554330962.158948
1554330966.702979
1554330971.105539
1554330975.814971
1554330980.42123
1554330984.932894
1554330989.602462
1554330994.145203
1554330998.879979
1554331003.520691
1554331008.026459
1554331012.45716
1554331016.818406
1554331021.360694
1554331025.975571
1554331030.431401
1554331035.11784
1554331039.629251
1554331044.316338
1554331049.098445
1554331053.561376
1554331058.19539
1554331062.707502
1554331067.288065
1554331072.083052
1554331076.825358
1554331081.597104
1554331086.20965
1554331090.889563
1554331095.549071
1554331100.105064
1554331104.735316
