-0.0003737627375241749
0.0003791922927206435
-0.0003703983008066594
0.19729319565253614
0.20337317729253052
-0.12142385928599449
-0.40491702963084747
-0.3697158600553746
-0.420628905330065
-0.4281114789038207
-0.6045909725479028
-0.37619300164531627
0.6850087846463443
3.2556045424122937
4.790163728261063
5.216603722540652
3.8339481407746976
2.2302973217868347
1.3088141481154933
0.5536395823098088
0.32967778369128364
0.4973241305600176
0.28199647117491394
0.10219435924848011
0.3060531989651434
0.2091744600079911
0.12820856509175588
-0.00037651914476953107
-0.0004396375889502151
0.00043992470692458784
-0.0004396686201271453
0.09288442443746722
0.08644492706967642
-0.2628679917035673
-0.4108061959896374
-0.2946595654546469
-0.4643100050079077
-0.010539459717900691
1.2351469473799834
2.6529088157969545
3.6856197968189663
4.062556426919183
3.6392006888510005
3.2406008824244363
3.0679758546836067
2.8596010287915363
2.250472588924092
1.2532429079179248
0.5274924285865491
0.20890447750057348
-0.0740443916776868
-0.38123277955707346
-0.3201254431480446
-0.25162645067528494
-0.15050586281192607
-0.0004397333145516885
0.0004205991783355742
-0.00042157566859913026
0.00042024218555875047
0.10620138128492823
0.018101578659822065
-0.23139984166207817
-0.14296985687973585
0.5468985039493229
1.0445413322757295
1.0620903006608011
0.9605362111740966
1.3317715478421592
2.0345721754180506
2.834667688924786
3.4981505538279545
4.147366821236727
4.48963802712686
4.020405812581485
2.8559599593227785
1.3685995707318508
0.5311541150506707
0.46035144419507856
0.16638974906159332
-0.12527793918134242
0.02182630715426975
-0.0987287781795399
-0.058111778692676266
0.0004210338329642318
0.0004179467459544451
-0.00042119191180647235
0.0004160020003938363
-0.13592168637929877
1.3978366170265824
4.764421303470782
5.523010845109712
3.837528891434818
0.72687004524878
-1.2305919500926497
-0.9778170043707958
-0.7358640396822828
-1.1262989080624173
-1.825602573381663
-2.812453501712504
-3.366479454226401
-2.5911533153981288
-1.0031884505778537
0.5555675181721682
1.6327186072648092
2.3176434591131514
2.795282139670216
3.837757100167425
3.303175246837156
0.6780775536558351
-0.0026153695521672544
-0.03227263441158223
0.0004195790793795496
-0.00042339157824320545
0.00042301866985048524
-0.0004239223533609917
-0.193257161713839
-0.22149160027718318
-0.002392027684251545
0.4173501143883138
1.290443646056485
0.78053094311602
-1.2298766582699792
-3.2187263698737523
-4.009666058831265
-4.5090428747702855
-4.364630166844669
-4.023927429392145
-3.2737701233176315
-2.0732608132379173
-0.4190750871701371
1.1008418940665736
2.4242986720939177
2.9977389086235955
2.749077217229526
1.7249076371012664
0.8316458243740159
0.4150395437785253
0.18485568865386579
0.06295758979423197
-0.0004231272086568569
0.00048283816685291275
-0.00047682860805243305
0.00048691938447126336
-0.06543611590649176
0.1501620385081823
0.29472498737283204
0.277424700656691
0.5011114990736133
1.0832681594864986
1.7947316307975323
2.940378612980164
3.919201581146571
4.199441891670328
3.2915295139159384
1.2370614873959187
-0.7583860743515464
-1.9943795108043783
-2.1240815406498816
-1.829653044332029
-1.2240835928865503
-0.778153808461977
-0.5534137658754983
0.2015379056966346
0.23379377038270985
-0.05610060979808681
0.05668422664675623
0.05959760714350099
0.00047969649224032483
-0.00039918991325396257
0.00040368983101565727
-0.00039648696683012023
-0.14031432143014197
-0.08276921557734956
-0.04292823185723537
0.2793700521098661
0.8205475446904525
2.74880961831238
4.02298259538582
3.998544872971285
3.142296306356674
2.018452404588933
0.6797915967212675
-0.5942662201489334
-1.4886469750703453
-1.6294634388661289
-0.7941694040834789
0.417531976675618
2.1576543475842427
2.8237625698643827
2.242549708963852
1.5931708428420748
0.8757625897953347
0.4218025209417429
0.41266471062583415
0.2329379480567127
-0.0004014533198085362
0.0004937191080010082
-0.0004878711126025694
0.0004977090684653156
0.1086350586397434
-0.0972844862658141
-0.5917522493240851
-0.7433081346317277
-1.0352433502634706
-1.7162394595837605
-2.2503369585615745
-2.9265049345901635
-3.5604818120927404
-3.7643384498852215
-2.877020382649094
-1.1082057312280775
0.654182725675226
1.8969946556982769
2.281089028795315
2.26725793009514
1.9979257744882337
1.752937544072058
1.1527260564135438
-0.038434455230382844
-0.26755006496053274
0.11110039100956666
-0.060145915105633385
-0.06818653891096933
0.0004906606166269432
933317385706771e-19
-0.00011527275173553323
7881248777225725e-20
0.5369382359113024
0.8486272040490275
0.35754205260297384
-0.060028256358275904
0.5636297150017797
2.112550638500501
3.391555168355969
3.921063947156731
4.2860799654011545
4.503944930323137
4.007747447452716
3.0833290292845317
2.2047445871308775
1.2956144785603276
0.4650342413890525
0.012531557496035224
0.2679367407851092
1.2263942854200807
1.4081413061931625
0.7475894196054059
-0.26720627391586455
-0.1955057981034208
0.052216723495542954
0.06734945123856154
0.0001046920775176069
-0.00034616670606794735
0.00035277146283941804
-0.0003420391438549701
0.152727027765797
0.16252891864187033
0.3210063032499815
0.5374821567929386
1.3988791264737939
2.705633865869426
3.5813859090177704
3.63858271314946
3.2649467881631695
3.227745383614721
3.1797770814058466
3.4207203550507836
3.632882784420788
3.391235909829675
2.309906665102194
0.999480445924932
-0.1267058442743743
-0.864878181189906
-1.1244215106859075
-0.9966678959676332
-0.6472596643847777
-0.2025948132885915
-0.0020453346262001727
0.03759345358071525
-0.0003495299117809769
1.144489545593121
2.4265381072330197
2.1420155119727826
-0.14863206530174283
1.4577806339929278
-2.6811646127563886
2.2463676743479684
-1.8479963421923296
-0.8575464204252857
1.9401971738789463
2.4245744845717474
-1.05704276285675
0.6407104271932988
1.2565652215346585
0.3067802910493678
0.8394760104825605
2.4892089277320504
1.7639064957675592
5.745888895329882
3.248537944766647
1.7863703508469493
2.62753531806733
2.406594085188137
0.14145366800926382
-0.476597939522526
3.058340672309587
0.5006828059133905
1.5136457965261154
-2.0902410876313327
-0.7733702858463116
0.2429747600799257
2.853343633622373
1.657792314142447
0.23375238013821395
3.279378794173641
-0.9629868353645125
3.2549996462014428
0.03415136375561691
1.4609665355572454
3.2838564285809575
-1.1070918691970004
2.486597532290961
4.851581396221781
0.11572425265751829
1.055148164736114
1.3752202656122003
-1.5624312634729347
0.8678393046059912
-1.1891347334402478
3.6200395890275274
1.8851775632273633
3.164681583033468
3.044892597096612
0.13876625776694027
-0.5174385597169592
3.496104051097121
0.515473406276216
1.5053846170404734
-2.037326073451093
-0.8281507493860162
1.0498256614550254
1.0743596065484364
3.5063070417922706
0.10058700962867106
1.3621888400315507
0.7404771469782093
-0.4342004970002098
-0.8207495040636787
0.16335283609321047
2.864734106300016
2.7921014176296506
1.0834526588879654
2.5169744939197547
-0.0949525676159772
-0.06952676580772268
-3.1766859301509722
2.803822416733895
-2.2118332266847363
-0.708571071016762
2.378722092268693
0.1090284602332563
-0.78211985752461
2.8094883985340635
7.446233675347315
-1.5944193221700955
1.6117439723525602
0.26780820979013586
1.8787072263747897
-0.7623021693248068
-1.3428247215299103
1.7427467964860701
3.3854522352126653
3.9788342535713954
0.004456791757687266
0.8076864211406743
2.514588150120373
1.740194901002004
0.29790119408951593
-1.6132143927005058
0.005207211983370226
-0.026074494368250725
1.7602072604189694
2.5327409699590113
0.7572553440899508
5.778785494966474
3.0358070112659346
-1.842674625421001
3.2126087553327047
1.5189275834866738
1.9881277855894681
-0.04108533581487414
0.36064570341217683
2.248595330392242
0.3809756883162848
5.347989049209687
4.664670054761095
-1.6514645879348657
4.580070541195572
1.982339319749436
2.323363851297863
1.3204842813244109
3.0412854416409854
2.4783401797584106
-0.017420989009784234
1.5320915653650697
-1.6258853707490712
1.6861106828158325
-1.2885444578198548
0.4098067389849458
1.9977532520203027
-0.16193415972565822
3.0329596964317176
2.2264054819292696
0.43168121915902513
2.1292364534458192
-1.777928677593483
3.6701376358038424
-0.45033014650029257
1.709326920726029
2.03026118979491
8.342610342129095
0.2857657694518993
-0.9548775752100385
1.0209463159136667
-0.02032159982681568
1.1023279598370377
0.36967427565751
0.19449961506548397
1.2192272436227303
-1.156413462485042
1.3337424190423164
-0.7511470121578494
2.5238146803554944
0.945879410916366
-0.5706773277875903
0.1447338234581925
1.728460553615014
-0.4855252291039638
2.078357878403326
2.0824842954431846
0.1479551438425007
2.3470478110914303
0.17091614269287542
1.1934839089494114
5.943957541636926
-0.5266141709049228
1.447441835911172
0.786873220535625
1.2152129285712523
-0.8005614339888659
0.24342756486883135
-1.4548559085148216
0.6919113561517404
6.7105519381358665
0.3087627122568546
-0.7349264253664762
1.8769847793115895
0.46864305766564296
-2.3468374006627934
2.92487474853435
0.16936653735957066
-1.0623394780034587
1.8524832285176056
2.6646173579689543
-1.80943516735449
2.828790174830808
-1.6208706520046239
2.9554887549442337
2.0739020682309603
-3.1753587794913063
-0.033021703647212734
-1.02142893085544
-0.09676962260261812
0.09951577506219429
0.32866250553813864
-0.5670021315520477
0.11298293303755867
-0.26386668005481173
0.07408472732070706
-0.17148500198347993
-5.375604445874764
1.147160040393596
0.34011863262369013
1.07036411094551
-0.06646613386357528
2.945759169401793
-0.08867491895093088
3.357029820979861
-1.916461559180253
2.0035210068573948
1.5174883959140508
2.0016179288708646
-1.4765726903677043
4.739713151273227
0.12637394831568605
-0.3176110524780961
1.4526146972688054
2.805593340471255
1.8332295441996438
-0.28533243195145924
1.3514351919287046
0.12843436413805684
0.9984088323751398
0.6963435369838872
-0.9934073225375512
2.00159291805733
1.7917437774216183
4.190002555786855
1.10960689713316
-1.7748534721709448
0.9703456527583039
0.5208511017290061
-2.57343550463584
3.2436010846857277
0.5352381950914855
-0.873377892188754
-0.08180540947503519
1.498544039980391
0.46969398077591346
0.8012248607916999
-1.0383217381071699
0.7495167199265917
1.3985522863384887
0.7085243900022572
-1.2802605470738693
-0.865985892577639
-2.0171481983608577
-0.25329746051384
0.6263955625822182
-0.0353520676717288
0.12603446302244475
1.7131976499721209
-0.32960331324639747
2.07306158024786
1.767856498535083
1.200169644226648
0.7011211736984503
2.3570079182258215
-0.5016693882150263
2.0392635828577883
