8976.991259317581
8384.832392921955
8384.865635367081
7222.786735307128
7211.570160763
7199.990146285793
7153.784033068245
7085.395731401154
6924.654295300817
6906.056065101931
6632.190582988409
6248.395491673521
6126.446541975954
6009.740462456749
5835.3499218942825
5549.935388106432
5443.755385325252
5316.094672906468
5136.478433767924
5050.336351371315
5014.619225311373
4966.806414840797
4858.265893882359
4850.528400827817
4830.352393884888
4809.46348477384
4778.971733762616
4711.920194457384
4652.741535873114
4613.846755432952
4593.504419819407
4584.729203701018
4570.863268198249
4536.044255208751
4522.721589798846
4512.058898104127
4480.839430938
4470.518802486574
4466.206629731568
4464.626654854221
4462.532428138275
4454.418986650774
4431.520239562079
4427.872116237783
4413.124405890822
4398.238583282128
4387.770891419594
4379.70032574421
4374.937671058896
4371.1623551546045
4367.057268043548
4351.866829315993
4350.896213037681
4348.599191247705
4340.6080708531945
4339.177537458787
4334.543723696154
4319.4659562066745
4306.1480079103285
4303.729479066489
4300.053953691224
4296.461181825021
4288.7934961485835
4277.047651174515
4270.793008676162
4264.691188230279
4261.423425326514
4259.6842650475155
4255.910847233177
4251.4475862569625
4245.468440849112
4238.207273741529
4234.644651602684
4230.930552546337
4226.821816275774
4225.394797532597
4222.58203420569
4217.8791969803815
4216.006248266753
4213.23815909143
4208.697507782098
4208.019635444992
4205.811182817211
4196.121076898827
4191.490115945478
4190.324682425309
4187.909858762578
4186.439416096273
4185.703214082818
4180.453281633643
4178.6721668777145
4177.6394769561575
4176.897895935302
4176.906179420667
4176.875832882548
4176.695028562601
4175.42936110462
4172.8397367420275
4172.609963488955
4170.7818075739
4167.161514380997
4166.235147727243
4165.6411036639865
4165.663963348848
4165.64436935325
4164.195696248749
4162.623746239869
4161.697946919365
4160.869084195519
4159.417187975298
4158.489007057946
4157.407066795514
4156.893177510205
4156.630085252834
4155.882101139059
4155.290508714324
4154.526112649688
4154.105884302511
4153.936134879739
4153.297108858599
4152.9505445058385
4152.452946249702
4151.542495763677
4151.127579572267
4150.944680186192
4150.168923640981
4148.206647737041
4147.399942030002
4147.041546857209
4147.035434835662
4146.857088189368
4146.4192071937405
4146.154533791529
4145.988700404618
4145.767762428753
4145.538970104296
4145.3814584532975
4144.77244954466
4143.580666722737
4142.018484365166
4139.127498385903
4137.9844557193765
4137.641927328698
4135.753936196521
4135.034748781785
4133.696375514238
4131.618550528937
4130.919416427269
4130.657749460397
4130.337145227572
4130.228853003742
4130.079022604421
4129.943517127706
4129.697099172332
4129.4862287936
4129.3017939877445
4129.292608955426
4129.268190290047
4128.806996255345
4128.722790504357
4128.637870985591
4128.557595169065
4128.480260153392
4128.46781512926
4128.464876728595
4128.441580058809
4128.237129287041
4128.262566286951
4128.12483644115
4127.650020690964
4127.0281302470485
4127.058289172581
4126.78355204673
4125.622479680856
4125.609480630975
4125.546924342468
4125.4679802273085
4125.405948074239
4125.233303208237
4125.189290720676
4125.17477414899
4125.090088366628
4124.967035416606
4124.7541274369305
4124.590693988573
4124.598543679043
4124.23342730367
4123.88117072915
4123.693189345579
4123.460617712492
4123.223201077688
4122.864171896114
4122.635257411289
4122.557159146679
4122.458356437451
4122.407185888
4122.360931895822
4122.235812277825
4122.124731155657
4122.0198519201795
4121.864428024639
4121.857333664777
4121.852552279629
4121.789860014351
4121.765625587463
4121.606856719099
4121.471316015358
4121.379329850944
4121.147782049995
4120.836799326994
4120.733462385301
4120.658142191056
4120.112524955745
4119.474847152255
4119.317334034502
4119.092572644835
4119.127771736223
4119.008868602786
4118.903668430544
4118.808893622976
4117.651681003401
4116.994167593747
4116.612866108722
4115.825729358989
4115.473550796344
4115.373375718348
4115.3638780980955
4115.1770188826595
4114.9947294346
4114.781168868074
4114.643787780556
4114.62844192972
4114.501280567215
4114.445957977267
4114.448909923351
4114.383737459076
4114.376711881202
4114.256968716945
4114.267206448895
4114.216516335423
4114.056800422488
4114.041241667588
4114.031836866763
4114.017189923523
4114.002176169323
4113.984872114648
4113.969429443522
4113.957703273294
4113.940674443074
4113.905792605104
4113.873160573901
4113.8364778772575
4113.780648977573
4113.749936651403
4113.754368056823
4113.704039405738
4113.606312664465
4113.526425974852
4113.482304735364
4113.437878334515
4113.390249191376
4113.362474984235
4113.3332152061
4113.331061680677
4113.250304753799
4113.11659784769
4113.083093377792
4113.02871214486
4112.97270982728
4112.9236482178585
4112.886742999489
4112.864589950004
4112.832526531001
4112.772692854738
4112.710981498936
4112.65982122533
4112.550339455291
4112.458767831401
4112.35981208891
4112.304755413449
4112.251416100762
4112.160198443297
4112.1145924410475
4111.974920625295
4111.755578724074
4111.504579148532
4111.205592626258
4110.986543779313
4110.71995872702
4110.609735673237
4110.512812139297
4110.304808904645
4110.2038451895505
4110.133499872169
4110.123258675396
4110.064204504281
4110.030190331809
4109.902091352238
4109.798601901391
4109.7741321941785
4109.749384397627
4109.663059546334
4109.680502908664
4109.7087828021895
4109.761126611526
4109.681709747529
4109.33650920416
4109.198165141993
4109.151005225143
4109.139972137729
4109.128805411562
4109.128623764446
4109.10966148906
4109.091994363118
4109.085588848491
4109.08692089658
4109.086239773012
4109.061051954388
4109.0558823317115
4109.051045900439
4109.0460874994515
4109.035345398675
4109.001780128941
4108.965384315638
4108.951288746443
4108.946896555432
4108.888697685083
4108.838490590548
4108.78592875396
4108.780060596054
4108.754235858957
4108.769301657063
4108.768377990297
4108.668360266903
4108.65354827423
4108.6491604415805
4108.636065522067
4108.626480131961
4108.62182857598
4108.616721695482
4108.615944844233
4108.61026363233
4108.610910025588
4108.596504341816
4108.602701819928
4108.583254178786
4108.532720023917
4108.524816562013
4108.520494603835
4108.5143616863825
4108.500261208841
4108.496831521076
4108.483706077863
4108.459988357916
4108.450554612045
4108.43615396748
4108.421798505597
4108.415334803693
4108.393545178986
4108.362907303495
4108.351470053219
4108.336279003534
4108.284525491552
4108.237396381043
4108.23913120829
4108.224560999716
4108.226182524939
4108.215179266238
4108.12911626875
4108.079776519699
4108.072560685391
4108.033776053058
4108.015835962401
4108.002229307278
4107.939852590705
4107.876371899606
4107.86425750656
4107.838801463431
4107.800200882733
4107.792165303038
4107.784100876631
4107.783939575223
4107.7765282125065
4107.769585410714
4107.763194483817
4107.758479347282
4107.757230287052
4107.7574815414855
4107.754623756806
4107.751085081756
4107.726167100377
4107.704656259113
4107.649561682546
4107.661136232431
4107.56770208228
4107.442084689096
4107.450190414371
4107.425330552968
4107.450589127299
4107.465060768932
4107.3287235871885
4107.244837603428
4107.184542414887
4107.133976343434
4107.108353248833
4107.104476125909
4107.10273321686
4107.099321603077
4107.085870817676
4107.06255064843
4107.060617319631
4107.057607785073
4107.054206846589
4107.051572138004
4107.039784506475
4107.040939346784
4107.039217837848
4107.039595379189
4107.036085692511
4107.039784951395
4107.036835116479
4107.012286015299
4107.005141338837
4107.004194503857
4107.001261087844
4106.996494363025
4106.988270860562
4106.964375750125
4106.94913453926
4106.9115029692875
4106.732018000023
4106.484468145847
4106.286114318258
4106.122584375145
4106.078196113251
4105.770741850029
4105.420945452101
4105.325113861525
4105.222050894622
4105.172325978034
4105.168148217067
4105.093034504322
4104.907678432653
4104.768589198983
4104.6712136780625
4104.6236314483485
4104.581167388492
4104.547837902692
4104.531564215257
4104.46233328857
4104.129128950934
4103.727914560302
4103.486313546527
4103.110593545941
4102.939606637577
4102.7509969342445
4102.569618648335
4102.457434161469
4102.303559080266
4102.294118747394
4102.161629879685
4102.0815283604825
4102.0586433357
4102.04326722306
4101.9984743357
4101.724189660796
4101.638006187502
4101.579885284638
4101.249844912901
4100.8401838726495
4100.935426785568
4100.852148454718
4100.560714788996
4100.552364323114
4100.683153925918
4100.57017819803
4100.1859838697055
4099.892836662358
4099.8002488671855
4099.922098752572
4099.811703376511
4099.793383191847
4099.461406636714
4098.829342040172
4098.512306215883
4098.4960472233415
4098.636360645869
4098.519700089471
4098.273449739674
4098.408003482303
4098.3955927602565
4097.916776645842
4097.619237881048
4097.336884588218
4097.404704449009
4097.094215911639
4096.719573807929
4096.687860293982
4096.709848928242
4096.6801520064055
4096.433299098234
4096.1645949037
4096.279425048379
4096.318051680993
4096.091161613312
4096.205898110417
4096.012258439088
4095.9059223698605
4095.7798398091904
4095.6100173851223
4095.6071055492466
4095.5918850063763
4095.6444513104016
4095.6327258799006
4095.6197187410644
4095.540165970107
4095.4334285864516
4095.406425889041
4095.448560988546
4095.4778958480515
4095.3751992378207
4095.360243984312
4095.3134502192156
4095.26554398251
4095.2587651330664
4095.3247293685395
4095.3986966480147
4095.509023949193
4095.7285853622157
4095.8509525377713
4096.1262088453905
4095.9480541209923
4095.7939118964932
4095.8113504556354
4095.418467934848
4095.3934736637775
4095.5382205224214
4095.9065194730574
4096.221120438044
4097.23503297074
4097.249965850483
4097.718299974768
4097.5989315906845
4096.611764425645
4096.991801659515
4098.083183717014
4100.641095539897
4102.861079772592
4100.734448531596
4098.573418771541
4099.210260208271
4097.41501890691
4096.850510350093
4096.901594940419
4096.960291794345
4097.1691460789825
4096.928514944198
4096.28832739351
4096.26336779851
4096.478227261155
4095.7793553364486
4095.1931966396514
4094.6682195601093
4094.4219763896604
4094.564517594282
4094.5102807531784
4094.1948134946756
4094.1606889163027
4094.208254519591
4094.254357557092
4094.2339528339007
4094.357625883422
4094.4538754419186
4094.391734025408
4094.283677954612
4094.4079314745404
4094.4941221150525
4094.7779917381763
4094.7944358364707
4094.875576388955
4094.74482317518
4095.297518709574
4095.340211308239
4096.074807374247
4096.01682821802
4097.567082478322
4097.649623984611
4100.133886749974
4100.112639549279
4104.041088692481
4104.097233534979
4110.991521653379
4110.892351650013
4122.783823753244
4122.899969406639
4142.427689772772
4142.444643338427
4173.290263486737
4173.47767593946
4220.500841264891
4220.7271262585755
4285.207409484294
4285.128476074153
4366.212314193901
4366.198171101506
4446.042140148091
4445.477165288008
4518.704287245295
4518.822513526877
4556.82164789659
4557.33712150881
4560.077813142209
4557.779718571914
4514.3417796354925
4515.23968626815
4474.137134195308
4473.294971197886
4431.37405212654
4431.476602135542
4401.972608665257
4401.472568905562
4372.096458737782
4371.746896763391
4351.749646314926
4352.001638005387
4328.504362551983
4328.420425643689
4308.229640572091
4308.397873364205
4278.815775955102
4276.911108676824
4233.822079643901
4233.847260665081
4192.416672725616
4193.049803708244
4165.088670913771
4165.178700205312
4145.145669138977
4144.968328555361
4131.391476143907
4131.139818794148
4121.2279963517585
4120.976674637118
4114.06461171726
4113.846552476899
4108.744858318547
4108.566372939417
4104.942079521338
4104.799825212393
4102.112148937571
4102.001724508634
4100.065412147411
4099.980533535884
4098.5403792956595
4098.47537076169
4097.426608639026
4097.37670288527
4096.594705035467
4096.556166364308
4095.9819256224046
4095.951909780278
4095.5225593858577
4095.498917278961
4095.1812454656297
4095.1623810137257
4094.9239511001797
4094.90866780217
4094.7308518257396
4094.7182593713837
4094.5840188650427
4094.5734559178636
4094.472372963629
4094.4633465148236
4094.3863475666762
4094.3784911803755
4094.3197561866314
4094.312795371059
4094.267439982099
4094.2611706427183
4094.225944814965
4094.23535682706
4094.194425458133
4094.2273400750196
4094.1787731402087
4094.121218825449
4094.0952165015015
4094.1253089638253
4094.091890941286
4094.177807942398
4094.1774577910355
4094.3404134657926
4094.4635580154763
4094.1008738111373
4094.1265158517467
4094.121092644493
4094.158358825353
4094.1715332039016
4094.163572212657
4094.1659439755063
4094.134292631609
4094.1376508136227
4094.0481347497152
4094.029916871705
4093.984128632025
4094.0198881487213
4094.1011061681784
4094.0387875205356
4094.141698347817
4094.142181063407
4094.128812237094
4094.1250592270144
4094.021334225932
4094.1080407828654
4093.9539293664875
4093.794235205652
4093.7441300525816
4093.6943851538094
4093.659899619583
4093.631100541267
4093.594427117946
4093.6036647987526
4093.5222541975663
4093.572067094655
4093.6385756018585
4093.8091030099645
4093.628532428882
4093.36288704921
4093.3979010892685
4093.349960180019
4093.3704366272254
4093.36281842447
4093.3655511259403
4093.3651650180373
4093.3602537985957
4093.3601742060396
4093.35212277353
4093.350574891147
4093.3383578183743
4093.335996962301
4093.3280159416554
4093.3224595095326
4093.3046884819028
4093.301749090835
4093.274346767301
4093.2385645373547
4093.223872803637
4093.232796383404
4093.207644540747
4093.1693905349143
4093.153017654941
4093.125146223024
4093.1102129436
4093.110624039494
4093.091204464539
4093.050185257752
4093.0287373089895
4093.0300139570068
4093.0047488681407
4092.9522437306905
4092.924103203992
4092.9158051910094
4092.893273540535
4092.8243683842647
4092.8567214538716
4092.8472582298054
4092.7721252180895
4092.7069652621526
4092.7234453321203
4092.6926547169332
4092.5919240995177
4092.579866031267
4092.653678122416
4092.6581583018506
4092.512880308738
4092.3998940396136
4092.342676936689
4092.238780232317
4092.0668101425777
4091.9720027971807
4092.1636779874552
4092.0484766979157
4092.2576500715154
4092.1673882224036
4091.531942764632
4091.7949325654777
4091.8392990905477
4091.106439998765
4091.0500829690077
4091.0413061626505
4090.8655320523458
4090.867437528802
4090.8160937752677
4090.8457639029452
4090.863505119996
4090.6962174153527
4090.6272864115917
4090.5934614212956
4090.5443753637583
4090.519743052322
4090.4666508170476
4090.478599843922
4090.4656261586424
4090.4001921858917
4090.390786696173
4090.3486489784723
4090.382526587998
4090.3966988630355
4090.312170384272
4090.303269515128
4090.270486267314
4090.3489176558587
4090.357576840905
4090.284222334339
4090.3223510142025
4090.192174493415
4090.157274572148
4090.138175746207
4090.2623304963067
4090.3161428866133
4090.3210282183527
4090.460739017658
4090.447833723366
4090.4438560702347
4090.8335835360444
4091.2340077059257
4091.3055981370076
4090.6815420413873
4090.8932311431913
4090.896064891869
4090.3045210498817
4090.1891048501207
4090.6021822432617
4090.8127660043783
4090.23736614705
4090.0497473448645
4089.8696481520283
4089.7660436829915
4089.6840973323133
4089.7502720711163
4089.8028129091776
4089.9137264946926
4089.9758993316336
4090.2520080083045
4090.4899954974458
4090.98108204857
4091.3644301519194
4092.5402911628785
4093.1203379148155
4091.5450996945065
4091.3194767417776
4091.0030606393266
4090.6855670577693
4090.483603193338
4090.172246697436
4090.060969171668
4089.817272509345
4089.6917668272054
4089.518594778159
4089.4192451635736
4089.5795241018254
4089.627896262602
4089.43752356298
4089.3804679026603
4089.5119248177593
4089.5370755115996
4089.3659920259365
4089.3474472365738
4089.267579906739
4089.220774183375
4089.20638293214
4089.141046927136
4089.141455612453
4089.0918865222416
4089.076977381532
4089.1019964912903
4089.085614087821
4089.0517067738488
4089.0328375782647
4089.019340500158
4089.020082001232
4089.0180884443103
4089.0119863589575
4089.0114607283704
4088.9990120515577
4088.9879058939214
4088.9966656050524
4089.016913981179
4089.0023697906477
4088.982197205228
4089.015835757715
4088.909015646505
4088.954781300423
4088.8543134349675
4088.799699664112
4088.7896269541197
4088.656533739103
4088.691842715814
4088.8179179764716
4088.935275009014
4088.681190757923
4088.6653245023417
4088.7542573030873
4088.801358560805
4089.0622949446774
4088.972497889851
4089.922709867762
4089.68785828133
4088.552921630902
4088.6879673508674
4088.820712307032
4088.7164226060813
4089.1880194846317
4089.0592233422244
4088.367097470482
4088.4503926228917
4088.439132905621
4088.512626218736
4088.620799111488
4088.4956348112614
4087.9853696569903
4087.539144263697
4087.5398250094586
4087.7261885335133
4087.5231159856526
4088.1651378918114
4088.500049887373
4089.745867031652
4090.542433466686
4091.1059762735285
4092.2550946212227
4091.6156691092615
4091.216184138144
4091.4444129985095
4091.1209935148545
4091.063521827336
4090.9082094868904
4090.7188270250003
4090.655108838573
4090.631555765587
4090.5716926216182
4090.5189521733723
4090.511243545433
4090.393390990742
4090.3395488720894
4090.4924718212933
4090.266880782513
4089.8316740489827
4090.0277826401325
4090.133002729447
4090.116560696275
4090.4901290008543
4090.511848146976
4091.130700270412
4091.0983738538007
4091.63288096438
4091.638778808342
4092.373555404015
4092.440709802762
4093.4555084594863
4093.727182354516
4094.9977789429468
4095.600505330287
4097.062773158726
4097.986186977189
4099.565711221057
4100.789941910337
4102.465812560915
4103.942619550871
4105.5355371011165
4107.271399114605
4108.8243688002085
4110.595603828399
4111.886410187008
4113.806881438413
4114.887355668733
4116.65202354334
4117.18732037626
4118.839666321932
4119.099565183967
4120.2527030247975
4119.90689993753
4120.862223522644
4120.237549692583
4120.610061603951
4119.43002352622
4119.522399368339
4118.181794221258
4117.631551474644
4115.915231418525
4115.0983925071905
4113.3629420171765
4112.019966512196
4110.152974376488
4108.64884351383
4106.912670289744
4105.120738418125
4103.471847584365
4101.637591566512
4100.25083861289
4098.351537306776
4097.207202645434
4095.4464325321146
4094.5955596585436
4092.9963082591826
4092.4339198744055
4091.0726103615657
4091.1772255764845
4090.43107774713
4090.1405349529805
4089.5241392903204
4089.5589025830377
4089.2787766614783
4089.251594837253
4089.028003488593
4089.0457142706455
4088.761589684446
4088.771158895277
4088.5085362129794
4088.5424938659253
4088.5265792594805
4088.638469341276
4088.64350903519
4089.0784394022858
4089.0540751924364
4089.5497541743944
4089.558274219651
4090.212343431842
4090.2584492699075
4091.0067497634054
4090.962198507997
4092.2239984904854
4092.509993493926
4094.226346282277
4094.7666026087127
4096.9395875472665
4097.665141187031
4100.398280515158
4101.246943772977
4104.643398044408
4105.720175002293
4109.966194649705
4111.2519457394
4116.4093743503445
4118.059804092705
4124.360835669416
4126.212951792379
4133.535742991437
4135.899635649843
4144.439786815137
4146.879970208071
4156.112835119157
4159.1670958483455
4169.239437373704
4172.0335482876835
4181.821520695612
4185.281422907138
4194.950342757699
4197.585312829254
4205.531407474199
4208.810233855595
4215.613307444381
4217.446465999033
4221.386139909439
4223.883325233475
4226.284740705717
4226.899453969289
4226.220265578138
4227.575577975217
4225.74112681591
4225.101161934163
4220.771484262332
4220.9643373808985
4216.22788386453
4214.6004758569015
4208.22475423265
4207.4851686942175
4201.369043639529
4199.149416316167
4192.141491860364
4190.798418248722
4184.447333341497
4182.00388873629
4175.283963258532
4173.647218973585
4167.735908807292
4165.338795464089
4159.376100871674
4157.681126188485
4152.522608534493
4150.335709489352
4145.29552437856
4143.693933704775
4139.3741975548855
4137.475570316197
4133.350513078061
4131.924038570982
4128.406393227118
4126.815307294849
4123.513842035764
4122.294397440388
4119.485891918981
4118.186649977419
4115.586025632937
4114.574066634363
4112.3635027668415
4111.32287646922
4109.297700002233
4108.476157280257
4106.754249365599
4105.9327369954635
4104.368690429655
4103.712571424962
4102.381429714843
4101.739827061532
4100.538997495766
4100.02134278643
4098.997851796074
4098.500665360105
4097.582415189828
4097.177637007551
4096.393616585679
4096.010446758697
4095.310086875505
4094.9955750029803
4094.396411181701
4094.102161363457
4093.5687390719886
4093.325399953219
4092.86808177253
4092.6425604779847
4092.2364662968175
4092.048664325766
4091.6997307251445
4091.5269896167597
4091.21772309825
4091.0729305817704
4090.8065803043205
4090.6741893720764
4090.4384223791735
4090.32675787368
4090.123223042336
4090.021587637886
4089.8415615916397
4089.755318930964
4089.599522015187
4089.521286935063
4089.3835257319047
4089.3167440676757
4089.1972196431375
4089.136773394864
4089.0310706062824
4088.97916580805
4088.8872116109033
4088.840286580235
4088.7589199461336
4088.7183807427377
4088.6473982890866
4088.6107551480222
4088.5478836107623
4088.5160275508038
4088.4610150118274
4088.4321973161505
4088.3834014944755
4088.3581824958483
4088.3153473928587
4088.2924927743475
4088.254426506848
4088.23428503368
4088.2007498873377
4088.1824458634924
4088.152572871885
4088.1363203408914
4088.1098996987744
4088.0950741235506
4088.0714694237513
4088.0581995959474
4088.037231484915
4088.025069599951
4088.006269913753
4087.995291269669
4087.978509936786
4087.9683916970234
4087.9532828189745
4087.9440670985864
4087.9305069712786
4087.921959739525
4087.9096917148627
4087.901834829644
4087.890758027277
4087.883420884582
4087.8733440941983
4087.8665364629946
4087.8573780557067
4087.85097486614
4087.8425918175235
4087.836595863811
4087.82892249691
4087.823241566161
4087.8161704883105
4087.810803562247
4087.8042821475206
4087.7991608458783
4087.793108158616
4087.788229570693
4087.782603564287
4087.7779166867344
4087.7726561483128
4087.768157314621
4087.7632287152205
4087.7588796579803
4087.754236544229
4087.750033487836
4087.7456491542553
4087.7415632143925
4087.737402294159
4087.7334299315003
4087.7294711654567
4087.7255904446038
4087.72180682335
4087.718014604657
4087.7143892045747
4087.7106687253035
4087.7071808596647
4087.703529436275
4087.700165626189
4087.696570366573
4087.693314724415
4087.6897733976643
4087.6866151783415
4087.683117803521
4087.6800447740807
4087.6765895384274
4087.6735931219023
4087.670172245152
4087.667243000481
4087.663855039844
4087.660986108723
4087.6659633811187
4087.6676826981784
4087.6886238628717
4087.6782703263993
4087.760211854228
4087.6525571995026
4087.9637383953022
4088.003049406163
4086.8847842240993
4086.777961561924
4087.7622341547035
4087.840331755781
4087.307101318766
4086.9876786063564
4086.4033050537923
4086.1920285183874
4086.226524717597
4085.9596360036826
4085.358905768249
4085.4622312705837
4085.342235830609
4085.318005486534
4085.2084261179907
4084.789951352082
4084.818632238771
4084.534287602184
4084.3958334949652
4084.307902963373
4084.455323770775
4084.499861082034
4084.755135303765
4084.6760601929013
4085.0883156604164
4085.052175614013
4085.8242597688422
4085.783692117426
4087.3315675589256
4087.4059923777577
4090.2808829783785
4090.425078687233
4095.75541660265
4096.019373151221
4105.80234524466
4106.280354727015
4123.996634675479
4124.8345354375415
4155.756437590504
4157.160438626154
4208.820562454056
4210.93160491479
4288.594042395154
4291.381134356657
4395.526029559864
4398.310852677197
4507.764001091096
4510.234516168599
4605.886185116869
4606.891267196855
4658.216647824646
4659.219367835941
4683.538717283387
4683.033889244387
4672.372063084511
4672.659991933973
4659.912563573955
4658.946405134864
4629.070953311186
4629.049134719559
4607.8214054587625
4606.806509345121
4574.935370903872
4574.767871226615
4553.27732947299
4552.335169813689
4522.653563275842
4522.413494255166
4502.494341098611
4501.650630912954
4474.939531245728
4474.6627589935215
4456.615649164669
4455.868696395463
4432.088631209055
4431.795832204474
4415.558373631894
4414.8995523837
4393.815513306022
4393.519921181485
4378.948188775369
4378.367744975743
4359.709297652551
4359.419675237237
4346.35939524702
4345.848069649424
4329.353233736778
4329.0753149513475
4317.379983294647
4316.929433279899
4302.3566922470845
4302.094060053135
4291.628906258453
4291.231755008439
4278.362559402841
4278.117248588699
4268.759397147877
4268.409165908708
4257.0474225198695
4256.820357960291
4248.458062817154
4248.149072559113
4238.119665297946
4237.910987637994
4230.442732711576
4230.170005279779
4221.317040549901
4221.12634973938
4214.460009159465
4214.219177678336
4206.404203680888
4206.230740625415
4200.282824080586
4200.070054799497
4193.170348937674
4193.013130024523
4187.708098687253
4187.520023616103
4181.426984805312
4181.284900338478
4176.554535501543
4176.388194449929
4171.005853951299
4170.877739056898
4166.660550925539
4166.513341414197
4161.756996066966
4161.641680669794
4157.882350290915
4157.751984064157
4153.546950464416
4153.4432935067
4150.092144805132
4149.976609883272
4146.257095549141
4146.164007436888
4143.176508440678
4143.074035867225
4139.782121427167
4139.698577801846
4137.03487143789
4136.943906067791
4134.028631673732
4133.953680894005
4131.578145722995
4131.497320507093
4128.913868801454
4128.846634930241
4126.727476279766
4126.655589599001
4124.364557634743
4124.3042402910705
4122.413111713448
4122.349107414485
4120.31585955213
4120.26173166542
4118.573386414121
4118.516336190735
4116.710430560435
4116.661834756317
4115.153806354589
4115.102894236068
4113.49757540811
4113.453919584717
4112.106230486554
4112.060739168502
4110.632490252581
4110.593242743222
4109.388139585398
4109.3474384053125
4108.075586198283
4108.0402707963
4106.96198477582
4106.925519126142
4105.791886556411
4105.760077583949
4104.794608208963
4104.7618902396125
4103.750490715769
4103.7218082800055
4102.856728796569
4102.827329242287
4101.924098146897
4101.898203642953
4101.122486465817
4101.096027469485
4100.288586476398
4100.26517840146
4099.569038750305
4099.545187569254
4098.822637831403
4098.801447920018
4098.176204141342
4098.154667622298
4097.507408482558
4097.488198166179
4096.926147117748
4096.906666854697
4096.326236896387
4096.308794098708
4095.8031001391264
4095.785448228613
4095.264386007813
4095.248522235184
4094.7931185418865
4094.7770938629455
4094.3088159102795
4094.2943636442324
4093.883864502387
4093.869289455618
4093.4479833849487
4093.4347937382036
4093.064416714173
4093.051134366337
4092.6716652390232
4092.659605862634
4092.3251028028726
4092.312974384971
4091.970802693258
4091.959755910045
4091.657351795442
4091.646254508007
4091.3373643135124
4091.3272254572234
4091.0535642700333
4091.0433893645004
4090.764225330189
4090.754901268683
4090.506998068738
4090.4976491623947
4090.2450613716424
4090.2364691965577
4090.01166774092
4090.003059340274
4089.7742549167046
4089.766320781975
4089.562256031209
4089.554312239324
4089.346812923144
4089.3394710167263
4089.154035991525
4089.1466893721285
4088.958294306363
4088.9514859388273
4088.782802419435
4088.77599300048
4088.6047460762215
4088.598418875944
4088.4448114961224
4088.438485895552
4088.2826470801033
4088.2767542788956
4088.136727623311
4088.1308382827137
4087.9888584382625
