-3519995314231705e-23
-11167187047176112e-23
-25378527529872346e-24
-0.5039019669611171
-0.8199026760754416
-0.20614592887103153
0.8583082183302566
1.6482535627641155
2.8362245196892446
3.014165502250684
2.631989930460566
1.995566045172743
1.23043705477874
0.9758677777109803
0.9621283720239491
0.9429606963065593
0.13475664252192657
-0.4857892396736907
-0.7013556325672705
-0.43918861880177734
-0.9817591476267306
-0.7134717503032085
0.6639393742684776
1.7116119029499617
0.6510982819061127
0.33757699950040115
0.24495474074813722
-12202251602671306e-23
5658493173319176e-23
17957733846620111e-23
4090901764633591e-23
-0.03150911501500188
-0.033644711115686024
0.3843870364353235
1.0400113855612412
1.5242251207997342
0.6724886900917034
-0.21247642101465922
-0.4991036063795512
-1.041009426278206
-1.3472960659877338
-1.0981180724676929
-0.24582551554984278
1.3600826858749913
2.7277656164162263
3.076108771588228
2.7129859305123665
2.3064548579374637
1.8680081019540364
1.1250757770002329
-0.3061649892793123
-0.6742741446571433
-0.3572352030790751
-0.35008258821586774
-0.22289337054289515
196220981481447e-21
-12776285091658702e-23
-40572754382409556e-23
-9339903805621412e-23
0.36839445766240664
0.796917743308926
0.16373711730367868
-0.5022023643078681
-0.7459034491421492
-0.27424392405443254
0.8799558520112166
2.0682148896608834
2.3724967644409567
1.9131953790358374
1.2416397245249604
0.5343226211515109
-0.32540800378008716
-0.7040675880427877
-0.3037003146348798
0.5483978253137073
1.5574039941662516
2.9526620682948117
2.6527160525684668
1.4772580927114842
-0.004563519996805574
-0.32680281905487274
-0.13782888329003898
-0.13921276723226558
-4438708672337788e-22
18946113833733956e-23
6015997796988647e-22
13860025746055144e-23
0.9770675556733787
1.7216966953006607
2.048161710745602
1.4447641551547663
1.21429964314659
0.5857810924522828
-0.042319327333050244
-0.6201834508813907
-0.33988545131850506
0.6069238596203587
1.268594450725288
1.9670154522625862
2.4577073195174246
2.5620112328368627
1.7559899289031284
0.5820167727181701
-0.6471715788226761
-0.5354182465121602
0.30192241446838275
0.4579836010795689
-0.23948457461262698
0.10733696873764279
0.20587373128491193
0.2147137160528267
6582558142148573e-22
-4328089201510511e-23
-1375731265478016e-22
-32526735593099897e-24
-0.1994981432920269
-0.1572236930159424
0.43181028396568366
1.3852121002376605
2.5280166973496776
3.3267160317452222
2.44834471651167
0.6323883029292888
-0.7859033614865204
-1.5994008517758147
-1.4491155585395905
-1.2131415243657815
-0.5919088582888751
0.032520777741733696
0.8749219071693656
1.5384619598539488
2.2714962843184057
2.578296657217255
1.9001103217353683
0.8543998846217329
0.43841339882352015
0.5612243915606367
0.4579848966188549
0.24684556376662206
-15101566656430639e-23
-5972583814397691e-24
-1901697268209126e-23
-497256650057091e-23
0.1198975320214449
1.0955160783900237
2.6392691481518322
2.6491890677462044
1.4709765706787519
0.10948740808549537
-0.8796525938673786
-1.1345669304684056
-1.045970026566952
-1.0133183031096695
-1.4431688628531258
-2.056741615925077
-2.323819753105942
-1.7073702708356366
-1.0277100354997066
-0.36882341048415385
0.1280313525437246
1.1033567786664855
1.9715891244889359
2.463839750153631
1.7072805491432255
0.1902278718294303
-0.10068272333367846
-0.08746604869952819
-21168554688026337e-24
-17710659393702495e-24
-5611242445670215e-23
-11975450513099505e-24
-0.22602160831432314
-0.7763139639472393
-1.8739031151935974
-2.273480319450435
-2.2631638123876887
-1.6571006153538286
-0.7272653616250928
0.35454237920145687
1.4051328783876724
2.359747780738914
3.1642952302644716
3.1688623415035306
2.6872981795001696
2.0750593349626367
1.5419036202107135
1.0897625340004373
0.5313708050171712
-0.1731464235479657
-0.12670176435827193
0.2908044890758999
0.6132842613708981
0.3152341697651423
0.0896910350686707
0.05702245989562353
-6083844311662425e-23
-24604324710567533e-24
-7804908716038026e-23
-1725829297404235e-23
-0.057920592503001536
-0.2672539087131304
-0.8276415056529778
-0.9649281151925518
-0.5356281628296143
0.5351829254413963
1.71954772851502
2.636957716550616
3.3724021429965716
3.807813703557356
3.876257560424012
3.4087006615487487
2.657974454816611
2.0225449699280715
1.4023140038795732
0.8554895465979493
0.4068284293560754
-0.02856654963109782
-0.4451154562126159
-0.4808837983732608
-0.4967686385070672
-0.12438361480969028
-0.024014175752099944
-0.01910021024746432
-8496447612216986e-23
0.44450588457040036
-1.3630320569029652
-0.47280599067571705
2.1170415124315896
4.242740476286547
-0.534454706151466
1.2819582377638623
2.0932110486673934
-0.19562427917780859
2.1785962257506064
2.8454751754006162
3.6592283613791183
2.030874149857049
-0.19042548111084326
-0.8452509369293514
-0.6678911918225596
0.3484994401121823
1.1092431288559397
0.581840207003486
0.17133012588055932
0.5346438629791428
0.5068109776928132
2.5246326662585763
2.9325233277527354
2.592159473384849
1.5554858536777645
3.450683327746405
0.5442695548135325
1.7905540070764596
1.2121480326578447
0.3881094340294807
1.2040834817957649
0.7767875608568406
1.1505398632907862
0.44850894448277556
0.6251966620765234
1.8038997839293387
2.5555082690061153
3.6789824393284083
1.289870647981656
0.7091128621411601
1.0568488677909784
0.6450515585765475
0.24036916094141797
0.4151456160696042
0.43287457444266964
2.9610239819880473
3.865150601962974
0.23201495971576472
-0.94557505731803
-0.7513080569501871
0.3698687156378727
1.6736599728073318
3.539862320867493
2.6015894268746282
1.5196076333955917
2.5475947106430543
3.240659245228259
0.9127777612898429
0.6547453602105803
-2.792586845805403
-0.8926367715145931
-1.1858707478257768
1.7823735159153176
-0.7367026379740016
2.6320615901470585
-1.625629739496348
1.8094643635394498
1.12056453276956
3.0158834348693118
2.013678642981877
2.5917130581561705
1.2561198280269932
-1.1073215122688913
1.553236112368382
1.9295001787452863
2.574396962488895
-0.5163250519896795
3.098806927782668
3.264755822091659
2.971114133291003
1.394340427918382
0.8912229569805217
0.8157688123500079
-0.9144884644175555
2.992814627546192
1.7170292073737605
3.0183759202142797
1.4541576503979334
1.9693067449747665
2.594358208882782
2.300395467172758
0.12776133947122126
0.5543647411923684
1.1485174289329727
3.494316792227566
1.2903114208777033
-0.38151192510524967
0.05499467151635496
1.956555852214586
1.8639573581494453
-0.22458968242443272
2.4075755206745284
2.6209321111059976
2.8715096613874977
1.4985043173238326
2.189064296113392
0.5248925953743857
-0.21838511209333455
1.7465462678804384
1.3403921199518216
1.3562588385936787
1.806984847159002
3.1492821123390815
1.5281324935934364
2.2020186195889493
0.5341125283572447
0.735613442198595
0.7960011070649655
0.4352322348691827
2.5762868329246382
-0.1280304192319985
1.1823946516890143
0.79664593481333
-2.6682847644275087
3.416440210498859
1.26772685026745
0.6488415519322023
2.5480713881921373
2.1954346731639274
-1.6803295360094777
1.1834170246017355
2.719676257651194
3.1700615620954
-1.357739326314326
0.5761427036701378
0.7567727152054886
0.9207290065506825
0.7711782068837468
1.0369991797030997
2.214135766871044
0.6804017486363978
0.7252575082266092
4.977738968621294
-1.2199687914371085
0.8778536704904281
1.570913733477584
1.6856625024991274
3.0738166983260347
0.3029250784911894
3.5431572734953023
0.4201726757353734
0.9305247061073203
2.79020587507693
1.1854041330956366
0.6302348903316907
2.200167581984983
2.7309883597711173
2.3519425351570415
-3.8929270496484945
-3.2112007949136645
2.143079618466895
0.7192127651085413
1.2577855233783217
-0.8864475676801147
0.6081978776638525
2.871556763692104
2.2221660968423795
-1.2066222788526917
2.9027974777683196
-0.6429379381356647
1.354690887265791
-1.7909766060841632
1.796311884746311
2.9886498415217457
3.2433512298803002
2.63338366647885
2.6214848145446967
2.728622262777611
1.228074187938179
-1.1477456684066787
-0.22305930488080292
-1.3470589169476685
3.4579899542841197
0.9415099816124012
0.4122654609363038
3.0593045694063714
1.3631461358347274
2.592062294021019
3.0862530933567633
2.3845578949936885
-1.2963694750525052
2.8771017769520877
-1.331269006587888
2.059539856476025
3.52429194063725
-0.5758754044577873
2.5327269595504096
0.14629725825974108
2.3532930321067695
-0.5545835477008433
-0.9558066691320881
-1.7593129640316636
1.9400096818608066
2.797869935428822
-2.1897304559819046
3.2103026482927324
0.1425791702660488
1.4988407102821375
1.590969396431862
0.5875951596366353
3.4827145994922692
2.3277900191724337
-0.9146308198805266
2.859128485708334
-0.723792908753352
0.132853203577732
0.9854402811078735
-1.6614037670630248
1.2177180643018584
3.0829281657815812
0.07502010176359024
0.7354780489829159
-0.12803894787248596
2.5154382328433322
2.881473719178259
1.897058327298395
0.47097752410113003
2.0070205709435696
0.6392679828571952
-1.611704145662816
1.843993053208304
0.37154932372231303
-0.16153816106228935
-0.07295795349390936
1.556422531422017
2.4979194875501025
-0.5810333300060407
1.4068824517126017
1.8513358126835984
2.535164105724034
0.9381300358381475
1.1456027671510571
3.0923963406421993
1.46465187308005
1.4202248244513764
1.0043722941372226
-0.03765505774762589
1.8077768076455472
1.3220723570173087
0.45739796704657926
0.56242029675616
3.370900799744668
1.5948445165301508
2.771800177829631
-1.504317759839471
-0.4693648676722475
-0.3714392057245883
3.081838845997977
0.6016037463319577
-1.5414789056214133
2.0970025560074195
0.48262343876474556
-0.17382794300687002
0.16856053856498665
2.2428920620619777
2.582457344561012
-0.5002997952480592
-0.06465880656820862
3.23414628195372
1.8893330560901425
0.7087770065570166
2.016837909018554
0.04108591628115302
2.4759604319210022
1.001262383681604
0.9461204027707183
1.2763231980441794
0.2146108943887891
0.5302907740561816
2.032264744710752
2.583507665045973
0.8769902689827953
-0.49852476990368805
0.9020494961673564
-1.87992615190222
3.4986364077172887
2.035035239457734
1.5532914266742195
2.710710988860332
2.4915076078433316
0.5311726769996699
1.4397020593397938
0.14216657251921994
0.9614984923181974
1.6980069168981595
-1.442302681747259
3.4974611799783974
2.3330036647145387
0.4477071496799248
-0.16567178074513583
4.123430521844277
1.578712252943459
0.4257045548160076
2.410901123837857
1.580123537511596
1.9496262588599804
-0.9802759938627893
1.2515561457113893
-0.31989209251613043
1.3875749024150628
1.7510071299775418
2.7369117521880595
3.334645218086503
1.2436644458566946
0.454488312843744
2.042353190478129
2.197364895108604
-0.6107309228238988
-0.00022508938770034767
0.6384952485358846
1.547841704687947
2.0511813148538667
2.3807571050047245
0.8624970348814739
1.3823999501156647
1.7030404710190392
3.930810263276838
2.3797145388102434
0.320522590246884
2.094342152496997
0.5415535536423317
0.6099793106034337
-0.10582252646223982
1.8502686952485292
3.03219551842845
0.6420240116804597
-0.0844453127591435
2.9888856838961493
1.4173423267907996
1.1006274853165328
1.2969353334499831
0.32302455300619826
2.291935812674203
1.7090834605851153
-0.05088579668629585
0.8189688592280723
1.6179704516513287
-0.3356737538703315
3.2175153047492775
0.11398016014399091
0.9334489831834518
-0.28364083675417945
-0.16050026712373958
-2.030505878931447
2.821430379132924
0.8759914666982098
0.9443723219115343
0.10852054662655322
2.3998358134577447
0.46734557128133697
0.8203774675960275
1.645225590321817
3.751824417669319
0.8240055747348987
-0.02304469622131832
2.5313711254027527
0.5915889199284221
-4963700472606325e-23
-7957538098279132e-23
-5722095307505017e-23
-9035821889293871e-23
-5963103372804562e-23
-0.06010864667414965
-0.008831328727815658
0.007010165715027878
-0.8387376171750328
-1.2630884022490163
-0.5845907136979168
0.8240191519029886
1.7482879954501422
2.313614052333157
2.211837415101673
2.3294487967793023
2.8034586839002884
2.818478705863282
1.893624907703525
0.7241967706849642
0.10730983483398492
0.02661800032391681
0.32405654225160047
0.1877715539959981
0.14632411805692103
-0.05784893100225588
-0.017518026021018533
-19563953285898807e-23
14001987300042105e-23
23364927990893315e-23
16760022752019932e-23
26295440927351156e-23
17671786557257066e-23
0.18200221898888408
0.6299405863554411
1.3283679671397817
1.981013761501424
2.0477733726364113
0.9800624837669693
0.2308848515954803
-0.1260177401499178
1.1788726486135659
1.9805261264100207
2.089692984942231
1.1604095771133467
0.8859762073985079
1.5798618033285645
2.6281798898583846
2.4997511397498795
1.1785624735660913
0.07047902480919394
0.20429050043502445
0.1930668710607354
0.013228056461247339
0.0004383868097175524
5834266366670681e-22
43128704306493515e-23
5676202004200493e-22
41981731207136337e-23
6623511063708793e-22
43691759088842725e-23
-0.034741440375822455
-0.1294622916252873
-0.17998064716887113
0.8764399615385647
1.6610822210977927
1.178266056931948
-0.420093228871384
-1.5263457098866804
-2.0167177713038975
-0.20952744019889027
1.7624576458862684
3.423396266219499
2.9640304537404694
1.469569064747593
-0.03149973319297187
-0.6851237457523084
-0.772626387150658
-0.35188005554934615
0.08932565247513594
0.13036908598672087
0.10338601116087609
0.0420409070926718
13289592097523584e-22
-2603223214608063e-22
-3990973569472015e-22
-2894731407567228e-22
-45413938093481366e-23
-3049520538652953e-22
0.16746417582525364
0.2938064679079876
0.346359614649373
0.34502987293954296
1.214754939186903
2.8026402982871916
3.7280409530062397
4.0641858460226645
2.9305710090611736
0.717492359213662
-0.6159098670279899
-0.36918524108953904
0.44950859931039183
0.8881426521465283
-0.13010807394456103
-1.1309052598653784
-1.2176054710060271
-1.0473825189011745
-0.48117117554314526
-0.31186711383164933
-0.07100202563323052
-0.024029687408217884
-9783235462416838e-22
-16763477681958007e-23
-27971636251753597e-23
-20067425969688032e-23
-31482945172193046e-23
-21156846670248495e-23
0.07522464616817856
0.08177126723909986
0.16673999134282688
-1.0736115500942465
-1.9098143981713023
-0.6502318754523352
0.9160717893229661
2.084104115020716
2.0311585016522162
1.3721139615696414
1.0675690089527896
1.5417129283294007
1.991011045702429
1.5243540002896039
-0.8755474237028926
-2.4959313150717826
-1.8813110632459775
-0.7336484499001887
-0.2368060084077192
-0.1739664549831287
-0.11404069687671042
-0.039204415787193525
-6984947075576444e-22
14506884951979045e-23
2553754645371522e-22
18216181238516787e-23
2852223977743168e-22
19281794051066623e-23
-0.1269520802989876
0.08415364314675385
1.7745794215476838
2.8938149576787926
1.7683803323139244
-0.5023178917219142
-1.185898485995501
-1.3493094510302452
-0.5986240477234903
-0.14590002546123487
-0.007527804897159931
-0.6124982137064602
-0.6738850654633436
0.14713390924904632
2.025158882815608
3.277750703108761
3.050456189184939
1.6875064263702193
0.5032598253662239
0.2665420752284981
0.05246730320228795
0.015129575617534514
6459723642077516e-22
-14528055207469142e-23
-19419679697555763e-23
-14342835451555538e-23
-2257381082246832e-22
-15004166765814693e-23
0.08418460542044075
0.21987954794631154
0.6440219645004635
1.5987987747545396
2.3549283857479115
2.5529980482404895
2.2066677598757276
1.5733722055032906
-0.20437073862867666
-1.9071340601171938
-2.71915324148958
-1.7411137768304175
-0.1799535876795811
1.0139795712148727
2.0890255938731124
2.1499100561648197
1.40021666779468
0.5016003945904606
0.0017581257788605183
0.017653880685248837
0.08394659874277646
0.03110579806305678
-4581435990577177e-22
-3379530017684237e-22
-4296464368768706e-22
-3191916919172828e-22
-5047185750085667e-22
-33067192552876633e-23
-0.0530573912094203
-0.22000165133531666
-0.1528262884382875
-0.05991178219105194
-0.6762961425680589
-0.5958857486519912
0.6673769956990575
2.1661821352739556
3.7798256590702346
3.274555290816091
2.259524186906273
-0.2895440049640945
-1.4159978827446076
-1.1745534102887023
0.11718093245340105
0.9045427993358485
1.372731912087089
1.2950720377782903
0.5845155329882975
0.4457254981571976
0.2883958375655218
0.11442875654632281
-993151449473219e-21
-6279459569323543e-23
-13361160152669745e-23
-9358455493612677e-23
-1456944761624015e-22
-10020304882142957e-23
0.0266375396233043
-0.07692085047411551
-0.38397303153347695
-0.04095910798408538
1.1582817587468728
2.2088731991724537
2.2974596670166956
2.510773432938695
2.3534214630462618
2.2522877486327144
2.1369221320084963
2.0419697085194497
1.3375356372490368
0.20640054354096882
-1.3350137433981495
-1.8756193274549586
-1.1418921052133542
-0.5232963121858125
-0.43375564139794687
-0.3324086641994287
-0.08164230298224123
-0.025025607908487537
-3513992847424558e-22
-448231227768571e-21
-6362700860648109e-22
-465724068119194e-21
-7333332439579691e-22
-4868726202435019e-22
0.3579954937217189
0.4323555371560022
0.10288899976087028
-0.8976796159427006
-1.508030358641643
-0.5842002706615549
1.1012824686870262
2.2610810188709207
1.9048771294343487
0.15514693210453495
-1.1085279567901705
-1.8327509802938413
-2.0756764990987855
-2.374541895924128
-2.3833658501466934
-1.641514745896349
-0.34851282414026313
0.12879714050571625
-0.37802927845323614
-0.3361828896424317
0.0026990198749236296
0.0055850976885105765
-1523990350875409e-21
