8648.658984401673
7763.369993156837
7676.584167580571
7477.020966522598
7403.553773494256
7336.581177942815
7147.871680846924
7131.445359202135
7041.446060306527
6786.085298690945
6762.839877590704
6615.047003866176
6442.319786955365
6352.099101256207
6279.108150356675
6232.887519484782
6181.764726833205
6170.9496693784595
6127.604982915337
5997.4447755163255
5944.393010762586
5859.921776668513
5793.89252419348
5737.942135170864
5675.429954261401
5610.308316329761
5536.537015194528
5468.716648900968
5407.078741923111
5353.528847663817
5323.404726948192
5278.017170626353
5202.525828391272
5192.969334458553
5214.392201697428
5158.5115038657705
5176.354584512084
5110.672547127977
4991.250481384301
4958.058458133949
4941.315104795261
4845.628087460808
4832.538801536229
4831.808997403831
4761.5663845347235
4732.453507037333
4721.643983039859
4666.563022491168
4637.892397061691
4634.60576133893
4602.286333226192
4572.916138233139
4564.194749319825
4544.360834020311
4509.564447317852
4498.039094316204
4498.957968101838
4450.915995376706
4455.128190307523
4461.98398655421
4434.682339655426
4417.902611581124
4369.098201125591
4360.461212825275
4391.528679080459
4362.5287097776245
4384.273710582883
4375.544231159262
4275.011215637643
4279.494673041775
4284.737578057624
4240.47206537695
4263.140651601813
4275.309840198886
4225.2291606129775
4201.504048118103
4186.583610172864
4147.988892133271
4099.355883741198
4081.4958098605443
4068.8570537789114
4068.788917724264
4073.820650066429
4049.027014967496
4027.9808245418185
4021.609154396951
4015.265696527942
4018.9882052538783
4021.3847029718863
4004.68445415486
3986.6942695109806
3980.090051056378
3976.713048619634
3960.4766858770613
3958.4063652252275
3959.5559365429717
3949.1674983596213
3965.0696632379068
3969.191943437856
3967.73171785675
3959.1829129379184
3965.9594649359096
3968.804274803906
3990.148711831996
3992.7189396081853
4051.2247651564244
4064.1291990296136
4122.070749630072
4138.803146425745
4171.147201144968
4157.732336991601
4094.2428553311015
4061.094175855577
4019.5025295139144
4004.6236271941066
3969.1112720885844
3964.8925716090207
3938.2935544202055
3935.347706969849
3917.9934647573837
3916.1166593846574
3903.640861523142
3902.4314042230094
3894.1079601402907
3893.0147603251366
3886.8047225526766
3885.889757890311
3881.720921334459
3882.846535395662
3877.6971033403074
3880.5657897313613
3875.319211425134
3880.6398870348244
3876.900324090547
3889.045746255589
3890.0133014651306
3920.0963805250926
3941.4434442532324
3898.1322172048226
3869.1957717582
3858.633614089391
3850.916874318614
3844.2722131170576
3840.4396207683417
3835.4003523530714
3832.0132870114326
3835.083466990944
3839.128743678094
3831.2874846590007
3822.615700286157
3820.8390650389356
3816.439867650041
3814.2957836047353
3812.0624604851937
3809.589527148382
3807.68353223603
3805.862415876921
3808.4580368099682
3806.6130587830435
3804.7098735966497
3804.2252514766324
3803.3519505375807
3803.6416878409664
3802.690700055379
3803.7897105327097
3802.8776725237663
3806.8060916290497
3809.8419187250597
3825.018219113094
3816.2852569804736
3852.2935184800654
3849.939233941325
3936.9145267099498
3937.9534049172385
4113.69659296647
4112.723164369153
4308.137633626128
4307.608365020898
4469.9903349067645
4466.16256659308
4355.68172140901
4355.201452030876
4310.185190331542
4299.874004165791
4167.62910991771
4160.884129717111
4130.857941667794
4124.733406567644
4056.7225656719806
4054.7320555605224
4036.4510736492043
4032.2247400038095
3992.4019771677963
3991.814242735353
3979.2395980449173
3976.5358720412696
3950.2776869255486
3949.886630466268
3941.3829643810905
3939.6222084668734
3921.4924257415605
3921.1399430425085
3915.620459415455
3914.4004999079475
3901.530211305524
3901.210689830117
3897.800134852784
3896.9078800228344
3887.4901987028484
3887.201145582619
3885.257292579206
3884.572015372325
3877.4584056075346
3877.196262689627
3876.2656174346816
3875.7170383481034
3870.160182621265
3869.9202346191837
3869.684116041039
3869.2296785750586
3864.7320673531494
3864.509489559809
3864.7423934081094
3864.3552570996203
3860.5794658191735
3860.3699281452273
3860.911482058611
3860.574082349108
3857.289016014794
3857.088901976272
3857.825731605324
3857.526217684339
3854.5739411303234
3854.3803707343045
3855.234080184943
3854.9642632596792
3852.238440618184
3852.0492062268368
3852.9677965611572
3852.721912473018
3850.152849262925
3849.966314093175
3850.917511406501
3850.6914387918846
3848.2351089829326
3848.0500919284955
3849.0158866954866
3848.8066329233475
3846.4364089174337
3846.2520702731194
3847.2242350219176
3847.0295895115555
3844.7300444161106
3844.545783023576
3845.5223137485823
3845.3406123457808
3843.103018222239
3842.918386845655
3843.9008251126434
3843.7307911326175
3841.5500050584756
3841.364646703138
3842.3561911429865
3842.1968297671488
3840.0692728547106
3839.8828773275645
3840.887149006948
3840.737678129563
3838.6601298659593
3838.472407621481
3839.492717177375
3839.3525221624964
3837.3214882127404
3837.1321577000426
3838.1711309648476
3838.039734244098
3836.0511931786396
3835.859978006105
3836.9194204078226
3836.7964594975538
3834.8458430741694
3834.652475948349
3835.7333839597604
3835.6185936105144
3833.700898308569
3833.505129440132
3834.607783458276
3834.5009790894906
3832.610940994262
3832.4125493745105
3833.53664350354
3833.437704199708
3831.569994444681
3831.3688008565505
3832.513581243876
3832.4224313580307
3830.571847001575
3830.3677278956307
3831.5321229209544
3831.448712001521
3829.610348919935
3829.4032503383028
3830.585984494023
3830.510265814529
3828.6796679225404
3828.469618511159
3829.6693081638155
3829.6012167252334
3827.774500568271
3827.5616224130804
3828.776856332004
3828.7162877893365
3826.8902436997478
3826.674759465408
3827.904169817077
3827.8509621874828
3826.0231333826337
3825.8053680990884
3827.0476982237333
3827.001618478475
3825.1703574444364
3824.950733397786
3826.20490686645
3826.1656443146226
3824.3301425001623
3824.109166416399
3825.3743572594103
3825.3415249103386
3823.501808285817
3823.280051055968
3824.555749119176
3824.5288930906113
3822.685774373118
3822.4638449717104
3823.749904971027
3823.7285206410324
3821.8835008131946
3821.6620172938437
3822.9586778384873
3822.9422302646035
3821.097348053338
3820.876909152747
3822.1847703645126
3822.1727159099514
3820.33035302403
3820.1115137050156
3821.431469074323
3821.4232753124456
3819.585934772946
3819.369188111352
3820.702315480884
3820.6974772375106
3818.8675587026532
3818.6533251649817
3820.0007502436665
3819.9988006908934
3818.1783983297387
3817.9670222171007
3819.329773090722
3819.330289841186
3817.521034352273
3817.3127862978336
3818.69165765323
3818.6942644871574
3816.897223379755
3816.6923072563272
3818.0877500205224
3818.0921153057498
3816.307756205058
3816.106318778144
3817.518365008261
3817.524197899051
3815.7524113680224
3815.554553153607
3816.982780306844
3816.989825754973
3815.2299975278383
3815.035783641573
3816.479316942112
3816.4873503198573
3814.738469247439
3814.547939325208
3816.0054872903106
3816.0143092383214
3814.275095694328
3814.0882723582786
3815.5581878417524
3815.5676197165794
3813.8366598954995
3813.653555441753
3815.133913711063
3815.1437938486774
3813.4196674016475
3813.240288629017
3814.7289738633344
3814.7391547248826
3813.0205458165187
3812.8448971651915
3814.339689293115
3814.350035435458
3812.635820679161
3812.4639058060284
3813.9625612806176
3813.9729480785863
3812.2622577362154
3812.0940798891515
3813.5944011762263
3813.6047141075387
3811.896966096856
3811.7325275746894
3813.2324182390817
3813.2425525977865
3811.5374611408993
3811.376762166889
3812.874266050695
3812.884126910797
3811.1816896387318
3811.024726935511
3812.518051637706
3812.52755393715
3810.8280223996126
3810.6747877306702
3812.1623137784
3812.171382397345
3810.475221517893
3810.3257003518147
3811.805978649001
3811.814548418848
3810.1223901965777
3809.97656066086
3811.4483010394556
3811.4563166041157
3809.768913039299
3809.626745198286
3811.088799421044
3811.0962149624916
3809.4143939101477
3809.275849424005
3810.7271913982695
3810.7339702001304
3809.0585970165157
3808.9236291390685
3810.363335024868
3810.369448906848
3808.7013955248585
3808.569949394833
3809.9971795576294
3810.002608212947
3808.342730167339
3808.214743358832
3809.6287273718312
3809.63345763764
3807.982578794979
3807.8579820111827
3809.2580075332867
3809.262032631424
3807.6209367300207
3807.499654630597
3808.8850601774384
3808.8883789571432
3807.2578066423685
3807.13975870216
3808.509930088359
3808.5125462956535
3806.8931961666954
3806.778297554476
3808.1326673425333
3808.134588935157
3806.527121176592
3806.41528358511
3807.7533328456107
3807.7545713755662
3806.159612592699
3806.0507450145583
3807.372006464649
3807.3725765165077
3805.790724746522
3805.6847341990574
3806.988795933438
3806.9887146326955
3805.420543670886
3805.3173358273484
3806.6038449337448
3806.6031315183445
3805.049194076282
3804.9486738354935
3806.2173392975883
3806.216014748206
3804.676844134307
3804.5789161156185
3805.829510600013
3805.8275973167924
3804.3037076304317
3804.2082766259678
3805.4406368326167
3805.4381583558393
3803.9300433448807
3803.8370146878365
3805.051040305226
3805.0480210738224
3803.5561518754093
3803.4654317952422
3804.6610829255123
3804.657548058603
3803.1823701622266
3803.093866089871
3804.2711593646977
3804.267134465247
3802.809064318206
3802.722685143034
3803.8816888287124
3803.8771998131792
3802.436621328804
3802.352277636316
3803.493105853787
3803.4881787874324
3802.065440157084
3801.983044431131
3803.105850908655
3803.100511854955
3801.695922920793
3801.615389695422
3802.7203614429536
3802.7146363302195
3801.3284667569997
3801.249712716077
3802.337063936242
3802.330978426881
3800.9634569379455
3800.8864009465374
3801.956367738096
3801.9499471155036
3800.601261941927
3800.525824975998
3801.578661304983
3801.57193036616
3800.24223124607
3800.1683361441887
3801.2043120487338
3801.1972950041327
3799.8866971727193
3799.814268154293
3800.8336713360354
3800.8263917162344
3799.5349825982867
3799.7428461389313
3799.923984722766
3800.272700262509
3798.526776555816
3799.074545975951
3798.61701383711
3799.7691823549526
3799.600782163917
3801.477525092784
3802.6446683270883
3804.1755017833484
3802.8723763028197
3802.350807024276
3799.28469475221
3798.6016936005376
3792.394187292189
3791.586206187322
3785.084837007457
3785.273661028711
3778.0794239756256
3779.4727810407735
3773.2538532589792
3774.510364914542
3769.3775907273275
3772.109922297169
3768.615242441742
3770.248558302287
3769.0707663316093
3772.6065268486855
3772.238324359701
3771.7324480970046
3772.322140995851
3772.739078329878
3777.0912050654906
3777.8271742447237
3792.1758741962685
3794.8814374806743
3826.1497713536382
3838.3555224127385
3942.8054005867957
4021.5162545334756
3893.0289742249784
3996.498854102525
3993.6738372329587
4204.660730107189
4193.502576317908
4363.046053049442
4358.6995840276495
4458.079677806923
4436.305974547592
4292.342385202548
4295.232889005991
4238.6080145234655
4203.22078677709
4130.113047809484
4130.65473535079
4109.027723363703
4090.2839912140366
4069.0206479442895
4069.4312166602417
4061.1328244316032
4051.7361621700643
4034.1856163544903
4034.7593594876507
4020.2589165888016
4016.1264658594123
3992.577037998717
3992.248553232934
3977.624612300599
3975.0390974713832
3955.613299581403
3954.8367257655623
3944.199507184205
3942.456053450638
3928.416818879824
3927.6021720189246
3920.1590075248773
3918.973705255438
3908.469000404831
3907.6858614402836
3902.219679412571
3901.362790953898
3893.068241780201
3892.3497387263365
3888.002364211761
3887.3445340080193
3880.433731247038
3879.786225478738
3876.0515692762347
3875.5227035762205
3869.511463552126
3868.930646155811
3865.538980083374
3865.0994369472783
3859.71526696338
3859.1945136872146
3856.015141225266
3855.640568381787
3850.7347996262015
3850.267809439956
3847.246530062369
3846.9206984062816
3842.414131641963
3841.9952626829454
3839.1175681398036
3838.829053526344
3834.6796525964432
3834.303707519141
3831.5737644690585
3831.3143170275334
3827.4984829429477
3827.1605350068367
3824.589388523686
3824.3530116089837
3820.855064293368
3820.550427816108
3818.149605651836
3817.9319410131793
3814.7385489713492
3814.4628446128245
3812.2411841963026
3812.0390548565665
3809.1366129281146
3808.8858570422512
3806.8482653606866
3806.659328209918
3804.033021862495
3803.8036922322026
3801.9510263115512
3801.773516272608
3799.4072722799924
3799.1963321298626
3797.5258684084374
3797.358419247792
3795.2352513214682
3795.0401344102447
3793.5462828578206
3793.3878073527926
3791.490275474832
3791.3088445707162
3789.9838978762446
3789.8335099806204
3788.144148667478
3787.974640734633
3786.809444421906
3786.66640883741
3785.168062239371
3785.0090305846456
3783.9935237768527
3783.8572223455667
3782.533270052204
3782.383529673776
3781.5071459163223
3781.37705395746
3780.2115353002873
3780.070114336559
3779.3220546336834
3779.1977230622374
3778.175379330036
3778.04147742126
3777.410879255338
3777.291920161362
3776.398178728141
3776.2711319812784
3775.7471626286865
3775.6332370867476
3774.854162361496
3774.733414206651
3774.305316987051
3774.196124521412
3773.5183589555018
3773.403436170946
3773.0605555807147
3772.95582511006
3772.36654007514
3772.257033288785
3771.988840883562
3771.8883231317964
3771.3751950573374
3771.270743199977
3771.066880621835
3770.970342011464
3770.521563890158
3770.42184208689
3770.2721918982456
3770.179409927154
3769.783742682495
3769.6884531095966
3769.583241854044
3769.494001882707
3769.140864095718
3769.04972934709
3768.97966097256
3768.893754276772
3768.573343005116
3768.486101548414
3768.442513227216
3768.359736148135
3768.0631661706243
3767.9795694879303
3767.9545967956196
3767.874750773036
3767.594195689284
3767.514006769509
3767.5007414138604
3767.4236337160337
3767.1524501590943
3767.075443015739
3767.06806516972
3766.9935100973344
3766.7263270980798
3766.6522870276503
3766.6461558012793
3766.5739761841382
3766.3067349786884
3766.235459318501
3766.2271489128952
3766.157177704345
3765.8871130028474
3765.818412098884
3765.805687682042
3765.737769463095
3765.4633305071966
3765.397028709315
3765.378762972078
3765.312755211642
3765.033472078632
3764.969408526417
3764.945446945277
3764.8812208721115
3764.597527928406
3764.5355569822527
3764.5065450962893
3764.4439860890843
3764.157018500219
3764.0970097096956
3764.064198844565
3764.0032062831024
3763.7145871608027
3763.656424751852
3763.6214730911142
3763.5619596963693
3763.2735943279476
3763.2171762276716
3763.1819603276367
3763.1238510504095
3762.8377417625184
3762.78297827689
3762.7494266831404
3762.6926572711086
3762.410748111163
3762.357560377919
3762.3275166712865
3762.2720320622298
3761.996088040244
3761.944406404115
3761.9195248546457
3761.8652775250516
3761.5967991353887
3761.546561563782
3761.5282350433895
3761.4751834483236
3761.2153540786203
3761.1665046978296
3761.155822093787
3761.1039292506216
3760.8535913412725
3760.806079157012
3760.803808061032
3760.7530403446985
3760.512695129311
3760.4664729203837
3760.47306296044
3760.423389104727
3760.193214807011
3760.1482382228473
3760.1638403448733
3760.1152306547015
3759.8951142760798
3759.851341093124
3759.875838648375
3759.8282643923094
3759.617842936917
3759.575232478581
3759.608280458253
3759.561713423543
3759.360420969937
3759.3189336604605
3759.360002990248
3759.314415186078
3759.121532813809
3759.081129852271
3759.1295540954266
3759.084917570276
3758.8996236335533
3758.860266787478
3758.915288978576
3758.8715757452633
3758.692994341603
3758.6546458268645
3758.7154635312977
3758.6726455753515
3758.4998914721423
3758.462513925282
3758.5283208246237
3758.4863701867894
3758.3185886517585
3758.282145170493
3758.3521677976946
3758.3110566993446
3758.1474571618596
3758.1119114007706
3758.1854399339013
3758.1451409606134
3757.9850235309727
3757.950339841079
3758.0267521546016
3757.987238437942
3757.8300129736826
3757.7961565611236
3757.8749351750403
3757.836180603394
3757.6813780787866
3757.648315180681
3757.729056993984
3757.691036398254
3757.538312957105
3757.506011005658
3757.588430188663
3757.551119519463
3757.4002537856545
3757.3686815559713
3757.452606204483
3757.415982679989
3757.2668672389345
3757.235994972497
3757.3213584245136
3757.2854006300854
3757.138028866949
3757.1078283576517
3757.1946563144784
3757.159344275727
3757.013793781876
3756.984238419102
3757.0726330788457
3757.037948279879
3756.894362205345
3756.8654269837375
3756.9555493831326
3756.9214747522196
3756.7800422923033
3756.751703781605
3756.8437555315545
3756.8102753834564
3756.6712126011894
3756.6434488818973
3756.7376543575556
3756.70475430619
3756.5682862422136
3756.5410768101437
3756.637666650776
3756.6053335002844
3756.471678306704
3756.4450039605517
3756.5442005659556
3756.5124221761125
3756.3817778635944
3756.355620578674
3756.457626042527
3756.426391189756
3756.298925253282
3756.273268039088
3756.3782548315235
3756.347553070148
3756.223395126394
3756.198221894777
3756.3063263054014
3756.27614782025
3756.155385212639
3756.1306806440757
3756.2419989666264
3756.2123344400293
3756.095010596936
3756.0707600158735
3756.1853472483663
3756.1561877396402
3756.0423029680055
3756.0184922318645
3756.1363629859284
3756.1076998214485
3755.9972141478765
3755.9738295557054
3756.094960800414
3756.0667854775033
3755.9596231149885
3755.936651327825
3756.060986566652
3756.0332906765666
3755.9293456455166
3755.9067736289967
3756.0342280748373
3756.0070032434337
3755.9061456778386
3755.8839606626766
3756.0144269641323
3755.9876648070763
3755.8897475274593
3755.8679369837014
3756.0012911511494
3755.9749832365846
3755.879848238471
3755.8583998758086
3755.994506968073
3755.9686448061566
3755.876129226935
3755.8550309955212
3755.9937503395477
3755.9683253701933
3755.8782667728806
3755.8575068890204
3755.9986965213047
3755.973700116976
3755.8859407920972
3755.8655077696576
3756.0090279226374
3755.9844513906087
3755.8988416357915
3755.8787243190777
3756.0244399033472
3756.0002745004235
3755.9166747449503
3755.896862357035
3756.04464430198
3756.020881241273
3755.9391630836694
3755.9196452670008
3756.0693708290496
3756.0460012912686
3755.9660475070236
3755.946814367632
3756.098366463029
3756.075381600592
3755.9970852539377
3755.9781274097395
3756.1313930612114
3756.108783998692
3756.0320468345935
3756.013355446268
3756.1682236126403
3756.1459814434143
3756.0707117524066
3756.0522785650674
3756.2086374332716
3756.186753206535
3756.112863370662
3756.0946807392343
3756.252414772099
3756.230879475528
3756.15828341053
3756.140344324366
3756.2993312060885
3756.278135745038
3756.2067464118277
3756.1890445156682
3756.3491522042523
3756.3282873711023
3756.2580145521147
3756.240544158518
3756.4016281974505
3756.381084643381
3756.311833102199
3756.2945892001057
3756.456490434496
3756.436258635843
3756.367926755977
3756.3509050240077
3756.5134477757492
3756.4935179996132
3756.4259969803916
3756.409193787054
3756.5721845884864
3756.55254686551
3756.485720483014
3756.469132887852
3756.632359811488
3756.6130039059353
3756.5467488456693
3756.5303746077475
3756.693607114347
3756.6745224977576
3756.6087092176367
3756.592546786169
3756.755536184227
3756.7367120199865
3756.671206094812
3756.6552546120715
3756.8177349729945
3756.799160101219
3756.7338239674004
3756.718083261698
3756.8797727974993
3756.861435729045
3756.796130737168
3756.7806013147087
3756.9412041247674
3756.9230930408853
3756.8576817626513
3756.8423647957256
3757.0015729104493
3756.9836756706254
3756.918024327383
3756.9029216336453
3757.060417313982
3757.0427214674464
3756.9767024498337
3756.9618164710714
3757.1172746315247
3757.099767442553
3757.033261763327
3757.018595532739
3757.1716862672183
3757.154354740957
3757.087254412371
3757.072811514055
3757.223202672713
3757.206033587322
3757.138243855239
3757.1240283782845
3757.2713880651772
3757.254368023506
3757.1858093104283
3757.171825787954
3757.3158247939823
3757.298940268351
3757.229549868374
3757.215803215101
3757.356117298891
3757.3393546889565
3757.2690881304816
3757.255583566954
3757.3918955452705
3757.375241248503
3757.3040732537606
3757.2908162218296
3757.4228178478584
3757.406258326763
3757.334183418448
3757.3211794919075
3757.448573085782
3757.432094946496
3757.359127647249
3757.3463824331666
3757.468882263037
3757.452472343552
3757.3786469479473
3757.3661659829504
3757.48349937274
3757.467144827557
3757.3925148169187
3757.3803034608086
3757.4922116735434
3757.475900062725
3757.400537187235
3757.3886005129775
3757.494839387552
3757.4785587747974
3757.4025517638865
3757.3908944486034
3757.4912348256357
3757.474973866035
3757.3984269325592
3757.387053144404
3757.481281180608
3757.4650292126485
3757.3880603543653
3757.3769736495055
3757.4648909741145
3757.4486381108463
3757.3713772394717
3757.3605804599983
3757.4420043023806
3757.4257415019088
3757.3483285909847
3757.337823772376
3757.412587066129
3757.3963062127045
3757.3188893889533
3757.3086776744494
3757.3766292200644
3757.3603231815814
3757.283056945717
3757.2731385174216
3757.334143202378
3757.3178058790522
3757.2408494649635
3757.2312234820843
3757.285162631757
3757.268788999796
3757.1923048910603
3757.1829694494186
3757.2297412910925
3757.213327418085
3757.1374801250213
3757.128432226771
3757.1679525149357
3757.151495569789
3757.076450681289
3757.06768622715
3757.099888997358
3757.0833872394937
3757.009310713834
3757.0008245070794
3757.025662949755
3757.0091157033694
3756.936173452126
3756.927959226806
3756.9454066197054
3756.9288142397977
3756.857171919268
3756.8492223775957
3756.859273058673
3756.8426368710384
3756.7724599212397
3756.7647667921115
3756.767437114789
3756.7507593525193
3756.6822132015154
3756.674767311021
3756.6700965002083
3756.6533802272947
3756.586630601555
3756.5794219568
3756.567472816
3756.550721839522
3756.4859351628397
3756.4789530449757
3756.4598124475533
3756.4430312296545
3756.3803749989675
3756.373608068618
3756.3473871594338
3756.33058071432
3756.2702238664615
3756.263660266885
3756.23049437134
3756.2136681785887
3756.1557813152594
3756.1494087862316
3756.1094569031966
3756.0926168050064
3756.0373722938693
3756.031178283976
3755.98462220306
3755.9677743197544
3755.915346179312
3755.9093179507636
3755.8563609676426
3755.839511611167
3755.790075191503
3755.784199934165
3755.7250651203058
3755.7082207167073
3755.661952127722
3755.656217054779
3755.591145141742
3755.57431217363
3755.5313874298113
3755.525779872668
3755.4550267407153
3755.438211694974
3755.398805603484
3755.3933130947557
3755.31714694637
3755.3003562784884
3755.264641063635
3755.259251413491
3755.1779496294553
3755.1611897444755
3755.1293334049988
3755.1240347627963
3755.0378805420182
3755.021157793748
3754.993322228296
3754.9881031345944
3754.8973819761045
3754.880702683089
3754.857041602942
3754.8518910298703
3754.756887132178
3754.740257600425
3754.720914313402
3754.715821690915
3754.6168143880413
3754.6002409582875
3754.585346033426
3754.5803012640927
3754.4775615689427
3754.461050671353
3754.4507195634724
3754.4457130295004
3754.3395003726773
3754.3230585854844
3754.3173893142766
3754.3124118664796
3754.2029712028066
3754.1866053124545
3754.185676311164
3754.180719255072
3754.068278594939
3754.0519956546445
3754.055863860162
3754.050918928184
3753.9356874355917
3753.919494809842
3753.9281941535032
3753.9232534744615
3753.805420200565
3753.789325596619
3753.802865964425
3753.797922023868
3753.6776553721975
3753.661666853244
3753.6800336334286
3753.6750792351077
3753.5525271870893
3753.5366531545255
3753.5598074661143
3753.554835686416
3753.4301268284344
3753.414375993383
3753.4422555981887
3753.437259747184
3753.3105050348036
3753.2948863477454
3753.3274072959866
3753.322380880009
3753.1936760832714
3753.178198664207
3753.2152575681266
3753.210194254564
3753.07962297555
3753.0642960057185
3753.1057729307845
3753.100666521125
3752.968303645313
3752.9531362705898
3752.9988980310254
3752.9937424414557
3752.8596578062666
3752.8446590168555
3752.894562784399
3752.8893520322504
3752.753614196468
3752.7387927133823
3752.7926897382195
3752.787417943967
3752.650097775915
3752.6354619479926
3752.6932011587996
3752.6878625484032
3752.5490365443666
3752.534594241043
3752.5960256366707
3752.5906145588256
3752.4503676604377
3752.436126195987
3752.5011037506506
3752.4956146991167
3752.3540425189985
3752.3400085724907
3752.4083926353796
3752.402820282512
3752.2600306387426
3752.2462101969627
3752.3178691934395
3752.3122084309025
3752.1683220983064
3752.1547204147823
3752.2295318169795
3752.2237778030203
3752.078928508964
3752.0655500692233
3752.1434006400823
3752.137548847417
3751.9918825118457
3751.978731024127
3752.059516285869
3752.0535625617026
3751.907235809243
3751.8943141962686
3751.977937233874
3751.9718778528595
3751.8250559361677
3751.812366336215
3751.898736019584
3751.892567741959
3751.74542193751
3751.732965726845
3751.8219944059565
3751.8157145262835
3751.668419177005
3751.6561969823606
3751.7477978885317
3751.74140428775
3751.5941335830476
3751.582145307118
3751.6762297370674
3751.669720913276
3751.522645659195
3751.510890506679
3751.607365025334
3751.6007401253437
3751.454024556192
3751.442501069098
3751.5412648088386
3751.5345236376415
3751.3883224838046
3751.3770285688356
3751.477970867156
3751.4711138867215
3751.325569846923
3751.3145028078766
3751.4175012803325
3751.4105295947215
3751.265771281813
3751.2549278600086
3751.359846991577
3751.3527623162145
3751.208902775326
3751.1982791795663
3751.3049695631485
3751.2977741802342
3751.154910083059
3751.144502031537
3751.2528002629347
3751.245496967799
3751.1037084466975
3751.0935112002603
3751.203240462746
3751.195832502009
3751.0551836308578
3751.045192041343
3751.1561632840608
3751.148654292236
3751.0091941395035
3750.9994026815225
3751.1114163856764
3751.103810318031
3750.9655745255086
3750.9559773415854
3751.068825752768
3751.06112682096
3750.9241395733884
3750.9147305135875
3751.0282002273443
3751.020412841077
3750.8846891136495
3750.8754617796426
3750.9893365332196
3750.981465243154
3750.8470132217376
3750.8379610014185
3750.9520245947947
3750.9440740534583
3750.8108975520577
3750.8020136614655
3750.9160528227485
3750.908027739577
3750.7761285789247
3750.767406098671
3750.8812132223534
3750.873118337254
3750.74249850685
3750.733930413674
3750.84730605983
3750.8391461213155
3750.7098096622617
3750.701388871635
3750.8141438978337
3750.805923645006
3750.6778782017177
3750.6695975946295
3750.78155493855
3750.7732790905457
3750.6465370717424
3750.63838952528
3750.74938555849
3750.741058803734
3750.615638189627
3750.6076166067005
3750.7175020578625
3750.709129055742
3750.5850537424035
3750.5771510793875
3750.685791497908
3750.677376871272
3750.5546766876532
3750.546885974621
3750.6541618347883
3750.6457101671176
3750.5244205551708
3750.516734921809
3750.622541318121
3750.614057159401
3750.49421850562
3750.4866312037952
3750.590877211431
3750.5823650630177
3750.4640218547934
3750.4565262715
3750.559134100599
3750.5505984229494
3750.4337981983194
3750.426387872014
3750.5272917801876
3750.518736982039
3750.403529181026
3750.3961978185516
3750.495342898096
3750.4867733304727
3750.3732080971668
3750.3659495809743
3750.4632904904756
3750.4547104413828
3750.3428374360524
3750.3356458332482
3750.4311455102084
3750.422559191397
3750.3124264792286
3750.305296050954
3750.398924452401
3750.3903359951596
3750.2819890162837
3750.2749142167245
3750.3666471849956
3750.3580606249543
3750.2515413310807
3750.2445168165204
3750.3343350110918
3750.3257542798556
3750.221100421393
3750.2141210453474
3750.3020090757273
3750.2934379882163
3750.190682593609
3750.1837434115
3750.2696890972043
3750.261131340952
3750.16030238655
3750.1533986485224
3750.2373924812805
3750.2288516070375
3750.1299718618798
3750.1230990160852
3750.2051337588473
