-0.00048022986387478625
-0.0004802298895427369
-0.000480229865512742
0.03305127675623022
0.025303200807184102
0.4434829217551374
1.4519381939680718
2.5521967641160486
3.519799857576003
3.8922117627580404
3.8725085835062254
3.6175020101605297
3.8367400864845713
3.8767995172829885
3.606885472359486
3.3649914820652485
3.106556661678258
2.3284221960544937
1.3150506687268733
0.6109334305557307
-0.12864125943587845
-0.7741307097580641
-1.194682062820647
-1.2095993546967703
-0.5061929725693559
-0.2933326397808721
-0.1672203814947358
0.0004802298836901834
-0.0005147336816383331
-0.0005147336721398354
-0.0005147336952029669
0.15153509499672763
-0.012184059423142563
-0.7002009643957428
-0.8515438788546741
-0.3135707479722545
-0.6840391240855717
-1.5504585315763584
-2.5557499528851975
-3.233135835821563
-3.5009914704373997
-2.6346437810676644
-1.4392534096115903
0.24532493668287478
1.7222260457567626
2.829516603642798
3.3848635699763023
3.700713261114608
4.123597302253791
3.466222013254535
1.2297464738804615
0.16229023261978187
0.399615860165785
0.26066386053117135
0.12291547974783383
0.0005147336576222578
0.0005200377295947645
0.0005200377559693314
0.0005200377340595494
0.5787967234882941
0.9650130318677701
-0.0334488011285358
-0.9559690841105226
-0.8139204940692474
0.41801369580140935
1.834945551325225
2.9861242347649664
3.7542612901696364
3.9021055083166676
3.8393152662198617
3.4832563835267236
2.673724977492733
1.581717147485611
0.8208312945010292
0.48465629217763945
0.5329270200278616
1.2340708742179418
1.641849678989315
1.9102164445275758
0.9017185866476226
0.36348876203104974
0.34198165258749497
0.21254429261905236
-0.0005200377547480009
-0.0005093216972683236
-0.0005093216855612847
-0.0005093216996024679
-0.320361843667272
0.1269668836674615
1.0070054127864532
0.8504884020864992
-0.38990946200838184
-0.5441714333987645
-0.2852404710919124
0.10652221932670851
0.5097727495642047
0.4650594758456172
-0.1895654356272962
-1.520930337413903
-3.0311305943695683
-3.891120404668782
-3.717511238237241
-2.665737169453914
-1.8648708898075954
-1.0851904955066085
-0.035530026008647214
1.7188590452927626
1.986897444506704
0.5580136553779352
0.2678499645184324
0.16772904387680668
0.0005093217091105368
-0.0004936395474559784
-0.0004936395888160055
-0.0004936395794496696
0.17679789124094708
0.2943121113066132
1.651442301444771
2.838097308974926
4.309321357069785
4.077497399896334
2.6760350806772584
1.3443327338968758
0.4618696077240637
0.09773115057528688
0.27508287589130054
1.9640247118658734
4.158658409192281
5.346304783029241
4.781010559875683
2.9103815318756148
1.7774551825943297
0.5013213632311941
-0.23162038384508682
-0.923182315669025
-0.6740582559310536
-0.28226832580244865
-0.16818864066053663
-0.04489734501954875
0.0004936395563027258
0.00047371710853799545
0.00047371710975844963
0.0004737170982958847
-0.12987464894912812
0.5209358560217849
2.4013593769784265
3.021248913022018
2.079702557970057
0.01838788681471765
-1.8585458385020797
-2.9061881171383375
-3.3943074211275412
-3.3425447926357332
-3.273778910093931
-3.1333928255065517
-2.3621950986779843
-0.7572308861293646
0.4571031350977238
1.1589007384746763
1.4195978797018074
1.8491676709662388
2.1086959327563615
1.5248410989003658
0.9947123114437272
0.006784866615683219
-0.29898396215149525
-0.21456420808166024
-0.000473717108789483
-0.00047340413800522375
-0.00047340409346686193
-0.00047340414257139617
0.13040695010423198
-0.07364985638712265
-1.0836908437167083
-1.8727547212724949
-1.8547516070506331
-1.297716693483258
-0.11420846128747546
1.4975962335764108
3.0135361320779146
3.9006318954930053
4.542656675827025
4.778271495640449
4.575575265016929
4.371254786203668
3.75893939493017
2.795146943240602
1.8173157533053106
1.113437803356728
0.6987484488767374
0.4690145350686493
0.21996990981387612
0.10295668309767483
-0.022101878694075858
-0.013530103046767997
0.0004734041163923973
0.0005203733906600992
0.0005203734332261135
0.0005203734226943237
-0.1740441928055275
-0.29697459800919596
-1.3332549037641581
-1.7231429068947612
-1.401198722012147
0.4706660930535963
2.4964352452524823
4.2641513626600185
5.122584515713736
4.151132131082293
3.300599305778012
2.374012657648393
1.824033588127349
1.584711704161171
1.8953669888056832
2.765286946430472
3.4760901582942987
4.316347330508827
3.369570420287216
2.237276222726631
1.0131268789852264
0.22197425652359756
0.1652578447274146
0.015470387250741133
-0.0005203734190037596
2.56681185167707
4.076047350576062
-0.25192834951210863
3.038105307185412
0.36728984188839997
-1.679014385757485
-0.4755181435631331
2.57630564743423
0.6098878345699722
-1.341924784717475
2.168726323759946
-2.758999662210926
-0.9299169495376086
2.7500129609386383
-2.402063729496637
0.6525131421060817
5.966049406850537
0.7641533483747148
0.006072815452425382
1.4644794548510343
0.3740868401409528
-0.12223466074266533
1.1206459357414496
0.008602344197128206
1.9765950260338656
1.5834167971619406
3.8741849098838586
0.724280638076693
-1.0163589475765782
1.166433751761587
1.5152361199104718
3.3934690340109213
0.332913179939488
1.120502574012763
-1.528369927825661
2.8370417429045403
5.382383593961927
-0.241885828560288
3.7193631817396313
1.2171443986372406
7.099329960067544
0.7961672896801548
-0.09605690497405478
1.5649498460017832
0.3687262273757816
-0.21483758570489964
1.4469500388654188
0.08982468948417374
5.619790227704337
2.9478608081664817
-0.1198692140473021
2.4836354562161755
-0.37576263125992704
-0.01111535668379934
0.9409431522719773
4.150871751534247
-0.24792513499901145
-1.8137767434946734
2.715317613548009
0.24313700366436544
2.1522004871969407
-0.6807985925229222
1.4464606370134616
0.3248891260236042
1.3061260020814995
-0.35976424433161663
-0.028082733592912357
1.4424284747137428
0.5592233163968282
4.844370935844881
3.4246465162074546
-0.9975859087523496
1.9250403802626004
4.235716852685769
0.6222367043353343
3.333560602703447
0.36998239990945103
-1.4337778315432055
4.828189833955493
1.9468580811988903
0.5433118922485416
0.02019526841721302
3.060165256778254
2.370393712101003
2.772845483062519
8.323420553637463
3.529276978545594
0.4204967098738402
2.499318812944904
-0.14383453803097027
2.9287597584871623
-1.1836758203556716
2.7852233452158206
1.4011498078786733
6.668720956325634
4.007353846436115
0.6915214881239686
3.340003911993588
-0.4206682600186993
3.6892569564475264
1.4219518577009929
-1.6794463108073654
3.880198068637853
1.8301337485961415
0.015432913357857767
0.42318094633866377
0.18636581987536693
2.3245487942327765
4.1016460074333025
0.13814140680085882
4.472391547718574
4.233506518604335
2.0893369501327004
0.16342210010084768
2.3283304462282084
0.16262183412083756
0.1553038913539525
2.3996371579246443
-0.011433975808525154
-3.039590934514324
1.8235996761767266
-3.2994381661538075
5.662433825453871
1.5506066388875606
-5.176872520022772
3.219090947406542
0.0011151285528794453
-0.8247425645997344
3.988151376775511
1.580707161039746
-1.5297614704565923
1.4248284955252397
0.7023018595337035
1.700837239661374
-0.4859957879816106
-0.9537518243947997
1.743742004011517
-3.769873155682001
-0.2784145054005109
1.4154758621498165
1.0407967177224897
-0.12812692040503001
-1.8454595082114966
5.417222102454679
2.3646686505283023
2.9896286025758108
0.953262459807009
3.037258186464668
0.9614821706193162
3.655503934365436
1.3282963754052473
2.00733804044653
1.0800778864451366
1.6991856082927206
3.3574531495791478
2.4886353785888957
5.356776803351015
3.1497999042378475
-0.08338280394617134
-1.11152828467268
2.1997200334156863
-1.3791931600354495
0.42412200382142334
0.43310099217055353
0.1670891357522615
-0.13182924062464402
3.7879329779947417
2.0181165875279325
0.4370645508722309
1.25033653583472
-0.3171473184531986
1.2260603177392626
0.71528179742633
1.4033223191335766
4.854346313962762
-0.48603174652595316
3.964955408565061
-3.6610550337459618
0.8958977046253972
0.19864545347624976
0.10379192657779641
-0.5979740039245964
-1.3259244414371874
4.087932373416801
2.1996910797613345
2.006215494870563
4.917627427553897
3.017273823577268
3.456251802931543
3.0062093662585943
2.5318195604962463
-0.271796819269805
1.7642261587701145
2.3299646991585528
1.9197589133485966
2.8632237305878063
0.03759935555315916
3.9106951864625676
-0.4071749438822907
-0.3359083248255373
-1.2338331850186275
4.156864205765478
2.685741384967533
3.185846820246871
-0.26144194116458874
-0.5132150750596419
3.693267443407689
0.02787626978472113
0.7656360530076607
1.3401695538011176
0.17267222295019163
8.340194477366758
1.6030134578753956
4.265450373237399
0.8517457519561188
3.336107441729933
-0.3438614901339895
0.8195960293559164
-2.6843348080133813
0.7727202649688402
3.6969351559323007
3.47502891762259
-0.6134132254353736
0.45790958576580765
1.3699967037224823
2.751562512647924
1.8705709799192738
2.7324655556661934
0.44868315682615256
-2.26434605113027
0.5146550174127011
2.185261447247582
-1.1113323245987459
1.3110059850236317
-0.8864348405778478
-0.24891026916168674
0.7626644841997154
2.8219748291117495
1.9499744475148064
2.1961593393128025
2.9351473267880324
-1.307598020227483
0.5364264451643207
3.9122665032801014
1.1586204006247132
0.3463555098448531
3.1573784677883747
1.8744031010241866
-0.44352152676197404
3.005969807298209
3.4014239071612615
0.3175772549296492
0.49014389664593017
0.8748552257790142
2.6926487973340145
0.27484508360720045
-0.9329657425802168
2.5180291318261605
0.6617210877830392
-2.6274112915972343
0.8222163100819349
3.02606628606421
-1.5855207761423535
1.5868189514738218
-0.9936563902281086
-0.633202536351779
1.0982294920650062
3.5987772053126355
-1.1972989905767093
0.14514864128374041
-0.7864266384105371
4.234109088350993
2.676082817638593
-4.534866860871456
-0.03416658971674922
5.701227144489668
-2.076074543062961
-0.32634683543443993
-1.027044822804867
3.822042344402304
0.9123911389735091
0.6316009400565697
0.8172000780870388
-1.10925148718037
2.8809012240666667
0.3444867800956862
2.592704475187088
-1.9296397633660445
1.3223087264665943
1.1812440144177447
-1.8068905926324765
2.2293186479983462
3.289933999486356
-0.05841237026845536
3.0911348264167984
2.8896206163716536
-3.378830757961191
-2.043692718921377
2.948769887788683
1.0307803413849648
-1.0382713575851494
6.519738250462049
1.3353957315577507
-0.4287390648575448
1.4315135926528175
1.4991494886661962
-0.9232323623974824
-0.8263998711391529
0.011609728432910043
4.310731506809636
1.0637847460431284
0.768848890505203
0.7937288461706689
2.1792729352292333
6.4715366027136545
0.5962054268465489
0.04324114972720505
2.907494954259275
0.061031243050431394
1.1299498131952626
2.788037808617999
0.045128448470971076
-1.4510478653374839
2.0802863447184547
1.237553539610812
-0.8517335847503936
4.872373954806758
3.6723938733968557
6.087213189904234
0.9752825690492092
-0.37957501139578603
0.9400033114664789
1.4674767026543516
-0.7380511753956958
1.22256547809775
2.291608220135899
0.06736202341502474
-0.8706053044735337
3.393895097743444
2.562237020572273
3.576474819066391
0.6452224592691199
-0.7159397133623298
1.6878777846660478
1.4731439091428127
0.3740075707553684
0.39734030936658665
3.3297760670696173
0.9673285780256314
-0.0896080839768814
0.048852505908875084
-0.9615203568211877
-0.8596010474487314
-1.2760151336107095
-0.19344229948288594
0.6271238151129814
0.9936392658130099
2.413484226126697
-1.9478445357297747
-0.46654334693432514
4.010327913942344
0.16091142733140545
5.9611227525364
3.0962334291963307
4.145452578779244
-0.09122484499170015
2.861455208665804
-1.1371318959118468
0.0005017609652893766
-0.0005017610137976193
-0.0005017609515140909
-0.000501760991406586
0.0005017609909403651
0.053555442648583154
0.1828428163450614
0.4550912890526316
-0.2172291942577658
-1.040276448252965
-1.0851976328852295
-0.04688699532345642
1.1740167127078989
3.2368420366329445
4.136010853951408
4.180417858334271
3.1071251075949173
2.642679364096719
2.4630091795441866
1.596755365890761
0.2945304224514125
-0.2039691268358689
0.016727989400899437
0.14240716971221734
0.1008368115449447
-0.04162741811261508
-0.01042309258912724
0.0005017610285612232
-0.0005518319723763138
0.0005518319836334037
0.0005518319602993758
0.0005518319781676914
-0.000551831998908436
0.055036903488061825
0.08028396204621274
-0.38541939264047603
-1.0249622488222725
-0.44246746326072295
1.4271825482591365
2.9835889391493904
3.72444070274073
3.804730969064131
2.014991839635008
0.3774596288076023
-0.952424232197274
-0.9827623974970914
-0.23882889130802093
0.17285019062354232
-0.2741007615966889
-0.7371363739904174
-0.639481918403532
-0.21489872935107507
-0.13517524096970146
-0.024552473150938656
-0.003456211489275292
-0.0005518320024938446
-0.00044197281680101984
0.0004419728045978571
0.0004419728274749074
0.00044197282008934366
-0.0004419727921538116
-0.07341736665061391
-0.09821494789151348
0.38601999739191356
1.0881563555551739
0.7006088661199734
-0.7692823087238431
-2.0112793548024146
-2.645658195558601
-3.057312600042075
-1.484566917433515
0.3740816725880395
2.6133376278167493
3.309984204316853
2.7231624547913262
1.415636709510421
0.32150946718904505
-0.12193738639382748
-0.1807221845486465
-0.005977680202706937
0.10653092460481318
-0.016710730903614357
-0.010617675798682339
-0.00044197280403890317
0.0004599996622766889
-0.00045999987970377965
-0.0004599996979266106
-0.0004599997901524078
0.00045999973323300957
-0.04412015029196076
-0.08512969291861305
0.017369990356108794
0.2389947788022265
1.4540365758457385
3.327252306224508
4.3991747860152
4.527825141806424
2.0871197231174787
-0.4149227264192667
-1.143579021489452
0.7496344260708777
2.022485259034852
1.664184047276172
0.21321602378849208
-0.5338156533241832
-0.2232512850422373
0.19390008504383074
0.09254685547579075
0.03249597935984411
0.04580629104987562
0.01911806913259921
0.0004599998978968003
0.0005262427769121894
-0.0005262427218415004
-0.0005262427609872818
-0.0005262427119030815
0.0005262427532780507
0.15773213414177298
0.4486102473966222
1.0899605261414542
0.48308114796363166
-0.38421797220463444
-0.3345611840939604
0.11711179347446547
0.03229147845750254
-1.7615759593422886
-2.6331970148065134
-2.2209438317433947
0.24555757898727207
2.0214083697941483
2.2622955995422878
0.9778585761262837
-0.3231841925643838
-0.561317470330015
-0.35616495828657235
-0.19879199859164148
-0.1420678502480764
-0.08643407137005482
-0.03761413524605444
0.0005262427101599843
-0.0004726726900215611
0.0004726726913941593
0.0004726726910865384
0.00047267267859463387
-0.0004726726899162843
0.16249172670597642
0.5512953636864206
1.5178068699576053
1.1706544914592474
-0.2400920307112882
-1.755379131404777
-2.230759425794788
-2.5311706220943644
-1.6382491042046894
-0.9966683905757177
-1.323144829769542
-2.6445046720352368
-2.7036380029609393
-1.4671773582525012
1.0488602529465734
2.3867500609086565
1.8386031687851563
0.6022490396495482
0.034421022159608315
0.03082249874089658
0.006034341459303005
0.0008994409214608488
-0.0004726726698239032
-0.00044702989277428044
0.000447029951828673
0.00044702989989576234
0.0004470299041797114
-0.00044702989326487455
-0.0645136312859688
-0.0699092606173758
0.47988445183871814
1.672713931505869
1.4971321769998795
-0.6959778204561462
-2.7819317065202163
-3.9299254245446362
-3.684112383174127
-1.898123879031949
-0.6401477386389547
-0.13693287076631752
-0.052570101448365304
-0.0231910730843855
1.0974648559934734
2.185260142812774
2.0957709154252555
1.3146439427076142
0.4621037890943865
0.24107465498383013
0.08495066217852217
0.02760782734288046
-0.0004470299340786479
0.00047475128828717206
-0.0004747512643145761
-0.00047475130118286254
-0.00047475131531003105
0.00047475128943945963
-0.06638783813894647
-0.05702511511614649
-0.0053698731011107195
1.0124619462543787
1.6763550824743447
1.1613357441038463
0.5801791353809899
0.920212234742565
3.8614426914641853
5.486903681712829
5.246716770145442
2.08380491955089
-0.2595682015920998
-0.735965154205049
0.44985795626022756
1.48366154141099
1.3970295477829866
0.7593510792902358
0.3678463824506143
0.30438063171385865
0.12715404608855327
0.05511964093216419
0.00047475124937248667
-0.0005810724017424947
0.0005810723849930607
0.0005810723812321136
0.0005810723695586256
-0.0005810724146392935
0.19339944479089757
0.19112286823559882
-0.20639459709190838
0.011081638705718518
1.3508770412014055
3.15737385325497
4.257763183323772
5.143866950265251
5.826525039796425
4.239675592568792
2.3780076282885805
-0.18293437085549671
-1.5701440047329216
-1.78977283462311
-1.361934099522299
-0.7054211963775497
-0.07967498951929253
0.14927756178840337
-0.07152776676215077
-0.16420518077897747
0.08065385506368739
0.039332537260628776
-0.0005810723766627744
-0.0005406042645712543
0.0005406042388948662
0.0005406042511258497
0.0005406042546783375
-0.0005406042695645975
-0.025072623140329098
-0.11853467571324393
-0.2626245359752515
-0.37162710606014904
0.005050302577782216
1.2817097617293012
2.542041062502131
3.3890914592311776
2.9532125542673793
1.6186504823799328
0.9887999657178579
1.1134925627530383
1.1167138270748598
0.6348290405701895
-0.7617017671720158
-1.4457768318371056
-0.7962193968161811
-0.09097880834589991
-0.05609948007510436
-0.09046385108335088
-0.028521242786742826
-0.005885783744427988
-0.0005406042523099202
