2951885295665355e-31
28428076712905874e-32
31849401506636725e-32
0
0
0
15e-324
1e-323
9.250557458503241
17.48361178830864
5.67051247010585
3807e-323
0
1e-323
1.0611936458808546
5e-324
0
0
15e-324
20.359454977299393
25.473551838293442
32.76797943678205
44.946064603582386
49.63354583965349
29.301417807493504
21.12675826563047
14.426435112808036
30744593615492573e-32
20512268866353875e-33
2326634057288495e-32
42071166338303806e-33
0
0
1e-323
1e-323
15e-324
1e-323
23624129858201943e-118
4156734546698533e-39
2.166506094769022
24240794787941717e-194
15e-324
24838721858706703e-26
12.433535169888989
33.970350754082055
43.33937523376705
35.82409275391451
36.63739839049228
34.0034603607845
22.52166765721228
6.28982938422933
5e-324
0
0
0
4453056998212639e-32
8635238745795805e-32
8690061166483194e-32
6134153378956535e-32
0
0
0
5e-324
0.5527529138884302
2.362201759176044
11.927196465274
22.343708345008473
27.26781747852038
28.03840720981859
30.79605070803453
32.94050024391598
33.19420589681937
33.542870254927045
31.257981157026382
28.58154314354272
22.642412995688215
13.35584798374315
7.5408292116379325
5e-324
0
0
0.14907332644315133
0
380446297836534e-31
8119838733412185e-32
1009418681315016e-31
3371759309356772e-32
1.1984608260419451
2e-323
5e-324
15e-324
25e-324
37975406388095746e-243
5e-324
5e-324
15e-324
5.780663335498855
22.50461541061427
24.793413193350332
27.226869359530756
37.33623412567076
41.27579185566034
38.46372619674747
22.349474925026204
22.0461490522059
23.609095816403304
13.02841165762171
6428235576107538e-159
5e-324
0
0
7399183989968996e-32
8821789114655034e-32
8998519160846005e-32
10077267495646478e-32
3.4045639735666446
13.601170680270526
12.657690219501697
15.036902462369973
33.60319335441108
47.951850112604426
35.049848635310205
11.58789519365037
24964092708134305e-39
5e-324
5e-324
1e-323
2508700957513827e-26
3.1066768432372927
7.5912524480789765
20.038338631850355
32.45029558193034
36.76210790778291
31.76630928522031
24.450246602813316
6.2785962272321365
5.254605912286145
4.593690415039134
1.8583806805582062
4857752011351516e-32
2342089025888928e-31
2316934001776283e-31
25867134782143146e-32
0
0
5e-324
4.3285254631911805
15.055565283462414
42.914172659673916
46.91302879071215
44.00866290008061
46.295445935710916
50.60644810403761
40.558378281189256
23.74115784330557
3.8080597654042805
1e-323
5e-324
5e-324
5e-324
5e-324
5e-324
1686123012885041e-155
5e-324
1e-323
0.2556281385344794
5005473971262553e-184
2551207277324842e-31
2433246249302234e-31
23218942364887606e-32
24372847574384845e-32
17.181113236188153
24.734922023505217
21.721676145598682
11.417520086183531
8.238517244923264
20449189404806112e-201
1462300151785158e-103
4.316755598290682
2.9778508752127064
6.395515501281714
10.774979381991152
17.326890771513742
17.832204621510684
19.590782330201964
16.38913340965122
13.083764435795489
19.68037348783638
47.716262638419096
42.95807062520364
7.201380986078936
0
0
0
0
25161383941488067e-32
3365877043880925e-31
3386313355862666e-31
351330172837437e-30
0
3.296040862322727
55.49165538838095
77.99607096901195
68.92668187223322
30.485282894389805
14980327107459492e-110
1e-323
5e-324
5e-324
0
0
5e-324
2e-323
2e-323
0.0008489533847301777
1247472995249916e-229
8.509156053017525
11.53945764597085
13.052729571097355
14.22089717295959
6.496091708645333
0
0
3612548303976586e-31
12691464860278564e-32
1451267555786746e-31
12818273140248314e-32
1.9824902890390808
27.261138477583273
52.82303257051703
42.00718494374981
10.972459721904624
3118641262909528e-281
1e-323
15e-324
11.534092931705166
21.684230073178885
12.14725292785879
15e-324
5e-324
5e-324
5e-324
1e-323
2e-323
6.716990628945976
35.85081211968217
66.91936634307692
48.03257771349417
0.4444340297774925
0
0
1420777682266941e-31
9747946711886342e-32
11454517541054717e-32
5798255104481453e-32
0
0
0
0
0.7241398477348906
3657147560260202e-53
2e-323
1e-323
8211683703429622e-44
14.576875099856835
42.615001981489264
55.529023375308164
54.38859121184289
40.86639760492954
26.909904285830397
12.730682962015864
13771638174810284e-60
5e-324
5e-324
3008290799063594e-260
8.871714111366764
9.294575091893126
6.859017125826876
5.342044983372266
9426796113017464e-32
12339816273019304e-32
5938899188911331e-32
178058503868733e-30
1.679793622604657
9.58751425680827
5.253929893630023
5.050773130052699
8.022950664027388
15.464609360385403
32.86230161277296
45.622824859064096
53.1381967575898
45.95152419815043
27.537329134187793
19.791132065454274
9.930014494570054
2e-323
5e-324
1e-323
1e-323
15e-324
1e-323
5e-324
0
0
0
0
1600330881075505e-31
5158428141854067e-32
2846380884843542e-32
46816078369281773e-33
5e-324
0
5e-324
7.115843216211899
28.4524792291262
47.00780243125346
50.97668898407983
49.216138120512994
36.015753243221816
14.86714505989306
3.5482219185995354
2.3178620186019345
7.966221437112426
2.786905027498643
413e-323
5e-324
361155945175449e-248
7.875495789537119
4.961971670232008
6.158410192181294
34388330943437596e-78
0
0
0
27658781713384205e-33
727111329605223e-33
916386950632393e-33
8722123687574438e-34
8991653742748931e-34
7004381342828367e-34
0
0
0
5e-324
0.26935613175437356
1.1522924952275762
2.6833372393274946
3.4220955028275277
1.7852794941978554
15e-324
5e-324
5e-324
1e-323
2e-323
12112403805925552e-272
5e-324
5e-324
0
0
0
0
0
908085215991508e-33
11041761330620813e-35
9291856035835717e-35
15500554299945217e-35
33361336733863904e-36
8291105743678455e-35
0.06824181934667946
0.15614621274429585
0.7711321179341394
0.7244636201133051
0.9056584310315713
0.8728788475517486
1.0349096210170223
1.0848103975975505
20259682808396732e-97
35e-324
0.23777881497917175
1.6900688008192637
2.7002857981551776
3.0727485761031024
1.2010907833365558
15e-324
0
0
0
0
0
0
6004976452562388e-35
5315752553454e-31
5313451251038929e-34
4721574091170765e-34
5574448822972376e-34
5581353540652485e-34
0
0.22435500331649832
2.207801881439272
3.725793837275654
2.5085736993949914
1e-323
5e-324
5e-324
5e-324
5e-324
5e-324
5e-324
5e-324
5e-324
1.642028909728071
2.903126004976463
3.1362848953350517
1.5282739786153505
0.09442904118551755
0
0
0
5633330276953378e-34
3218140794266406e-34
317233298238789e-33
31149677481749776e-35
30965884596953805e-35
2960106038549199e-34
0.284066296658758
0.3642542809742536
0.3954010366260821
10960468389372192e-280
5e-324
5e-324
0.20659815045308
1.5407683661477591
3.3721191019410366
2.9075179930641037
1.8111054799469863
0.16578833198974308
1e-323
1e-323
5e-324
0
5e-324
5e-324
0
0
0
0
289292334608938e-33
11141650078927549e-35
5738534146369394e-35
6906464258824448e-35
7840114938111674e-35
9268373655162842e-35
0
1e-323
1e-323
11877634760119575e-302
2e-323
1e-323
1e-323
0.043651849128947796
1.904140134609227
3.213429380031044
3.338692432646495
2.1108046419670443
0.6768322177343923
4576680830972725e-204
4e-323
4e-323
1e-323
5e-324
0.03385736790460003
0.04243729020631681
0.03293022356024217
0.006210327512807366
7472907104817225e-35
21094308371115273e-35
2149346469952858e-34
2210032053628913e-34
20593354167023864e-35
25135430844064777e-35
0
0.5399547938141247
1.4399993868738614
1.9731669946484958
1.2271896373131406
0.36366356266819216
0.18555506254229626
0.08485293181698492
10768935691323367e-210
15e-324
1e-323
0.08712695892692622
1.1492236313048565
1.9049488072110423
2.8145898287154485
2.3158066331541485
1.1972545428575911
0.5517587641604609
0.024982308540233887
0
0
0
21347195082839501e-35
6528075254247658e-34
6817147015444491e-34
66590231229268345e-35
6773136751149921e-34
671397493005469e-33
0
0
5e-324
1.1899390303136237
1.7335262695033924
2.113099404720238
1.9427931338163442
1.75502913154673
0.9015102341356152
0.36771602685028254
0.4039390168724487
0.602862373109161
0.5407625146751756
0.5464845751312868
0.6390532393608966
0.5948261421700545
0.6861786526511492
0.8429954309297223
0.6954741127211748
0.6198929940026981
0.6201650012569003
0.26588180559801494
6667119422338683e-34
5029476676194181e-34
4933864744885742e-34
4882296438377232e-34
5029206228579732e-34
5202586430022749e-34
0
0
0
0
5e-324
1744668633913411e-184
0.2487738053198609
0.4210271771358217
0.7777328457952735
0.8320647200940606
1.0161597956017925
1.654038102057415
1.894234073723404
1.726978251732615
1.4286262586853307
1.00297685939165
0.7734432130100817
0.7107935450928033
0.7137506292598762
0.7123358042369342
0
0
4992149990067194e-34
3417218147787814e-34
35497690062729086e-35
35788568464390097e-35
33898990247641097e-35
35771214682292524e-35
0
5e-324
0.23078631136408082
1.09328362350568
1.5229543212219196
1.8083657505926345
1.6794484848718432
1.5578469805760358
1.7377319987803563
1.86560733691781
1.830072679615864
1.4928127403373224
1.2299964930532639
0.9789254847054764
0.5240344461778804
0.14976095553627758
0.02849749268843009
21893315489034106e-133
0
0
0
0
34914181996995824e-35
4267001154691461e-34
4243930239626674e-34
42056372108219484e-35
4339940460550483e-34
4312078700342613e-34
5e-324
1e-323
0.08638412516862107
0.6342562832021245
1.332620834194162
1.6518391622115265
1.0966866081256355
0.8650567421081592
0.6961806425545815
1.041440482423223
1.3587263811599606
2.3683353660398927
2.3296098035438204
1.3676461071499957
15426373899254e-324
0
0
0
0
0
0
0
42680197381385946e-35
2472934878988419e-34
14825352961352808e-35
2410467526034356e-34
1559035877588897e-34
2503268366215133e-34
0
0
0
0.12985755706515828
0.4297796896287549
2585771039906236e-173
5e-324
5e-324
0.9297662772991604
2.0477158964293296
2.5360611163916262
1.8805570701745864
0.5510721356374199
5e-324
0
0
1e-323
0.065130980643872
0
0
0
0
24401997696196396e-35
4372076698009896e-34
4603771832243292e-34
4890107208192581e-34
4507609698174689e-34
3577174797487325e-34
0
0
0
5e-324
1.6508738080310423
3.575232986266445
2.877509111480134
2.3992533710785358
1.2481829715089363
0.046313421810495276
1e-323
7828921624845133e-263
0.7965749481814227
1.4438227702329078
1.2958742771751908
0.5366947937371958
15e-324
5e-324
0
0
0
0
3677925062814984e-34
1.458696291902278
5e-324
0.9885748154960713
0.9244767779201573
0
1.2298991153412735
0
5e-324
5533816852017914e-284
1.8283875783043142
0.182286798245184
15e-324
3537774824943294e-144
0.43600783480380745
0.42092221271221186
5e-324
1e-323
37432327018927794e-101
0
1.8565665887515512
2.1350248956199858
0
5e-324
0.7681321476541747
2.356009556541369
5e-324
0.5480398022240518
0.587439393853531
15670607882704455e-124
0.28337051363713406
0
5e-324
0
0
0
1.8519817335238289
0.21196000650984095
0
1e-323
0.15303804263963994
0.6127125887753716
0.25830958716734226
1.9002743079391975
1.5061347715345628
5e-324
2.188723102413949
0
0.6296144637528315
1e-323
5e-324
1.4976946765541739
1e-323
0.34842078725766246
1.815075864382194
0.5612654561149368
33152407844767563e-153
1.7646941160371936
0.9901306470004878
3e-323
1.417356896770528
12728916455769176e-243
0
1.84915716733496
0
1.4114865800954164
1.185385528107217
1e-323
2.083439466420488
5e-324
1e-323
0.47976161124312455
25e-324
0.8417085838944063
1.135351564622175
15e-324
15e-324
1.709296034362532
0.0556919644920414
1.3099119377742368
5e-324
1.261894282201731
0
0
0.19238354277074365
1.2469037664398628
5e-324
1.5393864893543758
5e-324
2992241665105447e-182
1.7579927760989549
7673703365094454e-123
0.2669193695459146
0.8652974652720509
6711983018248052e-66
0
843899614162655e-119
0
3.690891556022958
4813964587151915e-244
0.1735247165993349
5e-324
15e-324
1e-323
0.011276248245519451
20218121715542967e-180
15e-324
1e-323
1.2206824928607396
25e-324
2974133633e-324
5e-324
12603630328386363e-178
0
29113766162930923e-31
0.5280690178187125
6659312658389434e-253
0.13529822365833263
0.892285299918699
5e-324
1e-323
2.27580586680415
15e-324
0.8884049663150813
0
3962777368407546e-58
1.518664052644601
0.042187714303113764
5e-324
5e-324
0.7376141525541131
15e-324
0.6636887990147433
0.17767472132340453
1e-323
0.7892944641419781
5e-324
15e-324
5e-324
2.0031403224318827
0.5326397693717637
2e-323
0.680176899489779
0.34472128111145106
2.0104669453467303
0.7339610347569571
5e-324
5e-324
1e-323
0.5805120383860543
15e-324
1.535604689216504
1.5225278910139464
0.12363669647496428
1.9451465436668287
0
5e-324
2.2287804750480156
5e-324
2e-323
5e-324
1e-323
0.9855901939753438
1.522583434066603
537677601634633e-200
0
2.1230079774641206
3110064859914873e-183
2.251593607362111
0
0.11381758277798018
0
1.0213292503558518
5e-324
5e-324
1.9402991817083564
0.7565959083264443
0.4775966496930493
22535206772453948e-182
0
1.7239655584748244
0.37120675616706694
0
5e-324
1.375322815190136
0.09715371312118296
0.584527102184711
0.47203434755243806
0.525240991785237
1.021662112887751
1.5919001948082652
1e-323
0.8371178046353223
