0.07112866938486193
-0.0004044700052173539
0.010134057367394648
-0.703441766818659
-0.6107683584205784
0.31196810974393374
0.85907812782951
0.905452254802028
1.856251395669329
1.4976521384479584
0.2631732477345885
0.03016559365474205
0.644587997806509
1.383049190199106
0.7290067550875526
0.337538882678924
0.13434481980000232
-0.06656550600887438
-0.04205715845619861
0.028467525459565855
-0.2590300243896
0.3946685402274764
2.226978035084568
2.335073963078774
1.3698878935239627
0.7833359464782098
0.47884433433372625
-0.001638639329337547
0.02501314446580582
-0.05459598242631659
0.0039140682670190715
0.3385286475066273
-0.24953336264792284
-0.7679926284318559
-0.8155784416099163
-0.026488559083485328
1.4751646549080681
0.9925606628969721
-0.2679205866389623
-0.39909852865979256
-0.4280322279933482
-0.42160578312324964
0.1541880163345754
1.0661694992166402
2.0200419683881354
2.555870891876243
2.1906905523626836
2.160383455960179
2.442481074058377
1.2708189370833656
-0.21878042507877718
-0.46686919380711056
0.5303018355851636
0.5311625784829953
0.14454435562194715
-0.0020112268863723345
-0.028911353271099456
-0.03511496427199674
-0.0008180185257168246
1.3192395024584538
2.11942179780166
1.3914497390438125
0.24707000613670432
-0.5962223792035595
-0.06412827838485795
0.5782820690405658
1.275222893548015
1.9148236520017945
2.2786431476783564
2.1160310594319496
1.676464829363897
0.643173868320972
-0.208083116199444
-0.24774068013475647
0.0041708881900288375
0.314203463597146
1.8253913293096404
1.904419523335949
1.1996617918272523
-0.04462372159255445
-0.18694574546376863
-0.12776343947487462
-0.18215954464742373
-0.0006555434380197757
-0.039892125933454335
0.061205726337165915
-0.004499156914253067
0.49705001163402013
1.6972903125127181
2.187080742807086
1.556893700630222
1.5773976102236755
1.0954041295423447
0.48204302563700896
0.6237609971639025
1.0717330671679661
0.46516978396105313
-0.875928882042258
-0.43483042500396396
-0.5778075831977285
-0.3785777170469605
-0.6472830462743051
-1.2743612674198506
-1.2144810115492604
-0.08359926706748734
0.9868635327561713
2.551640881615663
2.2591837245706996
0.3964462237413308
0.2706510646705554
0.1606715546392056
0.006110286597877531
-0.05467131268840355
0.02109639077128803
-0.009785044919848851
-0.20741339311977836
-0.1882576819227763
-0.14122402639497417
0.2953401121741848
1.2657139529325536
1.8610961597687457
2.331769611607112
1.5004106984403416
0.09887323026263775
-0.7576175109011298
-0.19960731027693399
0.7260557094553559
1.1463381717590275
0.18296467048310064
-0.22405030901788142
0.5023223390711615
0.9217411312326893
0.43709581803019854
0.14348940841717728
-1.114615525590594
-1.0133411481595032
-0.4726370839453008
-0.13878630039728845
0.11647370131451276
-0.00029451973784417755
0.030799246868893355
0.0018569593218643267
0.0006789826492781439
-0.14908477482755103
0.5906197961100991
1.9152797264472834
2.327901548693342
1.5981764173422215
0.053743130735922656
-0.42102528938136463
-0.3945066656316271
-0.5967973025251265
-0.5736984962649622
-0.6166696173002602
-1.1502253354560543
-1.026609687794789
0.04421215245510711
0.6807276957699757
1.2621114497923496
1.5950711115003593
1.8759675371588345
2.222068554150431
1.5681432656679894
0.41590426317253926
-0.36106599715215754
-0.4515006226517355
-0.21422630456144676
-0.002163439803570337
-0.031424684522737764
0.018151008901824105
-0.0008346644260561469
-0.2656916667855501
-0.6866062719895151
-0.7690452907168385
-0.08705741263097666
0.3355606112017412
-0.23710797088134358
-0.10649473057285602
1.1881890847874987
1.4815150424202432
1.5726266184657627
2.0598259496469944
2.2668844098308214
2.6390657249950515
2.5237421580528716
2.1223917148396483
1.2358345761672782
0.35303536128045904
-0.36150190212328465
-0.36776783729352847
-0.2684636262427056
0.13971549366088598
0.024781684661673423
-0.10912967838540184
-0.030405764416080994
0.0021006675662884147
-0.018291139515298392
0.004157961264844366
-0.004034623389386753
0.3459272842168513
0.23568380442676287
-0.3876460854850875
-0.7356968849373526
-0.38377973709639596
0.4589088325417382
1.349204977135945
2.24028357681217
2.8691195576468957
2.7987345254568856
2.074543798440558
1.780097102891991
1.197138811938499
0.7047277386283572
0.24592512050003246
-0.06429744322410047
-0.16431819268958245
-0.22544123640494687
-0.6165871873348844
-0.702116051919634
-0.7409919559647586
-0.44577640868055624
-0.10129684073385754
-0.08304135403507747
0.0017182597974084197
2.8258850853946123
2.3533189382890116
0.2241883374429599
0.49371209586200865
1.9711867037434856
-0.5835503170589572
-1.1892704420060927
1.4813889661902495
-0.24788987779628807
1.740094356400823
2.9500545055569924
1.717658907361639
1.3150584872810365
1.8633369420336718
0.4213143226426492
-0.6324879084670895
0.6268529847735285
0.9402652627732898
1.133471603628523
0.31803522409775925
0.6241759664610852
0.5871411228994492
2.4302631218001745
3.0507736318260084
1.1682538979737223
2.322689747153682
1.1616037644168595
1.9691194291507361
2.137972397350018
1.988749912711372
0.9772294689981057
2.258671347737758
0.9250141754068433
2.0808195007074715
-0.5020631763002849
0.7121586224071548
-0.9359490692808214
1.2203475446816276
2.6045613204370324
2.658116705877704
1.3744599756332234
0.7672428337528316
0.9010927694852999
0.19451790248843645
0.8469508085034742
0.6345481952107698
2.7731539814374178
3.3165703525822026
2.871142353340537
-0.24714837391057654
1.5521079600145768
-0.7639789216347441
-0.780461837436875
0.8375412096324751
1.5099678219513002
2.722755399018272
0.9882092492982174
0.18303076544406915
0.7512528753833633
0.45309491596118806
2.586938407938965
-0.5012684942447615
2.9150977438801084
2.30189702620798
0.26872999362583644
2.3770054642234095
-0.3979522679920054
0.7888650107942392
0.3676529638185883
2.651912133233089
2.921786878015854
0.5388799013148041
2.5210453610417813
1.8442262383579788
1.3807527913885678
-0.16408038368342026
2.1242489455357667
-0.15448015047655145
1.3969846063974758
2.774767064338247
1.7522054175872261
-0.010165034168996955
0.5971240367402001
2.9433864546506308
0.813056528758641
2.8862959565907698
1.1656557150516922
1.022349569802132
0.017861681658160933
1.6710649653010063
2.5114315431326153
0.5312667063196448
0.648677882794613
2.1254639285700887
2.2335343864959465
1.516053753388373
1.6898938040922966
2.4016592748539844
-0.303492032149688
1.377711837593185
1.356553789680247
-0.18414120479187393
2.613607194438494
3.1436790159310086
1.9897669208549569
0.6598244334830126
0.20561211991463507
2.9378332524082267
1.839478638826707
2.1607007698791705
1.6903960421842634
1.492945989778597
1.5352223301207106
1.5368340679105912
2.4766474334893163
1.095476833430568
2.689358893177227
2.339925412868751
2.919187783919319
2.703600911249972
2.0705843047168355
-0.7924079407452741
2.181645830203928
2.515105561238516
-0.7093707742059417
1.3411770122498086
0.5065294830598178
0.39063364077954177
1.612368316315827
2.0516014085825267
0.397162348637791
1.5381604230991908
2.0045800398753757
2.0414548271759863
0.3727546086271166
0.45754576555022713
0.587202354336714
0.9973432891864753
0.9041956267341789
-0.18516528552681763
1.219366643683439
1.4239368236253083
1.7913791474680156
2.1963114344554886
0.7851605971776684
2.3416649735012967
0.1289775670658541
-0.07497547601381355
0.5223142773487282
2.108317823468075
1.5287196402109504
1.7782106477974624
1.623213141867253
1.0667979105038823
2.0278455936770987
1.9771374881020791
1.3544011237622882
1.734477040454794
0.6976326897618077
-0.9941079153048429
0.9311107871272747
0.7484027664005442
0.25163716579978174
-0.13873940541607263
1.497923315689928
2.470699882167185
1.4586031298692612
2.5231705112891305
0.9123486468614072
0.18378621099047798
0.7600705849406281
-0.2957243767703463
0.5413992926495457
1.1534536937101967
2.698705805610884
2.679946710576169
2.4108064934640936
0.2659666231724577
1.421025058185356
0.22726186959213457
0.4830578607281513
0.7159487736709957
0.8415941306161651
2.2653380521185684
1.3960086178249957
1.1504754506685009
1.9000492340845607
1.9754210037589766
1.343222371984758
2.1067183213848386
0.23607230262587733
-0.8175003957131574
0.8418167878960953
0.7495338107370972
1.8450771198880893
2.4130849014767697
1.4246983196063658
1.6760492891401142
1.3209620978642755
1.3151600048431016
1.062304755257195
1.7195585639530104
1.880698488307225
1.5422144852235817
0.4362255903454795
0.49758072989538543
2.711716007964072
-0.5287412126444974
1.8189119846041506
1.6347605812513757
0.17962695364234868
2.447859618120017
3.232531071692062
1.7942066307396878
0.935437939578555
1.7949746827320128
0.06286265400302911
3.3743555335361437
-0.3928249762434191
2.1755916242082907
2.6698736900016633
2.120562460052627
0.22005850256574921
1.6329131572684328
2.3327213727244707
1.9078426196385307
2.447799307425505
1.336203625411427
1.7443243869796188
1.0115254032014958
-0.41034118471654474
1.8557235792389213
0.32050775555377164
-0.1017005448594923
-0.5252928291748841
1.3118762770659094
1.8112263382162093
2.29562076800802
1.9683486100976408
1.626498891326663
2.418626846099369
1.4973002740619101
1.485186563282112
1.9583890961996553
1.811892051006818
1.9844622427643737
1.8369548437502745
1.4164191222496598
2.9843572718007008
-0.10943356875233273
2.20801119600055
2.6081938029097644
1.978318540484145
0.5019960331493586
0.6016402772305134
-0.3204449834213479
0.11568286070222142
0.06724404255392008
2.341226026086307
0.7837779835028176
-0.6828649607115632
1.9664014588468592
0.7846780807000856
-0.11138269518955819
-0.2457701768629532
1.5768485191561965
2.5236126388699183
2.6134409967522476
0.18186023825684436
-0.3079292055480533
2.0394701269436717
1.9506391105145202
2.8252096435912266
-0.08829643961368373
0.8751830807393017
2.6762277109144854
2.1765641752893234
2.017787287103945
1.544993479947987
-0.2619597837580718
1.6805260530045658
2.5768828292106423
0.07907321357564256
-0.3783419649165411
2.0752557949357104
2.372040837057822
3.1775778814720286
0.8998390013407256
2.6130756633254753
-0.07912897678768725
1.5494186708021511
1.2985227693508739
2.4884560047292146
0.7909178859896661
0.7675650115964214
2.798162775694641
1.4870731936242443
2.677858690624329
2.78356325184405
0.6475207674682466
-0.3114336961197325
2.028063596526096
2.1173936288518127
1.1553389712069484
2.238463092948631
2.3691553941472883
1.1270102998017053
2.380218829341713
0.4500893862997491
2.2799626681263376
1.6173827918330657
1.9139486094094287
2.2853486110802153
2.9699232748686284
1.9227761609574638
0.9733903752239911
0.86436280827225
1.3572585425472388
0.006923267855185938
0.8736281561637498
1.6984315584387275
2.0704140194989265
0.7937569919029727
1.7478580839154736
1.1236698748344902
0.3438269266781094
1.1260022136668693
2.911236252145693
2.4830546270425486
-0.3529656946547926
0.9282459503609368
0.7078333102264017
1.038537650551631
0.01518931607930952
2.3385667573308337
3.1391715876734954
2.2993140309647457
0.9356393560880788
1.76684247812454
2.7403005037069845
1.7415539118033962
1.7377202641331786
0.9358268934370458
2.445006700299749
1.9357570084462197
0.6046772087551241
0.39770577930989964
-0.05606258461230148
1.0942136528773159
1.782944658458674
-0.19704893766105203
-0.6428168298542444
0.316015846965945
-0.4543648876894232
-0.6692079228056228
2.0332655580752923
2.459843437501498
2.6617385527621646
0.4704817784733105
1.2927208785180353
2.938814335064839
1.2717151846789942
1.2598294962761905
1.9332804598594027
2.276714179449278
-0.0693482830489407
2.0850638163245465
1.346987401823857
-0.004585302544224407
0.02219158593123079
0.036245411541138535
0.021831129775320795
-0.013398525919469936
-0.09942993459350961
-0.6932990246285765
-1.207924358313919
-1.4133733124395238
-0.6280171720185524
-0.0297546468225702
0.8729631461841802
1.3832493736926936
1.6617872222727839
1.3583947046297067
1.536910730266986
1.5312969888711383
2.0431800775411513
1.945937882618422
0.8235169469221322
0.09825325913092056
-0.8586896350807959
-0.8799186025382377
-0.28412735316356524
-0.4123740795855066
-0.3410003650063289
-0.08271327673333666
-0.0043785521316159655
0.09874655963649703
-0.07656249856661368
-0.08893192630423251
-0.07111180509384868
0.0338295327786573
-0.3931306510265568
-0.44237115245745684
-0.29842514921539803
1.2439722211028847
1.3165450084998302
0.7174820465495455
0.13613190448435594
-0.9507239971521574
0.5759350269012516
0.26368641795619335
0.7695351974954844
-0.2687246451860967
-0.8010815117779012
-0.05799171809256277
1.918287664554762
2.3661628327797115
2.1503400160396366
0.027301670100650075
-0.07425674010890933
0.22392438878735693
0.2257647817035428
0.21604045452516893
0.13417318212735174
0.024660114213473812
-0.012658244409931477
-0.016172866432075078
-0.017626970669708326
0.02146226834284671
0.10688057767569574
0.027185637600837288
1.4553477520875766
2.8511239229327696
2.4555671878418655
1.3913342896541905
0.28094819135210114
0.09890946066425822
-0.2407953998215646
-0.40691401649716136
-0.3636133300615726
0.8089038033145257
1.1107188786750672
1.9751819856791846
1.1039093209929143
0.04440598241884564
-0.1469305461539765
-0.2320238727976889
0.22904823029047
0.26039619281850074
0.3287724622838386
0.10279589614015613
0.020979320075368776
0.020637055766820567
0.008545303521158775
0.02290575511619604
0.02562317445255079
-0.050354836986259706
-0.04379923273000755
0.009286621157596892
-0.12423639159811305
0.06402866326923921
0.8551948042824203
2.00216941625001
2.585974197309753
2.2013718868216423
1.5060882078834454
0.7619109216106127
0.8036864816375523
1.814164275467415
1.8952068277094212
1.1292112588548073
0.11710823471129074
-0.04326363333691152
-0.18601624317580331
-0.20815126539749815
0.17185466568133473
0.09769003475065027
0.08367281828851734
0.1350065741066861
0.06523138433606657
0.018662179832235865
-0.016120982738424727
-0.015943711858656062
-0.0020538333922774416
-0.026260232428060446
0.12434718748616584
1.351478120963837
2.142970250716744
1.0529005497850668
0.11079183129281182
-0.34750848786975835
-0.19110943309742467
-0.6697023853311337
-0.4333942686969034
-0.12924043878414337
0.28292978165820165
1.187839630432813
2.095348433031176
2.0609163085455586
2.074735805267516
1.1734316190822165
0.22190520402878555
-0.17041565928100189
-0.0006209709706503804
0.15194331275334455
-0.19897418894124974
-0.022412510395998286
-0.0008567264540418209
-0.14389295954185224
0.1032462858375021
0.12701030693846588
0.09729406419318894
-0.058632834808353004
0.18103523298609894
-0.14231625774871332
1.9354749530245814
2.4459388407612375
1.8280723851990668
0.6668028355053619
0.4046168852666473
0.602894387125313
-0.332142807579329
-0.07125686738446464
-0.5336422255126034
-0.6700053073323817
-0.4154752334859431
0.3239618981630514
1.5963189429271698
2.4013633031047354
2.3014176519853033
2.349060985246098
0.3931501772145825
-0.12147971019089376
-0.045538714850781106
-0.20756726229632325
-0.07528359536622142
0.06758182400606308
-0.06734131211327835
-0.09679340527949713
-0.07853454674602306
0.08089920520838273
-0.11355739071216668
-0.013811839338560356
-0.644987801866339
1.2159085191157248
2.439962408497582
2.6047947641173117
1.8080531618762532
1.4629563288798608
0.03228886009161081
-0.35643497725501144
-0.3471286133479758
0.1281742278914355
0.8540354332124505
0.4793272487210424
0.9744550650917986
1.483015894582982
1.9026930002942903
0.6549356322935572
-0.24421394414034078
-0.03591564195425953
0.08413786560429096
0.07427110964511059
-0.012606454494145701
-0.03513029084496311
-0.018011995489304038
-0.041737642639565475
-0.033009672079076645
0.053692470714231284
-0.2054457083350754
-0.07100105729928864
-0.18520289339942556
-0.37156624271709693
-0.41076302513223223
0.06649029621205331
0.6271972740231185
1.6349071296346323
2.145561662349384
2.422894893473411
2.0173216002321017
1.005680618994176
0.21266087160390953
-0.2962215657555777
0.31504012820343746
0.4035260142808644
0.5564813223611126
0.8689516194986816
0.49802434674319107
0.6964185423866521
0.3323297494211762
-0.05681605760735495
0.029908341642456638
-0.06289476374596134
0.058822993958637666
0.08368327232360984
0.06595516347179926
-0.06241210141143647
-0.12111743016401116
-0.4629367633182443
-0.6507179024233007
-0.21952595387094367
0.6032535036509575
1.122523244107373
0.3930232875756999
-0.05419826163189948
0.9436878256114059
2.2327193566969457
2.430837199606279
1.4189048493842327
0.3584335753200941
0.04165317014370276
-0.17104361779717187
-0.44836195720769645
-0.8810389877814807
-0.07416679927261563
0.26513173477556756
0.009176655382963259
0.013187467326877237
0.027170074573826548
-0.023802218258429556
0.01551093083656239
-0.014544127034021888
-0.028692431460499768
-0.024344862532383826
0.03743744447040616
0.532622196798606
0.8492154644994644
1.2710137309715308
0.8723137179416073
0.18617908035721167
-0.6174527494906183
-0.03040209306176017
1.470138571440732
2.296255294993459
1.8228135558895873
1.1437196926721163
0.15819612080516487
-0.462274308903689
-0.7427579364742081
-1.2483337684515607
-0.8608367480295743
0.3320617422452713
0.4843274909012878
-0.27020843772620085
-0.23844586210524507
-0.05837186403991797
-0.0679510916246025
-0.07252884458091582
