0.914579606546601
0.7196851778057203
1.0356968749852802
0.24656653796746916
0.14863253480799277
0.5140869891653151
0.9264759569140008
1.0661304146583912
1.0217117776655558
0.5512701661414087
1.0286000644650541
0.5602235689353957
0.8833696266784838
0.7441633471410235
0.4571699908162632
0.5196794512650972
0.9355506972389794
0.1620167049779303
0.5869652771602922
0.24778641401900214
0.9177223778627908
0.7295193607196662
1.0779432179567539
0.26011583615860234
0.49837536559681594
0.8966716692991515
0.927749322923125
0.2560562382530749
1.0122519575823743
0.2578949773764727
0.20676338345675002
0.5781110951939169
0.753442466323964
1.0858941550193468
0.8950860201847256
0.7627987630725283
0.9885004749521339
1.1221093397783453
0.51719143593425
0.6058276212961473
0.6045688621116646
0.47922040925290393
0.26447637245848565
0.6318067245954487
0.5873513484172641
1.0999054797191388
0.7955895594452865
1.0695090182490072
0.9968772493036666
0.47871891856905213
0.17913401885916116
0.3022002959207655
0.7122330328473885
1.09800393652183
0.35211443356828087
0.665857849404799
0.40059515515397587
0.8857578827770112
0.8803861183991605
0.9716266031657594
0.9096593605433645
0.6401302013886779
1.0983851717414228
0.4659188085925653
1.0889310300370578
0.62612254310708
0.5075628827890643
0.9596121457158099
1.077451305483464
0.8240536117083437
0.8105601875580601
0.5364443837999912
0.5314296312133993
0.5499025572401407
0.6302745720699545
0.326964340983439
1.0789992681319913
0.8503999972817751
0.9605343410371228
0.21793896925098952
0.31115129648486295
0.6326300604028267
0.6559148423625106
0.3369279821768862
0.7332831954419962
1.0161669648548304
0.6796078243313323
0.9988306378744553
0.6850196736461523
0.5585573663662283
0.37203372661143386
0.9267589778371632
0.4083636972184139
0.6986530684250354
0.4545332748447746
0.6181790101827955
0.47072235769701826
0.2273660540795456
0.7640820720305147
0.1410324449954338
0.6551985176492964
0.7818840126836092
0.407097924019444
0.39349122568735206
0.3939369522657923
0.8461129884266932
0.9138573183760581
0.6291796858397838
0.9688330311114853
0.7743983996435976
0.7083335937880878
0.7988723845348319
0.5702551892673724
0.5351388674187998
0.5728723160433106
0.6153246102774703
0.5274514457614466
0.7924825841827283
0.9766958040327602
0.5144512637238584
0.8569566048506142
1.0390022057885333
0.6161002616223383
0.31500587745479486
0.15664516899778708
0.5600121309791131
0.5052310144366512
0.859460591273978
0.2734072775344929
0.279599468953462
1.015677632557549
0.981092090185331
0.7280972654026729
0.5151346076361754
0.4833606355586991
0.3068090516512647
0.6921145352778652
0.5456374113627929
1.1168080909613993
0.7466904235973645
1.1020451110005167
0.9587949685775831
0.22611161438172162
0.6886066381113661
0.995865288867828
0.6588778169498131
0.5268751457306032
0.30959157584041047
0.30929615332190225
0.6554908483423671
0.372405419497664
0.20545022422636364
0.3226920725086651
0.8060842157669602
0.14864608466811552
0.17441652047330888
0.6921913094308212
1.0296536384932065
0.5021393562554827
0.9792266824172928
0.24255601741213964
0.9939874041911689
1.05413395639485
0.7387634604738764
0.41116441450348495
0.3827866280361662
0.7615488290582868
0.42319756658566837
0.6197869246605893
0.7421722147535998
0.5505326546242911
0.4003946162394615
0.4364993389999506
0.3761057512415951
0.7983932730998432
0.6471538561696325
0.6822996251411639
0.2568735897427561
0.9266878712442044
0.8787433260049086
0.3164881040783305
1.1127671216044748
0.6118579052685281
1.0167513287893626
0.7946684619112715
0.8606284425022086
0.839921889417988
0.8869822586185142
0.7499641314250298
0.26402930868065694
1.1146784337556594
0.14660925172543438
0.9813525881570123
0.8224830211632724
0.7816382012845182
0.6408657582279398
1.0348225873013426
1.0617808024410182
0.5310521929014749
0.875632747572275
0.6407840764649761
0.49764837080271923
0.3494240875011445
0.7233168319655588
0.3854635173109212
0.5307746250914817
0.9674420007277221
1.0521671937240236
0.9689579572780679
0.5386812387980806
0.5725358231481411
0.650776683987581
0.2944136739355671
0.9576107727388188
0.6471871936704996
0.8059567235919459
0.7758957982198762
0.22273148115767183
1.0180770534325245
0.34643688019078245
0.8088382949520333
0.7542847128276314
0.9420706760564177
0.20117364984210365
1.1335226144200152
1.133634447849126
1.1334779524609384
1.1334789349271295
1.1336155669722512
1.13345556953758
1.1334778352807329
1.133408508855331
1.1339939615477614
1.1339679686116375
1.1341761450818977
1.1338590780303053
1.1339114634743372
1.1339580483918734
1.133859651440186
1.133839855066556
1.1330574930377115
1.1332927029213422
1.1330968160705448
1.1331948844834847
1.1332477101911544
1.1332356025121626
1.1331877742864442
1.1330895644002306
1.1343772874309925
1.1342264430398812
1.1344127474306822
1.134020421436198
1.134166432175817
1.1341190895987376
1.1342640736833027
1.134227200042344
1.1334309863972136
1.133590975939148
1.1334776923860772
1.133484497901496
1.1334850028638679
1.1335337182498406
1.1335673094975913
1.133471257045466
1.1332713277626751
1.133425511365535
1.1332641640062298
1.133307655756981
1.133380946780599
1.133337775222436
1.1333565827478207
1.1332453128819624
1.1336576302797174
1.1335990401291398
1.133700434530227
1.1335395861339697
1.1335793860329109
1.1335750919591772
1.1336421365322549
1.1335729277211875
1.133619390322747
1.1336229672480798
1.1335997430606093
1.133522359247486
1.1335843092341433
1.1334790687542813
1.1336734764278853
1.1335742887180236
1.134077021700588
1.1340885915066836
1.134035020434292
1.1338466523263353
1.1339536412166988
1.1339470394678106
1.1340532824667096
1.1338492016381692
1.134096047517712
1.1339192329631804
1.1341043954368568
1.1338276816471653
1.1339341275901074
1.1337851834846602
1.1340927299846575
1.1340121249474595
1.1340564576118615
1.1339264639531157
1.1340995992603582
1.1338648924425188
1.1339174662720073
1.1339739117555523
1.1339210617169213
1.1338236771532113
1.1338789354099683
1.1338653201354378
1.1340228899898943
1.133737465010824
1.1337940298619298
1.1338081921153627
1.1339444765449322
1.1338877290974834
1.133742408922331
1.1336877916995698
1.1336745409545992
1.1335928564108413
1.133661859921211
1.1335529571183873
1.133737354459031
1.1336309638564044
1.1340324901783432
1.1339131269298384
1.1339946463948474
1.1338140014227303
1.1338891325346638
1.133800389274433
1.1339504697741218
1.1338686715521602
1.133409963992898
1.1335133742990149
1.1334363646359344
1.1334063331646806
1.133475599595406
1.1334718412442295
1.1334566082617739
1.133365769338242
1.1336358209269075
1.1336173659417055
1.133766883889348
1.133616060303228
1.1335627392031946
1.1337116673379313
1.1336119281297232
1.1336137020854877
0.8983053033690985
0.7065483206417251
0.186339860863198
0.2804120898778845
0.5273436360285431
0.3583164812074181
0.8006578390065299
1.1280024637093047
0.6860346026618631
0.3304408158917497
0.8533454880450096
0.7794137883563348
1.0681405179222507
0.544833795353715
0.5022176354369465
0.9438939048498098
0.3651866318663304
0.9163112257067314
0.5827606971095842
0.5411577940819984
0.7401873208210156
0.8051240413705035
0.2839275218602966
0.5320875867642602
0.8140447541624476
0.3413280409507234
1.0480387708550152
0.7348386593637136
1.0450205408670752
0.8068883014632791
0.9821561882738321
0.19885545850938738
0.8089950918698846
0.6992341126916627
0.5415291226352085
0.7669849430543498
0.8090076294950637
0.7821946159964319
0.5313199075896459
0.9316886990682215
0.5443512887855534
0.18041417187667888
1.0815630068133684
1.0116766688606953
0.43170628828681706
0.8912287080252169
1.103348996539676
1.0446783656837506
1.0566531671196926
0.5736374216011642
1.088140474386117
0.5355831479815281
0.44780174243946497
0.28659564141296134
0.2946057557837897
0.8032819888017292
1.0826689288358198
0.45106423467435053
0.6662003104510538
0.4387763830337832
0.37330837083776364
0.8991136539590642
0.4545688554973687
0.4483479326729898
1.0039982475203724
0.22704926122709462
0.6842730095494135
0.7922227852622439
0.16321928995892346
0.7509237079316193
0.5666288234523037
0.9562884888622344
0.5995898544466419
0.9978981595470395
0.434562941504049
0.2608421965103014
0.3046498234408302
0.27204655735641897
0.9553883336702318
0.2234125511716719
1.133624946263379
1.1335142037719612
1.1335458871813293
1.1335490807347859
1.1335235044841256
1.1334984944478825
1.1335179419643544
1.1335955078880313
1.1335313618213692
1.133603666442505
1.133860673489565
1.133839517351626
1.1338976155154317
1.134030021071828
1.1338096528044852
1.1339407312956207
1.1339516345938392
1.1339477216456852
1.1338978311332866
1.1338239632558451
1.1333590326361136
1.1332460431426954
1.1332987530821441
1.1331921503320097
1.1332724342898566
1.1331358400089284
1.1331997655979953
1.1333534998371153
1.1333114979605505
1.133466995744762
1.1341370986386738
1.1340447697689557
1.134078548278647
1.134372535110167
1.1340460708929951
1.1342501421873104
1.1341904613923732
1.1341428389158557
1.1340391338620668
1.1339455260302764
1.1336056752657346
1.1334688501406498
1.1336037069908047
1.1335698739763143
1.1335633292350136
1.1335434876035493
1.1335574355829259
1.1335252894470593
1.133500277314867
1.1335366616757419
1.1334916090171445
1.1333377631399708
1.133395640605641
1.1333701033459238
1.133389838175869
1.1332569117470148
1.133334211628483
1.1334762550100415
1.1334300395982275
1.1335401702425525
1.1335988212051318
1.1335947964685407
1.133634990705745
1.133651620093007
1.1336618537057117
1.1336095570535405
1.1336190337382266
1.133675565398973
1.1336301552408818
1.1336229488123184
1.1336686550780877
1.1335832095225706
1.1335841534733226
1.1336167581671708
1.1335337003979749
1.1335968375997605
1.1336311962602048
1.1336307531166274
1.1336027256746712
1.1336607290467065
1.1339140362403735
1.133818952566978
1.1339180235871595
1.1340670470128353
1.1339848340837257
1.1339070566014355
1.133910693092902
1.1340007567379993
1.133892434652085
1.1338698139302545
1.1339523197225636
1.1338744010676014
1.133838024251291
1.1340731469933343
1.1338245114371004
1.1339819706832026
1.133980003901069
1.133938348383589
1.1338897238618904
1.1338522924682948
1.1337956968652216
1.133908218989616
1.1338723392381047
1.1340425616586234
1.1338726283843554
1.1339724593731526
1.1339688070103846
1.1339141392652008
1.1338243296473085
1.1338455130517358
1.1337939838026883
1.1337697608762145
1.133838030874534
1.1339698831739344
1.1337722102331886
1.1338925187754858
1.1338941376148228
1.1338431042724522
1.1337652642223812
1.133833271612764
1.1337349334402151
1.1336228470824665
1.1336389902503767
1.1337145595619988
1.1336464222959324
1.1336424224284125
1.1336741806769242
1.133716258419876
1.1336883830701383
1.13363483535662
1.133878838126917
1.133869921048276
1.1338284313121096
1.133978028971213
1.1337990744743267
1.1339949421472086
1.1339471141623418
1.1338552323879303
1.1337790896549178
1.1337653770310958
1.1335490985425425
1.1335193616930166
1.1334576359703183
1.1334527972761508
1.1334572849011264
1.133376759251433
1.1333632593801022
1.1336377845614387
1.133572301906823
1.1335827067819488
1.1336415228987455
1.1336088117746164
1.133683144479197
1.1336745179334686
1.1336045752993331
1.1336983142661596
1.1337085711282884
1.133654273860148
1.1336341572146351
1.1336613836456644
0.9643038768096729
0.23563690931846903
0.7418909651375701
0.33027035687246115
0.8424317180540598
0.1522588322349558
0.16532028164178164
0.4358396230814678
0.19300073907447104
0.560480846386005
0.5477204699818694
0.4912677488866094
1.0757278533220904
0.8006203471300815
0.39566779441216265
1.0001956735637227
0.2699461952839871
0.8585046769912126
0.8628119795025111
1.0932346792838579
0.543508591422351
0.4592039049085449
0.4463400297026693
1.07893582317127
0.504112976339719
0.740309459844165
0.9658268642677529
0.8798273089842448
0.5161382111988938
0.2800569829035312
0.6861808994515556
0.15117715659260525
0.6635912454949471
0.28271793297752873
0.5879996468286937
0.5100831091335164
0.34633829794286736
0.34237130239951774
0.8964637775183973
0.4768058922162736
0.13729928450829068
0.7004154253843498
0.34078821864760483
1.0198428157107615
0.49550071247840494
0.17704364162635786
0.19729166132387588
1.0620470459565725
0.7341808576913448
1.1320340691745554
0.6769371124855795
0.34569413175283875
0.908649640135424
0.6516631199861515
0.9918436107581795
1.0341111032546664
0.7604758771520976
0.7705209582966305
0.4930135234415918
0.8667869219360657
0.38897872774875325
0.6112613637554
0.8050238115074262
0.914866755939586
1.0902659165189235
0.8320266437798054
0.8996900814059188
0.5669770015901565
0.5341092004268698
0.5003760414738858
0.6358180239403693
0.5147784926643945
0.8209226841524127
0.20058631155157985
1.0927434377837015
0.3298416187327475
0.26351020698051625
0.1534614347151769
0.7931150489706453
0.9253635744067488
0.29509798841617746
0.6960303572909147
0.5494951047019846
0.9885079292600988
0.8333289216610362
0.9908632930991106
0.6185661588538824
1.1226798806647031
0.3721949359501442
0.944221318693291
0.40391666566101153
1.082525354934563
1.1180557406860197
0.8822504510178183
0.7627539593515321
0.9374222614335951
0.7707133641775011
1.1143470242230484
0.4729122711474322
0.9265506375431435
0.8084895432779545
1.102738297567082
0.7181272448857644
0.3627300147831397
0.617727863471546
0.8831273458910099
0.41464327063721584
0.7146734213282878
0.2733940507400944
0.5925504094755631
0.9081265568922249
1.087708726381418
0.8146897083890653
0.16055373175043788
0.3218616924786293
0.5122500367190286
0.30325090377921
0.1899662163948396
1.0076454765246687
1.0754785972525596
0.6063224779741287
0.8196317881652199
0.1536341255863517
0.40024525106465386
0.24167008581723437
0.16038388082441685
0.6185823770575889
0.8538074990274014
0.6818490328335352
0.9806560307689516
0.37262850152260985
0.525849504274141
0.226620055254682
0.7944769518859922
0.17386827554578718
1.001153645187331
1.0047994022279343
0.3626551421103364
0.5941063013370145
0.8673224600386685
0.14452885899336887
1.1139728896226362
0.9571687143159654
0.8223784060652692
0.735160499175625
0.5856876408401133
0.9215773311963802
0.6658401604027452
0.7753254024922849
0.7608558981470389
1.0230309775678486
0.7183162148833186
0.8387629513218529
0.17694105739164281
0.9865782082510658
0.6734004265218516
0.20846869360614984
0.26609037237258476
0.6215322666646382
1.0228356452919765
0.8672379730876294
0.3593123817138554
0.7271036339487537
0.8054583063627095
0.18660740961594732
0.6758865775754126
0.26511239983057755
0.8093055823277088
0.4766748296567429
0.9517369725214484
0.5845655240551663
0.43380213971847087
1.0512142465316479
0.6355582154598233
0.9418483375441095
0.13787943767712169
0.9885458132960193
0.9179141888763938
1.072601985900571
0.6773046367720791
0.9295098524478547
0.40732059783930924
0.5860301231053048
0.896212941003034
0.39909526388567307
0.962412650158936
0.9370347739857106
0.20573587487291745
1.04136478819493
0.9725423586835292
0.8550842609365635
0.7791671971640084
0.6009652772742979
0.9131021817159126
0.9300138882844279
0.9161556996121124
0.7377558929294213
0.14546985341688706
0.28788516700070665
0.16651936339819476
0.6014834701922384
0.8857400888613582
0.8198074320687039
0.90819437160848
0.729714127561179
0.36090413110287367
0.8621816347436709
0.38653247155946807
0.7380257633611258
0.8115686218184176
1.087042516345357
0.7951660757315516
0.8374295422345416
0.6192620687492348
0.23743174592666613
1.0135914601739817
0.25659158960976397
1.0495976150493365
0.4331677389823176
0.5067630170463815
1.1214420690583549
1.0193763367336715
0.5697791723466131
0.8841265250113356
0.7455267987358157
0.17820585003541303
0.6398376586029066
0.25492030606892846
0.16870123671982756
0.9400770663643061
0.287900978826391
0.9278716491300582
0.23953915647249124
0.294959255369238
0.8617471123598742
0.93621429361869
0.49892219576678876
0.1833769698601021
1.034090254595383
1.0645654894486525
0.6273237874082083
0.2917241005711808
0.7019059659437208
0.5269529878924486
0.182827186507796
0.9407714596792761
0.4105277468906735
1.0755907691088125
0.7220264208559161
0.6357233383703782
1.113378508419591
0.7320388032018761
0.8935511578926428
0.3452592926773891
0.1622863209595354
0.36604435700768323
0.8261486020703283
0.806054546453109
0.662885237710424
0.7925546629767912
0.3377162123815946
0.6614031215309999
0.316325974137125
0.5364692606783128
0.933142705709589
1.0208507197941357
0.4049310620789832
0.1604089043074662
0.6020694761698071
0.20084165207192753
0.2980247600089748
0.18737459013631824
0.15100682322620185
1.0147098094980154
0.9727476883101959
0.4606531721839282
0.40810299445200765
0.4148427606844233
0.6570893132892949
0.4489238345611419
