1553898087.418315
1553898089.664966
1553898092.816863
1553898094.69911
1553898096.698215
1553898098.836339
1553898100.90819
1553898103.005705
1553898105.106128
1553898107.193838
1553898109.28107
1553898111.473454
1553898113.680859
1553898115.744259
1553898117.753206
1553898119.742398
1553898121.878342
1553898123.966143
1553898125.932331
1553898128.010036
1553898130.190137
1553898132.286356
1553898134.610348
1553898136.851508
1553898139.253772
1553898141.377743
1553898143.583138
1553898145.802523
1553898147.908048
1553898150.133001
1553898152.14364
1553898154.425102
1553898156.520246
1553898159.770103
1553898161.704891
1553898163.777661
1553898165.927088
1553898168.049683
1553898171.430038
1553898173.452338
1553898175.423768
1553898177.467955
1553898181.019166
1553898183.230439
1553898185.351909
1553898187.550876
1553898189.689542
1553898193.007708
1553898195.158011
1553898197.386661
1553898199.493419
1553898201.668373
1553898203.720857
1553898206.017444
1553898208.266712
1553898211.709579
1553898213.876279
1553898215.908183
1553898217.98815
1553898219.996355
1553898221.887651
1553898223.860526
1553898226.02298
1553898228.091778
1553898230.250164
1553898232.509264
1553898235.94965
1553898238.049839
1553898240.293424
1553898242.419552
1553898244.624838
1553898246.786588
1553898248.891673
1553898251.116569
1553898253.367868
1553898255.563375
1553898257.790226
1553898259.885455
1553898261.842679
1553898263.847266
1553898265.962393
1553898268.011325
1553898270.12425
1553898272.214097
1553898274.357561
1553898276.945981
1553898279.301524
1553898281.520866
1553898283.846097
1553898286.026214
1553898288.396987
1553898290.610584
1553898293.954872
1553898295.9264
1553898298.018847
1553898300.157881
1553898302.223891
1553898305.51964
1553898307.721169
1553898309.761561
1553898311.841913
1553898313.923103
1553898316.018909
1553898318.109413
1553898320.168442
1553898322.343061
1553898324.286109
1553898326.36489
1553898328.551631
1553898330.5545
1553898332.474786
1553898336.520927
1553898338.538624
1553898340.615403
1553898342.791334
1553898344.889291
1553898346.91342
1553898349.13513
1553898351.34503
1553898353.64404
1553898355.785535
1553898357.819548
1553898359.841652
1553898362.023061
1553898364.214872
1553898366.394102
1553898368.550723
1553898370.620758
1553898372.81477
1553898374.967656
1553898377.326562
1553898379.587144
1553898381.590687
1553898383.636665
1553898385.718152
1553898387.943981
1553898390.321934
1553898392.460733
1553898394.765682
1553898397.007572
1553898399.218224
1553898401.464261
1553898403.634072
1553898405.838565
1553898408.539731
1553898412.591609
1553898414.765467
1553898416.874016
1553898418.985041
1553898421.219476
1553898423.367969
1553898426.853758
1553898430.400961
1553898432.461427
1553898434.964216
1553898437.926813
1553898440.22564
1553898442.562996
1553898444.813229
1553898446.96931
1553898449.234245
1553898452.713657
1553898454.799005
1553898456.946853
1553898459.021471
1553898462.448404
1553898464.748
1553898467.029602
1553898469.141921
1553898471.458572
1553898473.842179
1553898477.352046
1553898479.532124
1553898483.312292
1553898486.813866
1553898488.81042
1553898490.873751
1553898493.075248
1553898496.404088
1553898498.998054
1553898501.006071
1553898503.248441
1553898505.499358
1553898511.273778
1553898513.421415
1553898515.753127
1553898518.099815
1553898520.396663
1553898523.0958
1553898525.301493
1553898527.41616
1553898529.529426
1553898531.867553
1553898534.12615
1553898536.447639
1553898538.611388
1553898540.789248
1553898543.145336
1553898545.439401
1553898547.674261
1553898549.997913
1553898552.131937
1553898554.377467
1553898556.608814
1553898558.69959
1553898560.825176
1553898563.002677
1553898565.262458
1553898567.495545
1553898569.643755
1553898571.734773
1553898573.84804
1553898576.09819
1553898578.327123
1553898580.533178
1553898582.906863
1553898585.268965
1553898587.592164
1553898589.863247
1553898592.308481
1553898594.499863
1553898596.659234
1553898599.007074
1553898601.217042
1553898603.285735
1553898605.344937
1553898607.523853
1553898609.585672
1553898611.909677
1553898614.338289
1553898616.582286
1553898618.848809
1553898620.904004
1553898622.936951
1553898625.285698
1553898627.589191
1553898630.013124
1553898632.255653
1553898634.288811
1553898636.596534
1553898638.906631
1553898641.086694
1553898643.330465
1553898645.583435
1553898647.667293
1553898649.88614
1553898652.163095
1553898654.231114
1553898656.30849
1553898658.223603
1553898660.174592
1553898662.238258
1553898664.301698
1553898666.43085
1553898668.595644
1553898670.912587
1553898673.20818
1553898675.576603
1553898677.802649
1553898679.749054
1553898681.813083
1553898684.017281
1553898686.170579
1553898688.398744
1553898690.631821
1553898692.992219
1553898695.171199
1553898697.356286
1553898699.519879
1553898701.725616
1553898704.02657
1553898706.178938
1553898708.467817
1553898710.726088
1553898712.807386
1553898714.782196
1553898716.843072
1553898718.967325
1553898721.230786
1553898723.298216
1553898725.344179
1553898727.536399
1553898729.621363
1553898731.672295
1553898733.595725
1553898735.612476
1553898737.659441
1553898739.752368
1553898741.906217
1553898743.969953
1553898746.173225
1553898748.514397
1553898750.884639
1553898753.186176
1553898755.288124
1553898757.325736
1553898759.603992
1553898761.859862
1553898764.147714
1553898766.192063
1553898768.476513
1553898770.618802
1553898772.719826
1553898774.972651
1553898777.055587
1553898779.163346
1553898781.250229
1553898783.218905
1553898785.205211
1553898787.190496
1553898789.342792
1553898791.683596
1553898793.819984
1553898796.047163
1553898798.317718
1553898800.532013
1553898802.687975
1553898804.700387
1553898806.909941
1553898809.139446
1553898811.462763
1553898813.785979
1553898816.188525
1553898818.391747
1553898820.545333
1553898822.831949
1553898824.968679
1553898827.107155
1553898829.45407
1553898831.770218
1553898833.910151
1553898836.122818
1553898838.266035
1553898840.408282
1553898842.676731
1553898844.748917
1553898846.910154
1553898849.043158
1553898851.307483
1553898853.592582
1553898855.855015
1553898858.086228
1553898860.284366
1553898862.488247
1553898864.670934
1553898866.792345
1553898869.053876
1553898871.265651
1553898873.305663
1553898875.685025
1553898877.99727
1553898880.387164
1553898882.755888
1553898885.048338
1553898887.402162
1553898889.531618
1553898891.715896
1553898893.765048
1553898895.913798
1553898897.997782
1553898900.118228
1553898902.32678
1553898904.74184
1553898907.036578
1553898909.428319
1553898911.608213
1553898913.926983
1553898916.051198
1553898918.389028
1553898920.546887
1553898922.615336
1553898924.924297
1553898927.144017
1553898929.494218
1553898931.617991
1553898933.701417
1553898935.928213
1553898938.328012
1553898940.57665
1553898942.814867
1553898945.122976
1553898947.513166
1553898949.787575
1553898951.968336
1553898954.113661
1553898955.988807
1553898958.375447
1553898960.507038
1553898962.480573
1553898964.515882
1553898966.388254
1553898968.614454
1553898970.813503
1553898973.068346
1553898975.389324
1553898977.659614
1553898979.816676
1553898982.194982
1553898984.542585
1553898986.91806
1553898989.165185
1553898991.331173
1553898993.504565
1553898995.845574
1553898997.842352
1553898999.881835
1553899001.955637
1553899003.90131
1553899005.846896
1553899007.923799
1553899010.006074
1553899012.075088
1553899014.317108
1553899016.317333
1553899018.397984
1553899020.570325
1553899022.700037
1553899024.745342
1553899026.919104
1553899028.964759
1553899030.935447
1553899032.831348
1553899034.892021
1553899036.8313
1553899038.977669
1553899040.925861
1553899042.937133
1553899045.15698
1553899047.233136
1553899049.236979
1553899051.148438
1553899053.468679
1553899055.633067
1553899057.829448
1553899060.109602
1553899062.523065
1553899064.955248
1553899067.428324
1553899069.72254
1553899071.882544
1553899073.940652
1553899075.949433
1553899078.156603
1553899080.301844
1553899082.421002
1553899084.524572
1553899086.726145
1553899088.776295
1553899090.891935
1553899093.082665
1553899095.092954
1553899097.148672
1553899099.265971
1553899101.453587
1553899103.6024
1553899105.649107
1553899107.736485
1553899109.875818
1553899111.902977
1553899114.114597
1553899116.286662
1553899118.461034
1553899120.691904
1553899122.851534
1553899124.833807
1553899126.848575
1553899129.04183
1553899131.127335
1553899133.201802
1553899135.168995
1553899137.215424
1553899139.299577
1553899141.367518
1553899143.478261
1553899145.485253
1553899147.477771
1553899149.628745
1553899151.92726
1553899154.132713
1553899156.287399
1553899158.425247
1553899160.817854
1553899163.002387
1553899165.03236
1553899167.148592
1553899169.384901
1553899171.487832
1553899173.574795
1553899175.736324
1553899177.724012
1553899179.870734
1553899182.005626
1553899184.269199
1553899186.558387
1553899188.607073
1553899190.640376
1553899192.800068
1553899194.918748
1553899197.039378
1553899199.130954
1553899201.214676
1553899203.321325
1553899205.416426
1553899207.519953
1553899209.52076
1553899211.488979
1553899213.504963
1553899215.665689
1553899217.596546
1553899219.912146
1553899222.185195
1553899224.140459
1553899226.337442
1553899228.369956
1553899230.393829
1553899232.301265
1553899234.273408
1553899236.242801
1553899238.228106
1553899240.293153
1553899242.407236
1553899244.544147
1553899246.623533
1553899248.675092
1553899250.671403
1553899252.628425
1553899254.802878
1553899256.988494
1553899259.041201
1553899261.197251
1553899263.27688
1553899265.472571
1553899267.812918
1553899269.738365
1553899272.026192
1553899274.133062
1553899276.27992
1553899278.34894
1553899280.445007
1553899282.626475
1553899284.735927
1553899286.848525
1553899289.145895
1553899291.358633
1553899293.415541
1553899295.441743
1553899297.65108
1553899299.761117
1553899301.892745
1553899303.938484
1553899306.007125
1553899307.977098
1553899310.028529
1553899312.083141
1553899314.237761
1553899316.264894
1553899318.326673
1553899320.404647
1553899322.424894
1553899324.32581
1553899326.349097
1553899328.480843
1553899330.649706
1553899332.655167
1553899334.744056
1553899336.732696
1553899338.896532
1553899340.930127
1553899342.917063
1553899344.90528
1553899347.062754
1553899349.009188
1553899351.053326
1553899353.034825
1553899355.120188
1553899357.226412
1553899359.19152
1553899361.217557
1553899363.185917
1553899365.151208
1553899367.119178
1553899369.153879
1553899371.177898
1553899373.220704
1553899375.192656
1553899377.158365
1553899379.212808
1553899381.282513
1553899383.127375
1553899385.139343
1553899387.306094
1553899389.610604
1553899391.755798
1553899394.008931
1553899396.321365
1553899398.56851
1553899400.794529
1553899402.904154
1553899404.875295
1553899406.921844
1553899408.962725
1553899410.950242
1553899413.046353
1553899415.232578
1553899417.373397
1553899419.479201
1553899421.588595
1553899423.71871
1553899425.833977
1553899427.905646
1553899429.863587
1553899431.923284
1553899433.963176
1553899435.985934
1553899438.139342
1553899440.234622
1553899442.318618
1553899444.326747
1553899446.480859
1553899448.704293
1553899450.934487
1553899453.031725
1553899455.177246
1553899457.342625
1553899459.321986
1553899461.516
1553899463.752412
1553899465.893097
1553899467.936583
1553899469.935208
1553899472.011985
1553899474.117668
1553899476.110133
1553899478.221201
1553899480.473783
1553899482.510723
1553899484.490409
1553899486.461804
1553899488.529
1553899490.541998
1553899492.47896
1553899494.539719
1553899496.739397
1553899498.819128
1553899501.026741
1553899503.315814
1553899505.421077
1553899507.50321
1553899509.742942
1553899511.891608
1553899514.04405
1553899516.130827
1553899518.151289
1553899520.073218
1553899522.089827
1553899524.167561
1553899526.391156
1553899528.638946
1553899530.8737
1553899533.108898
1553899535.253693
1553899537.429522
1553899539.539166
1553899541.554287
1553899543.600673
1553899545.636199
1553899548.05629
1553899550.268062
1553899552.662765
1553899554.783161
1553899556.971366
1553899559.117317
1553899561.115754
1553899563.230695
1553899565.299782
1553899567.443403
1553899569.634338
1553899571.74566
1553899573.969241
1553899575.935827
1553899578.116821
1553899580.381451
1553899582.67839
1553899584.907738
1553899587.196176
1553899589.354273
1553899591.509484
1553899593.636893
1553899595.82184
1553899598.078998
1553899600.082388
1553899602.484057
1553899604.706842
1553899606.885226
1553899609.189042
1553899611.543352
1553899613.943345
1553899616.148297
1553899618.317904
1553899620.619018
1553899622.697288
1553899624.826444
1553899626.959417
1553899629.137039
1553899631.265148
1553899633.412347
1553899635.705767
1553899638.00616
1553899640.417606
1553899642.594493
1553899644.635788
1553899646.705113
1553899648.746176
1553899651.034052
1553899653.138713
1553899655.181991
1553899657.409375
1553899659.564696
1553899661.665236
1553899663.880856
1553899665.990609
1553899668.115269
1553899670.309332
1553899672.508341
1553899674.761138
1553899676.883991
1553899678.991942
1553899681.216986
1553899683.39312
1553899685.634047
1553899687.741724
1553899690.122659
1553899692.19651
1553899694.353007
1553899696.532243
1553899698.663317
1553899700.695346
1553899702.763946
1553899704.806016
1553899706.919713
1553899709.037714
1553899711.362953
1553899713.517364
1553899715.63183
1553899717.788805
1553899720.037245
1553899722.284623
1553899724.533643
1553899726.783949
1553899729.024979
1553899731.292275
1553899733.309313
1553899735.517623
1553899737.654744
1553899739.690283
1553899741.751941
1553899743.703039
1553899745.857079
1553899748.068856
1553899750.274552
1553899752.551924
1553899754.919296
1553899757.257576
1553899759.590234
1553899761.811886
1553899764.155693
1553899766.459482
1553899768.630824
1553899770.788028
1553899773.111082
1553899775.451249
1553899777.72059
1553899779.995484
1553899782.260923
1553899784.599882
1553899786.926062
1553899789.296415
1553899791.579765
1553899793.918869
1553899796.366282
1553899798.583553
1553899800.663366
1553899803.055249
1553899805.317869
1553899807.63959
1553899809.85245
1553899812.150972
1553899814.441957
1553899816.609322
1553899818.760238
1553899821.076365
1553899823.293732
1553899825.425372
1553899827.562695
1553899829.782655
1553899832.000469
1553899834.310948
1553899836.495016
1553899838.879382
1553899841.121596
1553899843.390398
1553899845.717021
1553899848.113572
1553899850.278814
1553899852.513855
1553899854.83208
1553899856.949442
1553899859.255693
1553899861.564705
1553899863.677201
1553899865.768634
1553899867.780831
1553899869.9857
1553899872.245609
1553899874.413998
1553899876.643411
1553899878.933945
1553899881.152374
1553899883.260015
1553899885.565837
1553899887.88728
1553899890.007717
1553899892.080129
1553899894.309137
1553899896.766757
1553899898.981691
1553899901.347537
1553899903.619156
1553899905.944647
1553899908.236265
1553899910.612045
1553899912.858882
1553899915.143904
1553899917.409804
1553899919.728182
1553899921.85522
1553899923.924043
1553899926.35183
1553899928.72685
1553899930.742678
1553899932.845647
1553899935.09289
1553899937.406814
1553899939.777118
1553899941.983607
1553899944.202052
1553899946.575111
1553899948.814776
1553899951.008348
1553899953.212483
1553899955.483939
1553899957.781766
1553899960.170964
1553899962.463932
1553899964.881094
1553899967.237328
1553899969.524471
1553899971.909076
1553899974.166089
1553899976.402928
1553899978.785204
1553899980.783394
1553899982.835743
1553899985.263091
1553899987.555739
1553899989.825966
1553899992.162846
1553899994.326342
1553899996.753573
1553899999.12404
1553900001.338039
1553900003.457985
1553900005.758871
1553900008.142005
1553900010.337267
1553900012.535617
1553900014.852199
1553900017.135828
1553900019.330232
1553900021.615803
1553900023.903415
1553900026.17234
1553900028.52633
1553900030.759366
1553900032.915262
1553900036.571412
1553900038.674161
1553900040.668155
1553900042.923589
1553900045.045138
1553900047.326563
1553900049.497437
1553900051.847135
1553900054.136567
1553900056.278737
1553900058.466798
1553900060.870204
1553900063.169144
1553900065.486015
1553900067.667576
1553900070.10831
1553900072.593917
1553900074.886994
1553900077.233005
1553900079.557409
1553900083.482078
1553900087.304618
1553900089.543722
1553900091.834158
1553900094.090695
1553900096.340416
1553900098.699955
1553900101.042266
1553900103.156252
1553900105.298365
1553900107.644559
1553900110.075206
1553900112.266124
1553900114.396017
1553900116.645881
1553900118.776621
1553900121.020128
1553900123.299808
1553900125.786954
1553900128.021525
1553900130.397556
1553900132.732277
1553900134.803957
1553900137.215629
1553900140.817281
1553900143.090728
1553900145.479388
1553900147.970624
1553900150.31537
1553900152.738819
1553900155.015767
1553900157.182194
1553900159.219301
1553900161.460769
1553900163.50701
1553900165.561205
1553900167.861667
1553900170.179024
1553900172.661363
1553900175.111433
1553900177.316502
1553900179.740762
1553900182.141451
1553900184.384684
1553900186.688071
1553900190.339447
1553900192.415662
1553900194.443891
1553900196.624799
1553900198.981068
1553900201.187254
1553900203.47897
1553900205.926988
1553900208.226073
1553900210.476507
1553900212.96112
1553900215.428936
1553900217.629539
1553900219.985914
1553900222.399293
1553900224.698741
1553900227.063097
1553900229.54796
1553900231.769379
1553900234.015684
1553900236.215588
1553900238.477866
1553900240.614505
1553900242.581575
1553900244.590286
1553900246.751083
1553900248.939474
1553900250.963222
1553900253.229425
1553900255.410923
1553900257.650441
1553900259.751533
1553900262.044579
1553900264.234047
1553900266.72652
1553900268.918107
1553900271.211922
1553900273.474212
1553900275.495978
1553900277.822279
1553900280.04962
1553900282.290156
1553900284.748343
1553900287.116023
1553900289.125312
1553900291.380718
1553900293.682825
1553900295.828845
1553900298.015734
1553900300.415632
1553900302.598137
1553900304.648454
1553900306.882655
1553900309.111041
1553900311.417109
1553900313.799778
1553900316.175148
1553900318.523969
1553900320.910314
1553900323.265405
1553900325.505638
1553900327.744441
1553900330.041079
1553900332.215539
1553900335.455233
1553900337.540647
1553900339.586536
1553900341.55897
1553900343.533472
1553900345.604953
1553900347.47547
1553900349.860099
1553900352.222342
1553900354.249699
1553900356.422952
1553900358.560389
1553900360.681127
1553900362.800366
1553900364.856505
1553900368.169403
1553900370.251383
1553900372.601867
1553900375.017031
1553900377.157074
1553900379.3587
1553900381.882337
1553900384.345881
1553900387.779012
1553900391.039761
1553900393.374239
1553900395.731486
1553900398.092562
1553900400.413167
1553900403.543554
1553900405.662317
1553900408.779459
1553900410.886455
1553900413.069383
1553900416.225359
1553900418.442447
1553900420.609425
1553900422.809744
1553900424.963183
1553900427.313023
1553900429.413995
1553900431.654219
1553900434.83627
1553900438.289403
1553900440.486313
1553900442.927712
1553900445.136222
1553900447.678258
1553900450.059783
1553900452.24924
1553900454.481815
1553900456.799051
1553900458.996816
1553900461.12525
1553900463.37954
1553900465.429871
1553900467.553625
1553900469.796572
1553900471.9811
1553900474.364915
1553900476.664966
1553900478.867784
1553900481.255017
1553900483.537665
1553900485.615372
1553900487.822644
1553900490.181131
1553900492.719948
1553900494.972675
1553900497.02191
1553900499.221461
1553900501.452834
1553900503.580548
1553900505.766109
1553900508.266533
1553900510.499034
1553900512.76214
1553900515.061504
1553900517.350038
1553900519.853893
1553900522.315305
1553900524.625228
1553900526.962399
1553900529.186653
1553900531.483407
1553900533.644942
1553900536.020213
1553900539.456086
1553900542.640446
1553900544.818234
1553900548.620654
1553900550.844408
1553900553.075307
1553900555.249537
1553900557.52621
1553900559.842421
1553900562.116164
1553900564.301357
1553900566.481789
1553900568.641345
1553900570.830639
1553900572.889026
1553900574.985325
1553900577.182556
1553900579.274404
1553900581.422856
1553900583.508044
1553900585.650084
1553900587.919756
1553900590.173353
1553900592.400943
1553900594.518097
1553900596.848525
1553900598.864664
1553900601.01839
1553900603.126674
1553900606.415677
1553900608.520888
1553900610.636273
1553900612.777641
1553900615.075348
1553900617.33747
1553900619.612041
1553900621.936511
1553900624.04546
1553900626.35736
1553900628.727824
1553900630.865879
1553900633.082983
1553900635.148523
1553900637.487088
1553900640.025916
1553900642.394149
1553900644.771469
1553900647.024479
1553900649.417662
1553900651.682748
1553900653.951165
1553900656.156042
1553900658.501616
1553900660.707861
1553900663.034539
1553900665.225639
1553900667.541004
1553900669.850924
1553900672.141031
1553900675.562415
1553900679.264652
1553900681.54342
1553900683.896577
1553900686.217367
1553900688.501269
1553900691.821386
1553900694.127648
1553900696.409379
1553900698.749165
1553900702.196878
1553900704.543823
1553900706.714874
1553900708.953811
1553900711.151608
1553900714.614773
1553900716.869844
1553900719.092037
1553900721.496732
1553900724.020302
1553900726.56644
1553900728.942288
1553900731.112913
1553900733.359229
1553900735.6427
1553900737.768185
1553900739.987456
1553900742.268278
1553900744.367975
1553900747.696569
1553900749.931969
1553900752.319063
1553900755.969925
1553900758.446423
1553900760.616284
1553900762.914802
1553900765.157837
1553900768.425838
1553900770.584692
1553900772.817537
1553900775.191163
1553900777.60528
1553900781.105282
1553900783.325193
1553900785.639026
1553900787.999584
1553900790.133557
1553900792.413164
1553900794.449468
1553900796.636167
1553900798.992021
1553900801.249726
1553900803.430589
1553900805.702327
1553900807.767915
1553900809.941359
1553900813.290696
1553900815.400197
1553900817.456131
1553900819.863066
1553900822.055913
1553900824.348926
1553900826.637593
1553900828.820862
1553900831.105921
1553900833.546364
1553900835.948372
1553900838.067441
1553900840.269664
1553900842.250906
1553900844.674287
1553900846.833371
1553900848.93476
1553900851.317678
1553900853.60059
1553900855.814159
1553900858.185212
1553900860.526491
1553900862.741417
1553900864.925732
1553900867.216582
1553900869.461007
1553900871.717875
1553900873.801686
1553900876.190171
1553900878.36188
1553900881.900204
1553900884.291748
1553900886.597351
1553900888.807836
1553900891.046814
1553900893.33517
1553900895.712844
1553900897.79733
1553900899.803103
1553900901.952158
1553900904.136246
1553900908.908341
1553900911.250042
1553900914.52336
1553900916.795639
1553900919.199431
1553900921.586865
1553900923.938181
1553900926.183656
1553900928.328935
1553900930.725489
1553900933.001413
1553900935.179934
1553900937.437453
1553900939.867989
1553900942.252237
1553900944.50282
1553900946.965861
1553900949.334688
1553900951.538001
1553900954.889768
1553900957.163345
1553900959.555256
1553900961.71961
1553900964.091585
1553900967.546219
1553900969.96815
1553900973.307363
1553900975.672633
1553900977.859098
1553900979.991116
1553900983.65012
1553900985.712005
1553900987.929299
1553900990.193659
1553900992.451864
1553900995.814214
1553900997.920077
1553900999.974073
1553901003.379339
1553901005.642796
1553901007.79953
1553901010.122116
1553901014.758476
1553901016.889522
1553901018.893322
1553901020.971736
1553901024.236245
1553901026.354333
1553901028.50692
1553901030.630643
1553901033.974515
1553901036.0143
1553901038.015613
1553901041.337463
1553901043.65477
1553901046.105383
1553901048.381989
1553901053.464798
1553901055.596043
1553901057.869175
1553901060.096649
1553901062.324489
1553901064.470688
1553901066.739155
1553901068.991937
1553901071.244448
1553901073.313849
1553901075.420555
1553901077.584543
1553901079.559127
1553901081.533203
1553901083.726428
1553901085.784721
1553901087.938568
1553901090.149864
1553901092.297952
1553901094.407716
1553901096.571129
1553901098.703617
1553901100.728526
1553901102.813696
1553901105.205477
1553901107.361335
1553901109.449129
1553901111.293966
1553901113.229236
1553901115.265104
1553901117.338719
1553901119.406439
1553901121.391908
1553901123.597889
1553901125.693109
1553901127.772336
1553901129.868531
1553901131.927109
1553901133.827403
1553901135.957543
1553901137.95781
1553901140.103619
1553901142.187517
1553901144.333682
1553901146.549001
1553901148.72355
1553901151.034117
1553901153.394498
1553901155.51744
1553901157.726653
1553901160.186587
1553901162.311551
1553901164.37998
1553901166.658809
1553901168.846027
1553901171.015184
1553901173.128805
1553901175.115839
1553901177.182695
1553901179.432243
1553901181.613113
1553901183.814973
1553901185.94989
1553901188.100553
1553901190.190846
1553901192.284192
1553901194.537378
1553901196.876377
1553901198.996702
1553901201.173389
1553901203.317954
1553901205.462163
1553901207.535953
1553901209.743342
1553901211.797813
1553901213.903639
1553901215.947404
1553901218.071029
1553901220.074144
1553901222.213994
1553901224.431918
1553901226.504084
1553901228.58181
1553901230.763761
1553901232.968089
1553901235.238154
1553901237.308661
1553901239.584685
1553901241.889564
1553901243.874977
1553901246.11323
1553901248.444
1553901250.626781
1553901252.816103
1553901254.72142
1553901256.85143
1553901258.963257
1553901261.099181
1553901263.249278
1553901265.308989
1553901267.342427
1553901269.58892
1553901271.804192
1553901273.869626
1553901275.951221
1553901278.155659
1553901280.405861
1553901282.689494
1553901284.745831
1553901286.756718
1553901289.032995
1553901290.965658
1553901292.956285
1553901295.048605
1553901297.066025
1553901299.285937
1553901301.596964
1553901303.863664
1553901306.041351
1553901308.102377
1553901310.299249
1553901312.664809
1553901314.948166
1553901316.985897
1553901319.31021
1553901321.505029
1553901323.75304
1553901325.848825
1553901328.050846
1553901330.329758
1553901332.445993
1553901334.589118
1553901336.656234
1553901338.711433
1553901341.073732
1553901343.515736
1553901345.827173
1553901347.850529
1553901349.900928
1553901352.132595
1553901354.478821
1553901356.904142
1553901359.137617
1553901361.250255
1553901363.54826
1553901365.675342
1553901367.832312
1553901370.07575
1553901372.475384
1553901374.648414
1553901377.035459
1553901379.318795
1553901381.700657
1553901384.089836
1553901386.372704
1553901388.754417
1553901391.043639
1553901393.267287
1553901395.708792
1553901398.029485
1553901400.451907
1553901402.851948
1553901405.046742
1553901407.227732
1553901409.396415
1553901411.809652
1553901414.203565
1553901416.4097
1553901418.673349
1553901420.997788
1553901423.492785
1553901425.673026
1553901428.052203
1553901430.221047
1553901432.506137
1553901434.827099
1553901436.958104
1553901439.059677
1553901441.225469
1553901443.5577
1553901445.808714
1553901448.092573
1553901450.237081
1553901452.611788
1553901454.85157
