8641.133132095749
7804.901677407411
7443.882206604864
7265.898992091107
7230.349253590249
7221.031259492028
7212.092375533175
7203.300930362002
7192.639947096475
7180.12754762079
7162.2585487884035
7137.146254361453
7053.749367756615
6943.7300058669525
6879.748626435157
6828.209383277626
6797.916648198862
6758.61949692668
6704.094375280809
6512.058933910366
6327.614092791111
6176.909873560393
6052.451344120259
5903.797568143445
5889.4563059926095
5614.939590051009
5441.549097706788
5258.736766831159
5071.090144033364
4995.234384473866
5363.012904318032
4982.611538946571
4845.125629641957
4800.750729109422
4757.839696632168
4713.904232476915
4666.503226606341
4627.890076666932
4604.950663264351
4590.140786049276
4555.445438841895
4549.560608122785
4549.457348510891
4515.288201259932
4501.684830416264
4493.0878104145895
4472.574221821048
4470.862066847176
4449.331272688011
4441.612784691355
4434.495787169353
4430.246313199586
4416.594532799832
4410.399351197587
4406.724158879327
4400.73849941014
4397.51175919961
4391.948357913129
4387.110063896491
4385.499154155616
4380.1247907748375
4376.075297037438
4375.212419935812
4371.083502519309
4369.937912326739
4364.151536997733
4363.573614236404
4359.053592357956
4358.516479086061
4353.809098723239
4349.846470008951
4346.337542110027
4342.161745494193
4340.6385373510375
4338.225323708857
4335.375348900906
4334.465237165239
4332.8066780197005
4330.996699382527
4330.370168483671
4328.102857776143
4327.412915293455
4326.858381667063
4325.6801126452265
4324.665414669269
4323.408337934003
4323.006075818564
4322.156971972525
4321.1363634959125
4320.317831613915
4319.142310040997
4318.751739600585
4318.022141667466
4317.4837082110635
4317.01929734782
4316.478989595382
4316.353214163724
4315.929279402788
4315.889058073315
4315.305447236933
4315.157262027811
4314.747174656502
4314.291800976934
4314.141565193889
4313.7935695513115
4313.346714191578
4313.253689829234
4312.890036665282
4312.352490483198
4312.199237823885
4311.9575310554
4311.648477789077
4311.634633398783
4311.332883665901
4311.299519591671
4311.007267244564
4310.98678675549
4310.668706512613
4310.468591132581
4310.063277983245
4309.712782573065
4309.040141938956
4308.974199732075
4308.425284767429
4308.104151600106
4307.803890614483
4307.495355918413
4307.196845344466
4306.8933591283485
4306.59843197385
4306.301631643203
4306.012630144885
4305.712615567119
4305.701192474112
4305.367335742701
4305.202697918898
4304.798728997687
4304.431940420475
4303.702591691893
4303.523176649165
4302.846546423618
4302.7921824680825
4302.210350113339
4301.451599035014
4300.901893559006
4299.10346667022
4298.908423819624
4298.470349503204
4298.25570412644
4297.951558582058
4297.644087602585
4297.3501356080815
4297.051303330071
4296.757405450284
4296.475728979507
4296.171847329181
4296.144862247745
4295.829651795024
4295.784063535679
4295.502572431613
4295.21472556238
4295.2084505306
4294.926560082609
4294.650852103661
4294.363831765536
4294.082945371026
4293.811199027633
4293.546316776581
4293.279336107105
4293.238722506781
4292.790749785738
4292.601992840702
4292.335926378165
4291.9701078135595
4291.629704121424
4291.1857874559755
4290.87708880494
4290.567357719661
4290.29941395218
4289.992532072446
4289.892890907926
4289.628998022138
4289.372543947875
4289.11910954442
4288.866001335261
4288.614482368127
4288.367301719344
4288.119969751732
4287.790808776103
4287.703360826066
4287.402928199636
4287.337980130425
4287.032522864087
4286.984772643336
4286.715029500439
4286.44501570136
4286.181557309172
4285.932980128099
4285.68342442385
4285.42991491292
4285.175831863732
4284.90739772711
4284.683208617672
4284.186825501269
4283.7105162284515
4282.798439849375
4281.884662414725
4281.782677647103
4281.383935437768
4281.04217830415
4280.12148992861
4279.962112580873
4279.228167924969
4278.985039799517
4278.765170421333
4278.569945645972
4278.366838602288
4278.344979915256
4278.0029635301025
4277.8306311507295
4277.62921872851
4277.612330098362
4277.421826290235
4277.2886709839495
4276.143537970581
4275.814998574494
4274.631535023577
4274.471563535635
4274.315683112879
4274.308671697348
4274.15697557887
4274.0146737754485
4273.872401166442
4273.734986965878
4273.605629554246
4273.478917894796
4273.336539791971
4273.321251145426
4273.192645229993
4273.072235312296
4272.949236948866
4272.833537233175
4272.723266222685
4272.599103971262
4272.579849764213
4272.449255386299
4272.427739625291
4272.314469069002
4272.305498657114
4272.18898447621
4272.17297080096
4272.064186369137
4272.056244288005
4271.951676356941
4271.848708522624
4271.746038680511
4271.645420110387
4271.547735622361
4271.448270269796
4271.3635909009245
4271.202808138778
4271.14638485451
4271.109994246737
4270.9719710458185
4270.9478658447615
4270.893330701583
4270.719454361181
4270.653566496268
4270.509507966449
4270.485759462383
4270.349253766859
4270.334721847571
4270.207981826917
4270.089096224961
4269.971218018787
4269.966104248361
4269.817744469796
4269.78770753794
4269.660986280264
4269.658387133352
4269.535251064456
4269.411921523715
4269.292671363779
4269.202809451931
4268.65252935015
4268.100901493129
4268.078007038142
4267.758359607611
4267.526857963346
4267.410202321883
4267.25906834149
4267.144790928099
4266.792130801571
4266.510285111634
4266.362918119763
4266.246769048916
4266.070954276133
4265.922294323445
4265.494193132133
4265.237291052581
4265.0515533759135
4264.874225298835
4264.721012557574
4264.447391995593
4264.2254595442555
4264.0669827871725
4263.926613333422
4263.722970175403
4263.612072692532
4263.473287317682
4263.336189159158
4263.198664203453
4263.0602298706135
4262.920921661883
4262.780336532505
4262.6364828102405
4262.5953569188205
4262.350128732831
4262.267486408515
4262.104397129609
4261.866023041865
4261.778796046967
4261.6249187571475
4261.359223700298
4261.3136403298995
4261.085226076507
4260.669782690799
4260.446840644891
4260.2362092800395
4259.688512203684
4259.397146997259
4259.080033018633
4258.586954289431
4258.393142745043
4258.1651840963505
4257.981782075641
4257.812661660907
4257.653850013515
4257.503468921244
4257.3548865870835
4257.191420232775
4257.169334851314
4257.019922139587
4257.010467429868
4256.851331361069
4256.830386295448
4256.682167937383
4256.6710597313595
4256.5231874301935
4256.378013120724
4256.235444403514
4256.200401522457
4255.997948790713
4255.926141731316
4255.757573487412
4255.721519776569
4255.569847500838
4255.547319355798
4255.399613880223
4255.372863489027
4255.193159145101
4255.127400251575
4254.988749113643
4254.85098467525
4254.711295955152
4254.575491793151
4254.441748719517
4254.310381866315
4254.172505529795
4254.132152788187
4253.391227599836
4252.777602185655
4252.4185797558775
4252.229916388907
4251.959044631843
4251.756544800652
4251.616368744616
4251.526370009117
4251.213787918042
4250.937788644041
4250.920707507711
4250.352058770168
4250.217183239044
4249.789743242882
4249.741227754654
4249.500121578819
4249.3059576011765
4249.153790959186
4249.030083593714
4248.7957362081515
4248.668709470711
4248.523781274318
4248.3884155874175
4248.257810447484
4248.130563137292
4248.001954576998
4247.970549354815
4247.772992213054
4247.589217275127
4247.282340748994
4247.001564242213
4246.563779637763
4246.184127132323
4246.13335239547
4245.897450134739
4245.68534915537
4245.120254642336
4244.622958062054
4244.566345428887
4244.402124162102
4244.33701219578
4244.15449175213
4244.130550570815
4243.96534947131
4243.950494323258
4243.782483606925
4243.717796009638
4243.527641603254
4243.441698087427
4243.296918698504
4243.158356299559
4243.018938987855
4242.96304842908
4242.776677599695
4242.7207887062095
4242.416492962302
4242.284213017315
4242.23992525089
4241.9984339124485
4241.897442195665
4241.737572074062
4241.584552641965
4241.432591428654
4241.28713200706
4241.142078643565
4241.128486999527
4240.885664642887
4240.798847429986
4240.651499253294
4240.403389064506
4240.28525753559
4240.141681640426
4240.00259580748
4239.867888615313
4239.733969496913
4239.603975021642
4239.453791988426
4239.428186998379
4239.292225533248
4239.2817101641185
4239.138616624721
4239.01552167176
4238.810722136078
4238.619434433586
4238.170632560268
4237.915838703114
4237.760675431089
4237.5951429918105
4237.479198327152
4236.80877964131
4236.333492423582
4236.222982110124
4236.155012275843
4235.8756485419935
4235.653334422576
4235.516784410056
4235.40055523727
4235.305816829651
4235.214154033242
4235.1120500721345
4235.086429824013
4234.978469739964
4234.949866429432
4234.858719155659
4234.843165298233
4234.7427681799245
4234.720270704017
4234.638564536117
4234.562798775024
4234.472084683175
4234.4476456095545
4234.367220017304
4234.293434594549
4234.206207853386
4234.1788654093525
4234.102104650687
4234.036193292179
4233.933791014169
4233.839906987924
4233.754462741259
4233.672587017674
4233.591574834806
4233.5844594689315
4233.507083121941
4233.503377756176
4233.428004005112
4233.356314321027
4233.233006513822
4233.1698243824885
4233.111961912745
4233.007951016997
4232.964895222639
4232.906451948072
4232.791644611197
4232.723705557141
4232.663490609424
4232.657139184465
4232.581324259962
4232.559554517686
4232.502567021701
4232.447180578671
4232.392489741627
4232.388671930645
4232.329203234438
4232.313710829012
4232.235334052452
4232.20675237189
4232.156184132057
4232.104869864006
4232.055219489748
4232.006216170312
4231.958264772979
4231.910857202474
4231.863830879099
4231.821025102172
4231.760632221345
4231.740259676265
4231.686297084737
4231.672953791493
4231.616432947947
4231.602363416853
4231.561284513659
4231.492764238569
4231.462115236179
4231.426062248739
4231.355559906709
4231.336871644096
4231.288483233936
4231.2058148101205
4231.149382045911
4231.109613796534
4231.072266630732
4231.03566875149
4230.999704254352
4230.963405231121
4230.959516664171
4230.852938967925
4230.790170431781
4230.781549763267
4230.734724655134
4230.720333271656
4230.675382785576
4230.651026459347
4230.613893968816
4230.586296908727
4230.4990897519065
4230.420800397054
4230.268352205247
4230.142362025741
4230.1256238789465
4230.071719512926
4230.052972821416
4230.022271331237
4229.930048306284
4229.84747118806
4229.842596425728
4229.727752318341
4229.674509202329
4229.619314933382
4229.575265427898
4229.553245482686
4229.5202712581895
4229.491287528728
4229.466056695126
4229.442636311678
4229.4195366619515
4229.412121241803
4229.379380500683
4229.350310957513
4229.286559601393
4229.228453938489
4229.225051217341
4228.986153936494
4228.907438837384
4228.765422502629
4228.760585534043
4228.73503136294
4228.712557939559
4228.692510360108
4228.674266843003
4228.657050594418
4228.638023416441
4228.635498993787
4228.615783697293
4228.612685391541
4228.595555342448
4228.578809341412
4228.562684210431
4228.546802130532
4228.531338430119
4228.515691047301
4228.500267329047
4228.482219739261
4228.479556111264
4228.462437867603
4228.45350461786
4228.411097485104
4228.375932265024
4228.372135486584
4228.323450328375
4228.2818033149815
4228.276835403616
4228.2340033089995
4228.20724163887
4228.1931072849875
4228.125054445829
4228.067154211141
4228.049055360347
4228.032688189233
4228.018455195642
4228.0040627058925
4228.00362572964
4227.989607293191
4227.979534193096
4227.927740134081
4227.9041350340185
4227.880548142925
4227.858089901309
4227.84906205721
4227.837531643219
4227.786007426357
4227.762780265157
4227.745532402793
4227.731729670151
4227.730295117918
4227.713094771789
4227.706249530279
4227.693696676687
4227.681594940103
4227.6698485027355
4227.669108426664
4227.655613075406
4227.652647007533
4227.641664541237
4227.630686457882
4227.619754303455
4227.609114910607
4227.598951783747
4227.58894201496
4227.578906136874
4227.568869204087
4227.559030923227
4227.549011536113
4227.5485782994865
4227.536843383499
4227.534711927211
4227.52495760724
4227.515251701599
4227.505557238646
4227.495667527834
4227.4857836333285
4227.476237040281
4227.466694448849
4227.45719172354
4227.447628209039
4227.437428601946
4227.436733219603
4227.4271003661115
4227.417505470851
4227.405426961974
4227.403666940511
4227.391958936361
4227.389786155629
4227.3780407241165
4227.37487334329
4227.365140016208
4227.355430655723
4227.345775651967
4227.33571053117
4227.326080063247
4227.316585204749
4227.306421702845
4227.296480352709
4227.286735626051
4227.276892856527
4227.267082416741
4227.257127681767
4227.247286580595
4227.2371019944185
4227.226962287788
4227.21689176734
4227.215813539262
4227.199669409189
4227.191435210761
4227.178087766113
4227.172816398359
4227.1558022056715
4227.146594197449
4227.127928198163
4227.120864332976
4227.117812489841
4227.106673357662
4227.09588313594
4227.08497722255
4227.083479180037
4227.071313597164
4227.068979057659
4227.058357847378
4227.04973071143
4227.031453989841
4227.017375303588
4227.004043954402
4226.99405763531
4226.891047373614
4226.79117396511
4226.781979358163
4226.770846343624
4226.761080422317
4226.745354338065
4226.73258574045
4226.684089447596
4226.671290175253
4226.63720373226
4226.597144735537
4226.572325542354
4226.559588062289
4226.543433001139
4226.529095786331
4226.518172376674
4226.512337960325
4226.490150495348
4226.488709631964
4226.468447876506
4226.466288117468
4226.442001779678
4226.421458301547
4226.418781591856
4226.392323003435
4226.382554645863
4226.36677928282
4226.3539535279615
4226.351574947501
4226.342178108531
4226.324568618192
4226.31460238292
4226.304915270749
4226.295875604803
4226.287089760692
4226.278394083421
4226.269894992284
4226.260142114181
4226.258581144533
4226.249003354613
4226.247121627245
4226.23759053816
4226.235790451196
4226.22713802878
4226.225572347988
4226.203436382547
4226.195667580629
4226.187939916344
4226.178453322836
4226.175907695068
4226.166022177165
4226.164460086319
4226.156561353601
4226.14638939891
4226.14467894954
4226.136196919517
4226.127094809755
4226.118191130168
4226.107308990506
4226.099728999601
4226.082233881303
4226.078856643315
4226.06637868146
4226.009667935586
4225.955853574869
4225.953611774864
4225.9185152557975
4225.889832091803
4225.886043653813
4225.870755990108
4225.867916053305
4225.8609018592015
4225.852552056123
4225.850930328627
4225.840818597229
4225.839020248556
4225.836301459891
4225.824015204277
4225.8191914852
4225.8105242603915
4225.8029781002715
4225.79578287136
4225.788742375662
4225.781721708079
4225.780973151544
4225.761957944177
4225.756084333085
4225.749560601163
4225.740508794708
4225.739474364801
4225.73844255335
4225.727855451183
4225.725373441607
4225.723866187317
4225.714689562481
4225.713277663083
4225.711760993961
4225.690948800222
4225.686117730135
4225.677687020415
4225.668977756385
4225.661275082509
4225.652805823389
4225.644656079545
4225.636656852233
4225.628873483605
4225.621550054799
4225.613894561827
4225.613645194051
4225.606390831825
4225.599320093071
4225.592336613422
4225.585042171283
4225.584748204722
4225.5775174470855
4225.577285746783
4225.570196992368
4225.563156891081
4225.5562330741095
4225.549154322199
4225.548935640747
4225.5420265525845
4225.534865431828
4225.527893432697
4225.520472796479
4225.519618477817
4225.507888525661
4225.503404700378
4225.496053301882
4225.489005924895
4225.481981057076
4225.4749009132065
4225.468089709874
4225.460770644502
4225.460004705131
4225.452753129424
4225.445683386451
